0.159200 0.047200 0.000012
0.206400 0.048000 0.000009
0.224800 0.048000 0.000004
0.179200 0.048800 0.000004
0.242400 0.049600 0.000004
0.257600 0.049600 0.000010
0.816000 0.060800 0.000009
0.189600 0.085600 0.000003
0.212800 0.085600 0.000007
0.118400 0.086400 0.000005
0.132000 0.086400 0.000004
0.143200 0.087200 0.000004
0.178400 0.087200 0.000007
0.232800 0.087200 0.000004
0.246400 0.087200 0.000004
0.158400 0.088800 0.000004
0.264000 0.088800 0.000005
0.280800 0.088800 0.000008
0.306400 0.088800 0.000004
0.457600 0.088800 0.000005
0.484000 0.088800 0.000006
0.627200 0.088800 0.000005
0.691200 0.088800 0.000005
0.860800 0.088800 0.000004
0.896000 0.088800 0.000006
0.292800 0.089600 0.000004
0.516000 0.089600 0.000003
0.528000 0.089600 0.000004
0.645600 0.089600 0.000004
0.663200 0.089600 0.000007
0.674400 0.089600 0.000004
0.842400 0.089600 0.000004
0.876000 0.089600 0.000004
0.912800 0.089600 0.000004
0.422400 0.090400 0.000004
0.441600 0.090400 0.000005
0.504800 0.090400 0.000004
0.542400 0.090400 0.000004
0.556800 0.090400 0.000004
0.709600 0.090400 0.000004
0.766400 0.090400 0.000005
0.320800 0.091200 0.000005
0.399200 0.091200 0.000007
0.473600 0.091200 0.000002
0.572800 0.091200 0.000004
0.588000 0.091200 0.000004
0.608000 0.091200 0.000006
0.725600 0.091200 0.000004
0.748800 0.091200 0.000007
0.812800 0.091200 0.000004
0.360000 0.092000 0.000005
0.376800 0.092000 0.000006
0.825600 0.092000 0.000004
0.339200 0.092800 0.000004
0.800800 0.093600 0.000004
0.787200 0.095200 0.000004
0.121600 0.113600 0.000006
0.201600 0.115200 0.000004
0.294400 0.115200 0.000004
0.181600 0.116000 0.000004
0.253600 0.116000 0.000005
0.313600 0.116000 0.000004
0.139200 0.116800 0.000005
0.164000 0.116800 0.000005
0.219200 0.116800 0.000004
0.236000 0.116800 0.000004
0.276000 0.116800 0.000005
0.432000 0.116800 0.000004
0.444000 0.116800 0.000004
0.627200 0.116800 0.000004
0.366400 0.117600 0.000005
0.384000 0.117600 0.000004
0.398400 0.117600 0.000004
0.421600 0.117600 0.000002
0.512000 0.117600 0.000005
0.537600 0.117600 0.000006
0.558400 0.117600 0.000005
0.581600 0.117600 0.000004
0.608800 0.117600 0.000004
0.639200 0.117600 0.000004
0.673600 0.117600 0.000006
0.689600 0.117600 0.000004
0.707200 0.117600 0.000004
0.829600 0.117600 0.000004
0.348000 0.118400 0.000004
0.460800 0.118400 0.000004
0.476800 0.118400 0.000004
0.493600 0.118400 0.000004
0.652800 0.118400 0.000004
0.845600 0.118400 0.000004
0.860000 0.118400 0.000004
0.881600 0.118400 0.000006
0.724000 0.119200 0.000004
0.765600 0.119200 0.000005
0.780800 0.119200 0.000002
0.792000 0.119200 0.000003
0.804800 0.119200 0.000004
0.820000 0.119200 0.000004
0.330400 0.120000 0.000004
0.737600 0.120000 0.000004
0.752000 0.120000 0.000004
0.119200 0.140000 0.000006
0.908800 0.140000 0.000006
0.140800 0.140800 0.000004
0.289600 0.140800 0.000004
0.304800 0.140800 0.000004
0.598400 0.140800 0.000005
0.680800 0.140800 0.000004
0.177600 0.141600 0.000005
0.212800 0.141600 0.000007
0.259200 0.141600 0.000004
0.276000 0.141600 0.000004
0.365600 0.141600 0.000004
0.456000 0.141600 0.000005
0.664000 0.141600 0.000004
0.699200 0.141600 0.000004
0.157600 0.142400 0.000005
0.236800 0.142400 0.000007
0.346400 0.142400 0.000004
0.419200 0.142400 0.000004
0.572800 0.142400 0.000006
0.636000 0.142400 0.000004
0.650400 0.142400 0.000004
0.720000 0.142400 0.000004
0.737600 0.142400 0.000004
0.756000 0.142400 0.000004
0.221600 0.143200 0.000007
0.384000 0.143200 0.000004
0.401600 0.143200 0.000004
0.437600 0.143200 0.000004
0.480000 0.143200 0.000005
0.509600 0.143200 0.000005
0.525600 0.143200 0.000007
0.772800 0.143200 0.000005
0.841600 0.143200 0.000004
0.854400 0.143200 0.000004
0.196800 0.144000 0.000004
0.326400 0.144000 0.000005
0.490400 0.144000 0.000004
0.536000 0.144000 0.000004
0.618400 0.144000 0.000005
0.807200 0.144000 0.000004
0.867200 0.144000 0.000004
0.883200 0.144000 0.000005
0.790400 0.144800 0.000004
0.825600 0.144800 0.000004
0.555200 0.148800 0.000005
0.328000 0.166400 0.000004
0.351200 0.167200 0.000004
0.387200 0.167200 0.000006
0.872000 0.167200 0.000005
0.122400 0.168000 0.000007
0.313600 0.168000 0.000004
0.369600 0.168000 0.000004
0.544800 0.168000 0.000004
0.700000 0.168000 0.000005
0.720800 0.168000 0.000004
0.736800 0.168000 0.000004
0.748800 0.168000 0.000004
0.760000 0.168000 0.000003
0.892800 0.168000 0.000007
0.145600 0.168800 0.000006
0.268000 0.168800 0.000004
0.283200 0.168800 0.000004
0.298400 0.168800 0.000004
0.468000 0.168800 0.000006
0.771200 0.168800 0.000005
0.855200 0.168800 0.000004
0.428000 0.169600 0.000004
0.446400 0.169600 0.000005
0.492000 0.169600 0.000004
0.562400 0.169600 0.000004
0.628800 0.169600 0.000004
0.652000 0.169600 0.000006
0.667200 0.169600 0.000004
0.204800 0.170400 0.000005
0.250400 0.170400 0.000005
0.508800 0.170400 0.000004
0.524000 0.170400 0.000005
0.613600 0.170400 0.000002
0.796800 0.170400 0.000005
0.815200 0.170400 0.000004
0.184800 0.171200 0.000005
0.411200 0.171200 0.000004
0.580800 0.171200 0.000004
0.600800 0.171200 0.000005
0.227200 0.172000 0.000006
0.683200 0.172000 0.000004
0.836000 0.172000 0.000005
0.168000 0.172800 0.000005
0.872800 0.192800 0.000005
0.336800 0.193600 0.000008
0.788800 0.194400 0.000005
0.376800 0.195200 0.000005
0.751200 0.195200 0.000007
0.767200 0.195200 0.000004
0.130400 0.196000 0.000007
0.356000 0.196000 0.000005
0.396000 0.196000 0.000004
0.418400 0.196000 0.000007
0.432000 0.196000 0.000004
0.463200 0.196000 0.000002
0.474400 0.196000 0.000004
0.487200 0.196000 0.000004
0.561600 0.196000 0.000004
0.578400 0.196000 0.000004
0.596800 0.196000 0.000004
0.804800 0.196000 0.000004
0.310400 0.196800 0.000004
0.615200 0.196800 0.000005
0.817600 0.196800 0.000004
0.119200 0.197600 0.000006
0.192000 0.197600 0.000004
0.211200 0.197600 0.000005
0.263200 0.197600 0.000006
0.294400 0.197600 0.000004
0.451200 0.197600 0.000006
0.506400 0.197600 0.000004
0.539200 0.197600 0.000005
0.641600 0.197600 0.000005
0.707200 0.197600 0.000004
0.723200 0.197600 0.000006
0.832800 0.197600 0.000004
0.856000 0.197600 0.000005
0.140800 0.198400 0.000004
0.156800 0.198400 0.000004
0.175200 0.198400 0.000004
0.281600 0.198400 0.000002
0.657600 0.198400 0.000004
0.692000 0.198400 0.000004
0.674400 0.199200 0.000004
0.236000 0.200000 0.000005
0.522400 0.200000 0.000004
0.885600 0.220000 0.000006
0.398400 0.220800 0.000004
0.464000 0.220800 0.000005
0.484000 0.220800 0.000004
0.768000 0.220800 0.000005
0.792800 0.220800 0.000005
0.119200 0.221600 0.000006
0.154400 0.221600 0.000005
0.372000 0.221600 0.000004
0.384800 0.221600 0.000004
0.446400 0.221600 0.000005
0.495200 0.221600 0.000004
0.592000 0.221600 0.000006
0.644000 0.221600 0.000005
0.709600 0.221600 0.000004
0.718400 0.221600 0.000007
0.816000 0.221600 0.000005
0.875200 0.221600 0.000004
0.176000 0.222400 0.000005
0.308800 0.222400 0.000005
0.357600 0.222400 0.000004
0.409600 0.222400 0.000007
0.428800 0.222400 0.000004
0.510400 0.222400 0.000004
0.540000 0.222400 0.000002
0.572000 0.222400 0.000005
0.611200 0.222400 0.000004
0.630400 0.222400 0.000006
0.751200 0.222400 0.000004
0.836800 0.222400 0.000005
0.193600 0.223200 0.000002
0.217600 0.223200 0.000004
0.255200 0.223200 0.000005
0.332000 0.223200 0.000004
0.347200 0.223200 0.000004
0.527200 0.223200 0.000004
0.551200 0.223200 0.000005
0.676800 0.223200 0.000004
0.857600 0.223200 0.000005
0.203200 0.224000 0.000006
0.293600 0.224000 0.000004
0.664000 0.224000 0.000007
0.734400 0.224000 0.000004
0.133600 0.224800 0.000005
0.275200 0.224800 0.000004
0.696800 0.224800 0.000005
0.232800 0.225600 0.000004
0.809600 0.244800 0.000004
0.800000 0.245600 0.000004
0.824800 0.245600 0.000004
0.842400 0.245600 0.000005
0.861600 0.246400 0.000004
0.159200 0.247200 0.000004
0.531200 0.247200 0.000004
0.543200 0.247200 0.000004
0.596000 0.247200 0.000004
0.608800 0.247200 0.000004
0.636000 0.247200 0.000004
0.880000 0.247200 0.000005
0.120000 0.248000 0.000004
0.248800 0.248000 0.000004
0.292000 0.248000 0.000004
0.376000 0.248000 0.000002
0.400800 0.248000 0.000004
0.557600 0.248000 0.000004
0.572000 0.248000 0.000004
0.582400 0.248000 0.000004
0.623200 0.248000 0.000004
0.648800 0.248000 0.000004
0.784800 0.248000 0.000005
0.135200 0.248800 0.000004
0.146400 0.248800 0.000003
0.174400 0.248800 0.000004
0.211200 0.248800 0.000005
0.231200 0.248800 0.000004
0.261600 0.248800 0.000004
0.460800 0.248800 0.000004
0.494400 0.248800 0.000004
0.659200 0.248800 0.000003
0.693600 0.248800 0.000005
0.707200 0.248800 0.000004
0.724800 0.248800 0.000002
0.745600 0.248800 0.000006
0.766400 0.248800 0.000004
0.192800 0.249600 0.000004
0.278400 0.249600 0.000004
0.304000 0.249600 0.000007
0.344800 0.249600 0.000004
0.384800 0.249600 0.000006
0.417600 0.249600 0.000006
0.441600 0.249600 0.000005
0.473600 0.249600 0.000007
0.513600 0.249600 0.000005
0.672800 0.249600 0.000004
0.364800 0.250400 0.000006
0.428800 0.250400 0.000002
0.481600 0.250400 0.000007
0.734400 0.250400 0.000004
0.331200 0.251200 0.000007
0.120000 0.270400 0.000005
0.194400 0.271200 0.000004
0.180000 0.272800 0.000004
0.565600 0.272800 0.000005
0.860800 0.272800 0.000005
0.883200 0.272800 0.000004
0.168000 0.273600 0.000003
0.212000 0.273600 0.000002
0.223200 0.273600 0.000003
0.244800 0.273600 0.000003
0.608800 0.273600 0.000006
0.844000 0.273600 0.000004
0.138400 0.274400 0.000004
0.155200 0.274400 0.000004
0.233600 0.274400 0.000003
0.450400 0.274400 0.000005
0.588800 0.274400 0.000004
0.258400 0.275200 0.000004
0.272800 0.275200 0.000004
0.289600 0.275200 0.000004
0.365600 0.275200 0.000004
0.383200 0.275200 0.000004
0.396800 0.275200 0.000004
0.424800 0.275200 0.000005
0.539200 0.275200 0.000004
0.549600 0.275200 0.000006
0.634400 0.275200 0.000004
0.330400 0.276000 0.000004
0.348000 0.276000 0.000004
0.409600 0.276000 0.000004
0.487200 0.276000 0.000005
0.504000 0.276000 0.000005
0.648000 0.276000 0.000004
0.658400 0.276000 0.000004
0.310400 0.276800 0.000005
0.466400 0.276800 0.000004
0.525600 0.276800 0.000004
0.672000 0.276800 0.000006
0.826400 0.276800 0.000005
0.695200 0.277600 0.000006
0.764000 0.277600 0.000005
0.744800 0.278400 0.000005
0.790400 0.278400 0.000005
0.721600 0.279200 0.000005
0.808000 0.279200 0.000004
0.116800 0.292800 0.000004
0.136000 0.294400 0.000004
0.155200 0.295200 0.000004
0.234400 0.295200 0.000004
0.174400 0.296000 0.000005
0.250400 0.296000 0.000005
0.193600 0.296800 0.000004
0.365600 0.296800 0.000004
0.208000 0.298400 0.000004
0.217600 0.298400 0.000004
0.277600 0.298400 0.000004
0.317600 0.298400 0.000003
0.327200 0.298400 0.000002
0.350400 0.298400 0.000004
0.448800 0.298400 0.000004
0.306400 0.299200 0.000004
0.382400 0.299200 0.000004
0.432000 0.299200 0.000004
0.527200 0.299200 0.000004
0.560800 0.299200 0.000004
0.577600 0.299200 0.000004
0.417600 0.300000 0.000004
0.462400 0.300000 0.000004
0.490400 0.300000 0.000005
0.512000 0.300000 0.000004
0.544800 0.300000 0.000004
0.871200 0.300000 0.000005
0.398400 0.300800 0.000004
0.596000 0.300800 0.000005
0.854400 0.300800 0.000004
0.892000 0.300800 0.000007
0.295200 0.301600 0.000004
0.614400 0.301600 0.000005
0.632800 0.302400 0.000004
0.643200 0.303200 0.000004
0.688800 0.303200 0.000004
0.832000 0.303200 0.000004
0.656800 0.304000 0.000005
0.676000 0.304000 0.000003
0.709600 0.304800 0.000006
0.758400 0.304800 0.000004
0.781600 0.304800 0.000005
0.803200 0.304800 0.000005
0.818400 0.305600 0.000004
0.725600 0.306400 0.000004
0.741600 0.306400 0.000004
0.116800 0.315200 0.000005
0.134400 0.315200 0.000005
0.180800 0.316800 0.000004
0.308000 0.317600 0.000004
0.163200 0.318400 0.000005
0.193600 0.318400 0.000003
0.204800 0.318400 0.000004
0.220800 0.318400 0.000004
0.236800 0.318400 0.000005
0.262400 0.318400 0.000005
0.283200 0.318400 0.000004
0.326400 0.318400 0.000004
0.340000 0.319200 0.000004
0.352800 0.319200 0.000004
0.379200 0.320000 0.000004
0.429600 0.320000 0.000004
0.362400 0.320800 0.000006
0.444800 0.320800 0.000004
0.412000 0.321600 0.000004
0.480800 0.321600 0.000004
0.497600 0.321600 0.000005
0.555200 0.321600 0.000005
0.398400 0.322400 0.000004
0.515200 0.322400 0.000005
0.464000 0.323200 0.000004
0.535200 0.323200 0.000004
0.574400 0.323200 0.000004
0.588800 0.323200 0.000004
0.604800 0.324000 0.000004
0.615200 0.324800 0.000004
0.634400 0.324800 0.000005
0.660000 0.325600 0.000004
0.650400 0.326400 0.000005
0.678400 0.326400 0.000004
0.696000 0.328000 0.000005
0.732000 0.328800 0.000004
0.749600 0.328800 0.000004
0.768000 0.328800 0.000005
0.787200 0.328800 0.000004
0.801600 0.328800 0.000004
0.856000 0.328800 0.000003
0.714400 0.329600 0.000004
0.843200 0.329600 0.000004
0.867200 0.329600 0.000003
0.880000 0.329600 0.000008
0.812800 0.330400 0.000008
0.828000 0.330400 0.000004
