76.000000 97.000000 0.000000
97.000000 98.000000 0.000000
121.000000 104.000000 0.000000
981.000000 123.000000 0.000000
1003.000000 124.000000 0.000000
1069.000000 124.000000 0.000000
959.000000 125.000000 0.000000
1033.000000 125.000000 0.000000
920.000000 127.000000 0.000000
940.000000 127.000000 0.000000
901.000000 129.000000 0.000000
879.000000 131.000000 0.000000
648.000000 132.000000 0.000000
823.000000 132.000000 0.000000
853.000000 132.000000 0.000000
611.000000 133.000000 0.000000
671.000000 133.000000 0.000000
787.000000 133.000000 0.000000
448.000000 134.000000 0.000000
479.000000 134.000000 0.000000
511.000000 134.000000 0.000000
538.000000 134.000000 0.000000
634.000000 134.000000 0.000000
773.000000 134.000000 0.000000
465.000000 135.000000 0.000000
564.000000 135.000000 0.000000
589.000000 135.000000 0.000000
706.000000 135.000000 0.000000
741.000000 135.000000 0.000000
429.000000 137.000000 0.000000
302.000000 138.000000 0.000000
402.000000 138.000000 0.000000
340.000000 139.000000 0.000000
372.000000 139.000000 0.000000
264.000000 140.000000 0.000000
79.000000 141.000000 0.000000
221.000000 142.000000 0.000000
173.000000 145.000000 0.000000
101.000000 146.000000 0.000000
1032.000000 169.000000 0.000000
1062.000000 169.000000 0.000000
1082.000000 169.000000 0.000000
994.000000 173.000000 0.000000
959.000000 176.000000 0.000000
933.000000 178.000000 0.000000
885.000000 179.000000 0.000000
915.000000 179.000000 0.000000
863.000000 181.000000 0.000000
505.000000 182.000000 0.000000
527.000000 182.000000 0.000000
550.000000 183.000000 0.000000
679.000000 183.000000 0.000000
164.000000 184.000000 0.000000
485.000000 184.000000 0.000000
760.000000 184.000000 0.000000
825.000000 184.000000 0.000000
467.000000 185.000000 0.000000
704.000000 185.000000 0.000000
440.000000 186.000000 0.000000
594.000000 186.000000 0.000000
615.000000 186.000000 0.000000
730.000000 186.000000 0.000000
791.000000 186.000000 0.000000
397.000000 187.000000 0.000000
419.000000 187.000000 0.000000
573.000000 187.000000 0.000000
641.000000 187.000000 0.000000
658.000000 187.000000 0.000000
350.000000 188.000000 0.000000
382.000000 188.000000 0.000000
200.000000 190.000000 0.000000
281.000000 190.000000 0.000000
313.000000 190.000000 0.000000
225.000000 191.000000 0.000000
251.000000 191.000000 0.000000
1101.000000 238.000000 0.000000
747.000000 252.000000 0.000000
715.000000 254.000000 0.000000
682.000000 256.000000 0.000000
435.000000 257.000000 0.000000
648.000000 257.000000 0.000000
620.000000 259.000000 0.000000
473.000000 261.000000 0.000000
599.000000 262.000000 0.000000
560.000000 264.000000 0.000000
524.000000 265.000000 0.000000
112.000000 296.000000 0.000000
91.000000 301.000000 0.000000
1144.523750 444.365000 0.000000
1163.095000 441.507500 0.000000
