163 164
96 104
243 245
81 85
18 26
25 32
64 78
70 73
118 122
152 154
39 42
40 41
17 21
39 51
196 197
227 230
112 121
186 189
132 133
83 94
148 159
27 34
175 177
151 155
192 193
200 206
137 138
73 74
42 50
82 86
188 189
126 128
22 28
170 171
74 75
131 136
148 152
15 16
192 195
96 99
249 256
250 255
107 108
98 105
162 163
134 135
181 185
20 24
144 145
103 104
48 49
242 244
199 209
23 29
234 240
236 237
89 93
106 109
140 141
149 153
36 41
13 21
232 233
45 53
71 72
79 85
59 61
243 251
173 174
118 119
228 229
14 19
65 67
49 50
97 99
236 239
130 133
75 78
178 182
140 143
123 127
45 46
198 203
160 164
54 58
232 235
10 33
98 100
202 203
125 127
171 179
228 231
12 15
142 143
46 47
77 80
134 139
38 43
69 76
234 235
83 84
138 139
123 129
149 157
175 176
223 225
7 9
110 113
71 76
56 57
105 108
88 92
25 33
116 117
180 184
26 34
190 194
20 30
165 174
199 206
52 62
191 193
57 58
248 254
38 54
40 51
66 70
112 122
170 173
204 205
19 22
214 215
230 233
241 242
111 114
16 23
226 229
3 7
4 6
52 55
246 250
31 32
35 48
208 211
178 179
17 18
115 120
106 117
27 28
252 256
91 95
253 255
238 239
247 251
6 8
146 147
220 224
237 240
60 61
248 249
44 53
1 2
212 213
11 13
244 245
238 241
221 225
93 94
215 218
88 89
110 119
120 121
56 63
145 150
177 182
156 159
202 211
12 14
29 30
60 63
222 223
87 90
150 158
80 84
207 210
115 124
227 231
198 204
151 156
168 172
200 207
3 4
246 247
77 81
101 109
142 147
187 188
252 253
91 92
36 37
66 72
68 69
111 113
183 184
128 129
214 217
160 161
137 141
209 212
154 157
201 208
219 222
180 185
220 221
165 166
124 125
35 47
101 102
167 169
144 146
176 181
216 217
0 1
153 158
10 11
187 190
168 169
5 24
213 218
97 107
155 161
102 103
0 257
183 186
194 195
64 67
201 210
43 44
79 86
59 62
90 95
135 136
5 8
216 219
114 116
131 132
68 82
166 172
197 205
