388 392
26 30
107 113
118 122
377 382
40 41
48 54
210 214
100 101
291 297
140 146
73 74
133 134
295 303
225 226
273 275
217 222
395 399
317 318
409 410
55 61
258 259
298 304
318 319
406 422
80 81
372 375
351 352
233 234
265 266
325 326
357 358
206 207
373 384
266 267
358 359
350 355
390 391
69 76
320 323
291 296
380 383
423 424
305 307
332 333
181 182
154 165
217 221
365 366
65 74
6 15
147 152
398 399
191 195
129 131
205 206
253 255
110 117
146 147
51 58
283 292
87 88
9 25
136 138
120 121
139 143
180 181
260 262
393 401
10 16
154 155
3 4
397 398
35 36
246 247
254 260
95 96
127 128
338 339
36 37
68 69
109 116
335 342
257 261
220 221
390 394
312 313
142 149
10 11
161 171
282 290
213 218
2 16
94 99
194 195
385 391
202 208
364 368
43 44
72 80
135 136
346 347
394 396
5 17
327 333
168 169
268 274
320 321
161 166
412 413
83 85
293 294
353 354
183 190
108 114
327 328
42 43
268 269
341 348
360 361
393 395
263 267
411 412
334 345
45 53
323 326
193 198
407 414
49 50
378 387
89 95
189 191
249 251
50 51
119 123
101 105
142 143
39 41
23 24
83 84
314 316
212 216
374 376
196 199
175 176
53 61
56 57
185 189
78 81
167 168
377 386
230 233
30 31
278 282
200 201
90 91
322 325
211 219
23 28
112 115
274 275
215 216
193 197
56 70
396 404
285 289
277 285
297 300
97 98
130 132
418 419
8 17
0 13
238 241
163 174
60 63
52 59
303 306
314 315
34 38
225 234
115 124
45 47
344 352
425 426
407 408
18 29
277 280
366 367
70 76
248 253
100 104
148 153
310 313
71 77
281 286
111 122
184 192
163 169
284 288
403 406
373 374
317 321
365 370
99 107
329 340
11 12
129 135
299 308
351 355
184 187
52 58
324 328
384 388
196 197
288 289
137 138
214 223
417 421
55 59
96 97
18 19
229 230
188 198
280 281
0 7
148 152
343 346
240 244
284 287
295 296
254 255
236 237
85 86
158 165
177 178
269 270
228 229
21 25
239 247
213 222
110 111
232 235
162 176
103 108
117 128
250 252
47 54
88 92
298 301
239 242
2 6
224 226
361 362
324 331
273 276
265 272
155 159
276 278
158 164
335 336
279 283
306 309
209 215
301 307
150 156
372 376
404 408
102 106
353 362
364 371
413 422
397 405
286 290
378 382
179 182
227 231
109 114
279 287
379 383
228 232
121 124
242 243
91 92
305 308
32 33
24 29
35 38
164 170
65 66
227 235
9 22
157 167
249 250
379 387
42 46
341 342
172 173
131 132
75 79
183 188
72 73
64 78
116 125
46 48
68 75
157 162
400 405
257 258
82 86
349 350
39 44
411 419
334 343
375 380
415 416
359 363
245 252
5 14
386 389
256 261
49 57
356 357
300 304
89 102
330 332
349 354
12 13
60 62
360 363
1 3
204 210
231 236
93 104
105 106
64 77
145 151
367 371
415 420
67 79
19 20
160 166
90 98
171 172
20 21
190 194
263 264
112 113
141 149
1 7
204 205
403 414
315 319
26 27
237 238
329 330
178 179
27 28
259 262
270 271
119 120
241 244
211 212
203 208
381 385
4 8
402 417
271 272
141 144
93 94
336 337
145 150
185 186
15 22
156 159
245 246
126 127
248 251
118 123
337 338
369 370
186 187
418 421
63 71
240 243
322 331
219 220
381 389
292 299
311 312
144 153
344 345
199 201
170 174
218 223
340 347
140 151
200 202
203 207
410 420
402 416
125 126
133 139
173 175
66 67
