0.339200 0.041600 0.000004
0.320800 0.044000 0.000006
0.081600 0.045600 0.000009
0.097600 0.047200 0.000004
0.110400 0.047200 0.000004
0.122400 0.048000 0.000003
0.134400 0.048000 0.000007
0.844000 0.063200 0.000007
0.835200 0.064000 0.000007
0.864800 0.082400 0.000004
0.853600 0.083200 0.000004
0.139200 0.089600 0.000005
0.156000 0.089600 0.000006
0.196800 0.090400 0.000005
0.214400 0.090400 0.000004
0.230400 0.090400 0.000004
0.179200 0.091200 0.000004
0.254400 0.091200 0.000006
0.352800 0.091200 0.000005
0.275200 0.092000 0.000004
0.291200 0.092000 0.000005
0.626400 0.092000 0.000007
0.387200 0.092800 0.000004
0.424800 0.092800 0.000004
0.441600 0.092800 0.000004
0.312000 0.093600 0.000005
0.372000 0.093600 0.000004
0.334400 0.094400 0.000004
0.408000 0.094400 0.000005
0.455200 0.094400 0.000004
0.521600 0.094400 0.000005
0.585600 0.094400 0.000004
0.637600 0.094400 0.000005
0.928000 0.094400 0.000003
0.956000 0.094400 0.000004
0.470400 0.095200 0.000004
0.480000 0.095200 0.000002
0.502400 0.095200 0.000004
0.536000 0.095200 0.000004
0.550400 0.095200 0.000004
0.568800 0.095200 0.000005
0.599200 0.095200 0.000007
0.804000 0.095200 0.000007
0.904000 0.095200 0.000003
0.915200 0.095200 0.000003
0.942400 0.095200 0.000004
0.492000 0.096000 0.000004
0.656000 0.096000 0.000007
0.964800 0.096000 0.000002
0.684000 0.096800 0.000007
0.708000 0.096800 0.000004
0.771200 0.096800 0.000004
0.829600 0.096800 0.000004
0.865600 0.096800 0.000004
0.892800 0.096800 0.000007
0.668800 0.097600 0.000004
0.724800 0.097600 0.000005
0.745600 0.097600 0.000007
0.844800 0.097600 0.000005
0.853600 0.097600 0.000005
0.975200 0.097600 0.000004
0.788800 0.098400 0.000004
0.076000 0.100000 0.000004
0.038400 0.100800 0.000005
0.056800 0.101600 0.000005
0.909600 0.108000 0.000004
0.925600 0.108800 0.000002
0.936000 0.109600 0.000003
0.134400 0.110400 0.000005
0.952800 0.111200 0.000004
0.156800 0.112000 0.000004
0.965600 0.112000 0.000004
0.180800 0.112800 0.000002
0.103200 0.113600 0.000005
0.170400 0.113600 0.000004
0.228000 0.113600 0.000004
0.196000 0.114400 0.000004
0.211200 0.114400 0.000004
0.250400 0.114400 0.000005
0.087200 0.115200 0.000004
0.271200 0.115200 0.000004
0.288000 0.115200 0.000004
0.517600 0.115200 0.000004
0.537600 0.115200 0.000005
0.304000 0.116000 0.000004
0.320800 0.116000 0.000004
0.336800 0.116000 0.000004
0.495200 0.116000 0.000005
0.559200 0.116000 0.000005
0.579200 0.116000 0.000005
0.404800 0.116800 0.000004
0.424800 0.116800 0.000002
0.434400 0.116800 0.000005
0.473600 0.116800 0.000005
0.608000 0.116800 0.000005
0.632000 0.116800 0.000004
0.356000 0.117600 0.000005
0.375200 0.117600 0.000004
0.392800 0.117600 0.000004
0.416800 0.117600 0.000005
0.452800 0.117600 0.000004
0.651200 0.117600 0.000004
0.825600 0.119200 0.000004
0.670400 0.120000 0.000004
0.895200 0.120000 0.000004
0.684800 0.120800 0.000004
0.715200 0.120800 0.000004
0.730400 0.120800 0.000004
0.772800 0.120800 0.000005
0.791200 0.120800 0.000004
0.806400 0.120800 0.000004
0.840800 0.120800 0.000004
0.908800 0.120800 0.000003
0.926400 0.120800 0.000002
0.700800 0.121600 0.000004
0.748800 0.121600 0.000002
0.854400 0.121600 0.000004
0.867200 0.121600 0.000005
0.147200 0.136800 0.000004
0.156800 0.136800 0.000004
0.175200 0.136800 0.000005
0.132800 0.137600 0.000005
0.237600 0.137600 0.000005
0.196800 0.138400 0.000004
0.215200 0.138400 0.000004
0.291200 0.139200 0.000004
0.303200 0.139200 0.000004
0.262400 0.140000 0.000004
0.280800 0.140000 0.000004
0.324800 0.140800 0.000004
0.351200 0.140800 0.000002
0.364800 0.140800 0.000004
0.440800 0.140800 0.000004
0.459200 0.140800 0.000004
0.478400 0.140800 0.000005
0.340800 0.141600 0.000004
0.379200 0.141600 0.000004
0.407200 0.141600 0.000004
0.425600 0.141600 0.000004
0.492800 0.141600 0.000004
0.505600 0.142400 0.000004
0.522400 0.142400 0.000004
0.539200 0.142400 0.000005
0.559200 0.143200 0.000005
0.584000 0.143200 0.000005
0.599200 0.143200 0.000004
0.627200 0.144000 0.000005
0.657600 0.144000 0.000004
0.740800 0.144000 0.000005
0.618400 0.144800 0.000006
0.642400 0.144800 0.000004
0.672000 0.144800 0.000004
0.688800 0.144800 0.000004
0.708000 0.144800 0.000004
0.720000 0.145600 0.000005
0.801600 0.145600 0.000005
0.850400 0.145600 0.000004
0.760800 0.146400 0.000005
0.781600 0.146400 0.000005
0.824800 0.146400 0.000004
0.840000 0.147200 0.000004
0.864000 0.147200 0.000005
0.217600 0.160800 0.000005
0.138400 0.161600 0.000006
0.239200 0.161600 0.000004
0.276800 0.161600 0.000005
0.310400 0.161600 0.000004
0.156800 0.162400 0.000004
0.176800 0.162400 0.000005
0.198400 0.162400 0.000005
0.257600 0.162400 0.000004
0.292800 0.163200 0.000004
0.336800 0.163200 0.000004
0.355200 0.163200 0.000005
0.380000 0.163200 0.000005
0.399200 0.164000 0.000004
0.417600 0.165600 0.000005
0.502400 0.165600 0.000004
0.456000 0.166400 0.000005
0.483200 0.166400 0.000005
0.437600 0.167200 0.000004
0.521600 0.167200 0.000005
0.588000 0.168000 0.000004
0.668000 0.168000 0.000005
0.539200 0.168800 0.000004
0.603200 0.168800 0.000004
0.650400 0.168800 0.000004
0.688800 0.168800 0.000004
0.896000 0.168800 0.000004
0.907200 0.168800 0.000003
0.554400 0.169600 0.000004
0.619200 0.169600 0.000004
0.917600 0.169600 0.000003
0.943200 0.169600 0.000004
0.572000 0.170400 0.000004
0.635200 0.170400 0.000004
0.705600 0.170400 0.000004
0.752000 0.170400 0.000005
0.770400 0.170400 0.000004
0.793600 0.170400 0.000006
0.819200 0.170400 0.000005
0.837600 0.170400 0.000004
0.858400 0.170400 0.000005
0.928000 0.170400 0.000003
0.953600 0.170400 0.000004
0.723200 0.171200 0.000004
0.882400 0.171200 0.000004
0.933600 0.182400 0.000003
0.952000 0.182400 0.000004
0.912000 0.183200 0.000003
0.922400 0.183200 0.000002
0.900800 0.184000 0.000003
0.889600 0.184800 0.000003
0.303200 0.187200 0.000005
0.346400 0.187200 0.000004
0.360000 0.187200 0.000004
0.134400 0.188000 0.000005
0.328000 0.188000 0.000005
0.378400 0.188000 0.000005
0.150400 0.188800 0.000004
0.185600 0.188800 0.000005
0.201600 0.188800 0.000004
0.212800 0.188800 0.000004
0.244800 0.188800 0.000004
0.262400 0.188800 0.000007
0.272000 0.188800 0.000007
0.287200 0.188800 0.000004
0.168000 0.189600 0.000004
0.227200 0.189600 0.000004
0.414400 0.189600 0.000005
0.436800 0.189600 0.000004
0.455200 0.189600 0.000004
0.396800 0.190400 0.000004
0.474400 0.190400 0.000005
0.500000 0.192000 0.000005
0.520000 0.192000 0.000005
0.544000 0.192000 0.000005
0.622400 0.192800 0.000005
0.564800 0.193600 0.000004
0.598400 0.193600 0.000005
0.642400 0.193600 0.000004
0.657600 0.193600 0.000004
0.673600 0.193600 0.000004
0.694400 0.193600 0.000005
0.580000 0.194400 0.000004
0.896800 0.194400 0.000003
0.860000 0.195200 0.000005
0.932800 0.195200 0.000003
0.963200 0.195200 0.000004
0.716800 0.196000 0.000005
0.769600 0.196000 0.000005
0.788800 0.196000 0.000004
0.888000 0.196000 0.000003
0.913600 0.196000 0.000003
0.945600 0.196000 0.000003
0.740000 0.196800 0.000006
0.806400 0.196800 0.000004
0.825600 0.197600 0.000005
0.844800 0.197600 0.000004
0.926400 0.208000 0.000004
0.947200 0.208000 0.000003
0.956800 0.208000 0.000003
0.889600 0.208800 0.000003
0.900800 0.208800 0.000003
0.912000 0.208800 0.000003
0.134400 0.212000 0.000005
0.153600 0.213600 0.000005
0.300000 0.215200 0.000005
0.319200 0.215200 0.000005
0.393600 0.215200 0.000005
0.348800 0.216000 0.000006
0.411200 0.216000 0.000004
0.429600 0.216000 0.000004
0.176000 0.216800 0.000004
0.188800 0.216800 0.000005
0.209600 0.216800 0.000007
0.237600 0.216800 0.000005
0.372800 0.216800 0.000005
0.280800 0.217600 0.000005
0.448000 0.217600 0.000005
0.260000 0.218400 0.000005
0.472000 0.218400 0.000006
0.495200 0.218400 0.000006
0.596800 0.218400 0.000005
0.623200 0.218400 0.000005
0.520800 0.219200 0.000005
0.541600 0.220000 0.000004
0.558400 0.220000 0.000004
0.576000 0.220000 0.000005
0.644000 0.220000 0.000005
0.716800 0.220800 0.000005
0.672800 0.221600 0.000005
0.691200 0.221600 0.000005
0.740000 0.221600 0.000005
0.765600 0.222400 0.000005
0.788000 0.224000 0.000005
0.809600 0.224800 0.000005
0.857600 0.224800 0.000005
0.836000 0.225600 0.000005
0.874400 0.225600 0.000004
0.140000 0.238400 0.000006
0.159200 0.240800 0.000005
0.177600 0.240800 0.000004
0.194400 0.240800 0.000004
0.247200 0.242400 0.000004
0.348800 0.242400 0.000006
0.232800 0.243200 0.000004
0.213600 0.244000 0.000004
0.310400 0.244000 0.000005
0.327200 0.244000 0.000004
0.268000 0.244800 0.000005
0.290400 0.244800 0.000004
0.371200 0.244800 0.000004
0.428800 0.245600 0.000005
0.410400 0.246400 0.000004
0.389600 0.247200 0.000005
0.451200 0.247200 0.000005
0.625600 0.247200 0.000005
0.468800 0.248000 0.000004
0.644000 0.248000 0.000004
0.676000 0.248000 0.000005
0.660000 0.248800 0.000004
0.715200 0.248800 0.000005
0.738400 0.248800 0.000005
0.797600 0.248800 0.000005
0.484800 0.249600 0.000005
0.508000 0.249600 0.000005
0.530400 0.249600 0.000006
0.556000 0.249600 0.000005
0.592000 0.249600 0.000002
0.611200 0.249600 0.000004
0.756000 0.249600 0.000004
0.775200 0.249600 0.000005
0.579200 0.250400 0.000004
0.696000 0.250400 0.000005
0.836000 0.250400 0.000004
0.817600 0.251200 0.000005
0.853600 0.252000 0.000004
0.869600 0.252000 0.000007
0.068000 0.260000 0.000004
0.051200 0.260800 0.000003
0.084000 0.261600 0.000003
0.039200 0.262400 0.000003
0.093600 0.262400 0.000004
0.026400 0.263200 0.000004
0.140000 0.265600 0.000006
0.152800 0.266400 0.000002
0.172000 0.268000 0.000004
0.220800 0.268000 0.000004
0.233600 0.268000 0.000004
0.210400 0.268800 0.000007
0.192000 0.269600 0.000005
0.251200 0.269600 0.000005
0.271200 0.271200 0.000004
0.294400 0.272800 0.000006
0.314400 0.272800 0.000004
0.356000 0.272800 0.000005
0.375200 0.272800 0.000004
0.545600 0.272800 0.000004
0.564000 0.272800 0.000005
0.636800 0.272800 0.000004
0.332000 0.273600 0.000007
0.445600 0.273600 0.000005
0.621600 0.273600 0.000004
0.647200 0.273600 0.000006
0.396000 0.274400 0.000005
0.408000 0.274400 0.000004
0.467200 0.274400 0.000007
0.476800 0.274400 0.000007
0.506400 0.274400 0.000005
0.526400 0.274400 0.000005
0.665600 0.274400 0.000004
0.679200 0.274400 0.000003
0.691200 0.274400 0.000004
0.708000 0.274400 0.000004
0.758400 0.274400 0.000004
0.810400 0.274400 0.000004
0.424000 0.275200 0.000004
0.495200 0.275200 0.000004
0.584800 0.275200 0.000005
0.604000 0.275200 0.000004
0.741600 0.275200 0.000004
0.796000 0.275200 0.000004
0.720800 0.276000 0.000007
0.820800 0.276000 0.000002
0.832800 0.276000 0.000006
0.780000 0.276800 0.000005
0.842400 0.277600 0.000003
0.853600 0.277600 0.000003
0.863200 0.277600 0.000006
0.901600 0.282400 0.000005
0.918400 0.282400 0.000004
0.936800 0.282400 0.000005
0.684800 0.287200 0.000003
0.675200 0.288800 0.000003
0.664800 0.290400 0.000003
0.654400 0.292800 0.000003
0.869600 0.305600 0.000007
0.532800 0.309600 0.000008
0.519200 0.310400 0.000004
0.506400 0.313600 0.000008
0.717600 0.324000 0.000007
0.708800 0.326400 0.000003
0.697600 0.328000 0.000004
0.684800 0.328800 0.000003
0.662400 0.333600 0.000008
0.740000 0.344000 0.000004
