258.000000 34.000000 0.000003
304.000000 35.000000 0.000002
319.000000 35.000000 0.000003
330.000000 35.000000 0.000002
344.000000 35.000000 0.000002
355.000000 35.000000 0.000002
633.000000 35.000000 0.000002
649.000000 35.000000 0.000002
697.000000 35.000000 0.000002
714.000000 35.000000 0.000002
752.000000 35.000000 0.000002
285.000000 36.000000 0.000002
371.000000 36.000000 0.000002
600.000000 36.000000 0.000002
665.000000 36.000000 0.000002
775.000000 36.000000 0.000001
386.000000 37.000000 0.000001
398.000000 37.000000 0.000002
416.000000 37.000000 0.000002
466.000000 37.000000 0.000002
485.000000 37.000000 0.000002
534.000000 37.000000 0.000002
559.000000 37.000000 0.000001
580.000000 37.000000 0.000002
617.000000 37.000000 0.000002
684.000000 37.000000 0.000002
729.000000 37.000000 0.000003
447.000000 38.000000 0.000002
431.000000 39.000000 0.000002
518.000000 39.000000 0.000002
506.000000 41.000000 0.000003
207.000000 68.000000 0.000002
239.000000 68.000000 0.000004
166.000000 69.000000 0.000005
187.000000 69.000000 0.000002
224.000000 69.000000 0.000002
40.000000 105.000000 0.000003
86.000000 106.000000 0.000002
102.000000 106.000000 0.000002
124.000000 107.000000 0.000003
66.000000 108.000000 0.000002
250.000000 112.000000 0.000002
219.000000 113.000000 0.000003
268.000000 113.000000 0.000003
295.000000 113.000000 0.000002
158.000000 114.000000 0.000003
191.000000 114.000000 0.000003
316.000000 115.000000 0.000004
330.000000 116.000000 0.000002
349.000000 117.000000 0.000002
368.000000 117.000000 0.000002
388.000000 117.000000 0.000002
406.000000 117.000000 0.000001
434.000000 117.000000 0.000003
447.000000 117.000000 0.000002
466.000000 118.000000 0.000002
519.000000 118.000000 0.000002
539.000000 119.000000 0.000002
560.000000 119.000000 0.000002
575.000000 119.000000 0.000002
597.000000 119.000000 0.000001
610.000000 119.000000 0.000002
819.000000 119.000000 0.000003
489.000000 120.000000 0.000002
505.000000 120.000000 0.000002
634.000000 120.000000 0.000003
710.000000 120.000000 0.000003
726.000000 120.000000 0.000002
838.000000 120.000000 0.000003
1100.000000 120.000000 0.000001
652.000000 121.000000 0.000002
689.000000 121.000000 0.000003
746.000000 121.000000 0.000002
758.000000 121.000000 0.000001
773.000000 121.000000 0.000001
784.000000 121.000000 0.000002
859.000000 121.000000 0.000003
870.000000 121.000000 0.000001
882.000000 121.000000 0.000002
917.000000 121.000000 0.000002
1034.000000 121.000000 0.000003
1055.000000 121.000000 0.000002
1087.000000 121.000000 0.000002
667.000000 122.000000 0.000002
897.000000 122.000000 0.000002
936.000000 122.000000 0.000002
957.000000 122.000000 0.000002
972.000000 122.000000 0.000001
1006.000000 122.000000 0.000002
1117.000000 122.000000 0.000002
1070.000000 123.000000 0.000002
289.000000 133.000000 0.000002
1165.000000 148.000000 0.000002
1184.000000 148.000000 0.000002
1138.000000 149.000000 0.000002
1152.000000 150.000000 0.000002
29.000000 151.000000 0.000003
51.000000 151.000000 0.000003
161.000000 151.000000 0.000002
179.000000 151.000000 0.000002
194.000000 151.000000 0.000002
234.000000 151.000000 0.000002
256.000000 152.000000 0.000002
322.000000 152.000000 0.000004
1113.000000 152.000000 0.000002
1124.000000 152.000000 0.000003
71.000000 153.000000 0.000003
83.000000 153.000000 0.000002
99.000000 153.000000 0.000002
214.000000 153.000000 0.000002
119.000000 154.000000 0.000002
137.000000 154.000000 0.000002
275.000000 154.000000 0.000003
296.000000 154.000000 0.000003
343.000000 154.000000 0.000002
390.000000 154.000000 0.000003
434.000000 154.000000 0.000002
653.000000 154.000000 0.000003
994.000000 154.000000 0.000003
1017.000000 154.000000 0.000003
1084.000000 154.000000 0.000003
363.000000 155.000000 0.000002
412.000000 155.000000 0.000002
457.000000 155.000000 0.000003
631.000000 155.000000 0.000002
852.000000 155.000000 0.000003
1065.000000 155.000000 0.000002
477.000000 156.000000 0.000002
553.000000 156.000000 0.000002
593.000000 156.000000 0.000002
611.000000 156.000000 0.000002
675.000000 156.000000 0.000002
751.000000 156.000000 0.000003
901.000000 156.000000 0.000003
925.000000 156.000000 0.000002
944.000000 156.000000 0.000002
966.000000 156.000000 0.000001
1042.000000 156.000000 0.000003
536.000000 157.000000 0.000003
572.000000 157.000000 0.000002
726.000000 157.000000 0.000003
876.000000 157.000000 0.000002
512.000000 158.000000 0.000002
695.000000 158.000000 0.000003
826.000000 158.000000 0.000002
776.000000 159.000000 0.000003
805.000000 160.000000 0.000003
495.000000 161.000000 0.000002
966.000000 173.000000 0.000002
31.000000 174.000000 0.000002
51.000000 176.000000 0.000002
75.000000 176.000000 0.000002
111.000000 176.000000 0.000002
128.000000 176.000000 0.000002
141.000000 176.000000 0.000002
95.000000 177.000000 0.000002
947.000000 177.000000 0.000002
201.000000 187.000000 0.000002
182.000000 188.000000 0.000003
215.000000 188.000000 0.000003
160.000000 189.000000 0.000003
235.000000 189.000000 0.000003
262.000000 189.000000 0.000003
310.000000 189.000000 0.000002
330.000000 189.000000 0.000002
351.000000 189.000000 0.000003
550.000000 189.000000 0.000004
609.000000 189.000000 0.000003
290.000000 190.000000 0.000003
381.000000 190.000000 0.000002
525.000000 190.000000 0.000003
566.000000 190.000000 0.000004
588.000000 190.000000 0.000003
866.000000 190.000000 0.000003
1069.000000 190.000000 0.000002
404.000000 191.000000 0.000003
780.000000 191.000000 0.000002
1083.000000 191.000000 0.000003
677.000000 192.000000 0.000002
900.000000 192.000000 0.000003
927.000000 192.000000 0.000003
975.000000 192.000000 0.000002
995.000000 192.000000 0.000002
1032.000000 192.000000 0.000002
1053.000000 192.000000 0.000002
425.000000 193.000000 0.000002
474.000000 193.000000 0.000002
640.000000 193.000000 0.000003
663.000000 193.000000 0.000003
696.000000 193.000000 0.000003
725.000000 193.000000 0.000003
752.000000 193.000000 0.000003
794.000000 193.000000 0.000002
818.000000 193.000000 0.000003
841.000000 193.000000 0.000003
954.000000 193.000000 0.000002
1013.000000 193.000000 0.000002
460.000000 194.000000 0.000002
498.000000 194.000000 0.000003
443.000000 195.000000 0.000002
408.000000 224.000000 0.000003
433.000000 224.000000 0.000003
191.000000 225.000000 0.000003
322.000000 225.000000 0.000003
335.000000 225.000000 0.000004
638.000000 225.000000 0.000003
786.000000 225.000000 0.000003
165.000000 226.000000 0.000003
302.000000 226.000000 0.000003
357.000000 226.000000 0.000003
386.000000 226.000000 0.000003
771.000000 226.000000 0.000002
1015.000000 226.000000 0.000002
219.000000 227.000000 0.000003
248.000000 227.000000 0.000003
278.000000 227.000000 0.000003
666.000000 227.000000 0.000003
821.000000 227.000000 0.000003
1036.000000 227.000000 0.000002
463.000000 228.000000 0.000003
483.000000 228.000000 0.000001
512.000000 228.000000 0.000002
562.000000 228.000000 0.000002
584.000000 228.000000 0.000002
607.000000 228.000000 0.000003
733.000000 228.000000 0.000002
754.000000 228.000000 0.000002
842.000000 228.000000 0.000002
899.000000 228.000000 0.000002
932.000000 228.000000 0.000001
948.000000 228.000000 0.000002
961.000000 228.000000 0.000003
982.000000 228.000000 0.000002
496.000000 229.000000 0.000002
529.000000 229.000000 0.000002
689.000000 229.000000 0.000003
920.000000 229.000000 0.000003
995.000000 229.000000 0.000002
1086.000000 229.000000 0.000003
717.000000 230.000000 0.000002
862.000000 230.000000 0.000002
1050.000000 230.000000 0.000001
880.000000 232.000000 0.000002
1069.000000 233.000000 0.000002
943.000000 246.000000 0.000001
1097.000000 252.000000 0.000002
169.000000 261.000000 0.000003
392.000000 261.000000 0.000003
459.000000 261.000000 0.000002
834.000000 261.000000 0.000003
881.000000 261.000000 0.000002
989.000000 261.000000 0.000002
1051.000000 261.000000 0.000002
1071.000000 261.000000 0.000003
194.000000 262.000000 0.000003
335.000000 262.000000 0.000003
442.000000 262.000000 0.000002
529.000000 262.000000 0.000002
551.000000 262.000000 0.000002
572.000000 262.000000 0.000002
591.000000 262.000000 0.000002
612.000000 262.000000 0.000002
783.000000 262.000000 0.000003
806.000000 262.000000 0.000003
865.000000 262.000000 0.000003
906.000000 262.000000 0.000002
951.000000 262.000000 0.000003
974.000000 262.000000 0.000002
1003.000000 262.000000 0.000003
1028.000000 262.000000 0.000002
219.000000 263.000000 0.000003
310.000000 263.000000 0.000003
358.000000 263.000000 0.000003
420.000000 263.000000 0.000003
477.000000 263.000000 0.000002
502.000000 263.000000 0.000003
634.000000 263.000000 0.000003
759.000000 263.000000 0.000003
929.000000 263.000000 0.000002
243.000000 264.000000 0.000002
695.000000 264.000000 0.000002
711.000000 264.000000 0.000003
737.000000 264.000000 0.000002
263.000000 265.000000 0.000003
291.000000 265.000000 0.000003
670.000000 265.000000 0.000003
613.000000 279.000000 0.000002
595.000000 280.000000 0.000002
419.000000 283.000000 0.000001
845.000000 297.000000 0.000003
868.000000 297.000000 0.000003
989.000000 297.000000 0.000002
798.000000 298.000000 0.000001
809.000000 298.000000 0.000001
892.000000 298.000000 0.000003
171.000000 299.000000 0.000003
195.000000 299.000000 0.000003
348.000000 299.000000 0.000003
514.000000 299.000000 0.000003
625.000000 299.000000 0.000003
736.000000 299.000000 0.000003
824.000000 299.000000 0.000002
921.000000 299.000000 0.000002
961.000000 299.000000 0.000003
1010.000000 299.000000 0.000003
1055.000000 299.000000 0.000002
298.000000 300.000000 0.000003
310.000000 300.000000 0.000002
328.000000 300.000000 0.000002
376.000000 300.000000 0.000002
392.000000 300.000000 0.000002
406.000000 300.000000 0.000002
424.000000 300.000000 0.000003
448.000000 300.000000 0.000002
468.000000 300.000000 0.000002
490.000000 300.000000 0.000002
546.000000 300.000000 0.000003
570.000000 300.000000 0.000003
664.000000 300.000000 0.000003
686.000000 300.000000 0.000003
711.000000 300.000000 0.000003
762.000000 300.000000 0.000003
785.000000 300.000000 0.000003
942.000000 300.000000 0.000002
1036.000000 300.000000 0.000002
594.000000 301.000000 0.000002
1077.000000 301.000000 0.000003
232.000000 302.000000 0.000003
277.000000 302.000000 0.000002
257.000000 303.000000 0.000002
1082.000000 319.000000 0.000002
546.000000 334.000000 0.000003
592.000000 334.000000 0.000002
667.000000 334.000000 0.000003
974.000000 334.000000 0.000003
995.000000 334.000000 0.000002
1021.000000 334.000000 0.000003
442.000000 335.000000 0.000002
464.000000 335.000000 0.000002
571.000000 335.000000 0.000003
637.000000 335.000000 0.000003
680.000000 335.000000 0.000001
692.000000 335.000000 0.000003
708.000000 335.000000 0.000003
734.000000 335.000000 0.000003
805.000000 335.000000 0.000003
1044.000000 335.000000 0.000002
205.000000 336.000000 0.000003
253.000000 336.000000 0.000003
333.000000 336.000000 0.000003
381.000000 336.000000 0.000003
402.000000 336.000000 0.000002
422.000000 336.000000 0.000002
491.000000 336.000000 0.000003
519.000000 336.000000 0.000003
614.000000 336.000000 0.000002
750.000000 336.000000 0.000002
886.000000 336.000000 0.000003
909.000000 336.000000 0.000003
944.000000 336.000000 0.000003
1066.000000 336.000000 0.000002
230.000000 337.000000 0.000003
267.000000 337.000000 0.000005
286.000000 337.000000 0.000002
309.000000 337.000000 0.000003
358.000000 337.000000 0.000002
836.000000 337.000000 0.000003
860.000000 337.000000 0.000003
1083.000000 337.000000 0.000002
173.000000 338.000000 0.000003
772.000000 338.000000 0.000003
1125.000000 340.000000 0.000003
1150.000000 341.000000 0.000003
1174.000000 342.000000 0.000003
962.000000 358.000000 0.000002
976.000000 358.000000 0.000002
995.000000 358.000000 0.000002
890.000000 360.000000 0.000002
906.000000 360.000000 0.000002
927.000000 360.000000 0.000002
874.000000 361.000000 0.000002
944.000000 361.000000 0.000002
847.000000 364.000000 0.000002
831.000000 367.000000 0.000002
1148.000000 409.000000 0.000002
1081.000000 410.000000 0.000002
1102.000000 410.000000 0.000003
1116.000000 410.000000 0.000002
1135.000000 410.000000 0.000002
962.000000 411.000000 0.000002
994.000000 411.000000 0.000002
1065.000000 411.000000 0.000002
1170.000000 411.000000 0.000001
975.000000 412.000000 0.000004
1008.000000 412.000000 0.000002
1025.000000 412.000000 0.000002
1182.000000 412.000000 0.000002
944.000000 413.000000 0.000002
1052.000000 413.000000 0.000002
919.000000 414.000000 0.000002
836.000000 415.000000 0.000002
850.000000 415.000000 0.000002
862.000000 416.000000 0.000001
878.000000 416.000000 0.000002
891.000000 416.000000 0.000002
904.000000 416.000000 0.000002
824.000000 417.000000 0.000002
