0.188000 0.028000 0.000000
0.881600 0.028000 0.000000
0.135200 0.028800 0.000000
0.166400 0.028800 0.000000
0.067200 0.029600 0.000000
0.121600 0.029600 0.000000
0.152000 0.029600 0.000000
0.240000 0.029600 0.000000
0.863200 0.029600 0.000000
0.025600 0.030400 0.000000
0.208000 0.030400 0.000000
0.561600 0.030400 0.000000
0.038400 0.031200 0.000000
0.081600 0.031200 0.000000
0.223200 0.031200 0.000000
0.252800 0.031200 0.000000
0.270400 0.031200 0.000000
0.598400 0.031200 0.000000
0.738400 0.031200 0.000000
0.052000 0.032000 0.000000
0.100800 0.032000 0.000000
0.295200 0.032000 0.000000
0.578400 0.032000 0.000000
0.657600 0.032000 0.000000
0.756800 0.032000 0.000000
0.844000 0.032000 0.000000
0.311200 0.032800 0.000000
0.432000 0.032800 0.000000
0.547200 0.032800 0.000000
0.623200 0.032800 0.000000
0.638400 0.032800 0.000000
0.672800 0.032800 0.000000
0.704800 0.032800 0.000000
0.717600 0.032800 0.000000
0.728000 0.032800 0.000000
0.775200 0.032800 0.000000
0.791200 0.032800 0.000000
0.831200 0.032800 0.000000
0.355200 0.033600 0.000000
0.364000 0.033600 0.000000
0.377600 0.033600 0.000000
0.423200 0.033600 0.000000
0.527200 0.033600 0.000000
0.684000 0.033600 0.000000
0.692800 0.033600 0.000000
0.806400 0.033600 0.000000
0.332800 0.034400 0.000000
0.402400 0.034400 0.000000
0.411200 0.034400 0.000000
0.489600 0.034400 0.000000
0.511200 0.034400 0.000000
0.821600 0.034400 0.000000
0.390400 0.035200 0.000000
0.447200 0.035200 0.000000
0.459200 0.036000 0.000000
0.469600 0.036000 0.000000
0.024000 0.043200 0.000000
0.037600 0.044800 0.000000
0.050400 0.044800 0.000000
0.062400 0.045600 0.000000
0.083200 0.045600 0.000000
0.118400 0.045600 0.000000
0.105600 0.046400 0.000000
0.886400 0.048000 0.000000
0.898400 0.048000 0.000000
0.918400 0.048000 0.000000
0.929600 0.048000 0.000000
0.939200 0.048000 0.000000
0.875200 0.048800 0.000000
0.909600 0.048800 0.000000
0.857600 0.050400 0.000000
0.846400 0.051200 0.000000
0.773600 0.052000 0.000000
0.783200 0.052000 0.000000
0.793600 0.052000 0.000000
0.802400 0.052000 0.000000
0.823200 0.052000 0.000000
0.832800 0.052000 0.000000
0.812800 0.052800 0.000000
0.150400 0.059200 0.000000
0.180800 0.060000 0.000000
0.164800 0.060800 0.000000
0.198400 0.060800 0.000000
0.210400 0.061600 0.000000
0.886400 0.069600 0.000000
0.031200 0.089600 0.000000
0.080800 0.089600 0.000000
0.046400 0.090400 0.000000
0.060000 0.090400 0.000000
0.188000 0.092000 0.000000
0.206400 0.092000 0.000000
0.236000 0.092000 0.000000
0.298400 0.092000 0.000000
0.132800 0.092800 0.000000
0.149600 0.092800 0.000000
0.168000 0.092800 0.000000
0.254400 0.092800 0.000000
0.276800 0.092800 0.000000
0.350400 0.092800 0.000000
0.361600 0.092800 0.000000
0.594400 0.092800 0.000000
0.612000 0.092800 0.000000
0.836800 0.092800 0.000000
0.314400 0.093600 0.000000
0.404000 0.093600 0.000000
0.579200 0.093600 0.000000
0.699200 0.093600 0.000000
0.858400 0.093600 0.000000
0.877600 0.093600 0.000000
0.335200 0.094400 0.000000
0.380000 0.094400 0.000000
0.424000 0.094400 0.000000
0.443200 0.094400 0.000000
0.465600 0.094400 0.000000
0.483200 0.094400 0.000000
0.555200 0.094400 0.000000
0.631200 0.094400 0.000000
0.684800 0.094400 0.000000
0.740000 0.094400 0.000000
0.821600 0.094400 0.000000
0.496800 0.095200 0.000000
0.508000 0.095200 0.000000
0.565600 0.095200 0.000000
0.648800 0.095200 0.000000
0.664800 0.095200 0.000000
0.713600 0.095200 0.000000
0.752800 0.095200 0.000000
0.767200 0.095200 0.000000
0.528800 0.096000 0.000000
0.540800 0.096000 0.000000
0.785600 0.096000 0.000000
0.803200 0.096000 0.000000
0.948800 0.116000 0.000000
0.900000 0.117600 0.000000
0.912000 0.117600 0.000000
0.964000 0.117600 0.000000
0.927200 0.118400 0.000000
0.148800 0.119200 0.000000
0.132800 0.120000 0.000000
0.185600 0.120000 0.000000
0.662400 0.120000 0.000000
0.859200 0.120000 0.000000
0.875200 0.120000 0.000000
0.168000 0.120800 0.000000
0.221600 0.120800 0.000000
0.240000 0.120800 0.000000
0.647200 0.120800 0.000000
0.678400 0.120800 0.000000
0.693600 0.120800 0.000000
0.816800 0.120800 0.000000
0.831200 0.120800 0.000000
0.845600 0.120800 0.000000
0.201600 0.121600 0.000000
0.272000 0.121600 0.000000
0.536000 0.121600 0.000000
0.611200 0.121600 0.000000
0.627200 0.121600 0.000000
0.771200 0.121600 0.000000
0.256000 0.122400 0.000000
0.290400 0.122400 0.000000
0.330400 0.122400 0.000000
0.593600 0.122400 0.000000
0.711200 0.122400 0.000000
0.734400 0.122400 0.000000
0.752800 0.122400 0.000000
0.348800 0.123200 0.000000
0.368000 0.123200 0.000000
0.484800 0.123200 0.000000
0.505600 0.123200 0.000000
0.524000 0.123200 0.000000
0.552000 0.123200 0.000000
0.310400 0.124000 0.000000
0.384000 0.124000 0.000000
0.400800 0.124000 0.000000
0.416000 0.124000 0.000000
0.785600 0.124000 0.000000
0.798400 0.124000 0.000000
0.431200 0.124800 0.000000
0.464000 0.124800 0.000000
0.570400 0.124800 0.000000
0.450400 0.125600 0.000000
0.780000 0.136000 0.000000
0.858400 0.143200 0.000000
0.833600 0.144000 0.000000
0.867200 0.144000 0.000000
0.848000 0.144800 0.000000
0.817600 0.145600 0.000000
0.880800 0.145600 0.000000
0.801600 0.146400 0.000000
0.770400 0.147200 0.000000
0.784800 0.147200 0.000000
0.684800 0.148000 0.000000
0.702400 0.148000 0.000000
0.740000 0.148000 0.000000
0.751200 0.148000 0.000000
0.200000 0.148800 0.000000
0.218400 0.148800 0.000000
0.720000 0.148800 0.000000
0.551200 0.149600 0.000000
0.642400 0.149600 0.000000
0.664000 0.149600 0.000000
0.169600 0.150400 0.000000
0.188800 0.150400 0.000000
0.236000 0.150400 0.000000
0.264800 0.150400 0.000000
0.433600 0.150400 0.000000
0.528800 0.150400 0.000000
0.575200 0.150400 0.000000
0.617600 0.150400 0.000000
0.133600 0.151200 0.000000
0.251200 0.151200 0.000000
0.275200 0.151200 0.000000
0.312800 0.151200 0.000000
0.400800 0.151200 0.000000
0.415200 0.151200 0.000000
0.450400 0.151200 0.000000
0.596000 0.151200 0.000000
0.152800 0.152000 0.000000
0.289600 0.152000 0.000000
0.356000 0.152000 0.000000
0.380000 0.152000 0.000000
0.467200 0.152000 0.000000
0.506400 0.152000 0.000000
0.335200 0.152800 0.000000
0.485600 0.152800 0.000000
0.861600 0.168800 0.000000
0.800800 0.169600 0.000000
0.830400 0.169600 0.000000
0.841600 0.169600 0.000000
0.815200 0.170400 0.000000
0.783200 0.171200 0.000000
0.644800 0.172000 0.000000
0.741600 0.172000 0.000000
0.878400 0.172000 0.000000
0.621600 0.172800 0.000000
0.727200 0.172800 0.000000
0.752000 0.172800 0.000000
0.766400 0.172800 0.000000
0.708000 0.173600 0.000000
0.132000 0.175200 0.000000
0.584000 0.175200 0.000000
0.600000 0.175200 0.000000
0.663200 0.175200 0.000000
0.677600 0.175200 0.000000
0.691200 0.175200 0.000000
0.148000 0.176000 0.000000
0.196000 0.176000 0.000000
0.213600 0.176000 0.000000
0.350400 0.176000 0.000000
0.369600 0.176000 0.000000
0.176800 0.176800 0.000000
0.388800 0.176800 0.000000
0.524800 0.176800 0.000000
0.543200 0.176800 0.000000
0.564000 0.176800 0.000000
0.233600 0.177600 0.000000
0.252800 0.177600 0.000000
0.272800 0.177600 0.000000
0.293600 0.177600 0.000000
0.336800 0.177600 0.000000
0.471200 0.177600 0.000000
0.309600 0.178400 0.000000
0.323200 0.178400 0.000000
0.452800 0.178400 0.000000
0.505600 0.178400 0.000000
0.412800 0.179200 0.000000
0.487200 0.179200 0.000000
0.432000 0.180000 0.000000
0.810400 0.196000 0.000000
0.825600 0.196000 0.000000
0.870400 0.196000 0.000000
0.750400 0.196800 0.000000
0.840800 0.196800 0.000000
0.856800 0.196800 0.000000
0.794400 0.197600 0.000000
0.607200 0.198400 0.000000
0.692000 0.198400 0.000000
0.716000 0.198400 0.000000
0.732000 0.198400 0.000000
0.768000 0.199200 0.000000
0.473600 0.200000 0.000000
0.631200 0.200000 0.000000
0.650400 0.200000 0.000000
0.668000 0.200000 0.000000
0.457600 0.200800 0.000000
0.537600 0.200800 0.000000
0.564800 0.200800 0.000000
0.584000 0.200800 0.000000
0.491200 0.201600 0.000000
0.511200 0.201600 0.000000
0.526400 0.201600 0.000000
0.547200 0.201600 0.000000
0.167200 0.202400 0.000000
0.238400 0.202400 0.000000
0.273600 0.202400 0.000000
0.289600 0.202400 0.000000
0.145600 0.203200 0.000000
0.254400 0.203200 0.000000
0.309600 0.203200 0.000000
0.330400 0.203200 0.000000
0.423200 0.203200 0.000000
0.440800 0.203200 0.000000
0.132000 0.204000 0.000000
0.187200 0.204000 0.000000
0.347200 0.204000 0.000000
0.366400 0.204000 0.000000
0.386400 0.204000 0.000000
0.408800 0.204000 0.000000
0.201600 0.204800 0.000000
0.222400 0.204800 0.000000
0.813600 0.222400 0.000000
0.788800 0.223200 0.000000
0.661600 0.224000 0.000000
0.730400 0.224000 0.000000
0.834400 0.224000 0.000000
0.651200 0.224800 0.000000
0.750400 0.224800 0.000000
0.771200 0.224800 0.000000
0.676800 0.225600 0.000000
0.526400 0.226400 0.000000
0.630400 0.226400 0.000000
0.692000 0.226400 0.000000
0.709600 0.226400 0.000000
0.856000 0.226400 0.000000
0.882400 0.226400 0.000000
0.866400 0.227200 0.000000
0.470400 0.228000 0.000000
0.500800 0.228000 0.000000
0.545600 0.228000 0.000000
0.560800 0.228000 0.000000
0.606400 0.228000 0.000000
0.484000 0.228800 0.000000
0.573600 0.228800 0.000000
0.138400 0.229600 0.000000
0.177600 0.229600 0.000000
0.428800 0.229600 0.000000
0.442400 0.229600 0.000000
0.456000 0.229600 0.000000
0.128000 0.230400 0.000000
0.151200 0.230400 0.000000
0.251200 0.230400 0.000000
0.400000 0.230400 0.000000
0.593600 0.230400 0.000000
0.162400 0.231200 0.000000
0.300800 0.231200 0.000000
0.316000 0.231200 0.000000
0.340800 0.231200 0.000000
0.356800 0.231200 0.000000
0.386400 0.231200 0.000000
0.193600 0.232000 0.000000
0.230400 0.232000 0.000000
0.270400 0.232000 0.000000
0.288000 0.232000 0.000000
0.413600 0.232000 0.000000
0.212000 0.232800 0.000000
0.372000 0.232800 0.000000
0.760000 0.251200 0.000000
0.852800 0.251200 0.000000
0.424800 0.252000 0.000000
0.740000 0.252000 0.000000
0.863200 0.252000 0.000000
0.631200 0.252800 0.000000
0.649600 0.252800 0.000000
0.670400 0.252800 0.000000
0.821600 0.252800 0.000000
0.840800 0.252800 0.000000
0.878400 0.252800 0.000000
0.700000 0.253600 0.000000
0.720800 0.253600 0.000000
0.778400 0.253600 0.000000
0.788000 0.253600 0.000000
0.612800 0.254400 0.000000
0.802400 0.254400 0.000000
0.440000 0.255200 0.000000
0.538400 0.255200 0.000000
0.570400 0.255200 0.000000
0.586400 0.255200 0.000000
0.598400 0.255200 0.000000
0.931200 0.255200 0.000000
0.949600 0.255200 0.000000
0.457600 0.256000 0.000000
0.508800 0.256000 0.000000
0.556800 0.256000 0.000000
0.912800 0.256000 0.000000
0.404800 0.256800 0.000000
0.415200 0.256800 0.000000
0.492800 0.256800 0.000000
0.526400 0.256800 0.000000
0.475200 0.257600 0.000000
0.151200 0.258400 0.000000
0.396000 0.258400 0.000000
0.131200 0.259200 0.000000
0.345600 0.259200 0.000000
0.168800 0.260000 0.000000
0.365600 0.260000 0.000000
0.382400 0.260000 0.000000
0.185600 0.260800 0.000000
0.200000 0.260800 0.000000
0.236800 0.260800 0.000000
0.325600 0.260800 0.000000
0.220800 0.261600 0.000000
0.254400 0.263200 0.000000
0.284000 0.263200 0.000000
0.302400 0.263200 0.000000
0.269600 0.264000 0.000000
0.977333 0.118349 0.000000
0.423619 0.216635 0.000000
0.431619 0.215492 0.000000
0.442476 0.214921 0.000000
0.789333 0.135492 0.000000
