0.192000 0.069600 0.000000
0.207200 0.069600 0.000000
0.222400 0.069600 0.000000
0.157600 0.070400 0.000000
0.843200 0.070400 0.000000
0.175200 0.071200 0.000000
0.188000 0.097600 0.000000
0.851200 0.101600 0.000000
0.869600 0.101600 0.000000
0.833600 0.102400 0.000000
0.784800 0.103200 0.000000
0.808000 0.103200 0.000000
0.817600 0.103200 0.000000
0.619200 0.104000 0.000000
0.756800 0.104000 0.000000
0.773600 0.104000 0.000000
0.796800 0.104000 0.000000
0.707200 0.104800 0.000000
0.725600 0.104800 0.000000
0.742400 0.104800 0.000000
0.266400 0.105600 0.000000
0.645600 0.105600 0.000000
0.234400 0.106400 0.000000
0.251200 0.106400 0.000000
0.599200 0.106400 0.000000
0.664000 0.106400 0.000000
0.685600 0.106400 0.000000
0.288000 0.107200 0.000000
0.306400 0.107200 0.000000
0.472000 0.107200 0.000000
0.581600 0.107200 0.000000
0.322400 0.108000 0.000000
0.203200 0.108800 0.000000
0.484800 0.108800 0.000000
0.220000 0.109600 0.000000
0.340000 0.109600 0.000000
0.382400 0.109600 0.000000
0.400000 0.109600 0.000000
0.413600 0.109600 0.000000
0.426400 0.109600 0.000000
0.452800 0.109600 0.000000
0.499200 0.109600 0.000000
0.518400 0.109600 0.000000
0.544800 0.109600 0.000000
0.563200 0.109600 0.000000
0.188000 0.110400 0.000000
0.437600 0.110400 0.000000
0.171200 0.111200 0.000000
0.364000 0.111200 0.000000
0.148800 0.112800 0.000000
0.925600 0.119200 0.000000
0.941600 0.119200 0.000000
0.960000 0.119200 0.000000
0.972000 0.119200 0.000000
0.911200 0.120800 0.000000
0.896000 0.123200 0.000000
0.175200 0.125600 0.000000
0.843200 0.129600 0.000000
0.866400 0.129600 0.000000
0.822400 0.130400 0.000000
0.782400 0.131200 0.000000
0.806400 0.131200 0.000000
0.749600 0.132000 0.000000
0.769600 0.132000 0.000000
0.670400 0.132800 0.000000
0.628000 0.133600 0.000000
0.644000 0.133600 0.000000
0.660000 0.133600 0.000000
0.568000 0.134400 0.000000
0.700800 0.134400 0.000000
0.724800 0.134400 0.000000
0.537600 0.135200 0.000000
0.585600 0.135200 0.000000
0.608800 0.135200 0.000000
0.552800 0.136000 0.000000
0.516000 0.136800 0.000000
0.404800 0.137600 0.000000
0.476800 0.137600 0.000000
0.389600 0.138400 0.000000
0.495200 0.138400 0.000000
0.141600 0.139200 0.000000
0.200800 0.139200 0.000000
0.243200 0.139200 0.000000
0.458400 0.139200 0.000000
0.225600 0.140000 0.000000
0.266400 0.140000 0.000000
0.342400 0.140000 0.000000
0.357600 0.140000 0.000000
0.373600 0.140000 0.000000
0.421600 0.140000 0.000000
0.185600 0.140800 0.000000
0.209600 0.140800 0.000000
0.308800 0.140800 0.000000
0.440800 0.140800 0.000000
0.168000 0.141600 0.000000
0.288800 0.141600 0.000000
0.324800 0.141600 0.000000
0.978400 0.151200 0.000000
0.927200 0.152000 0.000000
0.961600 0.152000 0.000000
0.874400 0.153600 0.000000
0.912000 0.153600 0.000000
0.944800 0.153600 0.000000
0.896000 0.155200 0.000000
0.847200 0.156000 0.000000
0.860000 0.156000 0.000000
0.794400 0.158400 0.000000
0.776800 0.159200 0.000000
0.828800 0.159200 0.000000
0.728800 0.160000 0.000000
0.744800 0.160000 0.000000
0.762400 0.160000 0.000000
0.810400 0.160800 0.000000
0.716000 0.161600 0.000000
0.645600 0.162400 0.000000
0.698400 0.162400 0.000000
0.119200 0.163200 0.000000
0.128800 0.163200 0.000000
0.630400 0.163200 0.000000
0.662400 0.163200 0.000000
0.084000 0.164000 0.000000
0.616000 0.164000 0.000000
0.680800 0.164000 0.000000
0.100800 0.164800 0.000000
0.566400 0.164800 0.000000
0.524800 0.165600 0.000000
0.546400 0.165600 0.000000
0.599200 0.165600 0.000000
0.585600 0.166400 0.000000
0.510400 0.167200 0.000000
0.065600 0.168000 0.000000
0.493600 0.168000 0.000000
0.393600 0.168800 0.000000
0.451200 0.168800 0.000000
0.465600 0.168800 0.000000
0.476000 0.168800 0.000000
0.412800 0.169600 0.000000
0.433600 0.169600 0.000000
0.034400 0.170400 0.000000
0.047200 0.170400 0.000000
0.338400 0.172000 0.000000
0.373600 0.172000 0.000000
0.356000 0.172800 0.000000
0.146400 0.173600 0.000000
0.184800 0.173600 0.000000
0.206400 0.173600 0.000000
0.318400 0.173600 0.000000
0.222400 0.174400 0.000000
0.298400 0.174400 0.000000
0.165600 0.175200 0.000000
0.239200 0.175200 0.000000
0.269600 0.175200 0.000000
0.283200 0.175200 0.000000
0.256800 0.176000 0.000000
0.773600 0.187200 0.000000
0.793600 0.187200 0.000000
0.828000 0.189600 0.000000
0.843200 0.189600 0.000000
0.752000 0.190400 0.000000
0.811200 0.190400 0.000000
0.855200 0.190400 0.000000
0.875200 0.191200 0.000000
0.715200 0.192000 0.000000
0.737600 0.192000 0.000000
0.637600 0.192800 0.000000
0.698400 0.192800 0.000000
0.581600 0.193600 0.000000
0.685600 0.193600 0.000000
0.560000 0.194400 0.000000
0.603200 0.194400 0.000000
0.622400 0.194400 0.000000
0.655200 0.194400 0.000000
0.544000 0.195200 0.000000
0.672800 0.195200 0.000000
0.474400 0.196000 0.000000
0.512800 0.196000 0.000000
0.529600 0.196000 0.000000
0.494400 0.197600 0.000000
0.395200 0.198400 0.000000
0.453600 0.198400 0.000000
0.417600 0.199200 0.000000
0.283200 0.200000 0.000000
0.356800 0.200000 0.000000
0.377600 0.200000 0.000000
0.436000 0.200000 0.000000
0.271200 0.200800 0.000000
0.296000 0.201600 0.000000
0.222400 0.202400 0.000000
0.236000 0.202400 0.000000
0.256000 0.203200 0.000000
0.311200 0.203200 0.000000
0.204800 0.204800 0.000000
0.334400 0.204800 0.000000
0.153600 0.205600 0.000000
0.174400 0.205600 0.000000
0.188000 0.205600 0.000000
0.282400 0.217600 0.000000
0.877600 0.217600 0.000000
0.776000 0.218400 0.000000
0.824000 0.218400 0.000000
0.840800 0.218400 0.000000
0.856000 0.218400 0.000000
0.742400 0.219200 0.000000
0.809600 0.219200 0.000000
0.724000 0.220000 0.000000
0.758400 0.220000 0.000000
0.792800 0.220000 0.000000
0.702400 0.220800 0.000000
0.676000 0.222400 0.000000
0.598400 0.223200 0.000000
0.614400 0.223200 0.000000
0.632800 0.223200 0.000000
0.655200 0.223200 0.000000
0.580000 0.224000 0.000000
0.569600 0.224800 0.000000
0.550400 0.225600 0.000000
0.504800 0.228000 0.000000
0.524000 0.228000 0.000000
0.404000 0.228800 0.000000
0.487200 0.228800 0.000000
0.341600 0.229600 0.000000
0.432800 0.229600 0.000000
0.443200 0.229600 0.000000
0.380800 0.230400 0.000000
0.456000 0.230400 0.000000
0.468800 0.230400 0.000000
0.320800 0.231200 0.000000
0.360800 0.231200 0.000000
0.421600 0.231200 0.000000
0.163200 0.232000 0.000000
0.300800 0.232000 0.000000
0.254400 0.232800 0.000000
0.285600 0.232800 0.000000
0.273600 0.233600 0.000000
0.183200 0.234400 0.000000
0.228000 0.234400 0.000000
0.148000 0.235200 0.000000
0.208000 0.236800 0.000000
0.876800 0.244800 0.000000
0.832000 0.248000 0.000000
0.853600 0.248000 0.000000
0.758400 0.249600 0.000000
0.766400 0.249600 0.000000
0.776000 0.249600 0.000000
0.785600 0.249600 0.000000
0.810400 0.249600 0.000000
0.798400 0.250400 0.000000
0.539200 0.251200 0.000000
0.620000 0.251200 0.000000
0.708000 0.251200 0.000000
0.742400 0.251200 0.000000
0.636800 0.252000 0.000000
0.665600 0.252000 0.000000
0.685600 0.252000 0.000000
0.726400 0.252000 0.000000
0.560000 0.252800 0.000000
0.583200 0.252800 0.000000
0.599200 0.252800 0.000000
0.650400 0.252800 0.000000
0.521600 0.255200 0.000000
0.498400 0.256800 0.000000
0.424800 0.257600 0.000000
0.441600 0.258400 0.000000
0.459200 0.258400 0.000000
0.477600 0.258400 0.000000
0.375200 0.259200 0.000000
0.397600 0.259200 0.000000
0.410400 0.259200 0.000000
0.181600 0.262400 0.000000
0.225600 0.262400 0.000000
0.243200 0.262400 0.000000
0.335200 0.262400 0.000000
0.352800 0.262400 0.000000
0.164800 0.263200 0.000000
0.207200 0.263200 0.000000
0.257600 0.263200 0.000000
0.284800 0.263200 0.000000
0.310400 0.264000 0.000000
0.149600 0.264800 0.000000
0.190400 0.264800 0.000000
0.872800 0.272800 0.000000
0.839200 0.273600 0.000000
0.856000 0.273600 0.000000
0.617600 0.276000 0.000000
0.824000 0.276000 0.000000
0.725600 0.276800 0.000000
0.787200 0.276800 0.000000
0.692800 0.277600 0.000000
0.764800 0.277600 0.000000
0.806400 0.277600 0.000000
0.558400 0.278400 0.000000
0.599200 0.278400 0.000000
0.708800 0.278400 0.000000
0.737600 0.278400 0.000000
0.260800 0.279200 0.000000
0.577600 0.279200 0.000000
0.635200 0.279200 0.000000
0.652800 0.279200 0.000000
0.676000 0.280000 0.000000
0.539200 0.280800 0.000000
0.454400 0.283200 0.000000
0.496000 0.283200 0.000000
0.513600 0.283200 0.000000
0.476000 0.284000 0.000000
0.436000 0.284800 0.000000
0.325600 0.287200 0.000000
0.400800 0.287200 0.000000
0.416800 0.287200 0.000000
0.388000 0.288000 0.000000
0.308000 0.288800 0.000000
0.342400 0.289600 0.000000
0.359200 0.289600 0.000000
0.375200 0.289600 0.000000
0.288000 0.291200 0.000000
0.225600 0.292000 0.000000
0.245600 0.292000 0.000000
0.269600 0.292000 0.000000
0.149600 0.293600 0.000000
0.162400 0.293600 0.000000
0.173600 0.293600 0.000000
0.184000 0.293600 0.000000
0.203200 0.295200 0.000000
