0.822400 0.027200 0.000000
0.837600 0.027200 0.000000
0.861600 0.027200 0.000000
0.872800 0.027200 0.000000
0.889600 0.027200 0.000000
0.900000 0.027200 0.000000
0.908800 0.027200 0.000000
0.919200 0.027200 0.000000
0.812000 0.028000 0.000000
0.848800 0.028000 0.000000
0.621600 0.030400 0.000000
0.636800 0.030400 0.000000
0.648000 0.031200 0.000000
0.663200 0.031200 0.000000
0.675200 0.031200 0.000000
0.688000 0.031200 0.000000
0.712000 0.031200 0.000000
0.728800 0.031200 0.000000
0.700000 0.032000 0.000000
0.428800 0.033600 0.000000
0.484000 0.033600 0.000000
0.352800 0.034400 0.000000
0.468000 0.034400 0.000000
0.316800 0.035200 0.000000
0.337600 0.035200 0.000000
0.363200 0.035200 0.000000
0.392800 0.035200 0.000000
0.407200 0.035200 0.000000
0.416800 0.035200 0.000000
0.440800 0.035200 0.000000
0.454400 0.035200 0.000000
0.494400 0.035200 0.000000
0.507200 0.035200 0.000000
0.379200 0.036000 0.000000
0.524800 0.036000 0.000000
0.564800 0.036000 0.000000
0.579200 0.036000 0.000000
0.592000 0.036000 0.000000
0.539200 0.036800 0.000000
0.488800 0.049600 0.000000
0.419200 0.050400 0.000000
0.446400 0.050400 0.000000
0.461600 0.050400 0.000000
0.477600 0.050400 0.000000
0.432800 0.051200 0.000000
0.529600 0.051200 0.000000
0.542400 0.051200 0.000000
0.500000 0.052000 0.000000
0.513600 0.052000 0.000000
0.559200 0.052000 0.000000
0.580800 0.052000 0.000000
0.594400 0.052000 0.000000
0.608000 0.052000 0.000000
0.569600 0.052800 0.000000
0.619200 0.054400 0.000000
0.174400 0.072800 0.000000
0.188000 0.072800 0.000000
0.200800 0.072800 0.000000
0.145600 0.073600 0.000000
0.160800 0.073600 0.000000
0.839200 0.073600 0.000000
0.833600 0.100800 0.000000
0.851200 0.102400 0.000000
0.872000 0.103200 0.000000
0.815200 0.104000 0.000000
0.210400 0.104800 0.000000
0.800000 0.104800 0.000000
0.170400 0.105600 0.000000
0.184000 0.105600 0.000000
0.229600 0.105600 0.000000
0.247200 0.105600 0.000000
0.262400 0.105600 0.000000
0.452800 0.105600 0.000000
0.469600 0.105600 0.000000
0.654400 0.105600 0.000000
0.675200 0.105600 0.000000
0.692000 0.105600 0.000000
0.748000 0.105600 0.000000
0.769600 0.105600 0.000000
0.785600 0.105600 0.000000
0.155200 0.106400 0.000000
0.278400 0.106400 0.000000
0.292000 0.106400 0.000000
0.302400 0.106400 0.000000
0.316800 0.106400 0.000000
0.340000 0.106400 0.000000
0.358400 0.106400 0.000000
0.382400 0.106400 0.000000
0.398400 0.106400 0.000000
0.432000 0.106400 0.000000
0.620800 0.106400 0.000000
0.635200 0.106400 0.000000
0.712800 0.106400 0.000000
0.732000 0.106400 0.000000
0.492800 0.107200 0.000000
0.570400 0.107200 0.000000
0.582400 0.107200 0.000000
0.601600 0.107200 0.000000
0.416800 0.108000 0.000000
0.513600 0.108000 0.000000
0.530400 0.108000 0.000000
0.546400 0.108000 0.000000
0.557600 0.108000 0.000000
0.778400 0.117600 0.000000
0.788000 0.117600 0.000000
0.919200 0.128800 0.000000
0.947200 0.128800 0.000000
0.869600 0.129600 0.000000
0.900800 0.129600 0.000000
0.929600 0.129600 0.000000
0.803200 0.130400 0.000000
0.850400 0.130400 0.000000
0.652000 0.131200 0.000000
0.819200 0.131200 0.000000
0.835200 0.131200 0.000000
0.668800 0.132000 0.000000
0.753600 0.132000 0.000000
0.768800 0.132000 0.000000
0.268000 0.132800 0.000000
0.332000 0.132800 0.000000
0.377600 0.132800 0.000000
0.413600 0.132800 0.000000
0.634400 0.132800 0.000000
0.704800 0.132800 0.000000
0.788800 0.132800 0.000000
0.224800 0.133600 0.000000
0.310400 0.133600 0.000000
0.394400 0.133600 0.000000
0.430400 0.133600 0.000000
0.499200 0.133600 0.000000
0.518400 0.133600 0.000000
0.571200 0.133600 0.000000
0.588000 0.133600 0.000000
0.604000 0.133600 0.000000
0.617600 0.133600 0.000000
0.686400 0.133600 0.000000
0.719200 0.133600 0.000000
0.733600 0.133600 0.000000
0.169600 0.134400 0.000000
0.196800 0.134400 0.000000
0.209600 0.134400 0.000000
0.246400 0.134400 0.000000
0.291200 0.134400 0.000000
0.352000 0.134400 0.000000
0.448800 0.134400 0.000000
0.480800 0.134400 0.000000
0.548000 0.134400 0.000000
0.182400 0.135200 0.000000
0.463200 0.135200 0.000000
0.532800 0.135200 0.000000
0.152000 0.136000 0.000000
0.819200 0.159200 0.000000
0.839200 0.159200 0.000000
0.854400 0.159200 0.000000
0.871200 0.159200 0.000000
0.402400 0.160000 0.000000
0.800000 0.160000 0.000000
0.605600 0.160800 0.000000
0.721600 0.160800 0.000000
0.288000 0.161600 0.000000
0.317600 0.161600 0.000000
0.497600 0.161600 0.000000
0.639200 0.161600 0.000000
0.750400 0.161600 0.000000
0.776800 0.161600 0.000000
0.303200 0.162400 0.000000
0.331200 0.162400 0.000000
0.343200 0.162400 0.000000
0.519200 0.162400 0.000000
0.586400 0.162400 0.000000
0.621600 0.162400 0.000000
0.656000 0.162400 0.000000
0.703200 0.162400 0.000000
0.245600 0.163200 0.000000
0.267200 0.163200 0.000000
0.372800 0.163200 0.000000
0.387200 0.163200 0.000000
0.436800 0.163200 0.000000
0.448800 0.163200 0.000000
0.463200 0.163200 0.000000
0.481600 0.163200 0.000000
0.535200 0.163200 0.000000
0.568000 0.163200 0.000000
0.682400 0.163200 0.000000
0.180800 0.164000 0.000000
0.196800 0.164000 0.000000
0.233600 0.164000 0.000000
0.354400 0.164000 0.000000
0.424000 0.164000 0.000000
0.549600 0.164000 0.000000
0.215200 0.164800 0.000000
0.163200 0.165600 0.000000
0.664000 0.165600 0.000000
0.081600 0.172800 0.000000
0.965600 0.184000 0.000000
0.944800 0.184800 0.000000
0.956000 0.184800 0.000000
0.875200 0.185600 0.000000
0.884000 0.185600 0.000000
0.893600 0.185600 0.000000
0.904000 0.185600 0.000000
0.915200 0.185600 0.000000
0.932800 0.185600 0.000000
0.859200 0.186400 0.000000
0.776000 0.187200 0.000000
0.612800 0.188000 0.000000
0.736000 0.188000 0.000000
0.752800 0.188000 0.000000
0.818400 0.188000 0.000000
0.833600 0.188000 0.000000
0.844000 0.188000 0.000000
0.290400 0.188800 0.000000
0.301600 0.188800 0.000000
0.591200 0.188800 0.000000
0.664800 0.188800 0.000000
0.709600 0.188800 0.000000
0.724000 0.188800 0.000000
0.800800 0.188800 0.000000
0.317600 0.189600 0.000000
0.338400 0.189600 0.000000
0.376000 0.189600 0.000000
0.392800 0.189600 0.000000
0.448000 0.189600 0.000000
0.530400 0.189600 0.000000
0.549600 0.189600 0.000000
0.575200 0.189600 0.000000
0.632800 0.189600 0.000000
0.652800 0.189600 0.000000
0.153600 0.190400 0.000000
0.266400 0.190400 0.000000
0.276000 0.190400 0.000000
0.408800 0.190400 0.000000
0.424800 0.190400 0.000000
0.562400 0.190400 0.000000
0.677600 0.190400 0.000000
0.693600 0.190400 0.000000
0.170400 0.191200 0.000000
0.251200 0.191200 0.000000
0.358400 0.191200 0.000000
0.471200 0.191200 0.000000
0.508800 0.191200 0.000000
0.188000 0.192000 0.000000
0.212800 0.192000 0.000000
0.236000 0.192000 0.000000
0.484000 0.192000 0.000000
0.496800 0.192000 0.000000
0.111200 0.209600 0.000000
0.093600 0.210400 0.000000
0.073600 0.213600 0.000000
0.830400 0.213600 0.000000
0.847200 0.213600 0.000000
0.677600 0.214400 0.000000
0.732000 0.214400 0.000000
0.744800 0.214400 0.000000
0.756800 0.214400 0.000000
0.772000 0.214400 0.000000
0.788800 0.214400 0.000000
0.808000 0.214400 0.000000
0.869600 0.214400 0.000000
0.660000 0.215200 0.000000
0.720000 0.215200 0.000000
0.289600 0.216000 0.000000
0.307200 0.216000 0.000000
0.376800 0.216000 0.000000
0.640000 0.216000 0.000000
0.697600 0.216000 0.000000
0.051200 0.216800 0.000000
0.324800 0.216800 0.000000
0.462400 0.216800 0.000000
0.524800 0.216800 0.000000
0.621600 0.216800 0.000000
0.342400 0.217600 0.000000
0.358400 0.217600 0.000000
0.394400 0.217600 0.000000
0.406400 0.217600 0.000000
0.507200 0.217600 0.000000
0.568800 0.217600 0.000000
0.585600 0.217600 0.000000
0.207200 0.218400 0.000000
0.225600 0.218400 0.000000
0.243200 0.218400 0.000000
0.266400 0.218400 0.000000
0.426400 0.218400 0.000000
0.485600 0.218400 0.000000
0.544800 0.218400 0.000000
0.602400 0.218400 0.000000
0.170400 0.219200 0.000000
0.442400 0.219200 0.000000
0.034400 0.220000 0.000000
0.154400 0.220000 0.000000
0.187200 0.220000 0.000000
0.865600 0.237600 0.000000
0.840800 0.239200 0.000000
0.734400 0.240800 0.000000
0.712000 0.241600 0.000000
0.782400 0.241600 0.000000
0.808000 0.241600 0.000000
0.823200 0.241600 0.000000
0.754400 0.242400 0.000000
0.512800 0.243200 0.000000
0.532000 0.243200 0.000000
0.548000 0.243200 0.000000
0.672800 0.243200 0.000000
0.494400 0.244000 0.000000
0.566400 0.244000 0.000000
0.620800 0.244000 0.000000
0.655200 0.244000 0.000000
0.686400 0.244000 0.000000
0.583200 0.244800 0.000000
0.602400 0.244800 0.000000
0.638400 0.244800 0.000000
0.456800 0.245600 0.000000
0.475200 0.245600 0.000000
0.242400 0.246400 0.000000
0.282400 0.246400 0.000000
0.327200 0.246400 0.000000
0.344800 0.246400 0.000000
0.391200 0.246400 0.000000
0.436000 0.246400 0.000000
0.262400 0.247200 0.000000
0.303200 0.247200 0.000000
0.359200 0.247200 0.000000
0.374400 0.247200 0.000000
0.408000 0.247200 0.000000
0.420000 0.247200 0.000000
0.157600 0.248000 0.000000
0.213600 0.248800 0.000000
0.192800 0.250400 0.000000
0.177600 0.252000 0.000000
0.851200 0.264800 0.000000
0.871200 0.264800 0.000000
0.830400 0.265600 0.000000
0.812800 0.266400 0.000000
0.755200 0.267200 0.000000
0.770400 0.267200 0.000000
0.605600 0.268000 0.000000
0.796000 0.268000 0.000000
0.711200 0.268800 0.000000
0.582400 0.269600 0.000000
0.629600 0.269600 0.000000
0.740000 0.269600 0.000000
0.646400 0.270400 0.000000
0.687200 0.270400 0.000000
0.700000 0.270400 0.000000
0.728800 0.270400 0.000000
0.554400 0.271200 0.000000
0.669600 0.271200 0.000000
0.528000 0.272000 0.000000
0.540000 0.272000 0.000000
0.447200 0.272800 0.000000
0.467200 0.272800 0.000000
0.486400 0.272800 0.000000
0.510400 0.272800 0.000000
0.404800 0.273600 0.000000
0.422400 0.273600 0.000000
0.284000 0.275200 0.000000
0.385600 0.275200 0.000000
0.263200 0.276000 0.000000
0.301600 0.276000 0.000000
0.364800 0.276000 0.000000
0.321600 0.276800 0.000000
0.158400 0.277600 0.000000
0.348000 0.277600 0.000000
0.238400 0.278400 0.000000
0.336800 0.278400 0.000000
0.176000 0.280000 0.000000
0.202400 0.280000 0.000000
0.219200 0.280800 0.000000
0.379200 0.290400 0.000000
0.398400 0.291200 0.000000
0.622400 0.292800 0.000000
0.633600 0.292800 0.000000
0.649600 0.293600 0.000000
0.664800 0.293600 0.000000
0.679200 0.293600 0.000000
0.712000 0.293600 0.000000
0.694400 0.294400 0.000000
0.723200 0.295200 0.000000
0.524000 0.297600 0.000000
0.506400 0.299200 0.000000
0.490400 0.301600 0.000000
0.472000 0.302400 0.000000
0.429600 0.305600 0.000000
0.412800 0.306400 0.000000
0.373600 0.308000 0.000000
0.392000 0.308000 0.000000
0.353600 0.308800 0.000000
0.334400 0.309600 0.000000
0.302400 0.312000 0.000000
0.318400 0.312000 0.000000
0.322400 0.325600 0.000000
0.302400 0.326400 0.000000
0.342400 0.327200 0.000000
0.094349 0.171492 0.000000
0.408635 0.288635 0.000000
0.760635 0.118921 0.000000
