231.000000 32.000000 0.000002
179.000000 33.000000 0.000003
192.000000 33.000000 0.000003
247.000000 33.000000 0.000002
278.000000 33.000000 0.000002
325.000000 33.000000 0.000002
216.000000 34.000000 0.000002
262.000000 34.000000 0.000002
302.000000 34.000000 0.000002
341.000000 34.000000 0.000003
745.000000 36.000000 0.000002
723.000000 37.000000 0.000002
366.000000 38.000000 0.000002
565.000000 38.000000 0.000001
647.000000 38.000000 0.000003
659.000000 38.000000 0.000002
681.000000 38.000000 0.000002
388.000000 39.000000 0.000002
413.000000 39.000000 0.000002
496.000000 39.000000 0.000002
509.000000 39.000000 0.000002
699.000000 39.000000 0.000002
770.000000 39.000000 0.000002
836.000000 39.000000 0.000002
432.000000 40.000000 0.000002
450.000000 40.000000 0.000002
465.000000 40.000000 0.000002
478.000000 40.000000 0.000002
523.000000 41.000000 0.000002
537.000000 41.000000 0.000002
548.000000 41.000000 0.000001
788.000000 41.000000 0.000002
817.000000 41.000000 0.000002
855.000000 41.000000 0.000002
867.000000 41.000000 0.000003
803.000000 43.000000 0.000002
854.000000 63.000000 0.000002
835.000000 65.000000 0.000002
193.000000 67.000000 0.000004
211.000000 68.000000 0.000002
233.000000 68.000000 0.000002
249.000000 69.000000 0.000002
265.000000 69.000000 0.000004
666.000000 80.000000 0.000004
698.000000 80.000000 0.000003
1066.000000 84.000000 0.000004
225.000000 110.000000 0.000002
209.000000 111.000000 0.000002
246.000000 112.000000 0.000002
180.000000 113.000000 0.000003
264.000000 113.000000 0.000002
328.000000 113.000000 0.000003
285.000000 114.000000 0.000002
308.000000 114.000000 0.000002
383.000000 115.000000 0.000002
338.000000 116.000000 0.000003
360.000000 116.000000 0.000002
403.000000 116.000000 0.000002
443.000000 117.000000 0.000002
456.000000 117.000000 0.000002
476.000000 117.000000 0.000002
521.000000 117.000000 0.000002
425.000000 118.000000 0.000002
502.000000 118.000000 0.000002
540.000000 119.000000 0.000003
560.000000 120.000000 0.000002
575.000000 120.000000 0.000002
594.000000 120.000000 0.000002
612.000000 121.000000 0.000002
631.000000 121.000000 0.000002
659.000000 121.000000 0.000003
682.000000 123.000000 0.000002
713.000000 124.000000 0.000003
806.000000 124.000000 0.000002
738.000000 125.000000 0.000002
757.000000 125.000000 0.000002
792.000000 125.000000 0.000002
777.000000 126.000000 0.000002
821.000000 127.000000 0.000003
843.000000 128.000000 0.000002
864.000000 128.000000 0.000002
998.000000 128.000000 0.000003
975.000000 129.000000 0.000002
881.000000 130.000000 0.000002
909.000000 130.000000 0.000002
925.000000 130.000000 0.000002
936.000000 130.000000 0.000002
1054.000000 130.000000 0.000003
1098.000000 130.000000 0.000003
1167.000000 130.000000 0.000002
1210.000000 130.000000 0.000002
1028.000000 131.000000 0.000003
1136.000000 131.000000 0.000003
1149.000000 131.000000 0.000002
896.000000 132.000000 0.000002
954.000000 132.000000 0.000002
1075.000000 132.000000 0.000002
1188.000000 132.000000 0.000002
192.000000 143.000000 0.000003
212.000000 143.000000 0.000002
229.000000 144.000000 0.000002
251.000000 144.000000 0.000003
276.000000 144.000000 0.000003
179.000000 145.000000 0.000003
326.000000 145.000000 0.000003
344.000000 146.000000 0.000002
359.000000 146.000000 0.000002
419.000000 146.000000 0.000002
301.000000 147.000000 0.000002
371.000000 147.000000 0.000002
390.000000 147.000000 0.000002
404.000000 147.000000 0.000002
463.000000 148.000000 0.000002
487.000000 148.000000 0.000002
519.000000 148.000000 0.000001
540.000000 148.000000 0.000003
572.000000 148.000000 0.000002
444.000000 149.000000 0.000003
507.000000 149.000000 0.000002
592.000000 150.000000 0.000002
614.000000 150.000000 0.000002
636.000000 150.000000 0.000002
661.000000 151.000000 0.000002
682.000000 151.000000 0.000003
706.000000 153.000000 0.000002
730.000000 153.000000 0.000002
747.000000 153.000000 0.000002
761.000000 155.000000 0.000003
843.000000 155.000000 0.000003
854.000000 155.000000 0.000003
781.000000 156.000000 0.000002
797.000000 156.000000 0.000002
821.000000 156.000000 0.000002
875.000000 158.000000 0.000002
913.000000 158.000000 0.000003
940.000000 158.000000 0.000003
972.000000 158.000000 0.000003
891.000000 159.000000 0.000002
997.000000 160.000000 0.000002
1049.000000 161.000000 0.000002
1072.000000 161.000000 0.000002
1030.000000 162.000000 0.000002
1013.000000 163.000000 0.000002
1097.000000 163.000000 0.000003
210.000000 170.000000 0.000002
184.000000 171.000000 0.000003
232.000000 172.000000 0.000002
249.000000 173.000000 0.000002
503.000000 174.000000 0.000002
270.000000 175.000000 0.000002
374.000000 175.000000 0.000002
525.000000 175.000000 0.000002
351.000000 176.000000 0.000002
391.000000 176.000000 0.000002
444.000000 176.000000 0.000002
462.000000 176.000000 0.000002
480.000000 176.000000 0.000002
550.000000 176.000000 0.000003
288.000000 177.000000 0.000002
331.000000 177.000000 0.000002
305.000000 178.000000 0.000002
404.000000 178.000000 0.000002
424.000000 178.000000 0.000002
574.000000 178.000000 0.000003
600.000000 179.000000 0.000003
624.000000 180.000000 0.000002
701.000000 180.000000 0.000002
638.000000 181.000000 0.000001
655.000000 181.000000 0.000002
676.000000 181.000000 0.000003
727.000000 182.000000 0.000002
754.000000 184.000000 0.000002
792.000000 184.000000 0.000002
861.000000 184.000000 0.000002
771.000000 185.000000 0.000002
838.000000 185.000000 0.000002
880.000000 185.000000 0.000003
816.000000 187.000000 0.000002
908.000000 187.000000 0.000003
932.000000 187.000000 0.000003
962.000000 187.000000 0.000002
981.000000 187.000000 0.000002
996.000000 187.000000 0.000002
1033.000000 187.000000 0.000002
1015.000000 188.000000 0.000002
1092.000000 188.000000 0.000003
1051.000000 190.000000 0.000002
1069.000000 190.000000 0.000002
248.000000 198.000000 0.000003
181.000000 199.000000 0.000003
198.000000 199.000000 0.000002
111.000000 200.000000 0.000007
220.000000 200.000000 0.000003
316.000000 201.000000 0.000002
271.000000 202.000000 0.000002
291.000000 202.000000 0.000002
341.000000 203.000000 0.000002
362.000000 203.000000 0.000002
387.000000 204.000000 0.000003
409.000000 204.000000 0.000002
430.000000 204.000000 0.000002
453.000000 204.000000 0.000003
598.000000 204.000000 0.000002
475.000000 205.000000 0.000002
496.000000 206.000000 0.000002
544.000000 206.000000 0.000002
563.000000 206.000000 0.000002
580.000000 206.000000 0.000002
518.000000 207.000000 0.000003
742.000000 207.000000 0.000002
630.000000 208.000000 0.000002
683.000000 208.000000 0.000003
704.000000 209.000000 0.000002
723.000000 209.000000 0.000002
760.000000 209.000000 0.000002
658.000000 210.000000 0.000002
782.000000 210.000000 0.000002
799.000000 212.000000 0.000002
820.000000 212.000000 0.000002
1179.000000 213.000000 0.000003
842.000000 214.000000 0.000002
1057.000000 214.000000 0.000002
859.000000 215.000000 0.000002
903.000000 215.000000 0.000002
926.000000 215.000000 0.000003
1034.000000 215.000000 0.000002
1019.000000 216.000000 0.000001
880.000000 217.000000 0.000002
955.000000 217.000000 0.000002
979.000000 217.000000 0.000002
1006.000000 217.000000 0.000003
1074.000000 217.000000 0.000002
1092.000000 217.000000 0.000002
1104.000000 218.000000 0.000003
1155.000000 219.000000 0.000006
261.000000 230.000000 0.000003
296.000000 231.000000 0.000003
280.000000 232.000000 0.000002
217.000000 233.000000 0.000002
237.000000 233.000000 0.000002
457.000000 233.000000 0.000002
519.000000 233.000000 0.000002
321.000000 234.000000 0.000003
379.000000 234.000000 0.000002
403.000000 234.000000 0.000003
426.000000 234.000000 0.000003
484.000000 234.000000 0.000003
179.000000 235.000000 0.000003
199.000000 235.000000 0.000002
349.000000 235.000000 0.000003
564.000000 235.000000 0.000002
540.000000 236.000000 0.000002
582.000000 236.000000 0.000003
672.000000 237.000000 0.000003
595.000000 238.000000 0.000003
615.000000 239.000000 0.000003
653.000000 239.000000 0.000002
711.000000 239.000000 0.000003
636.000000 240.000000 0.000002
737.000000 241.000000 0.000002
760.000000 241.000000 0.000002
781.000000 241.000000 0.000002
801.000000 242.000000 0.000002
822.000000 242.000000 0.000002
840.000000 243.000000 0.000002
1004.000000 243.000000 0.000003
1041.000000 243.000000 0.000003
862.000000 244.000000 0.000002
959.000000 244.000000 0.000002
1091.000000 244.000000 0.000003
886.000000 246.000000 0.000002
937.000000 246.000000 0.000003
1065.000000 246.000000 0.000002
1105.000000 246.000000 0.000003
910.000000 247.000000 0.000003
982.000000 247.000000 0.000002
279.000000 264.000000 0.000003
179.000000 266.000000 0.000003
372.000000 266.000000 0.000003
418.000000 266.000000 0.000002
204.000000 267.000000 0.000002
227.000000 267.000000 0.000002
252.000000 267.000000 0.000003
296.000000 267.000000 0.000002
320.000000 267.000000 0.000003
345.000000 267.000000 0.000002
396.000000 267.000000 0.000002
439.000000 268.000000 0.000003
469.000000 270.000000 0.000002
489.000000 270.000000 0.000003
515.000000 270.000000 0.000002
763.000000 270.000000 0.000003
534.000000 271.000000 0.000003
589.000000 271.000000 0.000003
721.000000 271.000000 0.000003
744.000000 271.000000 0.000002
841.000000 271.000000 0.000003
562.000000 272.000000 0.000003
661.000000 272.000000 0.000002
673.000000 272.000000 0.000003
645.000000 273.000000 0.000002
786.000000 273.000000 0.000002
816.000000 273.000000 0.000003
621.000000 274.000000 0.000002
697.000000 274.000000 0.000003
861.000000 274.000000 0.000003
1014.000000 275.000000 0.000002
892.000000 276.000000 0.000003
917.000000 276.000000 0.000003
948.000000 276.000000 0.000003
1034.000000 277.000000 0.000002
976.000000 278.000000 0.000003
997.000000 278.000000 0.000002
1064.000000 279.000000 0.000002
1088.000000 279.000000 0.000002
1109.000000 279.000000 0.000002
83.000000 293.000000 0.000002
66.000000 295.000000 0.000001
97.000000 295.000000 0.000004
43.000000 296.000000 0.000003
55.000000 296.000000 0.000001
340.000000 297.000000 0.000003
369.000000 297.000000 0.000003
506.000000 297.000000 0.000002
285.000000 298.000000 0.000003
312.000000 298.000000 0.000003
393.000000 298.000000 0.000002
415.000000 298.000000 0.000003
482.000000 298.000000 0.000002
576.000000 298.000000 0.000002
211.000000 299.000000 0.000002
227.000000 299.000000 0.000002
457.000000 299.000000 0.000003
595.000000 299.000000 0.000002
609.000000 299.000000 0.000002
182.000000 300.000000 0.000002
199.000000 300.000000 0.000002
241.000000 300.000000 0.000002
260.000000 300.000000 0.000002
527.000000 300.000000 0.000002
547.000000 300.000000 0.000003
631.000000 301.000000 0.000002
647.000000 301.000000 0.000002
666.000000 302.000000 0.000002
799.000000 302.000000 0.000003
765.000000 303.000000 0.000003
825.000000 303.000000 0.000002
849.000000 303.000000 0.000002
686.000000 304.000000 0.000003
712.000000 304.000000 0.000003
739.000000 304.000000 0.000003
1034.000000 305.000000 0.000003
882.000000 306.000000 0.000002
998.000000 306.000000 0.000003
1107.000000 306.000000 0.000003
974.000000 307.000000 0.000002
1061.000000 307.000000 0.000003
901.000000 308.000000 0.000002
923.000000 308.000000 0.000003
955.000000 308.000000 0.000002
1085.000000 308.000000 0.000002
179.000000 326.000000 0.000003
205.000000 328.000000 0.000003
227.000000 328.000000 0.000002
247.000000 330.000000 0.000002
267.000000 330.000000 0.000002
332.000000 330.000000 0.000003
490.000000 330.000000 0.000001
296.000000 331.000000 0.000003
359.000000 331.000000 0.000003
408.000000 331.000000 0.000003
431.000000 331.000000 0.000002
446.000000 331.000000 0.000001
380.000000 332.000000 0.000003
459.000000 332.000000 0.000003
476.000000 332.000000 0.000002
512.000000 332.000000 0.000003
536.000000 333.000000 0.000002
554.000000 333.000000 0.000002
585.000000 333.000000 0.000004
569.000000 334.000000 0.000002
766.000000 334.000000 0.000003
601.000000 335.000000 0.000004
681.000000 335.000000 0.000003
729.000000 335.000000 0.000003
792.000000 335.000000 0.000003
655.000000 336.000000 0.000003
705.000000 336.000000 0.000002
871.000000 336.000000 0.000003
626.000000 337.000000 0.000003
748.000000 337.000000 0.000005
816.000000 337.000000 0.000002
1033.000000 337.000000 0.000003
894.000000 338.000000 0.000002
962.000000 338.000000 0.000003
998.000000 338.000000 0.000001
840.000000 339.000000 0.000003
915.000000 339.000000 0.000002
982.000000 339.000000 0.000002
1015.000000 339.000000 0.000002
1104.000000 339.000000 0.000003
937.000000 340.000000 0.000002
1072.000000 340.000000 0.000003
