257.000000 82.000000 0.000003
226.000000 83.000000 0.000002
243.000000 83.000000 0.000002
183.000000 84.000000 0.000005
204.000000 84.000000 0.000002
1050.000000 108.000000 0.000003
299.000000 126.000000 0.000002
345.000000 126.000000 0.000003
368.000000 126.000000 0.000004
170.000000 127.000000 0.000003
274.000000 127.000000 0.000003
321.000000 127.000000 0.000002
463.000000 127.000000 0.000003
190.000000 128.000000 0.000002
210.000000 128.000000 0.000002
227.000000 128.000000 0.000002
247.000000 129.000000 0.000003
407.000000 129.000000 0.000003
435.000000 129.000000 0.000003
487.000000 129.000000 0.000002
507.000000 129.000000 0.000003
560.000000 129.000000 0.000002
539.000000 130.000000 0.000002
581.000000 131.000000 0.000002
596.000000 131.000000 0.000001
613.000000 131.000000 0.000002
632.000000 133.000000 0.000002
653.000000 134.000000 0.000003
808.000000 134.000000 0.000002
873.000000 134.000000 0.000002
668.000000 135.000000 0.000002
680.000000 135.000000 0.000002
698.000000 135.000000 0.000002
722.000000 135.000000 0.000003
748.000000 135.000000 0.000003
767.000000 135.000000 0.000002
786.000000 135.000000 0.000002
829.000000 135.000000 0.000002
851.000000 135.000000 0.000002
917.000000 135.000000 0.000002
895.000000 136.000000 0.000002
938.000000 136.000000 0.000002
960.000000 137.000000 0.000003
1059.000000 137.000000 0.000003
1087.000000 137.000000 0.000003
1108.000000 137.000000 0.000003
1016.000000 138.000000 0.000003
1040.000000 138.000000 0.000002
986.000000 139.000000 0.000003
600.000000 145.000000 0.000002
585.000000 148.000000 0.000002
1186.000000 162.000000 0.000002
169.000000 163.000000 0.000003
194.000000 163.000000 0.000003
1172.000000 163.000000 0.000002
1201.000000 163.000000 0.000002
1213.000000 163.000000 0.000001
355.000000 164.000000 0.000003
431.000000 164.000000 0.000002
1157.000000 164.000000 0.000002
217.000000 165.000000 0.000002
238.000000 165.000000 0.000002
253.000000 165.000000 0.000001
313.000000 165.000000 0.000004
333.000000 165.000000 0.000002
479.000000 165.000000 0.000002
496.000000 165.000000 0.000002
605.000000 165.000000 0.000003
299.000000 166.000000 0.000003
389.000000 166.000000 0.000003
453.000000 166.000000 0.000003
566.000000 166.000000 0.000003
590.000000 166.000000 0.000002
634.000000 166.000000 0.000003
660.000000 166.000000 0.000003
732.000000 166.000000 0.000002
755.000000 166.000000 0.000003
1131.000000 166.000000 0.000003
1144.000000 166.000000 0.000002
412.000000 167.000000 0.000002
517.000000 167.000000 0.000003
685.000000 167.000000 0.000003
712.000000 167.000000 0.000003
785.000000 168.000000 0.000002
806.000000 168.000000 0.000002
1072.000000 168.000000 0.000002
543.000000 169.000000 0.000003
826.000000 169.000000 0.000002
850.000000 169.000000 0.000003
1029.000000 169.000000 0.000003
1051.000000 169.000000 0.000002
878.000000 170.000000 0.000002
900.000000 170.000000 0.000002
1003.000000 170.000000 0.000003
1096.000000 170.000000 0.000003
922.000000 171.000000 0.000003
980.000000 172.000000 0.000003
952.000000 173.000000 0.000003
280.000000 198.000000 0.000003
235.000000 199.000000 0.000002
255.000000 199.000000 0.000002
306.000000 199.000000 0.000003
573.000000 199.000000 0.000002
172.000000 200.000000 0.000003
204.000000 200.000000 0.000003
405.000000 200.000000 0.000002
477.000000 200.000000 0.000003
342.000000 201.000000 0.000003
376.000000 201.000000 0.000003
426.000000 201.000000 0.000002
450.000000 201.000000 0.000003
507.000000 201.000000 0.000002
527.000000 201.000000 0.000002
555.000000 201.000000 0.000003
594.000000 201.000000 0.000002
767.000000 202.000000 0.000003
665.000000 203.000000 0.000003
698.000000 203.000000 0.000002
788.000000 203.000000 0.000004
1063.000000 203.000000 0.000003
718.000000 204.000000 0.000002
802.000000 204.000000 0.000004
1003.000000 204.000000 0.000003
1032.000000 204.000000 0.000003
1094.000000 204.000000 0.000003
620.000000 205.000000 0.000003
645.000000 205.000000 0.000003
741.000000 205.000000 0.000003
821.000000 205.000000 0.000002
877.000000 205.000000 0.000002
840.000000 206.000000 0.000002
920.000000 206.000000 0.000002
943.000000 206.000000 0.000003
972.000000 206.000000 0.000003
858.000000 207.000000 0.000002
899.000000 208.000000 0.000002
171.000000 234.000000 0.000002
192.000000 234.000000 0.000002
627.000000 234.000000 0.000002
236.000000 235.000000 0.000002
265.000000 235.000000 0.000002
311.000000 235.000000 0.000003
329.000000 235.000000 0.000002
466.000000 235.000000 0.000003
556.000000 235.000000 0.000003
216.000000 236.000000 0.000002
283.000000 236.000000 0.000002
532.000000 236.000000 0.000003
605.000000 236.000000 0.000002
655.000000 236.000000 0.000003
297.000000 237.000000 0.000002
353.000000 237.000000 0.000003
381.000000 237.000000 0.000003
403.000000 237.000000 0.000002
422.000000 237.000000 0.000002
441.000000 237.000000 0.000002
487.000000 237.000000 0.000002
508.000000 237.000000 0.000002
582.000000 237.000000 0.000003
809.000000 237.000000 0.000003
676.000000 238.000000 0.000002
705.000000 238.000000 0.000003
729.000000 238.000000 0.000003
692.000000 239.000000 0.000001
840.000000 239.000000 0.000003
782.000000 240.000000 0.000003
869.000000 240.000000 0.000003
893.000000 240.000000 0.000002
1042.000000 240.000000 0.000002
1082.000000 240.000000 0.000003
754.000000 241.000000 0.000003
909.000000 241.000000 0.000003
988.000000 241.000000 0.000003
1018.000000 241.000000 0.000003
1059.000000 241.000000 0.000002
1105.000000 241.000000 0.000003
937.000000 242.000000 0.000002
959.000000 242.000000 0.000002
801.000000 258.000000 0.000002
209.000000 267.000000 0.000002
232.000000 268.000000 0.000003
258.000000 268.000000 0.000003
190.000000 269.000000 0.000002
284.000000 269.000000 0.000003
344.000000 269.000000 0.000003
366.000000 269.000000 0.000002
382.000000 269.000000 0.000002
403.000000 269.000000 0.000002
425.000000 269.000000 0.000003
170.000000 270.000000 0.000003
316.000000 270.000000 0.000003
525.000000 270.000000 0.000002
145.000000 271.000000 0.000002
459.000000 271.000000 0.000003
480.000000 271.000000 0.000002
501.000000 271.000000 0.000002
548.000000 271.000000 0.000002
573.000000 271.000000 0.000003
597.000000 271.000000 0.000003
715.000000 271.000000 0.000003
654.000000 272.000000 0.000003
128.000000 273.000000 0.000005
627.000000 273.000000 0.000003
687.000000 273.000000 0.000003
735.000000 273.000000 0.000002
786.000000 275.000000 0.000003
818.000000 275.000000 0.000003
758.000000 276.000000 0.000003
844.000000 276.000000 0.000003
975.000000 276.000000 0.000003
950.000000 277.000000 0.000002
999.000000 277.000000 0.000003
1052.000000 277.000000 0.000003
1075.000000 277.000000 0.000002
870.000000 278.000000 0.000003
928.000000 278.000000 0.000003
1026.000000 278.000000 0.000003
896.000000 279.000000 0.000003
1097.000000 279.000000 0.000003
193.000000 306.000000 0.000003
265.000000 306.000000 0.000002
220.000000 307.000000 0.000002
243.000000 307.000000 0.000002
286.000000 307.000000 0.000002
313.000000 307.000000 0.000003
335.000000 307.000000 0.000003
361.000000 307.000000 0.000003
385.000000 307.000000 0.000003
601.000000 307.000000 0.000003
771.000000 307.000000 0.000003
170.000000 308.000000 0.000003
413.000000 308.000000 0.000003
426.000000 308.000000 0.000005
657.000000 308.000000 0.000003
944.000000 308.000000 0.000003
466.000000 309.000000 0.000002
486.000000 309.000000 0.000002
549.000000 309.000000 0.000003
576.000000 309.000000 0.000003
629.000000 309.000000 0.000003
711.000000 309.000000 0.000003
1104.000000 309.000000 0.000004
446.000000 310.000000 0.000002
525.000000 310.000000 0.000002
742.000000 310.000000 0.000003
795.000000 310.000000 0.000003
505.000000 311.000000 0.000002
833.000000 311.000000 0.000003
861.000000 311.000000 0.000003
912.000000 311.000000 0.000002
971.000000 311.000000 0.000003
991.000000 311.000000 0.000003
1017.000000 311.000000 0.000003
1085.000000 311.000000 0.000002
1061.000000 312.000000 0.000003
680.000000 313.000000 0.000003
889.000000 314.000000 0.000003
1039.000000 314.000000 0.000002
171.000000 339.000000 0.000003
196.000000 340.000000 0.000003
332.000000 340.000000 0.000003
501.000000 340.000000 0.000003
222.000000 341.000000 0.000003
248.000000 341.000000 0.000003
301.000000 341.000000 0.000003
275.000000 342.000000 0.000003
358.000000 342.000000 0.000002
380.000000 342.000000 0.000002
477.000000 342.000000 0.000002
411.000000 343.000000 0.000002
455.000000 343.000000 0.000002
528.000000 343.000000 0.000003
667.000000 343.000000 0.000003
703.000000 343.000000 0.000002
724.000000 343.000000 0.000002
397.000000 344.000000 0.000001
432.000000 344.000000 0.000002
560.000000 344.000000 0.000003
584.000000 344.000000 0.000003
637.000000 344.000000 0.000002
684.000000 344.000000 0.000002
749.000000 344.000000 0.000003
855.000000 344.000000 0.000003
886.000000 344.000000 0.000003
771.000000 345.000000 0.000003
798.000000 345.000000 0.000003
828.000000 345.000000 0.000003
612.000000 346.000000 0.000003
918.000000 348.000000 0.000003
941.000000 348.000000 0.000002
957.000000 349.000000 0.000001
1020.000000 349.000000 0.000003
972.000000 350.000000 0.000002
993.000000 350.000000 0.000003
1044.000000 350.000000 0.000002
1063.000000 350.000000 0.000003
1075.000000 350.000000 0.000005
1092.000000 351.000000 0.000002
1110.000000 352.000000 0.000005
1044.000000 416.000000 0.000002
1057.000000 416.000000 0.000002
1190.000000 416.000000 0.000002
1204.000000 416.000000 0.000002
1072.000000 417.000000 0.000002
1086.000000 417.000000 0.000003
1128.000000 417.000000 0.000001
1173.000000 417.000000 0.000002
953.000000 418.000000 0.000002
965.000000 418.000000 0.000002
984.000000 418.000000 0.000002
1004.000000 418.000000 0.000003
1115.000000 418.000000 0.000003
1155.000000 418.000000 0.000002
1028.000000 419.000000 0.000002
1179.000000 434.000000 0.000002
1159.000000 435.000000 0.000002
1195.952500 432.936250 0.000003
