282.000000 63.000000 0.006800
1047.000000 63.000000 0.013600
306.000000 64.000000 0.005600
186.000000 65.000000 0.015200
256.000000 65.000000 0.014400
1071.000000 65.000000 0.008400
213.000000 66.000000 0.008400
327.000000 66.000000 0.013200
1121.000000 103.000000 0.008000
1074.000000 106.000000 0.005600
1024.000000 107.000000 0.007200
1052.000000 108.000000 0.005600
1094.000000 108.000000 0.004400
369.000000 109.000000 0.006800
417.000000 109.000000 0.004400
551.000000 109.000000 0.006400
869.000000 109.000000 0.008000
353.000000 110.000000 0.005600
388.000000 110.000000 0.006800
404.000000 110.000000 0.004400
437.000000 110.000000 0.005600
479.000000 110.000000 0.005600
803.000000 110.000000 0.004400
333.000000 111.000000 0.004800
459.000000 111.000000 0.005600
526.000000 111.000000 0.005600
574.000000 111.000000 0.006800
770.000000 111.000000 0.005600
820.000000 111.000000 0.004400
891.000000 111.000000 0.006800
504.000000 112.000000 0.006000
787.000000 112.000000 0.004400
915.000000 112.000000 0.006800
935.000000 112.000000 0.006800
964.000000 112.000000 0.005600
982.000000 112.000000 0.005200
1003.000000 112.000000 0.005600
275.000000 113.000000 0.006400
600.000000 113.000000 0.005600
707.000000 113.000000 0.005600
727.000000 113.000000 0.006400
835.000000 113.000000 0.002800
856.000000 113.000000 0.003600
296.000000 114.000000 0.004400
311.000000 114.000000 0.005600
670.000000 114.000000 0.005600
689.000000 114.000000 0.004400
751.000000 114.000000 0.005600
140.000000 115.000000 0.006800
162.000000 115.000000 0.005600
184.000000 115.000000 0.006800
209.000000 115.000000 0.005600
229.000000 115.000000 0.004800
253.000000 115.000000 0.005600
620.000000 115.000000 0.005600
639.000000 115.000000 0.004400
651.000000 115.000000 0.008400
1133.000000 131.000000 0.008000
1118.000000 133.000000 0.008400
1067.000000 137.000000 0.005600
1091.000000 137.000000 0.005600
1015.000000 138.000000 0.005600
463.000000 139.000000 0.006400
906.000000 139.000000 0.006800
1047.000000 139.000000 0.005600
428.000000 140.000000 0.005600
442.000000 140.000000 0.004400
938.000000 140.000000 0.005600
962.000000 140.000000 0.006800
389.000000 141.000000 0.006400
407.000000 141.000000 0.005600
519.000000 141.000000 0.006800
880.000000 141.000000 0.005600
974.000000 141.000000 0.002800
996.000000 141.000000 0.004400
329.000000 142.000000 0.004400
366.000000 142.000000 0.004400
756.000000 142.000000 0.006800
777.000000 142.000000 0.004400
814.000000 142.000000 0.005200
847.000000 142.000000 0.004000
863.000000 142.000000 0.004400
273.000000 143.000000 0.008400
290.000000 143.000000 0.004800
496.000000 143.000000 0.007200
590.000000 143.000000 0.005600
693.000000 143.000000 0.004400
711.000000 143.000000 0.005200
349.000000 144.000000 0.005600
548.000000 144.000000 0.005600
563.000000 144.000000 0.007600
613.000000 144.000000 0.005600
634.000000 144.000000 0.004400
653.000000 144.000000 0.004400
671.000000 144.000000 0.006400
731.000000 144.000000 0.004400
794.000000 144.000000 0.005600
833.000000 144.000000 0.004400
202.000000 145.000000 0.003600
217.000000 145.000000 0.007600
314.000000 145.000000 0.006400
242.000000 146.000000 0.006800
141.000000 147.000000 0.006800
163.000000 147.000000 0.006800
189.000000 147.000000 0.004400
1139.000000 164.000000 0.006800
1107.000000 165.000000 0.004400
1074.000000 166.000000 0.004400
1091.000000 166.000000 0.004400
1030.000000 167.000000 0.005200
1062.000000 167.000000 0.008400
1010.000000 168.000000 0.004800
992.000000 169.000000 0.004400
970.000000 170.000000 0.005600
371.000000 171.000000 0.005600
412.000000 171.000000 0.005600
615.000000 171.000000 0.007200
643.000000 171.000000 0.005200
732.000000 171.000000 0.005600
757.000000 171.000000 0.004800
929.000000 171.000000 0.004400
392.000000 172.000000 0.005600
462.000000 172.000000 0.005600
688.000000 172.000000 0.006000
713.000000 172.000000 0.005600
906.000000 172.000000 0.005600
435.000000 173.000000 0.006400
503.000000 173.000000 0.005600
517.000000 173.000000 0.005600
577.000000 173.000000 0.004400
591.000000 173.000000 0.004400
667.000000 173.000000 0.006800
774.000000 173.000000 0.004400
795.000000 173.000000 0.004400
841.000000 173.000000 0.005600
884.000000 173.000000 0.005600
482.000000 174.000000 0.005600
815.000000 174.000000 0.006400
861.000000 174.000000 0.005200
231.000000 175.000000 0.005600
277.000000 175.000000 0.006400
325.000000 175.000000 0.005600
539.000000 175.000000 0.005600
559.000000 175.000000 0.004400
947.000000 175.000000 0.005600
188.000000 176.000000 0.002800
210.000000 176.000000 0.006400
253.000000 176.000000 0.006000
347.000000 177.000000 0.005600
143.000000 178.000000 0.002800
156.000000 178.000000 0.003600
174.000000 178.000000 0.004400
304.000000 180.000000 0.006400
1134.000000 194.000000 0.005600
1098.000000 196.000000 0.004000
1082.000000 197.000000 0.004400
1113.000000 197.000000 0.005600
1026.000000 198.000000 0.005200
1046.000000 198.000000 0.004800
1067.000000 198.000000 0.005200
881.000000 199.000000 0.005600
1008.000000 199.000000 0.004800
742.000000 200.000000 0.005600
763.000000 200.000000 0.004400
779.000000 200.000000 0.004000
794.000000 200.000000 0.004000
811.000000 200.000000 0.004800
990.000000 200.000000 0.004400
441.000000 201.000000 0.004800
473.000000 201.000000 0.006800
484.000000 201.000000 0.005600
720.000000 201.000000 0.005600
833.000000 201.000000 0.005600
927.000000 201.000000 0.005600
947.000000 201.000000 0.004400
972.000000 201.000000 0.006800
404.000000 202.000000 0.004400
566.000000 202.000000 0.005600
590.000000 202.000000 0.005600
612.000000 202.000000 0.005600
632.000000 202.000000 0.005600
653.000000 202.000000 0.005600
675.000000 202.000000 0.004400
699.000000 202.000000 0.006400
858.000000 202.000000 0.005600
904.000000 202.000000 0.005600
390.000000 203.000000 0.004000
422.000000 203.000000 0.005200
454.000000 203.000000 0.005600
504.000000 203.000000 0.005600
524.000000 203.000000 0.005600
544.000000 203.000000 0.005200
340.000000 204.000000 0.004400
293.000000 206.000000 0.004000
308.000000 206.000000 0.004000
324.000000 206.000000 0.004000
197.000000 207.000000 0.006400
220.000000 207.000000 0.005600
277.000000 207.000000 0.004400
373.000000 207.000000 0.006800
261.000000 208.000000 0.004400
241.000000 209.000000 0.005600
169.000000 210.000000 0.006400
148.000000 211.000000 0.008000
1139.000000 222.000000 0.006400
1058.000000 223.000000 0.004800
1118.000000 223.000000 0.005600
1042.000000 224.000000 0.004400
1076.000000 224.000000 0.004400
1091.000000 225.000000 0.002800
1103.000000 225.000000 0.004400
956.000000 227.000000 0.005600
999.000000 227.000000 0.004400
886.000000 228.000000 0.006000
981.000000 228.000000 0.005200
1016.000000 228.000000 0.004400
654.000000 229.000000 0.005600
863.000000 229.000000 0.005200
486.000000 230.000000 0.005600
511.000000 230.000000 0.005600
538.000000 230.000000 0.006400
564.000000 230.000000 0.005600
631.000000 230.000000 0.005200
674.000000 230.000000 0.004400
692.000000 230.000000 0.004800
715.000000 230.000000 0.005600
799.000000 230.000000 0.005600
936.000000 230.000000 0.005200
442.000000 231.000000 0.005600
590.000000 231.000000 0.006400
613.000000 231.000000 0.004800
756.000000 231.000000 0.005200
778.000000 231.000000 0.005600
913.000000 231.000000 0.005600
397.000000 232.000000 0.004000
409.000000 232.000000 0.004400
737.000000 232.000000 0.005200
425.000000 233.000000 0.004000
466.000000 233.000000 0.005600
842.000000 233.000000 0.005600
354.000000 234.000000 0.005600
822.000000 234.000000 0.005600
331.000000 235.000000 0.005600
289.000000 236.000000 0.004800
373.000000 236.000000 0.006800
164.000000 237.000000 0.006400
268.000000 237.000000 0.005600
310.000000 237.000000 0.005600
142.000000 238.000000 0.005600
195.000000 238.000000 0.005600
216.000000 238.000000 0.004800
234.000000 238.000000 0.004000
249.000000 238.000000 0.004000
1116.000000 250.000000 0.006400
1077.000000 251.000000 0.005200
1056.000000 252.000000 0.006800
1095.000000 252.000000 0.004800
1043.000000 253.000000 0.002800
1019.000000 254.000000 0.004000
1033.000000 254.000000 0.002800
937.000000 255.000000 0.005600
986.000000 255.000000 0.005200
1002.000000 255.000000 0.004400
915.000000 257.000000 0.004800
957.000000 257.000000 0.005600
615.000000 258.000000 0.004400
638.000000 258.000000 0.005600
654.000000 258.000000 0.004400
689.000000 258.000000 0.004400
506.000000 259.000000 0.006400
599.000000 259.000000 0.004000
673.000000 259.000000 0.004400
708.000000 259.000000 0.006000
735.000000 259.000000 0.005200
755.000000 259.000000 0.004400
799.000000 259.000000 0.002800
847.000000 259.000000 0.005600
875.000000 259.000000 0.006000
898.000000 259.000000 0.004400
443.000000 260.000000 0.004400
481.000000 260.000000 0.004800
582.000000 260.000000 0.004400
812.000000 260.000000 0.004400
376.000000 261.000000 0.004800
397.000000 261.000000 0.004800
430.000000 261.000000 0.004000
527.000000 261.000000 0.004800
568.000000 261.000000 0.004400
779.000000 261.000000 0.003600
831.000000 261.000000 0.004400
359.000000 262.000000 0.004400
415.000000 262.000000 0.004400
461.000000 262.000000 0.005200
547.000000 262.000000 0.006400
266.000000 263.000000 0.006000
334.000000 263.000000 0.004400
345.000000 263.000000 0.004400
314.000000 264.000000 0.004800
141.000000 265.000000 0.007200
172.000000 265.000000 0.006000
295.000000 265.000000 0.005200
246.000000 266.000000 0.005200
205.000000 267.000000 0.006800
226.000000 267.000000 0.005200
1134.000000 279.000000 0.008800
1122.000000 281.000000 0.008400
1032.000000 282.000000 0.002800
1052.000000 282.000000 0.002800
1093.000000 282.000000 0.003600
1105.000000 282.000000 0.004400
1078.000000 283.000000 0.004400
1020.000000 284.000000 0.004000
1064.000000 284.000000 0.003600
981.000000 285.000000 0.004400
529.000000 286.000000 0.005600
880.000000 286.000000 0.005600
997.000000 286.000000 0.006800
507.000000 287.000000 0.005200
550.000000 287.000000 0.005200
578.000000 287.000000 0.006800
599.000000 287.000000 0.002400
718.000000 287.000000 0.004400
859.000000 287.000000 0.005200
908.000000 287.000000 0.006400
435.000000 288.000000 0.004400
447.000000 288.000000 0.004400
680.000000 288.000000 0.006400
934.000000 288.000000 0.005600
955.000000 288.000000 0.006800
341.000000 289.000000 0.004400
639.000000 289.000000 0.004400
700.000000 289.000000 0.004800
739.000000 289.000000 0.005600
805.000000 289.000000 0.005200
827.000000 289.000000 0.005600
841.000000 289.000000 0.005200
377.000000 290.000000 0.004400
417.000000 290.000000 0.005200
466.000000 290.000000 0.005600
487.000000 290.000000 0.005200
758.000000 290.000000 0.005600
779.000000 290.000000 0.006400
358.000000 291.000000 0.004400
392.000000 291.000000 0.005600
656.000000 291.000000 0.004400
283.000000 292.000000 0.006000
309.000000 292.000000 0.005200
325.000000 292.000000 0.003600
161.000000 293.000000 0.005600
206.000000 293.000000 0.004400
185.000000 294.000000 0.006000
262.000000 295.000000 0.005600
141.000000 296.000000 0.005600
234.000000 296.000000 0.006800
1104.000000 310.000000 0.004400
1088.000000 311.000000 0.004400
1119.000000 311.000000 0.004400
1072.000000 313.000000 0.004400
522.000000 316.000000 0.006400
690.000000 316.000000 0.004400
512.000000 317.000000 0.002800
545.000000 317.000000 0.006800
569.000000 317.000000 0.006800
673.000000 317.000000 0.004400
866.000000 317.000000 0.006800
968.000000 317.000000 0.005600
1029.000000 317.000000 0.005600
341.000000 318.000000 0.006400
392.000000 318.000000 0.006800
414.000000 318.000000 0.005600
438.000000 318.000000 0.005600
490.000000 318.000000 0.006800
596.000000 318.000000 0.006800
623.000000 318.000000 0.004400
815.000000 318.000000 0.005600
920.000000 318.000000 0.006800
989.000000 318.000000 0.004400
1051.000000 318.000000 0.006400
364.000000 319.000000 0.006800
462.000000 319.000000 0.006800
640.000000 319.000000 0.004400
657.000000 319.000000 0.004400
711.000000 319.000000 0.005600
729.000000 319.000000 0.004000
797.000000 319.000000 0.004000
839.000000 319.000000 0.005600
890.000000 319.000000 0.006400
1007.000000 319.000000 0.005600
143.000000 320.000000 0.005600
164.000000 320.000000 0.006400
302.000000 320.000000 0.005200
320.000000 320.000000 0.004400
760.000000 320.000000 0.005600
781.000000 320.000000 0.004400
945.000000 320.000000 0.006400
282.000000 321.000000 0.005600
379.000000 321.000000 0.002800
744.000000 321.000000 0.004400
191.000000 322.000000 0.004800
237.000000 323.000000 0.005600
260.000000 323.000000 0.005600
209.000000 324.000000 0.006800
655.000000 343.000000 0.005600
1103.000000 343.000000 0.004400
1127.000000 343.000000 0.006800
1082.000000 344.000000 0.005200
636.000000 345.000000 0.004400
677.000000 345.000000 0.006400
583.000000 346.000000 0.004400
1059.000000 346.000000 0.001600
403.000000 347.000000 0.005600
501.000000 347.000000 0.005600
568.000000 347.000000 0.002800
622.000000 347.000000 0.004400
698.000000 347.000000 0.004400
1003.000000 347.000000 0.004800
355.000000 348.000000 0.004400
377.000000 348.000000 0.006000
428.000000 348.000000 0.006400
558.000000 348.000000 0.006400
716.000000 348.000000 0.004000
981.000000 348.000000 0.006000
1022.000000 348.000000 0.004800
1040.000000 348.000000 0.006000
173.000000 349.000000 0.005600
194.000000 349.000000 0.005600
457.000000 349.000000 0.006000
481.000000 349.000000 0.005600
521.000000 349.000000 0.005600
602.000000 349.000000 0.005600
871.000000 349.000000 0.005200
890.000000 349.000000 0.004800
908.000000 349.000000 0.005600
150.000000 350.000000 0.006800
213.000000 350.000000 0.006400
262.000000 350.000000 0.005600
293.000000 350.000000 0.004000
305.000000 350.000000 0.002800
318.000000 350.000000 0.006800
340.000000 350.000000 0.004400
730.000000 350.000000 0.005600
766.000000 350.000000 0.003600
240.000000 351.000000 0.005200
541.000000 351.000000 0.005200
778.000000 352.000000 0.006800
797.000000 352.000000 0.005600
820.000000 352.000000 0.005600
841.000000 352.000000 0.005200
931.000000 352.000000 0.005600
955.000000 352.000000 0.005600
751.000000 353.000000 0.004000
644.000000 373.000000 0.006000
1130.000000 373.000000 0.006800
260.000000 374.000000 0.005200
282.000000 374.000000 0.005600
356.000000 374.000000 0.005600
304.000000 375.000000 0.004400
328.000000 375.000000 0.006400
375.000000 375.000000 0.004400
667.000000 375.000000 0.005600
1083.000000 375.000000 0.006800
1107.000000 375.000000 0.005600
213.000000 376.000000 0.005600
237.000000 376.000000 0.005200
398.000000 376.000000 0.006400
422.000000 376.000000 0.005600
441.000000 376.000000 0.005600
464.000000 376.000000 0.004400
513.000000 376.000000 0.005600
621.000000 376.000000 0.004400
709.000000 376.000000 0.006000
1034.000000 376.000000 0.005200
490.000000 377.000000 0.005600
534.000000 377.000000 0.005600
561.000000 377.000000 0.005600
603.000000 377.000000 0.004400
690.000000 377.000000 0.005200
991.000000 377.000000 0.006800
1014.000000 377.000000 0.005600
1057.000000 377.000000 0.006400
140.000000 378.000000 0.005600
161.000000 378.000000 0.005600
182.000000 378.000000 0.006800
583.000000 378.000000 0.005600
928.000000 378.000000 0.005600
978.000000 378.000000 0.006800
737.000000 379.000000 0.006800
764.000000 379.000000 0.004400
840.000000 379.000000 0.006000
893.000000 379.000000 0.006800
953.000000 379.000000 0.005600
781.000000 380.000000 0.004400
814.000000 381.000000 0.006000
867.000000 382.000000 0.006000
243.000000 402.000000 0.006400
290.000000 402.000000 0.007600
416.000000 402.000000 0.004800
368.000000 403.000000 0.006000
397.000000 403.000000 0.005600
673.000000 403.000000 0.003600
133.000000 404.000000 0.007600
266.000000 404.000000 0.005600
654.000000 404.000000 0.002800
173.000000 405.000000 0.004400
199.000000 405.000000 0.004400
222.000000 405.000000 0.002800
324.000000 405.000000 0.006800
456.000000 405.000000 0.008400
467.000000 405.000000 0.008400
483.000000 405.000000 0.004400
497.000000 405.000000 0.002800
641.000000 405.000000 0.004000
699.000000 405.000000 0.004400
717.000000 405.000000 0.005600
1103.000000 405.000000 0.005600
1134.000000 405.000000 0.008400
158.000000 406.000000 0.004400
187.000000 406.000000 0.002800
346.000000 406.000000 0.006400
566.000000 406.000000 0.004400
584.000000 406.000000 0.004800
603.000000 406.000000 0.006400
626.000000 406.000000 0.003600
977.000000 406.000000 0.007600
1065.000000 406.000000 0.004800
1121.000000 406.000000 0.010800
438.000000 407.000000 0.005600
508.000000 407.000000 0.004400
542.000000 407.000000 0.006800
740.000000 407.000000 0.006800
770.000000 407.000000 0.006000
864.000000 407.000000 0.005600
914.000000 407.000000 0.005600
959.000000 407.000000 0.005600
1003.000000 407.000000 0.005600
1023.000000 407.000000 0.005200
1044.000000 407.000000 0.005600
524.000000 408.000000 0.004400
836.000000 408.000000 0.006000
932.000000 408.000000 0.005600
1084.000000 408.000000 0.004800
796.000000 409.000000 0.005600
815.000000 409.000000 0.005600
887.000000 409.000000 0.005600
