186.000000 58.000000 0.015200
251.000000 58.000000 0.012400
278.000000 58.000000 0.006800
303.000000 58.000000 0.005600
324.000000 58.000000 0.013600
213.000000 59.000000 0.006800
1053.000000 68.000000 0.014400
1074.000000 68.000000 0.013200
358.000000 106.000000 0.005600
339.000000 108.000000 0.005200
374.000000 108.000000 0.004400
320.000000 109.000000 0.005200
943.000000 109.000000 0.005200
959.000000 109.000000 0.009600
250.000000 110.000000 0.005600
295.000000 110.000000 0.006800
388.000000 110.000000 0.005600
228.000000 111.000000 0.005600
274.000000 111.000000 0.005600
765.000000 111.000000 0.006800
924.000000 111.000000 0.005200
1035.000000 111.000000 0.004400
149.000000 112.000000 0.004800
425.000000 112.000000 0.004400
442.000000 112.000000 0.004400
467.000000 112.000000 0.006800
520.000000 112.000000 0.004400
538.000000 112.000000 0.005200
558.000000 112.000000 0.004400
601.000000 112.000000 0.006400
789.000000 112.000000 0.005600
807.000000 112.000000 0.006800
847.000000 112.000000 0.004400
865.000000 112.000000 0.004400
167.000000 113.000000 0.004400
208.000000 113.000000 0.005600
407.000000 113.000000 0.004800
489.000000 113.000000 0.004400
505.000000 113.000000 0.004400
578.000000 113.000000 0.005600
653.000000 113.000000 0.006800
831.000000 113.000000 0.004400
986.000000 113.000000 0.005600
130.000000 114.000000 0.005600
184.000000 114.000000 0.005600
624.000000 114.000000 0.006400
716.000000 114.000000 0.008400
733.000000 114.000000 0.006800
883.000000 114.000000 0.005600
904.000000 114.000000 0.005600
1005.000000 114.000000 0.004400
1020.000000 114.000000 0.004400
1060.000000 114.000000 0.003600
675.000000 115.000000 0.002800
688.000000 115.000000 0.004400
705.000000 115.000000 0.004400
1072.000000 115.000000 0.002800
1086.000000 116.000000 0.004400
1107.000000 116.000000 0.012000
1120.000000 116.000000 0.007200
346.000000 140.000000 0.007600
134.000000 141.000000 0.005600
184.000000 141.000000 0.004800
201.000000 141.000000 0.004400
242.000000 141.000000 0.006800
266.000000 141.000000 0.006800
886.000000 141.000000 0.005600
152.000000 142.000000 0.004000
165.000000 142.000000 0.004400
219.000000 142.000000 0.004400
283.000000 142.000000 0.004400
303.000000 142.000000 0.005600
324.000000 142.000000 0.006400
377.000000 142.000000 0.005600
412.000000 142.000000 0.004000
427.000000 142.000000 0.005600
443.000000 142.000000 0.005600
522.000000 142.000000 0.005200
560.000000 142.000000 0.004400
701.000000 142.000000 0.005600
807.000000 142.000000 0.008400
832.000000 142.000000 0.007600
861.000000 142.000000 0.006400
396.000000 143.000000 0.004400
456.000000 143.000000 0.004400
469.000000 143.000000 0.002800
482.000000 143.000000 0.006800
502.000000 143.000000 0.005600
762.000000 143.000000 0.005600
778.000000 143.000000 0.005600
792.000000 143.000000 0.004400
909.000000 143.000000 0.005600
680.000000 144.000000 0.004400
724.000000 144.000000 0.005600
745.000000 144.000000 0.005600
932.000000 144.000000 0.005600
955.000000 144.000000 0.006000
976.000000 144.000000 0.005600
544.000000 145.000000 0.005600
574.000000 145.000000 0.005600
591.000000 145.000000 0.007200
1007.000000 145.000000 0.006800
1048.000000 145.000000 0.005200
1068.000000 145.000000 0.005600
1101.000000 145.000000 0.007600
640.000000 146.000000 0.006800
666.000000 146.000000 0.004400
1029.000000 146.000000 0.005600
619.000000 147.000000 0.005600
167.000000 169.000000 0.006000
184.000000 170.000000 0.004400
258.000000 170.000000 0.004400
144.000000 171.000000 0.007600
228.000000 171.000000 0.005200
245.000000 171.000000 0.003600
270.000000 171.000000 0.006800
288.000000 171.000000 0.004400
301.000000 171.000000 0.002800
392.000000 171.000000 0.006400
895.000000 171.000000 0.006000
203.000000 172.000000 0.006000
366.000000 172.000000 0.005600
457.000000 172.000000 0.005600
837.000000 172.000000 0.004400
972.000000 172.000000 0.004400
349.000000 173.000000 0.004400
423.000000 173.000000 0.008400
438.000000 173.000000 0.004400
469.000000 173.000000 0.002800
498.000000 173.000000 0.005600
550.000000 173.000000 0.005200
721.000000 173.000000 0.003600
734.000000 173.000000 0.003600
747.000000 173.000000 0.004400
762.000000 173.000000 0.005600
805.000000 173.000000 0.004400
856.000000 173.000000 0.005600
946.000000 173.000000 0.004400
989.000000 173.000000 0.004400
1026.000000 173.000000 0.005600
1045.000000 173.000000 0.004400
1063.000000 173.000000 0.004400
1077.000000 173.000000 0.004400
1107.000000 173.000000 0.002800
337.000000 174.000000 0.004400
481.000000 174.000000 0.006800
511.000000 174.000000 0.004400
530.000000 174.000000 0.004800
656.000000 174.000000 0.005600
688.000000 174.000000 0.002800
788.000000 174.000000 0.005600
872.000000 174.000000 0.004400
912.000000 174.000000 0.004400
929.000000 174.000000 0.004400
1004.000000 174.000000 0.004400
1091.000000 174.000000 0.005200
1118.000000 174.000000 0.006400
320.000000 175.000000 0.005600
571.000000 175.000000 0.004800
611.000000 175.000000 0.006400
630.000000 175.000000 0.006800
700.000000 175.000000 0.006400
587.000000 176.000000 0.004400
821.000000 176.000000 0.004400
134.000000 197.000000 0.006800
161.000000 200.000000 0.005600
184.000000 201.000000 0.005600
843.000000 202.000000 0.005600
890.000000 202.000000 0.004400
908.000000 202.000000 0.005600
994.000000 202.000000 0.004800
1012.000000 202.000000 0.004400
1057.000000 202.000000 0.006800
224.000000 203.000000 0.004400
296.000000 203.000000 0.006800
560.000000 203.000000 0.004400
706.000000 203.000000 0.004400
723.000000 203.000000 0.006000
753.000000 203.000000 0.006800
778.000000 203.000000 0.005600
862.000000 203.000000 0.004400
874.000000 203.000000 0.004400
930.000000 203.000000 0.006000
1032.000000 203.000000 0.005600
203.000000 204.000000 0.006000
242.000000 204.000000 0.008400
435.000000 204.000000 0.006800
462.000000 204.000000 0.006800
518.000000 204.000000 0.006400
800.000000 204.000000 0.005600
822.000000 204.000000 0.005200
319.000000 205.000000 0.004400
364.000000 205.000000 0.007600
500.000000 205.000000 0.004400
542.000000 205.000000 0.004400
688.000000 205.000000 0.004400
952.000000 205.000000 0.005600
973.000000 205.000000 0.005600
273.000000 206.000000 0.006800
412.000000 206.000000 0.002800
582.000000 206.000000 0.005600
627.000000 206.000000 0.004400
1086.000000 206.000000 0.006400
1110.000000 206.000000 0.006400
337.000000 207.000000 0.004400
481.000000 207.000000 0.005600
644.000000 207.000000 0.004400
671.000000 207.000000 0.008400
611.000000 208.000000 0.006800
396.000000 209.000000 0.008400
870.000000 229.000000 0.005600
423.000000 230.000000 0.005200
153.000000 231.000000 0.005600
177.000000 231.000000 0.006400
201.000000 231.000000 0.005600
845.000000 231.000000 0.006800
931.000000 231.000000 0.004400
132.000000 232.000000 0.006400
820.000000 232.000000 0.004400
833.000000 232.000000 0.002800
916.000000 232.000000 0.003600
951.000000 232.000000 0.005200
1047.000000 232.000000 0.007600
216.000000 233.000000 0.005600
239.000000 233.000000 0.006000
443.000000 233.000000 0.004400
970.000000 233.000000 0.005600
1013.000000 233.000000 0.004400
1059.000000 233.000000 0.002800
262.000000 234.000000 0.005200
332.000000 234.000000 0.004800
404.000000 234.000000 0.004000
523.000000 234.000000 0.006400
694.000000 234.000000 0.005600
758.000000 234.000000 0.005200
775.000000 234.000000 0.006800
802.000000 234.000000 0.005600
892.000000 234.000000 0.006800
997.000000 234.000000 0.004400
1073.000000 234.000000 0.004000
1107.000000 234.000000 0.006800
288.000000 235.000000 0.006800
312.000000 235.000000 0.006000
351.000000 235.000000 0.005200
373.000000 235.000000 0.005600
391.000000 235.000000 0.002800
459.000000 235.000000 0.004400
563.000000 235.000000 0.005200
627.000000 235.000000 0.004400
643.000000 235.000000 0.005200
668.000000 235.000000 0.006000
733.000000 235.000000 0.002800
503.000000 236.000000 0.005200
545.000000 236.000000 0.006000
709.000000 236.000000 0.004400
722.000000 236.000000 0.006800
982.000000 236.000000 0.002800
1029.000000 236.000000 0.004400
1087.000000 236.000000 0.005600
476.000000 237.000000 0.006800
616.000000 237.000000 0.006800
588.000000 238.000000 0.006400
239.000000 260.000000 0.005600
857.000000 260.000000 0.006800
881.000000 260.000000 0.005200
897.000000 260.000000 0.002800
909.000000 260.000000 0.003600
922.000000 260.000000 0.004400
945.000000 260.000000 0.006800
153.000000 261.000000 0.005600
215.000000 261.000000 0.005600
439.000000 261.000000 0.005600
504.000000 261.000000 0.004400
516.000000 261.000000 0.002800
735.000000 261.000000 0.004400
800.000000 261.000000 0.005600
961.000000 261.000000 0.005600
979.000000 261.000000 0.005600
1012.000000 261.000000 0.004800
132.000000 262.000000 0.005600
191.000000 262.000000 0.004800
390.000000 262.000000 0.005200
412.000000 262.000000 0.006000
754.000000 262.000000 0.005600
816.000000 262.000000 0.002800
827.000000 262.000000 0.002800
844.000000 262.000000 0.005600
994.000000 262.000000 0.004400
173.000000 263.000000 0.004400
264.000000 263.000000 0.005200
349.000000 263.000000 0.005600
373.000000 263.000000 0.004400
598.000000 263.000000 0.005600
697.000000 263.000000 0.005600
716.000000 263.000000 0.005200
776.000000 263.000000 0.005600
1036.000000 263.000000 0.005600
281.000000 264.000000 0.004400
463.000000 264.000000 0.005600
485.000000 264.000000 0.004800
537.000000 264.000000 0.006400
626.000000 264.000000 0.004800
647.000000 264.000000 0.006000
677.000000 264.000000 0.006400
1055.000000 264.000000 0.006000
297.000000 265.000000 0.006800
332.000000 265.000000 0.007600
552.000000 265.000000 0.003600
579.000000 265.000000 0.004400
1079.000000 265.000000 0.004400
1091.000000 265.000000 0.003600
1107.000000 265.000000 0.008000
321.000000 266.000000 0.006800
576.000000 288.000000 0.004400
589.000000 288.000000 0.004400
606.000000 288.000000 0.004800
831.000000 288.000000 0.005600
809.000000 289.000000 0.006800
201.000000 290.000000 0.006000
268.000000 290.000000 0.005200
345.000000 290.000000 0.005600
371.000000 290.000000 0.004800
426.000000 290.000000 0.005600
451.000000 290.000000 0.005600
490.000000 290.000000 0.004400
524.000000 290.000000 0.006800
635.000000 290.000000 0.006400
660.000000 290.000000 0.005600
713.000000 290.000000 0.005600
757.000000 290.000000 0.004400
773.000000 290.000000 0.006800
851.000000 290.000000 0.004400
886.000000 290.000000 0.004800
983.000000 290.000000 0.004400
999.000000 290.000000 0.004400
1017.000000 290.000000 0.004400
1076.000000 290.000000 0.004400
289.000000 291.000000 0.004800
400.000000 291.000000 0.006800
471.000000 291.000000 0.004800
507.000000 291.000000 0.004400
550.000000 291.000000 0.006400
685.000000 291.000000 0.005600
743.000000 291.000000 0.006400
905.000000 291.000000 0.005600
932.000000 291.000000 0.006800
971.000000 291.000000 0.004400
1043.000000 291.000000 0.006800
1107.000000 291.000000 0.005600
131.000000 292.000000 0.005600
176.000000 292.000000 0.005600
225.000000 292.000000 0.005600
247.000000 292.000000 0.005200
953.000000 292.000000 0.005600
1030.000000 292.000000 0.002800
1061.000000 292.000000 0.004400
154.000000 293.000000 0.005200
307.000000 293.000000 0.004400
1089.000000 293.000000 0.005600
867.000000 294.000000 0.004400
324.000000 295.000000 0.005600
496.000000 315.000000 0.004400
512.000000 315.000000 0.004400
631.000000 315.000000 0.006000
679.000000 315.000000 0.006800
422.000000 316.000000 0.006800
542.000000 316.000000 0.006400
586.000000 316.000000 0.005600
605.000000 316.000000 0.005600
467.000000 317.000000 0.006800
480.000000 317.000000 0.002800
560.000000 317.000000 0.005600
657.000000 317.000000 0.005600
353.000000 318.000000 0.004400
445.000000 318.000000 0.006000
784.000000 318.000000 0.005600
283.000000 319.000000 0.005600
337.000000 319.000000 0.004400
366.000000 319.000000 0.002800
708.000000 319.000000 0.006800
756.000000 319.000000 0.006800
850.000000 319.000000 0.006400
874.000000 319.000000 0.005600
893.000000 319.000000 0.004400
130.000000 320.000000 0.006800
160.000000 320.000000 0.006400
180.000000 320.000000 0.004400
199.000000 320.000000 0.005600
261.000000 320.000000 0.005600
305.000000 320.000000 0.004400
321.000000 320.000000 0.004000
393.000000 320.000000 0.006000
1012.000000 320.000000 0.006800
1056.000000 320.000000 0.004400
1095.000000 320.000000 0.005600
221.000000 321.000000 0.005200
735.000000 321.000000 0.005600
806.000000 321.000000 0.006400
829.000000 321.000000 0.006800
970.000000 321.000000 0.006800
992.000000 321.000000 0.006400
1038.000000 321.000000 0.004400
1075.000000 321.000000 0.005600
1118.000000 321.000000 0.006800
241.000000 322.000000 0.004800
944.000000 322.000000 0.005600
926.000000 325.000000 0.005200
509.000000 343.000000 0.006800
556.000000 345.000000 0.005600
577.000000 345.000000 0.006400
614.000000 345.000000 0.006800
633.000000 345.000000 0.005600
529.000000 346.000000 0.005600
656.000000 346.000000 0.004400
674.000000 346.000000 0.004400
695.000000 346.000000 0.005600
152.000000 347.000000 0.006800
270.000000 347.000000 0.004400
286.000000 347.000000 0.003600
309.000000 347.000000 0.003600
349.000000 347.000000 0.005600
373.000000 347.000000 0.004400
485.000000 347.000000 0.006400
708.000000 347.000000 0.004400
725.000000 347.000000 0.004400
130.000000 348.000000 0.005600
297.000000 348.000000 0.002800
866.000000 348.000000 0.004400
187.000000 349.000000 0.006800
210.000000 349.000000 0.005600
256.000000 349.000000 0.004400
330.000000 349.000000 0.006400
402.000000 349.000000 0.005600
466.000000 349.000000 0.006800
767.000000 349.000000 0.006400
890.000000 349.000000 0.006000
233.000000 350.000000 0.006400
421.000000 350.000000 0.004400
438.000000 350.000000 0.004400
744.000000 350.000000 0.005600
809.000000 350.000000 0.006400
832.000000 351.000000 0.004400
850.000000 351.000000 0.004400
910.000000 351.000000 0.005600
1039.000000 351.000000 0.004800
988.000000 352.000000 0.004400
1020.000000 352.000000 0.005600
1060.000000 352.000000 0.006000
793.000000 353.000000 0.005600
949.000000 353.000000 0.002800
960.000000 354.000000 0.006800
975.000000 354.000000 0.004400
1084.000000 354.000000 0.005200
1105.000000 355.000000 0.006400
936.000000 356.000000 0.004400
629.000000 374.000000 0.005600
672.000000 374.000000 0.004400
645.000000 375.000000 0.002800
657.000000 375.000000 0.004000
572.000000 376.000000 0.006400
604.000000 376.000000 0.007200
688.000000 376.000000 0.004400
707.000000 376.000000 0.004400
743.000000 376.000000 0.005200
883.000000 376.000000 0.005600
129.000000 377.000000 0.006800
495.000000 377.000000 0.006400
724.000000 377.000000 0.004400
762.000000 377.000000 0.004800
250.000000 378.000000 0.006000
474.000000 378.000000 0.005600
522.000000 378.000000 0.005600
820.000000 378.000000 0.004800
938.000000 378.000000 0.003600
971.000000 378.000000 0.004400
984.000000 378.000000 0.003600
1053.000000 378.000000 0.005600
141.000000 379.000000 0.002800
152.000000 379.000000 0.004400
227.000000 379.000000 0.005600
285.000000 379.000000 0.002800
299.000000 379.000000 0.004400
317.000000 379.000000 0.004800
345.000000 379.000000 0.007600
381.000000 379.000000 0.004400
410.000000 379.000000 0.004400
425.000000 379.000000 0.003600
541.000000 379.000000 0.006400
839.000000 379.000000 0.004800
857.000000 379.000000 0.005600
907.000000 379.000000 0.004400
923.000000 379.000000 0.004000
996.000000 379.000000 0.004400
1010.000000 379.000000 0.004400
1074.000000 379.000000 0.005200
273.000000 380.000000 0.004400
362.000000 380.000000 0.004800
397.000000 380.000000 0.004000
450.000000 380.000000 0.006800
782.000000 380.000000 0.004800
801.000000 380.000000 0.004400
1029.000000 380.000000 0.004800
184.000000 381.000000 0.004400
1095.000000 381.000000 0.004800
1113.000000 381.000000 0.005600
168.000000 382.000000 0.004400
205.000000 382.000000 0.005600
640.000000 399.000000 0.005600
661.000000 401.000000 0.005200
732.000000 402.000000 0.004400
617.000000 403.000000 0.005600
770.000000 403.000000 0.004400
884.000000 403.000000 0.005200
927.000000 403.000000 0.004400
940.000000 403.000000 0.002800
963.000000 403.000000 0.004400
543.000000 404.000000 0.002800
704.000000 404.000000 0.002800
715.000000 404.000000 0.003600
751.000000 404.000000 0.004400
787.000000 404.000000 0.004400
806.000000 404.000000 0.005200
846.000000 404.000000 0.004800
908.000000 404.000000 0.005600
986.000000 404.000000 0.006400
127.000000 405.000000 0.006800
596.000000 405.000000 0.004400
690.000000 405.000000 0.007200
826.000000 405.000000 0.004800
865.000000 405.000000 0.005200
1005.000000 405.000000 0.004400
1022.000000 405.000000 0.004400
522.000000 406.000000 0.006400
558.000000 406.000000 0.005600
579.000000 406.000000 0.004400
1050.000000 406.000000 0.005600
1068.000000 406.000000 0.004400
1092.000000 406.000000 0.006000
428.000000 407.000000 0.006800
1113.000000 407.000000 0.005600
154.000000 408.000000 0.004800
264.000000 408.000000 0.005200
313.000000 408.000000 0.005600
449.000000 408.000000 0.005600
498.000000 408.000000 0.006800
293.000000 409.000000 0.004400
337.000000 409.000000 0.006400
403.000000 409.000000 0.006800
175.000000 410.000000 0.006400
279.000000 410.000000 0.004400
379.000000 410.000000 0.004400
472.000000 410.000000 0.005600
204.000000 411.000000 0.006400
244.000000 411.000000 0.004400
360.000000 411.000000 0.006400
227.000000 413.000000 0.005600
