197.000000 53.000000 0.014000
258.000000 55.000000 0.012400
281.000000 55.000000 0.006800
222.000000 56.000000 0.006400
309.000000 57.000000 0.008400
333.000000 57.000000 0.015200
1045.000000 70.000000 0.009600
1071.000000 70.000000 0.013600
150.000000 102.000000 0.005600
199.000000 102.000000 0.006800
176.000000 103.000000 0.006800
231.000000 103.000000 0.006800
252.000000 103.000000 0.005200
269.000000 104.000000 0.004400
132.000000 105.000000 0.006800
311.000000 105.000000 0.004400
326.000000 105.000000 0.004400
407.000000 105.000000 0.005600
428.000000 105.000000 0.005600
289.000000 106.000000 0.006000
346.000000 106.000000 0.005600
386.000000 106.000000 0.005200
367.000000 107.000000 0.005600
452.000000 107.000000 0.006400
651.000000 107.000000 0.005200
558.000000 108.000000 0.004400
614.000000 108.000000 0.005200
671.000000 108.000000 0.004400
691.000000 108.000000 0.005600
713.000000 108.000000 0.004400
478.000000 109.000000 0.005600
523.000000 109.000000 0.005600
576.000000 109.000000 0.004800
595.000000 109.000000 0.005600
633.000000 109.000000 0.005600
728.000000 109.000000 0.008400
542.000000 110.000000 0.004400
754.000000 110.000000 0.005600
773.000000 110.000000 0.005600
501.000000 111.000000 0.005200
955.000000 111.000000 0.005600
816.000000 112.000000 0.005600
841.000000 112.000000 0.006400
863.000000 112.000000 0.005200
937.000000 112.000000 0.002800
974.000000 112.000000 0.005600
1057.000000 112.000000 0.005600
797.000000 113.000000 0.005200
882.000000 113.000000 0.005600
924.000000 113.000000 0.004400
1014.000000 113.000000 0.005600
1030.000000 113.000000 0.006800
1078.000000 113.000000 0.005200
1101.000000 113.000000 0.006400
902.000000 114.000000 0.006400
994.000000 115.000000 0.005600
226.000000 131.000000 0.004800
136.000000 132.000000 0.006400
173.000000 132.000000 0.004000
189.000000 132.000000 0.004400
207.000000 132.000000 0.004400
159.000000 133.000000 0.004400
248.000000 133.000000 0.005600
270.000000 133.000000 0.005200
290.000000 133.000000 0.004800
310.000000 133.000000 0.005600
406.000000 133.000000 0.004800
334.000000 134.000000 0.004400
354.000000 134.000000 0.005200
387.000000 134.000000 0.004400
424.000000 134.000000 0.005200
447.000000 134.000000 0.006000
472.000000 134.000000 0.004800
493.000000 134.000000 0.005600
518.000000 134.000000 0.005200
665.000000 134.000000 0.004400
706.000000 134.000000 0.005600
371.000000 135.000000 0.004400
554.000000 135.000000 0.004000
684.000000 135.000000 0.005600
569.000000 136.000000 0.004400
727.000000 136.000000 0.004400
539.000000 137.000000 0.004400
590.000000 137.000000 0.006400
644.000000 137.000000 0.005200
765.000000 138.000000 0.006000
786.000000 138.000000 0.004400
606.000000 139.000000 0.005600
627.000000 139.000000 0.004400
935.000000 140.000000 0.006800
812.000000 141.000000 0.006400
918.000000 141.000000 0.006800
1008.000000 141.000000 0.005200
1022.000000 141.000000 0.002800
1052.000000 141.000000 0.004400
1066.000000 141.000000 0.004400
886.000000 142.000000 0.006000
963.000000 142.000000 0.005600
981.000000 142.000000 0.005600
1037.000000 142.000000 0.004400
1089.000000 142.000000 0.006000
838.000000 143.000000 0.005600
862.000000 143.000000 0.005600
1105.000000 145.000000 0.005200
304.000000 159.000000 0.005600
266.000000 160.000000 0.005600
284.000000 160.000000 0.004400
361.000000 160.000000 0.005600
325.000000 161.000000 0.004800
343.000000 161.000000 0.004400
416.000000 161.000000 0.006800
221.000000 162.000000 0.005600
243.000000 162.000000 0.005600
148.000000 163.000000 0.004400
175.000000 163.000000 0.006800
201.000000 163.000000 0.005600
389.000000 163.000000 0.005600
444.000000 163.000000 0.006400
496.000000 163.000000 0.004400
469.000000 164.000000 0.007600
510.000000 164.000000 0.003600
533.000000 164.000000 0.005600
657.000000 164.000000 0.006800
132.000000 165.000000 0.005600
575.000000 165.000000 0.005600
675.000000 165.000000 0.005600
714.000000 165.000000 0.005600
554.000000 166.000000 0.005600
599.000000 166.000000 0.006400
626.000000 166.000000 0.006000
695.000000 166.000000 0.004400
758.000000 166.000000 0.006400
787.000000 166.000000 0.005600
836.000000 166.000000 0.006000
735.000000 167.000000 0.005600
813.000000 167.000000 0.005600
858.000000 167.000000 0.004000
874.000000 168.000000 0.004400
889.000000 168.000000 0.003600
917.000000 168.000000 0.005600
936.000000 169.000000 0.005600
1097.000000 170.000000 0.006000
1076.000000 171.000000 0.004400
955.000000 172.000000 0.005600
977.000000 172.000000 0.004800
994.000000 173.000000 0.006400
1022.000000 173.000000 0.005600
1062.000000 173.000000 0.008400
1037.000000 174.000000 0.004400
220.000000 190.000000 0.006800
317.000000 190.000000 0.005600
366.000000 190.000000 0.004400
381.000000 190.000000 0.005600
430.000000 190.000000 0.005600
256.000000 191.000000 0.006800
298.000000 191.000000 0.005200
341.000000 191.000000 0.004400
407.000000 191.000000 0.005600
130.000000 192.000000 0.005600
146.000000 192.000000 0.006800
174.000000 192.000000 0.005600
199.000000 192.000000 0.005600
451.000000 192.000000 0.006400
480.000000 192.000000 0.005600
508.000000 192.000000 0.006800
532.000000 192.000000 0.006800
280.000000 193.000000 0.005600
685.000000 193.000000 0.005600
562.000000 195.000000 0.004800
621.000000 195.000000 0.005600
642.000000 195.000000 0.005200
663.000000 195.000000 0.005200
708.000000 195.000000 0.005600
747.000000 195.000000 0.004000
761.000000 195.000000 0.002800
776.000000 195.000000 0.004800
724.000000 196.000000 0.006400
796.000000 196.000000 0.004800
837.000000 196.000000 0.005600
857.000000 196.000000 0.005600
881.000000 196.000000 0.005600
580.000000 197.000000 0.004400
815.000000 197.000000 0.005600
599.000000 198.000000 0.005600
902.000000 198.000000 0.006800
927.000000 199.000000 0.004400
942.000000 199.000000 0.004400
1101.000000 199.000000 0.006400
961.000000 200.000000 0.004800
977.000000 200.000000 0.004400
1030.000000 200.000000 0.005200
1079.000000 201.000000 0.006400
992.000000 202.000000 0.004400
1010.000000 203.000000 0.004800
1051.000000 203.000000 0.005600
248.000000 219.000000 0.005600
336.000000 220.000000 0.005600
397.000000 220.000000 0.005600
233.000000 221.000000 0.003600
354.000000 221.000000 0.006000
376.000000 221.000000 0.004400
202.000000 222.000000 0.004400
217.000000 222.000000 0.004400
269.000000 222.000000 0.004400
288.000000 222.000000 0.005200
310.000000 222.000000 0.006000
418.000000 222.000000 0.004400
435.000000 222.000000 0.005200
456.000000 222.000000 0.005600
519.000000 222.000000 0.003600
534.000000 222.000000 0.005200
557.000000 222.000000 0.005600
170.000000 223.000000 0.002800
476.000000 223.000000 0.005600
503.000000 224.000000 0.005600
617.000000 224.000000 0.004800
137.000000 225.000000 0.006800
157.000000 225.000000 0.008000
189.000000 225.000000 0.008400
579.000000 225.000000 0.004400
597.000000 225.000000 0.004400
760.000000 225.000000 0.002800
635.000000 226.000000 0.005200
653.000000 226.000000 0.004400
748.000000 226.000000 0.003600
677.000000 227.000000 0.006800
694.000000 227.000000 0.005200
712.000000 227.000000 0.004400
736.000000 227.000000 0.007600
788.000000 227.000000 0.005600
806.000000 227.000000 0.004400
836.000000 227.000000 0.005600
858.000000 227.000000 0.005600
770.000000 228.000000 0.006400
817.000000 228.000000 0.007600
955.000000 228.000000 0.006400
1102.000000 228.000000 0.006800
878.000000 229.000000 0.005600
898.000000 229.000000 0.005600
918.000000 229.000000 0.004800
934.000000 229.000000 0.004400
967.000000 229.000000 0.006400
987.000000 229.000000 0.003600
998.000000 229.000000 0.002800
1029.000000 229.000000 0.004400
1044.000000 229.000000 0.004400
1077.000000 229.000000 0.004400
1013.000000 230.000000 0.004400
1061.000000 230.000000 0.004000
216.000000 251.000000 0.005600
305.000000 251.000000 0.006400
375.000000 251.000000 0.006400
400.000000 251.000000 0.006000
426.000000 251.000000 0.006000
236.000000 252.000000 0.005600
256.000000 252.000000 0.004400
284.000000 252.000000 0.004400
453.000000 252.000000 0.006800
538.000000 252.000000 0.006400
186.000000 253.000000 0.004400
270.000000 253.000000 0.002800
346.000000 253.000000 0.005600
556.000000 253.000000 0.004400
164.000000 254.000000 0.006000
328.000000 254.000000 0.004400
512.000000 254.000000 0.005200
579.000000 254.000000 0.005600
134.000000 255.000000 0.007600
486.000000 255.000000 0.006400
603.000000 256.000000 0.005600
620.000000 257.000000 0.005600
711.000000 257.000000 0.006800
645.000000 258.000000 0.006400
684.000000 258.000000 0.006400
737.000000 258.000000 0.005600
757.000000 258.000000 0.004400
774.000000 258.000000 0.008000
786.000000 258.000000 0.004400
903.000000 258.000000 0.005600
921.000000 258.000000 0.005600
981.000000 258.000000 0.006000
667.000000 259.000000 0.004400
802.000000 259.000000 0.004400
1011.000000 259.000000 0.006800
1087.000000 259.000000 0.004400
958.000000 260.000000 0.004800
1106.000000 260.000000 0.006800
823.000000 261.000000 0.005200
881.000000 261.000000 0.004800
941.000000 261.000000 0.005600
1066.000000 261.000000 0.006800
1037.000000 262.000000 0.006800
843.000000 264.000000 0.005600
863.000000 264.000000 0.005600
251.000000 281.000000 0.007200
440.000000 281.000000 0.008400
226.000000 282.000000 0.006800
280.000000 282.000000 0.005600
410.000000 282.000000 0.005600
182.000000 283.000000 0.006800
372.000000 283.000000 0.004400
391.000000 283.000000 0.005200
461.000000 283.000000 0.005600
669.000000 283.000000 0.005600
208.000000 284.000000 0.004400
298.000000 284.000000 0.004400
310.000000 284.000000 0.003600
323.000000 284.000000 0.004400
340.000000 284.000000 0.004400
358.000000 284.000000 0.004400
427.000000 284.000000 0.004400
477.000000 284.000000 0.005600
503.000000 284.000000 0.006400
146.000000 285.000000 0.004400
161.000000 285.000000 0.005600
694.000000 285.000000 0.006400
754.000000 285.000000 0.005600
771.000000 285.000000 0.004400
790.000000 285.000000 0.004800
571.000000 286.000000 0.005600
592.000000 286.000000 0.006800
629.000000 286.000000 0.004400
728.000000 286.000000 0.006400
822.000000 286.000000 0.004400
128.000000 287.000000 0.006400
554.000000 287.000000 0.005600
652.000000 287.000000 0.005600
899.000000 287.000000 0.005600
529.000000 288.000000 0.006400
807.000000 288.000000 0.004000
843.000000 288.000000 0.004400
915.000000 288.000000 0.004400
857.000000 289.000000 0.004400
876.000000 289.000000 0.004400
610.000000 290.000000 0.005600
940.000000 291.000000 0.006800
1099.000000 291.000000 0.007600
961.000000 292.000000 0.006400
987.000000 292.000000 0.005600
1024.000000 292.000000 0.005200
1050.000000 292.000000 0.006000
1074.000000 292.000000 0.005600
1007.000000 293.000000 0.004800
282.000000 310.000000 0.003600
431.000000 310.000000 0.005600
251.000000 311.000000 0.004400
269.000000 311.000000 0.004400
379.000000 311.000000 0.005600
192.000000 312.000000 0.005200
299.000000 312.000000 0.005600
322.000000 312.000000 0.006800
355.000000 312.000000 0.005600
697.000000 312.000000 0.006800
210.000000 313.000000 0.005200
231.000000 313.000000 0.005600
400.000000 313.000000 0.006800
463.000000 313.000000 0.006800
165.000000 314.000000 0.006800
487.000000 314.000000 0.005200
676.000000 314.000000 0.006800
729.000000 314.000000 0.005600
506.000000 315.000000 0.005600
653.000000 315.000000 0.006400
753.000000 315.000000 0.005600
526.000000 316.000000 0.004800
544.000000 316.000000 0.004400
563.000000 316.000000 0.005200
585.000000 316.000000 0.005600
605.000000 316.000000 0.004400
790.000000 316.000000 0.005600
880.000000 316.000000 0.005600
135.000000 317.000000 0.006800
772.000000 317.000000 0.004400
809.000000 317.000000 0.005600
840.000000 317.000000 0.005200
633.000000 318.000000 0.005600
822.000000 318.000000 0.004400
859.000000 318.000000 0.004400
972.000000 319.000000 0.004400
901.000000 320.000000 0.005600
933.000000 320.000000 0.002800
1156.000000 320.000000 0.007600
921.000000 322.000000 0.004400
1038.000000 322.000000 0.006000
955.000000 323.000000 0.004000
990.000000 323.000000 0.006800
1016.000000 323.000000 0.006800
1060.000000 324.000000 0.004400
1083.000000 324.000000 0.006400
1106.000000 325.000000 0.005600
373.000000 341.000000 0.005600
436.000000 341.000000 0.005600
302.000000 342.000000 0.005200
466.000000 342.000000 0.005200
136.000000 343.000000 0.006000
247.000000 343.000000 0.003600
280.000000 343.000000 0.005600
318.000000 343.000000 0.004400
334.000000 343.000000 0.004400
351.000000 343.000000 0.004400
391.000000 343.000000 0.004400
410.000000 343.000000 0.006400
537.000000 343.000000 0.005600
705.000000 343.000000 0.004800
725.000000 343.000000 0.005600
158.000000 344.000000 0.005600
170.000000 344.000000 0.004400
224.000000 344.000000 0.006800
259.000000 344.000000 0.007200
563.000000 344.000000 0.007200
657.000000 344.000000 0.006400
186.000000 345.000000 0.004400
203.000000 345.000000 0.006000
513.000000 345.000000 0.006000
617.000000 345.000000 0.004400
747.000000 345.000000 0.005200
590.000000 346.000000 0.004400
685.000000 346.000000 0.006400
826.000000 346.000000 0.004400
842.000000 346.000000 0.005600
489.000000 347.000000 0.006400
766.000000 347.000000 0.005200
865.000000 347.000000 0.005600
634.000000 348.000000 0.005200
810.000000 348.000000 0.004400
885.000000 348.000000 0.005600
907.000000 348.000000 0.005600
952.000000 348.000000 0.006400
927.000000 349.000000 0.006400
788.000000 350.000000 0.006400
978.000000 351.000000 0.005600
1017.000000 352.000000 0.006400
998.000000 353.000000 0.004800
1110.000000 353.000000 0.006800
1041.000000 354.000000 0.004400
1057.000000 354.000000 0.004400
1074.000000 355.000000 0.004400
1092.000000 356.000000 0.004800
315.000000 372.000000 0.004400
458.000000 372.000000 0.006400
409.000000 373.000000 0.005600
565.000000 373.000000 0.004800
636.000000 373.000000 0.004400
134.000000 374.000000 0.006800
178.000000 374.000000 0.004400
194.000000 374.000000 0.004800
260.000000 374.000000 0.004400
274.000000 374.000000 0.004400
333.000000 374.000000 0.004800
354.000000 374.000000 0.004800
372.000000 374.000000 0.004400
610.000000 374.000000 0.006400
655.000000 374.000000 0.005600
159.000000 375.000000 0.005600
216.000000 375.000000 0.005600
234.000000 375.000000 0.004400
297.000000 375.000000 0.006000
389.000000 375.000000 0.004400
586.000000 375.000000 0.005200
686.000000 375.000000 0.005600
701.000000 375.000000 0.004400
765.000000 375.000000 0.005600
831.000000 375.000000 0.005600
435.000000 376.000000 0.006000
482.000000 376.000000 0.005200
547.000000 376.000000 0.005200
736.000000 376.000000 0.004400
750.000000 376.000000 0.004400
789.000000 376.000000 0.004800
809.000000 376.000000 0.004800
505.000000 377.000000 0.006400
723.000000 377.000000 0.006800
853.000000 377.000000 0.004800
943.000000 377.000000 0.004000
871.000000 378.000000 0.004400
958.000000 378.000000 0.004400
975.000000 378.000000 0.005600
528.000000 379.000000 0.004400
919.000000 379.000000 0.006400
998.000000 379.000000 0.004400
1015.000000 379.000000 0.005600
894.000000 380.000000 0.006400
1037.000000 381.000000 0.004400
1072.000000 381.000000 0.005600
1055.000000 382.000000 0.004400
1103.000000 384.000000 0.006400
132.000000 400.000000 0.007600
596.000000 401.000000 0.004400
165.000000 402.000000 0.006800
192.000000 402.000000 0.006000
240.000000 402.000000 0.006800
391.000000 402.000000 0.006400
579.000000 402.000000 0.004400
213.000000 403.000000 0.004400
273.000000 403.000000 0.006800
735.000000 403.000000 0.006000
319.000000 404.000000 0.007200
346.000000 404.000000 0.005600
367.000000 404.000000 0.005600
414.000000 404.000000 0.006800
467.000000 404.000000 0.005600
484.000000 404.000000 0.008000
508.000000 404.000000 0.005200
562.000000 404.000000 0.005600
636.000000 404.000000 0.005600
661.000000 404.000000 0.006400
298.000000 405.000000 0.006400
445.000000 405.000000 0.006400
760.000000 405.000000 0.005200
850.000000 405.000000 0.005600
713.000000 406.000000 0.006800
779.000000 406.000000 0.005600
829.000000 406.000000 0.004400
616.000000 407.000000 0.005600
799.000000 407.000000 0.005600
814.000000 407.000000 0.004400
872.000000 407.000000 0.005600
890.000000 407.000000 0.006400
533.000000 408.000000 0.006800
686.000000 408.000000 0.006800
913.000000 409.000000 0.004400
970.000000 409.000000 0.005600
929.000000 410.000000 0.004400
988.000000 410.000000 0.005600
947.000000 411.000000 0.005600
1006.000000 412.000000 0.004400
1022.000000 413.000000 0.004400
1110.000000 413.000000 0.007200
1039.000000 414.000000 0.004400
1057.000000 414.000000 0.004400
1080.000000 414.000000 0.006400
