192.000000 55.000000 0.015200
219.000000 55.000000 0.006800
258.000000 56.000000 0.013600
282.000000 56.000000 0.005600
327.000000 56.000000 0.014000
305.000000 57.000000 0.005600
1046.000000 65.000000 0.015200
1073.000000 67.000000 0.012400
440.000000 104.000000 0.004400
178.000000 105.000000 0.005600
421.000000 105.000000 0.007600
454.000000 105.000000 0.002800
469.000000 105.000000 0.008400
496.000000 105.000000 0.006400
353.000000 106.000000 0.004000
409.000000 106.000000 0.002800
522.000000 106.000000 0.005600
567.000000 106.000000 0.006800
593.000000 106.000000 0.005600
141.000000 107.000000 0.006800
159.000000 107.000000 0.004400
207.000000 107.000000 0.008000
309.000000 107.000000 0.004800
338.000000 107.000000 0.004400
368.000000 107.000000 0.003600
380.000000 107.000000 0.004400
396.000000 107.000000 0.004400
544.000000 107.000000 0.005600
937.000000 107.000000 0.005600
953.000000 107.000000 0.004400
229.000000 108.000000 0.005600
255.000000 108.000000 0.006800
326.000000 108.000000 0.004400
657.000000 108.000000 0.005600
796.000000 108.000000 0.005600
850.000000 108.000000 0.008400
982.000000 108.000000 0.005600
278.000000 109.000000 0.006800
292.000000 109.000000 0.004400
703.000000 109.000000 0.005600
761.000000 109.000000 0.010800
777.000000 109.000000 0.004400
833.000000 109.000000 0.005600
872.000000 109.000000 0.004400
918.000000 109.000000 0.006800
1105.000000 109.000000 0.007600
611.000000 110.000000 0.005200
633.000000 110.000000 0.005600
675.000000 110.000000 0.004400
687.000000 110.000000 0.002800
814.000000 110.000000 0.004800
999.000000 110.000000 0.004400
1022.000000 110.000000 0.006800
1040.000000 110.000000 0.002800
1051.000000 110.000000 0.004400
1065.000000 110.000000 0.004400
725.000000 111.000000 0.004400
1084.000000 111.000000 0.006800
739.000000 112.000000 0.004400
458.000000 135.000000 0.004400
440.000000 136.000000 0.004800
476.000000 136.000000 0.005600
503.000000 136.000000 0.007600
423.000000 137.000000 0.006400
522.000000 137.000000 0.005600
596.000000 137.000000 0.006800
369.000000 138.000000 0.004400
400.000000 138.000000 0.005600
490.000000 138.000000 0.002800
536.000000 138.000000 0.005600
554.000000 138.000000 0.004400
625.000000 138.000000 0.006800
976.000000 138.000000 0.006800
1000.000000 138.000000 0.004400
143.000000 139.000000 0.005600
165.000000 139.000000 0.005600
196.000000 139.000000 0.007600
271.000000 139.000000 0.004400
351.000000 139.000000 0.005600
381.000000 139.000000 0.008000
570.000000 139.000000 0.004400
672.000000 139.000000 0.005600
736.000000 139.000000 0.002800
749.000000 139.000000 0.004400
768.000000 139.000000 0.004400
785.000000 139.000000 0.004400
881.000000 139.000000 0.006800
921.000000 139.000000 0.004400
935.000000 139.000000 0.004800
1019.000000 139.000000 0.005200
250.000000 140.000000 0.006400
288.000000 140.000000 0.004400
307.000000 140.000000 0.005600
330.000000 140.000000 0.005600
651.000000 140.000000 0.005600
695.000000 140.000000 0.005600
724.000000 140.000000 0.004400
832.000000 140.000000 0.005600
905.000000 140.000000 0.004400
953.000000 140.000000 0.006800
1037.000000 140.000000 0.004400
1052.000000 140.000000 0.003600
1063.000000 140.000000 0.002800
223.000000 141.000000 0.006800
805.000000 141.000000 0.006400
855.000000 141.000000 0.006800
1080.000000 141.000000 0.004800
1099.000000 142.000000 0.005600
425.000000 168.000000 0.006800
824.000000 168.000000 0.005600
453.000000 169.000000 0.005600
473.000000 169.000000 0.006400
915.000000 169.000000 0.005600
978.000000 169.000000 0.007600
1046.000000 169.000000 0.004400
1060.000000 169.000000 0.005600
1079.000000 169.000000 0.004800
407.000000 170.000000 0.005200
494.000000 170.000000 0.005600
530.000000 170.000000 0.005600
549.000000 170.000000 0.005600
596.000000 170.000000 0.006800
620.000000 170.000000 0.006400
688.000000 170.000000 0.004400
703.000000 170.000000 0.002800
844.000000 170.000000 0.005600
933.000000 170.000000 0.005200
1012.000000 170.000000 0.006800
1031.000000 170.000000 0.005200
198.000000 171.000000 0.006800
305.000000 171.000000 0.005600
509.000000 171.000000 0.005600
564.000000 171.000000 0.002800
574.000000 171.000000 0.002400
647.000000 171.000000 0.006800
731.000000 171.000000 0.004400
773.000000 171.000000 0.008000
860.000000 171.000000 0.004400
892.000000 171.000000 0.005600
1097.000000 171.000000 0.005600
171.000000 172.000000 0.006800
218.000000 172.000000 0.005600
283.000000 172.000000 0.005200
345.000000 172.000000 0.004400
359.000000 172.000000 0.004400
373.000000 172.000000 0.002800
387.000000 172.000000 0.005600
671.000000 172.000000 0.004400
714.000000 172.000000 0.008000
953.000000 172.000000 0.006800
240.000000 173.000000 0.005600
324.000000 173.000000 0.006400
784.000000 173.000000 0.004400
801.000000 173.000000 0.004800
258.000000 174.000000 0.006800
147.000000 176.000000 0.008000
754.000000 177.000000 0.006400
1048.000000 198.000000 0.006800
1095.000000 198.000000 0.006800
435.000000 200.000000 0.005600
1071.000000 200.000000 0.005600
366.000000 201.000000 0.006800
417.000000 201.000000 0.005600
394.000000 202.000000 0.005600
457.000000 202.000000 0.005600
504.000000 202.000000 0.004400
583.000000 202.000000 0.005200
600.000000 202.000000 0.004400
631.000000 202.000000 0.004400
675.000000 202.000000 0.004400
810.000000 202.000000 0.006400
916.000000 202.000000 0.006800
272.000000 203.000000 0.005600
321.000000 203.000000 0.005600
342.000000 203.000000 0.005600
524.000000 203.000000 0.005600
563.000000 203.000000 0.005600
643.000000 203.000000 0.004400
695.000000 203.000000 0.004800
713.000000 203.000000 0.004400
968.000000 203.000000 0.006800
980.000000 203.000000 0.006800
1000.000000 203.000000 0.005600
1024.000000 203.000000 0.005600
211.000000 204.000000 0.005600
476.000000 204.000000 0.005600
490.000000 204.000000 0.002800
545.000000 204.000000 0.005600
612.000000 204.000000 0.004400
658.000000 204.000000 0.004400
755.000000 204.000000 0.004000
768.000000 204.000000 0.004400
884.000000 204.000000 0.009600
899.000000 204.000000 0.004400
945.000000 204.000000 0.006000
189.000000 205.000000 0.005600
295.000000 205.000000 0.006000
736.000000 205.000000 0.005600
785.000000 205.000000 0.005200
829.000000 205.000000 0.004400
864.000000 205.000000 0.005600
167.000000 206.000000 0.005600
233.000000 206.000000 0.004400
249.000000 206.000000 0.004400
845.000000 206.000000 0.005200
147.000000 208.000000 0.005600
1093.000000 229.000000 0.007200
375.000000 230.000000 0.006800
407.000000 230.000000 0.005600
1040.000000 230.000000 0.006800
317.000000 231.000000 0.004400
387.000000 231.000000 0.007600
455.000000 231.000000 0.002800
596.000000 231.000000 0.004400
634.000000 231.000000 0.004400
697.000000 231.000000 0.004400
743.000000 231.000000 0.005200
997.000000 231.000000 0.006400
1066.000000 231.000000 0.005600
336.000000 232.000000 0.005600
430.000000 232.000000 0.005600
443.000000 232.000000 0.002800
482.000000 232.000000 0.004400
532.000000 232.000000 0.006400
580.000000 232.000000 0.004400
620.000000 232.000000 0.006800
651.000000 232.000000 0.004400
669.000000 232.000000 0.004400
710.000000 232.000000 0.002800
722.000000 232.000000 0.004400
765.000000 232.000000 0.002400
357.000000 233.000000 0.005600
499.000000 233.000000 0.004400
510.000000 233.000000 0.002800
567.000000 233.000000 0.002800
682.000000 233.000000 0.002800
789.000000 233.000000 0.004800
1019.000000 233.000000 0.005600
272.000000 234.000000 0.006800
293.000000 234.000000 0.005600
552.000000 234.000000 0.005600
811.000000 234.000000 0.006800
225.000000 235.000000 0.005600
244.000000 235.000000 0.005600
823.000000 235.000000 0.002800
855.000000 235.000000 0.004400
873.000000 235.000000 0.004400
916.000000 235.000000 0.006800
938.000000 235.000000 0.006400
969.000000 235.000000 0.006800
147.000000 236.000000 0.006800
194.000000 236.000000 0.007200
835.000000 236.000000 0.006400
890.000000 236.000000 0.004400
170.000000 237.000000 0.006400
488.000000 258.000000 0.005200
380.000000 259.000000 0.004400
403.000000 259.000000 0.005200
424.000000 259.000000 0.005600
469.000000 259.000000 0.004400
445.000000 260.000000 0.006400
511.000000 260.000000 0.004400
334.000000 261.000000 0.005600
354.000000 261.000000 0.004400
524.000000 261.000000 0.004000
580.000000 261.000000 0.005600
653.000000 261.000000 0.005600
679.000000 261.000000 0.006400
800.000000 261.000000 0.005600
1019.000000 261.000000 0.006800
1050.000000 261.000000 0.006800
1077.000000 261.000000 0.004400
230.000000 262.000000 0.006800
308.000000 262.000000 0.006800
539.000000 262.000000 0.004400
558.000000 262.000000 0.004800
603.000000 262.000000 0.005600
820.000000 262.000000 0.005200
1095.000000 262.000000 0.005600
625.000000 263.000000 0.006400
700.000000 263.000000 0.006400
727.000000 263.000000 0.006800
778.000000 263.000000 0.005600
834.000000 263.000000 0.005600
854.000000 263.000000 0.005200
878.000000 263.000000 0.005600
974.000000 263.000000 0.006800
998.000000 263.000000 0.005600
154.000000 264.000000 0.005600
180.000000 264.000000 0.006400
254.000000 264.000000 0.004400
290.000000 264.000000 0.005200
899.000000 264.000000 0.004400
272.000000 265.000000 0.004400
743.000000 265.000000 0.005600
760.000000 265.000000 0.004400
921.000000 265.000000 0.005600
203.000000 266.000000 0.005600
940.000000 266.000000 0.005600
439.000000 286.000000 0.004000
423.000000 287.000000 0.004400
453.000000 287.000000 0.002800
377.000000 288.000000 0.004800
399.000000 288.000000 0.006400
472.000000 288.000000 0.005600
490.000000 288.000000 0.005600
511.000000 288.000000 0.004400
800.000000 288.000000 0.004400
550.000000 289.000000 0.005600
562.000000 289.000000 0.003600
654.000000 289.000000 0.004400
154.000000 290.000000 0.006400
529.000000 290.000000 0.005600
578.000000 290.000000 0.004400
1034.000000 290.000000 0.005600
307.000000 291.000000 0.005600
354.000000 291.000000 0.006000
612.000000 291.000000 0.006400
631.000000 291.000000 0.005600
713.000000 291.000000 0.005600
726.000000 291.000000 0.002800
784.000000 291.000000 0.004400
826.000000 291.000000 0.006800
850.000000 291.000000 0.005200
1057.000000 291.000000 0.005600
1101.000000 291.000000 0.006800
222.000000 292.000000 0.005600
264.000000 292.000000 0.005600
283.000000 292.000000 0.005600
330.000000 292.000000 0.005600
591.000000 292.000000 0.002800
681.000000 292.000000 0.004400
695.000000 292.000000 0.002800
748.000000 292.000000 0.004400
765.000000 292.000000 0.004400
877.000000 292.000000 0.006800
895.000000 292.000000 0.004400
935.000000 292.000000 0.005600
962.000000 292.000000 0.006400
1079.000000 292.000000 0.005600
243.000000 293.000000 0.005200
913.000000 293.000000 0.004800
1009.000000 293.000000 0.006400
198.000000 294.000000 0.005600
984.000000 294.000000 0.005200
172.000000 295.000000 0.004400
409.000000 315.000000 0.006800
446.000000 315.000000 0.005600
470.000000 315.000000 0.006000
564.000000 315.000000 0.004400
368.000000 316.000000 0.006800
494.000000 316.000000 0.005200
520.000000 316.000000 0.006400
545.000000 317.000000 0.005200
582.000000 317.000000 0.005600
317.000000 319.000000 0.005600
341.000000 319.000000 0.005600
661.000000 319.000000 0.006800
706.000000 319.000000 0.004400
727.000000 319.000000 0.005600
292.000000 320.000000 0.006000
603.000000 320.000000 0.005600
689.000000 320.000000 0.006000
769.000000 320.000000 0.005600
790.000000 320.000000 0.005600
748.000000 321.000000 0.005600
904.000000 321.000000 0.005600
1036.000000 321.000000 0.005600
1060.000000 321.000000 0.005200
1078.000000 321.000000 0.004400
1091.000000 321.000000 0.002800
1104.000000 321.000000 0.007600
153.000000 322.000000 0.006000
257.000000 322.000000 0.006800
638.000000 322.000000 0.006800
173.000000 323.000000 0.004400
620.000000 323.000000 0.005600
809.000000 323.000000 0.005600
880.000000 323.000000 0.005600
212.000000 324.000000 0.004400
231.000000 324.000000 0.005600
929.000000 324.000000 0.006000
948.000000 324.000000 0.004400
959.000000 324.000000 0.002400
982.000000 324.000000 0.004800
1002.000000 324.000000 0.004800
1019.000000 324.000000 0.004400
189.000000 326.000000 0.005600
858.000000 326.000000 0.005600
837.000000 328.000000 0.005600
475.000000 344.000000 0.004400
354.000000 345.000000 0.004400
393.000000 345.000000 0.005600
435.000000 345.000000 0.004800
370.000000 346.000000 0.004400
414.000000 346.000000 0.005600
455.000000 346.000000 0.005200
510.000000 346.000000 0.006800
534.000000 347.000000 0.005600
557.000000 347.000000 0.005600
331.000000 348.000000 0.006800
574.000000 348.000000 0.004400
650.000000 348.000000 0.006000
673.000000 348.000000 0.005600
311.000000 349.000000 0.004400
598.000000 349.000000 0.005600
627.000000 349.000000 0.006400
740.000000 349.000000 0.006400
297.000000 350.000000 0.002800
692.000000 350.000000 0.005600
716.000000 350.000000 0.005600
762.000000 350.000000 0.004400
808.000000 350.000000 0.006000
158.000000 351.000000 0.006800
252.000000 351.000000 0.004400
269.000000 351.000000 0.005600
782.000000 351.000000 0.005600
217.000000 352.000000 0.005600
236.000000 352.000000 0.004000
882.000000 352.000000 0.004000
1060.000000 352.000000 0.006800
1084.000000 352.000000 0.006000
1107.000000 352.000000 0.005600
178.000000 353.000000 0.005200
830.000000 353.000000 0.004400
901.000000 353.000000 0.006400
934.000000 353.000000 0.005600
953.000000 353.000000 0.005600
973.000000 353.000000 0.004400
195.000000 354.000000 0.005600
987.000000 354.000000 0.005600
1017.000000 354.000000 0.003600
1032.000000 354.000000 0.005600
847.000000 355.000000 0.004800
866.000000 355.000000 0.004400
1005.000000 355.000000 0.002800
449.000000 371.000000 0.005200
471.000000 371.000000 0.005600
426.000000 372.000000 0.006400
543.000000 372.000000 0.005600
521.000000 373.000000 0.005200
564.000000 373.000000 0.004400
600.000000 373.000000 0.004400
370.000000 374.000000 0.005600
394.000000 374.000000 0.006800
613.000000 374.000000 0.004000
668.000000 374.000000 0.006000
346.000000 375.000000 0.005600
494.000000 375.000000 0.006800
578.000000 375.000000 0.005200
631.000000 375.000000 0.005200
252.000000 376.000000 0.004800
271.000000 376.000000 0.004400
323.000000 376.000000 0.005600
692.000000 376.000000 0.005200
711.000000 376.000000 0.006400
292.000000 377.000000 0.006400
649.000000 377.000000 0.004400
788.000000 378.000000 0.006400
889.000000 378.000000 0.004400
950.000000 378.000000 0.004400
971.000000 378.000000 0.005600
149.000000 379.000000 0.006800
766.000000 379.000000 0.006000
224.000000 380.000000 0.006800
738.000000 380.000000 0.005600
816.000000 380.000000 0.005600
858.000000 380.000000 0.004400
870.000000 380.000000 0.005600
925.000000 380.000000 0.005200
999.000000 380.000000 0.005600
205.000000 381.000000 0.004800
1022.000000 381.000000 0.005600
1044.000000 381.000000 0.005200
1086.000000 381.000000 0.005200
177.000000 382.000000 0.007200
838.000000 382.000000 0.005600
1067.000000 382.000000 0.004800
1107.000000 382.000000 0.005600
907.000000 384.000000 0.004400
546.000000 399.000000 0.006000
426.000000 400.000000 0.006400
575.000000 400.000000 0.006800
326.000000 402.000000 0.006400
352.000000 402.000000 0.006400
403.000000 402.000000 0.005200
453.000000 402.000000 0.005600
473.000000 402.000000 0.004400
489.000000 402.000000 0.005200
601.000000 402.000000 0.005600
300.000000 403.000000 0.005600
513.000000 403.000000 0.007600
622.000000 403.000000 0.006400
649.000000 403.000000 0.005200
275.000000 404.000000 0.006800
380.000000 404.000000 0.007600
672.000000 404.000000 0.005600
700.000000 404.000000 0.006800
720.000000 404.000000 0.005600
741.000000 404.000000 0.004400
927.000000 404.000000 0.005600
955.000000 404.000000 0.005600
251.000000 405.000000 0.005600
805.000000 405.000000 0.005600
858.000000 405.000000 0.006000
973.000000 405.000000 0.004400
1042.000000 405.000000 0.005600
230.000000 406.000000 0.005600
760.000000 406.000000 0.005200
823.000000 406.000000 0.004400
836.000000 406.000000 0.004400
884.000000 406.000000 0.006400
993.000000 406.000000 0.005600
1013.000000 406.000000 0.005200
156.000000 407.000000 0.006800
782.000000 407.000000 0.005600
910.000000 407.000000 0.004400
1059.000000 407.000000 0.004800
205.000000 408.000000 0.005600
1110.000000 408.000000 0.005600
180.000000 409.000000 0.005600
1092.000000 409.000000 0.006800
1155.000000 409.000000 0.012800
1171.000000 410.000000 0.014000
