170.000000 55.000000 0.015200
257.000000 55.000000 0.006800
302.000000 55.000000 0.014000
193.000000 56.000000 0.006800
230.000000 57.000000 0.009600
280.000000 57.000000 0.005600
1096.000000 65.000000 0.016400
1070.000000 66.000000 0.015200
557.000000 99.000000 0.005600
577.000000 99.000000 0.004400
599.000000 99.000000 0.006400
491.000000 101.000000 0.005600
509.000000 101.000000 0.004400
537.000000 101.000000 0.004400
524.000000 102.000000 0.004400
626.000000 102.000000 0.008400
642.000000 102.000000 0.004400
660.000000 102.000000 0.004400
876.000000 102.000000 0.006800
437.000000 103.000000 0.006800
460.000000 103.000000 0.003600
779.000000 103.000000 0.008000
675.000000 104.000000 0.004400
688.000000 104.000000 0.008000
765.000000 104.000000 0.002800
413.000000 105.000000 0.006800
710.000000 105.000000 0.004400
752.000000 105.000000 0.004400
388.000000 106.000000 0.005600
731.000000 106.000000 0.005600
804.000000 106.000000 0.005600
228.000000 107.000000 0.006400
254.000000 107.000000 0.005600
368.000000 107.000000 0.004400
851.000000 107.000000 0.006400
903.000000 107.000000 0.007600
933.000000 107.000000 0.005600
316.000000 108.000000 0.006400
825.000000 108.000000 0.006400
952.000000 108.000000 0.006400
272.000000 109.000000 0.004400
336.000000 109.000000 0.006400
347.000000 109.000000 0.002400
136.000000 110.000000 0.006800
156.000000 110.000000 0.005600
292.000000 110.000000 0.005600
995.000000 110.000000 0.006400
1025.000000 110.000000 0.006400
1043.000000 110.000000 0.006800
178.000000 111.000000 0.005600
204.000000 111.000000 0.006800
975.000000 111.000000 0.005600
1066.000000 113.000000 0.003600
1116.000000 113.000000 0.007600
1078.000000 115.000000 0.002800
1090.000000 115.000000 0.003600
1103.000000 115.000000 0.002800
1135.000000 116.000000 0.005600
516.000000 129.000000 0.004400
530.000000 129.000000 0.004000
499.000000 130.000000 0.005200
546.000000 131.000000 0.004400
562.000000 132.000000 0.004400
588.000000 132.000000 0.005600
612.000000 132.000000 0.006000
634.000000 132.000000 0.004400
427.000000 133.000000 0.005200
447.000000 133.000000 0.005200
480.000000 134.000000 0.005600
656.000000 134.000000 0.005600
405.000000 135.000000 0.004400
468.000000 135.000000 0.005600
697.000000 135.000000 0.006000
716.000000 135.000000 0.004400
729.000000 135.000000 0.004400
779.000000 135.000000 0.005600
391.000000 136.000000 0.003600
676.000000 136.000000 0.006400
743.000000 136.000000 0.008000
762.000000 136.000000 0.005600
353.000000 137.000000 0.005600
377.000000 137.000000 0.004400
875.000000 137.000000 0.005200
899.000000 137.000000 0.005600
915.000000 137.000000 0.002800
805.000000 138.000000 0.005600
927.000000 138.000000 0.003600
850.000000 139.000000 0.005600
946.000000 139.000000 0.005600
964.000000 139.000000 0.005600
295.000000 140.000000 0.004400
321.000000 140.000000 0.003600
334.000000 140.000000 0.004400
829.000000 140.000000 0.005200
983.000000 140.000000 0.003600
249.000000 141.000000 0.006400
273.000000 141.000000 0.006400
308.000000 141.000000 0.004400
1009.000000 141.000000 0.004400
1025.000000 141.000000 0.004400
185.000000 142.000000 0.006800
210.000000 142.000000 0.005600
229.000000 142.000000 0.005600
1043.000000 142.000000 0.005600
1069.000000 142.000000 0.005200
1087.000000 142.000000 0.006800
1117.000000 142.000000 0.005600
159.000000 143.000000 0.006000
135.000000 144.000000 0.006800
1136.000000 145.000000 0.006800
1157.000000 148.000000 0.006000
550.000000 157.000000 0.004800
521.000000 158.000000 0.004400
534.000000 158.000000 0.002800
501.000000 159.000000 0.005200
568.000000 161.000000 0.004400
603.000000 161.000000 0.006000
626.000000 161.000000 0.004800
457.000000 162.000000 0.005600
479.000000 162.000000 0.005200
585.000000 162.000000 0.004400
648.000000 162.000000 0.005600
670.000000 162.000000 0.005600
694.000000 162.000000 0.006400
421.000000 163.000000 0.005600
724.000000 163.000000 0.005600
440.000000 164.000000 0.004400
932.000000 164.000000 0.005600
371.000000 165.000000 0.005600
394.000000 165.000000 0.006800
748.000000 165.000000 0.005600
849.000000 165.000000 0.006400
873.000000 165.000000 0.004400
893.000000 165.000000 0.005600
345.000000 166.000000 0.006400
767.000000 166.000000 0.004400
807.000000 167.000000 0.004400
913.000000 167.000000 0.004800
954.000000 167.000000 0.005600
792.000000 168.000000 0.004400
828.000000 168.000000 0.005600
978.000000 168.000000 0.005200
272.000000 169.000000 0.007200
303.000000 169.000000 0.006000
321.000000 170.000000 0.005600
1053.000000 170.000000 0.004000
246.000000 171.000000 0.006400
1000.000000 171.000000 0.005200
1020.000000 171.000000 0.005200
1038.000000 171.000000 0.004400
1073.000000 172.000000 0.004800
1089.000000 172.000000 0.004400
1115.000000 172.000000 0.004400
1128.000000 172.000000 0.004400
205.000000 173.000000 0.005600
184.000000 174.000000 0.004400
227.000000 174.000000 0.005200
162.000000 175.000000 0.006400
139.000000 176.000000 0.006400
532.000000 187.000000 0.006400
555.000000 188.000000 0.004000
618.000000 188.000000 0.005600
585.000000 189.000000 0.008000
508.000000 190.000000 0.006000
597.000000 190.000000 0.005600
477.000000 191.000000 0.006800
642.000000 191.000000 0.005200
685.000000 191.000000 0.006800
748.000000 191.000000 0.005600
712.000000 192.000000 0.005600
731.000000 192.000000 0.004400
768.000000 192.000000 0.004400
441.000000 193.000000 0.005600
795.000000 193.000000 0.005600
663.000000 194.000000 0.005600
425.000000 195.000000 0.006800
807.000000 195.000000 0.006400
835.000000 195.000000 0.005200
848.000000 195.000000 0.002800
859.000000 195.000000 0.006400
396.000000 196.000000 0.005600
415.000000 196.000000 0.007600
880.000000 196.000000 0.005600
905.000000 196.000000 0.006000
929.000000 196.000000 0.006400
376.000000 197.000000 0.005600
957.000000 197.000000 0.005600
997.000000 197.000000 0.005600
1125.000000 197.000000 0.006800
1022.000000 198.000000 0.005600
1035.000000 198.000000 0.004400
1052.000000 198.000000 0.004400
1093.000000 198.000000 0.005600
1106.000000 198.000000 0.004400
335.000000 199.000000 0.005600
978.000000 199.000000 0.004400
1069.000000 199.000000 0.005200
355.000000 200.000000 0.005200
258.000000 201.000000 0.006800
283.000000 201.000000 0.007600
214.000000 202.000000 0.005600
237.000000 202.000000 0.005600
311.000000 202.000000 0.005600
194.000000 203.000000 0.005600
139.000000 205.000000 0.005600
158.000000 205.000000 0.004400
174.000000 206.000000 0.004400
629.000000 219.000000 0.004800
644.000000 219.000000 0.003600
657.000000 219.000000 0.002800
685.000000 219.000000 0.004400
773.000000 219.000000 0.004800
829.000000 219.000000 0.004400
538.000000 220.000000 0.006400
609.000000 220.000000 0.004400
668.000000 220.000000 0.003600
751.000000 220.000000 0.005600
794.000000 220.000000 0.005600
812.000000 220.000000 0.004400
514.000000 221.000000 0.004400
701.000000 221.000000 0.004000
732.000000 221.000000 0.004400
842.000000 221.000000 0.002800
454.000000 222.000000 0.005600
475.000000 222.000000 0.005600
495.000000 222.000000 0.004800
556.000000 222.000000 0.004400
593.000000 222.000000 0.004400
855.000000 222.000000 0.004400
941.000000 222.000000 0.005600
577.000000 223.000000 0.005600
716.000000 223.000000 0.004400
895.000000 223.000000 0.005600
918.000000 223.000000 0.006000
427.000000 224.000000 0.006400
875.000000 224.000000 0.005600
959.000000 224.000000 0.004400
1093.000000 224.000000 0.005600
983.000000 225.000000 0.005600
1004.000000 225.000000 0.004800
1114.000000 225.000000 0.005600
1127.000000 225.000000 0.008000
406.000000 226.000000 0.006800
1020.000000 226.000000 0.002800
1035.000000 226.000000 0.005200
377.000000 227.000000 0.005600
1075.000000 227.000000 0.004400
351.000000 228.000000 0.005600
1057.000000 228.000000 0.005600
289.000000 229.000000 0.005600
312.000000 229.000000 0.005600
332.000000 229.000000 0.004800
189.000000 232.000000 0.006400
222.000000 232.000000 0.006800
141.000000 233.000000 0.005600
165.000000 233.000000 0.006400
241.000000 233.000000 0.004400
259.000000 233.000000 0.006400
643.000000 247.000000 0.006400
735.000000 248.000000 0.005200
492.000000 249.000000 0.006000
552.000000 249.000000 0.005600
603.000000 249.000000 0.005600
622.000000 249.000000 0.005600
775.000000 249.000000 0.005600
797.000000 249.000000 0.006800
821.000000 249.000000 0.004400
675.000000 250.000000 0.006400
696.000000 250.000000 0.005600
716.000000 250.000000 0.004400
754.000000 250.000000 0.004800
463.000000 251.000000 0.005600
577.000000 251.000000 0.005200
836.000000 251.000000 0.006800
512.000000 252.000000 0.004400
531.000000 252.000000 0.004800
860.000000 252.000000 0.006800
871.000000 252.000000 0.002800
982.000000 252.000000 0.005600
443.000000 253.000000 0.005200
892.000000 253.000000 0.004400
962.000000 253.000000 0.004400
1011.000000 253.000000 0.005200
427.000000 254.000000 0.005200
917.000000 254.000000 0.005600
945.000000 254.000000 0.005600
1036.000000 254.000000 0.006400
1052.000000 254.000000 0.004400
1071.000000 254.000000 0.006400
1096.000000 254.000000 0.004400
1112.000000 254.000000 0.004400
1125.000000 254.000000 0.007600
1026.000000 255.000000 0.004400
378.000000 256.000000 0.006000
400.000000 256.000000 0.006400
303.000000 257.000000 0.004400
318.000000 257.000000 0.004400
334.000000 258.000000 0.004400
354.000000 258.000000 0.005200
290.000000 259.000000 0.003600
187.000000 260.000000 0.006000
279.000000 260.000000 0.006800
162.000000 261.000000 0.005600
256.000000 261.000000 0.006000
142.000000 263.000000 0.006800
211.000000 264.000000 0.006400
234.000000 264.000000 0.005600
636.000000 277.000000 0.005600
647.000000 277.000000 0.004400
725.000000 277.000000 0.006400
739.000000 277.000000 0.004400
758.000000 277.000000 0.005200
775.000000 277.000000 0.004400
788.000000 277.000000 0.002800
802.000000 277.000000 0.004400
844.000000 277.000000 0.005600
865.000000 277.000000 0.005600
945.000000 277.000000 0.004800
477.000000 278.000000 0.005600
530.000000 278.000000 0.005200
576.000000 278.000000 0.006000
595.000000 278.000000 0.005600
680.000000 278.000000 0.004800
702.000000 278.000000 0.005600
822.000000 278.000000 0.005600
962.000000 278.000000 0.004800
441.000000 279.000000 0.005600
552.000000 279.000000 0.005600
616.000000 279.000000 0.005200
662.000000 279.000000 0.004400
888.000000 279.000000 0.006800
925.000000 279.000000 0.005600
1043.000000 279.000000 0.005200
502.000000 280.000000 0.006800
983.000000 280.000000 0.005200
1001.000000 280.000000 0.004800
1023.000000 280.000000 0.005600
1088.000000 280.000000 0.006000
421.000000 281.000000 0.004400
1064.000000 281.000000 0.004400
1106.000000 281.000000 0.005600
1123.000000 281.000000 0.004800
313.000000 282.000000 0.005200
337.000000 282.000000 0.005600
382.000000 283.000000 0.006400
400.000000 283.000000 0.005600
358.000000 284.000000 0.004800
294.000000 285.000000 0.004400
265.000000 287.000000 0.007600
239.000000 291.000000 0.006400
211.000000 293.000000 0.005600
196.000000 294.000000 0.004000
153.000000 295.000000 0.003600
164.000000 295.000000 0.004400
140.000000 296.000000 0.007200
180.000000 296.000000 0.004400
636.000000 304.000000 0.004800
752.000000 305.000000 0.005600
861.000000 305.000000 0.005600
532.000000 306.000000 0.006800
653.000000 306.000000 0.004400
735.000000 306.000000 0.004400
777.000000 306.000000 0.005600
797.000000 306.000000 0.004800
815.000000 306.000000 0.005200
880.000000 306.000000 0.004400
900.000000 306.000000 0.005200
554.000000 307.000000 0.005600
582.000000 307.000000 0.005600
618.000000 307.000000 0.004400
670.000000 307.000000 0.004800
689.000000 307.000000 0.005600
714.000000 307.000000 0.005600
838.000000 307.000000 0.005600
920.000000 307.000000 0.005600
1027.000000 307.000000 0.005600
1043.000000 307.000000 0.004400
1062.000000 307.000000 0.004400
1080.000000 307.000000 0.004400
1100.000000 307.000000 0.004800
446.000000 308.000000 0.003600
602.000000 308.000000 0.004400
989.000000 308.000000 0.004400
1005.000000 308.000000 0.004400
1122.000000 308.000000 0.006000
433.000000 309.000000 0.002800
460.000000 309.000000 0.003600
404.000000 310.000000 0.005600
473.000000 310.000000 0.007600
497.000000 310.000000 0.006800
941.000000 310.000000 0.004400
968.000000 310.000000 0.005600
357.000000 311.000000 0.004400
376.000000 311.000000 0.005600
419.000000 311.000000 0.004400
311.000000 312.000000 0.004400
326.000000 312.000000 0.005600
344.000000 312.000000 0.005600
956.000000 312.000000 0.004400
286.000000 315.000000 0.006000
235.000000 316.000000 0.006800
264.000000 316.000000 0.005600
210.000000 321.000000 0.006400
185.000000 322.000000 0.004800
167.000000 324.000000 0.004400
143.000000 325.000000 0.006800
995.000000 331.000000 0.004000
800.000000 332.000000 0.005600
870.000000 332.000000 0.006400
973.000000 332.000000 0.004400
1012.000000 332.000000 0.004400
1029.000000 332.000000 0.004400
1062.000000 332.000000 0.005600
670.000000 333.000000 0.005600
826.000000 333.000000 0.005600
847.000000 333.000000 0.006000
891.000000 333.000000 0.006400
1126.000000 333.000000 0.005600
535.000000 334.000000 0.005600
1041.000000 334.000000 0.004400
1082.000000 334.000000 0.005600
560.000000 335.000000 0.006800
738.000000 335.000000 0.005600
781.000000 335.000000 0.004400
946.000000 335.000000 0.004400
689.000000 336.000000 0.005600
761.000000 336.000000 0.005600
514.000000 337.000000 0.004400
650.000000 337.000000 0.004400
717.000000 337.000000 0.005600
1108.000000 337.000000 0.006800
475.000000 338.000000 0.005600
497.000000 338.000000 0.004800
605.000000 338.000000 0.004400
618.000000 338.000000 0.002800
387.000000 339.000000 0.005600
421.000000 339.000000 0.006800
451.000000 339.000000 0.005600
587.000000 339.000000 0.005600
928.000000 339.000000 0.005600
407.000000 340.000000 0.004400
367.000000 341.000000 0.004400
326.000000 342.000000 0.005600
348.000000 342.000000 0.005600
305.000000 343.000000 0.005600
284.000000 344.000000 0.004800
269.000000 346.000000 0.004400
246.000000 348.000000 0.005600
217.000000 350.000000 0.006800
173.000000 351.000000 0.005600
194.000000 352.000000 0.005600
146.000000 353.000000 0.006400
972.000000 360.000000 0.006800
1011.000000 360.000000 0.005600
993.000000 361.000000 0.005600
1042.000000 361.000000 0.006800
1065.000000 361.000000 0.005600
925.000000 362.000000 0.006800
946.000000 362.000000 0.005600
1085.000000 362.000000 0.004400
1122.000000 362.000000 0.005600
1104.000000 363.000000 0.004400
556.000000 364.000000 0.005600
617.000000 364.000000 0.005600
674.000000 364.000000 0.005600
852.000000 364.000000 0.005600
874.000000 364.000000 0.005600
894.000000 364.000000 0.005600
466.000000 365.000000 0.004400
534.000000 365.000000 0.005600
647.000000 365.000000 0.006800
695.000000 365.000000 0.004800
796.000000 365.000000 0.006800
822.000000 365.000000 0.005600
837.000000 365.000000 0.003600
489.000000 366.000000 0.006400
512.000000 366.000000 0.006400
577.000000 366.000000 0.005600
598.000000 366.000000 0.004400
721.000000 366.000000 0.007200
772.000000 366.000000 0.006400
427.000000 367.000000 0.005600
451.000000 367.000000 0.005600
748.000000 367.000000 0.006400
323.000000 371.000000 0.005600
340.000000 372.000000 0.004400
359.000000 372.000000 0.005600
383.000000 373.000000 0.005600
405.000000 373.000000 0.005600
252.000000 375.000000 0.005600
277.000000 375.000000 0.005600
300.000000 376.000000 0.006400
233.000000 377.000000 0.004400
146.000000 379.000000 0.005600
168.000000 379.000000 0.005600
213.000000 379.000000 0.005600
192.000000 380.000000 0.005200
1022.000000 392.000000 0.003600
1001.000000 394.000000 0.006800
615.000000 395.000000 0.002800
626.000000 395.000000 0.004400
680.000000 395.000000 0.004400
1034.000000 395.000000 0.003600
1113.000000 395.000000 0.002800
1125.000000 395.000000 0.004400
1142.000000 395.000000 0.010000
500.000000 396.000000 0.003600
538.000000 396.000000 0.005600
575.000000 396.000000 0.005600
595.000000 396.000000 0.006400
787.000000 396.000000 0.005600
913.000000 396.000000 0.006400
1046.000000 396.000000 0.002800
1058.000000 396.000000 0.007600
1078.000000 396.000000 0.004400
1093.000000 396.000000 0.006800
557.000000 397.000000 0.004400
641.000000 397.000000 0.004400
759.000000 397.000000 0.007600
857.000000 397.000000 0.003600
891.000000 397.000000 0.005600
942.000000 397.000000 0.005600
973.000000 397.000000 0.008000
662.000000 398.000000 0.005600
737.000000 398.000000 0.005600
772.000000 398.000000 0.002800
810.000000 398.000000 0.006800
834.000000 398.000000 0.003600
870.000000 398.000000 0.008000
960.000000 398.000000 0.004400
420.000000 399.000000 0.005600
460.000000 399.000000 0.005200
480.000000 399.000000 0.006000
516.000000 399.000000 0.005600
703.000000 399.000000 0.011200
720.000000 399.000000 0.004400
441.000000 400.000000 0.005600
372.000000 403.000000 0.005600
395.000000 403.000000 0.006400
237.000000 404.000000 0.007600
267.000000 404.000000 0.006400
349.000000 404.000000 0.005600
142.000000 405.000000 0.005600
167.000000 405.000000 0.005200
188.000000 405.000000 0.005200
211.000000 405.000000 0.005600
321.000000 405.000000 0.006400
292.000000 406.000000 0.007600
1166.000000 424.000000 0.006400
1206.000000 425.000000 0.004400
1188.000000 426.000000 0.005600
1224.000000 427.000000 0.005200
