0.157600 0.042400 0.000011
0.206400 0.044000 0.000010
0.224800 0.044000 0.000005
0.177600 0.044800 0.000005
0.247200 0.045600 0.000007
0.266400 0.045600 0.000012
0.836000 0.056000 0.000008
0.856800 0.056000 0.000011
0.120000 0.081600 0.000004
0.159200 0.081600 0.000005
0.140800 0.082400 0.000005
0.184800 0.082400 0.000005
0.201600 0.082400 0.000004
0.215200 0.083200 0.000004
0.105600 0.084000 0.000005
0.248800 0.084000 0.000004
0.260800 0.084000 0.000004
0.325600 0.084000 0.000004
0.342400 0.084000 0.000004
0.231200 0.084800 0.000005
0.276800 0.084800 0.000004
0.308800 0.084800 0.000004
0.293600 0.085600 0.000004
0.361600 0.085600 0.000005
0.520800 0.085600 0.000004
0.446400 0.086400 0.000004
0.491200 0.086400 0.000004
0.536800 0.086400 0.000004
0.552800 0.086400 0.000004
0.570400 0.086400 0.000004
0.382400 0.087200 0.000004
0.418400 0.087200 0.000004
0.460800 0.087200 0.000004
0.476000 0.087200 0.000004
0.506400 0.087200 0.000004
0.582400 0.087200 0.000007
0.433600 0.088000 0.000004
0.603200 0.088000 0.000004
0.618400 0.088000 0.000004
0.400800 0.088800 0.000004
0.764000 0.088800 0.000004
0.652800 0.089600 0.000004
0.672800 0.089600 0.000005
0.690400 0.089600 0.000004
0.749600 0.089600 0.000002
0.779200 0.089600 0.000004
0.845600 0.089600 0.000004
0.637600 0.090400 0.000004
0.705600 0.090400 0.000004
0.739200 0.090400 0.000004
0.811200 0.090400 0.000004
0.824000 0.090400 0.000005
0.862400 0.090400 0.000004
0.880800 0.090400 0.000005
0.721600 0.091200 0.000005
0.795200 0.092000 0.000004
0.180800 0.104800 0.000004
0.108800 0.105600 0.000005
0.138400 0.105600 0.000003
0.151200 0.105600 0.000004
0.165600 0.105600 0.000004
0.127200 0.106400 0.000004
0.198400 0.106400 0.000004
0.216000 0.106400 0.000004
0.232000 0.106400 0.000004
0.248000 0.106400 0.000004
0.324800 0.106400 0.000004
0.267200 0.107200 0.000004
0.283200 0.107200 0.000004
0.309600 0.107200 0.000004
0.339200 0.107200 0.000004
0.357600 0.107200 0.000005
0.377600 0.107200 0.000004
0.394400 0.107200 0.000004
0.414400 0.107200 0.000004
0.532000 0.107200 0.000004
0.564800 0.107200 0.000004
0.296800 0.108000 0.000004
0.443200 0.108000 0.000003
0.547200 0.108000 0.000004
0.455200 0.108800 0.000004
0.581600 0.108800 0.000004
0.431200 0.109600 0.000004
0.472000 0.109600 0.000005
0.515200 0.109600 0.000004
0.612000 0.110400 0.000005
0.628800 0.110400 0.000004
0.484800 0.111200 0.000004
0.501600 0.111200 0.000004
0.748000 0.112000 0.000005
0.649600 0.112800 0.000005
0.734400 0.112800 0.000005
0.806400 0.112800 0.000004
0.817600 0.112800 0.000002
0.841600 0.112800 0.000004
0.852800 0.112800 0.000004
0.708800 0.113600 0.000005
0.770400 0.113600 0.000004
0.784800 0.113600 0.000004
0.829600 0.113600 0.000004
0.871200 0.113600 0.000005
0.670400 0.114400 0.000004
0.689600 0.114400 0.000004
0.884000 0.116000 0.000004
0.243200 0.127200 0.000004
0.212800 0.128000 0.000004
0.227200 0.128000 0.000004
0.288800 0.128000 0.000004
0.260000 0.128800 0.000004
0.274400 0.128800 0.000004
0.332800 0.128800 0.000005
0.176800 0.129600 0.000004
0.194400 0.129600 0.000004
0.118400 0.130400 0.000004
0.140000 0.130400 0.000005
0.160800 0.130400 0.000004
0.311200 0.130400 0.000004
0.355200 0.130400 0.000005
0.396800 0.130400 0.000004
0.375200 0.131200 0.000006
0.408000 0.131200 0.000003
0.426400 0.131200 0.000004
0.525600 0.131200 0.000005
0.105600 0.132000 0.000004
0.460000 0.132000 0.000004
0.540000 0.132000 0.000004
0.571200 0.132000 0.000004
0.443200 0.132800 0.000004
0.479200 0.132800 0.000005
0.500800 0.132800 0.000005
0.556000 0.132800 0.000004
0.606400 0.132800 0.000005
0.629600 0.132800 0.000004
0.668800 0.132800 0.000005
0.588000 0.133600 0.000004
0.650400 0.133600 0.000004
0.686400 0.133600 0.000003
0.699200 0.134400 0.000004
0.711200 0.134400 0.000003
0.733600 0.134400 0.000004
0.748800 0.135200 0.000004
0.877600 0.136000 0.000005
0.860800 0.136800 0.000004
0.764000 0.137600 0.000004
0.781600 0.137600 0.000004
0.795200 0.138400 0.000005
0.817600 0.138400 0.000004
0.849600 0.138400 0.000007
0.829600 0.139200 0.000004
0.176000 0.152000 0.000005
0.253600 0.152000 0.000004
0.292800 0.152000 0.000004
0.304800 0.152000 0.000004
0.344000 0.152000 0.000004
0.204800 0.152800 0.000005
0.238400 0.152800 0.000004
0.272800 0.152800 0.000004
0.325600 0.152800 0.000004
0.104000 0.153600 0.000004
0.116800 0.153600 0.000005
0.139200 0.153600 0.000004
0.159200 0.153600 0.000004
0.360800 0.153600 0.000005
0.384000 0.153600 0.000004
0.406400 0.153600 0.000005
0.425600 0.153600 0.000005
0.224000 0.154400 0.000004
0.548000 0.154400 0.000004
0.449600 0.156000 0.000004
0.496800 0.156000 0.000004
0.513600 0.156000 0.000004
0.530400 0.156000 0.000004
0.566400 0.156000 0.000004
0.597600 0.156000 0.000003
0.608800 0.156000 0.000002
0.620800 0.156000 0.000004
0.579200 0.156800 0.000005
0.636800 0.156800 0.000004
0.669600 0.156800 0.000004
0.685600 0.156800 0.000004
0.704800 0.156800 0.000004
0.464000 0.157600 0.000004
0.652000 0.157600 0.000004
0.479200 0.158400 0.000004
0.721600 0.158400 0.000005
0.741600 0.159200 0.000004
0.753600 0.159200 0.000004
0.880800 0.159200 0.000005
0.768800 0.160000 0.000004
0.781600 0.160000 0.000004
0.824000 0.160000 0.000004
0.863200 0.160800 0.000005
0.793600 0.161600 0.000004
0.808000 0.162400 0.000004
0.840800 0.162400 0.000004
0.198400 0.175200 0.000004
0.268800 0.176000 0.000004
0.317600 0.176000 0.000004
0.186400 0.176800 0.000003
0.283200 0.176800 0.000005
0.300800 0.176800 0.000004
0.161600 0.177600 0.000004
0.173600 0.177600 0.000004
0.215200 0.177600 0.000004
0.230400 0.177600 0.000004
0.248000 0.177600 0.000005
0.334400 0.177600 0.000004
0.348000 0.177600 0.000004
0.364800 0.177600 0.000004
0.415200 0.177600 0.000003
0.427200 0.177600 0.000004
0.445600 0.177600 0.000004
0.136000 0.178400 0.000002
0.380800 0.178400 0.000004
0.402400 0.179200 0.000004
0.493600 0.179200 0.000004
0.109600 0.180000 0.000005
0.125600 0.180000 0.000006
0.151200 0.180000 0.000007
0.463200 0.180000 0.000004
0.477600 0.180000 0.000004
0.608000 0.180000 0.000002
0.508000 0.180800 0.000004
0.522400 0.180800 0.000004
0.598400 0.180800 0.000003
0.541600 0.181600 0.000005
0.555200 0.181600 0.000004
0.569600 0.181600 0.000004
0.588800 0.181600 0.000006
0.630400 0.181600 0.000004
0.644800 0.181600 0.000004
0.668800 0.181600 0.000004
0.686400 0.181600 0.000004
0.616000 0.182400 0.000005
0.653600 0.182400 0.000006
0.764000 0.182400 0.000005
0.881600 0.182400 0.000005
0.702400 0.183200 0.000004
0.718400 0.183200 0.000004
0.734400 0.183200 0.000004
0.747200 0.183200 0.000004
0.773600 0.183200 0.000005
0.789600 0.183200 0.000003
0.798400 0.183200 0.000002
0.823200 0.183200 0.000004
0.835200 0.183200 0.000004
0.861600 0.183200 0.000004
0.810400 0.184000 0.000004
0.848800 0.184000 0.000003
0.172800 0.200800 0.000004
0.244000 0.200800 0.000005
0.300000 0.200800 0.000005
0.320000 0.200800 0.000005
0.340800 0.200800 0.000005
0.188800 0.201600 0.000004
0.204800 0.201600 0.000004
0.227200 0.201600 0.000004
0.362400 0.201600 0.000005
0.430400 0.201600 0.000005
0.148800 0.202400 0.000004
0.216000 0.202400 0.000002
0.276800 0.202400 0.000004
0.444800 0.202400 0.000004
0.131200 0.203200 0.000005
0.262400 0.203200 0.000004
0.409600 0.203200 0.000004
0.463200 0.203200 0.000004
0.107200 0.204000 0.000006
0.388800 0.204000 0.000005
0.482400 0.204800 0.000004
0.496000 0.205600 0.000004
0.568800 0.205600 0.000005
0.516000 0.206400 0.000005
0.547200 0.206400 0.000005
0.589600 0.206400 0.000004
0.605600 0.206400 0.000004
0.619200 0.206400 0.000006
0.628800 0.206400 0.000004
0.722400 0.206400 0.000004
0.736800 0.206400 0.000004
0.784800 0.206400 0.000005
0.533600 0.207200 0.000004
0.641600 0.207200 0.000004
0.808800 0.207200 0.000005
0.869600 0.207200 0.000004
0.766400 0.208000 0.000004
0.884800 0.208000 0.000005
0.658400 0.208800 0.000004
0.704800 0.208800 0.000004
0.752800 0.208800 0.000004
0.852800 0.208800 0.000005
0.829600 0.209600 0.000005
0.674400 0.211200 0.000004
0.690400 0.211200 0.000004
0.200800 0.224800 0.000006
0.352000 0.224800 0.000007
0.180800 0.225600 0.000005
0.224000 0.225600 0.000004
0.328000 0.225600 0.000004
0.145600 0.226400 0.000005
0.297600 0.226400 0.000004
0.312800 0.226400 0.000004
0.368800 0.226400 0.000004
0.535200 0.226400 0.000004
0.166400 0.227200 0.000004
0.238400 0.227200 0.000004
0.248000 0.227200 0.000003
0.258400 0.227200 0.000004
0.272000 0.227200 0.000004
0.286400 0.227200 0.000004
0.341600 0.227200 0.000004
0.381600 0.227200 0.000004
0.402400 0.227200 0.000005
0.116800 0.228000 0.000004
0.128800 0.228000 0.000004
0.555200 0.228000 0.000005
0.603200 0.228000 0.000004
0.616800 0.228000 0.000004
0.632000 0.228000 0.000004
0.456800 0.228800 0.000004
0.473600 0.228800 0.000005
0.503200 0.228800 0.000004
0.582400 0.228800 0.000005
0.657600 0.228800 0.000004
0.102400 0.229600 0.000005
0.443200 0.229600 0.000004
0.521600 0.229600 0.000004
0.719200 0.229600 0.000004
0.423200 0.230400 0.000005
0.645600 0.230400 0.000003
0.674400 0.230400 0.000004
0.732000 0.230400 0.000004
0.685600 0.231200 0.000004
0.700800 0.231200 0.000004
0.488000 0.232000 0.000004
0.752000 0.232800 0.000005
0.879200 0.232800 0.000006
0.768800 0.233600 0.000005
0.789600 0.233600 0.000004
0.819200 0.233600 0.000004
0.840000 0.233600 0.000005
0.859200 0.233600 0.000004
0.805600 0.234400 0.000004
0.225600 0.248000 0.000003
0.344800 0.248000 0.000004
0.200800 0.248800 0.000004
0.215200 0.248800 0.000004
0.303200 0.248800 0.000004
0.153600 0.249600 0.000004
0.239200 0.249600 0.000004
0.257600 0.249600 0.000005
0.284000 0.249600 0.000004
0.557600 0.249600 0.000005
0.168000 0.250400 0.000004
0.184800 0.250400 0.000004
0.320000 0.250400 0.000005
0.370400 0.250400 0.000005
0.132000 0.251200 0.000005
0.389600 0.251200 0.000004
0.540800 0.251200 0.000005
0.583200 0.251200 0.000004
0.404800 0.252000 0.000004
0.522400 0.252000 0.000005
0.602400 0.252000 0.000004
0.420800 0.252800 0.000004
0.435200 0.252800 0.000004
0.450400 0.252800 0.000004
0.468000 0.252800 0.000004
0.484000 0.252800 0.000004
0.632000 0.252800 0.000004
0.704000 0.252800 0.000004
0.108000 0.253600 0.000005
0.617600 0.253600 0.000004
0.647200 0.253600 0.000004
0.672000 0.253600 0.000004
0.506400 0.254400 0.000004
0.657600 0.254400 0.000004
0.687200 0.254400 0.000004
0.777600 0.255200 0.000004
0.720800 0.256000 0.000004
0.746400 0.256000 0.000002
0.924800 0.256000 0.000006
0.736800 0.257600 0.000004
0.830400 0.257600 0.000005
0.764000 0.258400 0.000003
0.792000 0.258400 0.000005
0.812800 0.258400 0.000005
0.848000 0.259200 0.000004
0.866400 0.259200 0.000005
0.884800 0.260000 0.000004
0.298400 0.272800 0.000004
0.348800 0.272800 0.000004
0.241600 0.273600 0.000004
0.372800 0.273600 0.000004
0.108800 0.274400 0.000005
0.197600 0.274400 0.000003
0.224000 0.274400 0.000004
0.254400 0.274400 0.000004
0.267200 0.274400 0.000004
0.280800 0.274400 0.000004
0.312800 0.274400 0.000004
0.328000 0.274400 0.000005
0.429600 0.274400 0.000004
0.564000 0.274400 0.000004
0.580000 0.274400 0.000004
0.126400 0.275200 0.000004
0.136000 0.275200 0.000004
0.179200 0.275200 0.000005
0.207200 0.275200 0.000006
0.450400 0.275200 0.000006
0.525600 0.275200 0.000005
0.148800 0.276000 0.000004
0.162400 0.276000 0.000005
0.410400 0.276000 0.000005
0.493600 0.276000 0.000004
0.597600 0.276000 0.000004
0.472000 0.276800 0.000004
0.548000 0.276800 0.000005
0.660800 0.276800 0.000004
0.673600 0.276800 0.000004
0.391200 0.277600 0.000005
0.612800 0.277600 0.000004
0.692000 0.277600 0.000004
0.507200 0.278400 0.000004
0.648000 0.278400 0.000004
0.708000 0.278400 0.000004
0.725600 0.278400 0.000004
0.761600 0.278400 0.000005
0.741600 0.279200 0.000005
0.630400 0.280000 0.000005
0.782400 0.280800 0.000004
0.813600 0.281600 0.000005
0.798400 0.282400 0.000004
0.888000 0.282400 0.000005
0.832800 0.283200 0.000004
0.845600 0.283200 0.000004
0.859200 0.284000 0.000004
0.873600 0.284800 0.000004
0.252000 0.297600 0.000004
0.366400 0.297600 0.000005
0.327200 0.298400 0.000004
0.452000 0.298400 0.000004
0.508800 0.298400 0.000004
0.107200 0.299200 0.000005
0.142400 0.299200 0.000004
0.155200 0.299200 0.000004
0.208000 0.299200 0.000004
0.219200 0.299200 0.000004
0.266400 0.299200 0.000004
0.283200 0.299200 0.000004
0.297600 0.299200 0.000004
0.488000 0.299200 0.000005
0.524000 0.299200 0.000004
0.127200 0.300000 0.000004
0.172800 0.300000 0.000004
0.187200 0.300000 0.000004
0.237600 0.300000 0.000005
0.311200 0.300000 0.000004
0.468800 0.300000 0.000004
0.548800 0.300000 0.000004
0.560800 0.300000 0.000004
0.612000 0.300000 0.000004
0.664800 0.300000 0.000004
0.348000 0.300800 0.000005
0.385600 0.300800 0.000004
0.437600 0.300800 0.000004
0.588800 0.300800 0.000004
0.600000 0.300800 0.000004
0.631200 0.300800 0.000004
0.647200 0.300800 0.000004
0.404000 0.301600 0.000005
0.578400 0.301600 0.000005
0.682400 0.301600 0.000004
0.754400 0.301600 0.000003
0.696800 0.302400 0.000004
0.766400 0.302400 0.000004
0.780000 0.302400 0.000004
0.422400 0.303200 0.000004
0.735200 0.303200 0.000005
0.798400 0.303200 0.000004
0.812000 0.303200 0.000004
0.715200 0.304000 0.000005
0.829600 0.304800 0.000004
0.857600 0.304800 0.000004
0.844000 0.305600 0.000004
0.882400 0.307200 0.000005
0.105600 0.320000 0.000006
0.476800 0.320800 0.000004
0.132000 0.321600 0.000005
0.153600 0.321600 0.000005
0.192000 0.321600 0.000005
0.312800 0.321600 0.000005
0.463200 0.321600 0.000004
0.170400 0.322400 0.000004
0.218400 0.322400 0.000005
0.588000 0.322400 0.000005
0.255200 0.323200 0.000006
0.276800 0.323200 0.000004
0.293600 0.323200 0.000004
0.331200 0.323200 0.000005
0.373600 0.323200 0.000004
0.387200 0.323200 0.000006
0.406400 0.323200 0.000004
0.449600 0.323200 0.000004
0.508800 0.323200 0.000004
0.528800 0.323200 0.000005
0.238400 0.324000 0.000005
0.356000 0.324000 0.000005
0.608000 0.324000 0.000004
0.680000 0.324000 0.000004
0.570400 0.324800 0.000005
0.623200 0.324800 0.000004
0.663200 0.324800 0.000004
0.492800 0.325600 0.000004
0.639200 0.325600 0.000004
0.651200 0.325600 0.000004
0.697600 0.325600 0.000004
0.712000 0.325600 0.000005
0.426400 0.326400 0.000005
0.548800 0.326400 0.000005
0.730400 0.327200 0.000004
0.776000 0.327200 0.000004
0.743200 0.328000 0.000004
0.790400 0.328000 0.000004
0.757600 0.328800 0.000004
0.804800 0.329600 0.000004
0.817600 0.330400 0.000004
0.888000 0.330400 0.000006
0.831200 0.331200 0.000004
0.845600 0.331200 0.000004
0.864000 0.331200 0.000005
