298.000000 65.000000 0.005600
191.000000 66.000000 0.014800
276.000000 66.000000 0.005600
218.000000 67.000000 0.006800
254.000000 67.000000 0.013200
318.000000 67.000000 0.012400
1063.000000 74.000000 0.013200
1081.000000 81.000000 0.013200
308.000000 113.000000 0.005600
285.000000 115.000000 0.005600
330.000000 115.000000 0.005600
533.000000 116.000000 0.004400
588.000000 116.000000 0.005600
645.000000 116.000000 0.005200
694.000000 116.000000 0.002400
750.000000 116.000000 0.005600
794.000000 116.000000 0.006400
817.000000 116.000000 0.004400
264.000000 117.000000 0.005200
393.000000 117.000000 0.004400
606.000000 117.000000 0.005600
664.000000 117.000000 0.006400
704.000000 117.000000 0.002800
733.000000 117.000000 0.006000
777.000000 117.000000 0.005600
128.000000 118.000000 0.006800
151.000000 118.000000 0.006400
170.000000 118.000000 0.005600
192.000000 118.000000 0.005600
211.000000 118.000000 0.005600
231.000000 118.000000 0.003600
245.000000 118.000000 0.004400
419.000000 118.000000 0.008000
444.000000 118.000000 0.006800
461.000000 118.000000 0.004400
477.000000 118.000000 0.006800
551.000000 118.000000 0.004400
627.000000 118.000000 0.005600
722.000000 118.000000 0.002400
767.000000 118.000000 0.008400
834.000000 118.000000 0.004400
856.000000 118.000000 0.006000
350.000000 119.000000 0.005600
379.000000 119.000000 0.003600
368.000000 120.000000 0.006800
567.000000 120.000000 0.004800
497.000000 121.000000 0.002800
1060.000000 121.000000 0.005600
877.000000 122.000000 0.006800
904.000000 122.000000 0.004400
940.000000 122.000000 0.006400
968.000000 122.000000 0.006800
1080.000000 122.000000 0.005200
1097.000000 122.000000 0.005600
1009.000000 123.000000 0.004400
1021.000000 123.000000 0.005600
1118.000000 123.000000 0.007600
919.000000 124.000000 0.004400
1039.000000 124.000000 0.004400
991.000000 125.000000 0.005600
302.000000 142.000000 0.004400
128.000000 143.000000 0.006400
323.000000 143.000000 0.005600
175.000000 144.000000 0.005200
197.000000 144.000000 0.005200
218.000000 144.000000 0.005200
263.000000 144.000000 0.005600
285.000000 144.000000 0.004400
149.000000 145.000000 0.006400
663.000000 145.000000 0.004400
239.000000 146.000000 0.005600
342.000000 146.000000 0.006000
682.000000 146.000000 0.005200
701.000000 146.000000 0.004400
364.000000 147.000000 0.005600
427.000000 147.000000 0.007600
438.000000 147.000000 0.004400
451.000000 147.000000 0.002800
476.000000 147.000000 0.005600
805.000000 147.000000 0.005600
382.000000 148.000000 0.002800
410.000000 148.000000 0.005600
497.000000 148.000000 0.004400
515.000000 148.000000 0.005600
586.000000 148.000000 0.005600
604.000000 148.000000 0.006400
646.000000 148.000000 0.004400
718.000000 148.000000 0.004400
759.000000 148.000000 0.005200
828.000000 148.000000 0.006000
400.000000 149.000000 0.002400
538.000000 149.000000 0.006800
567.000000 149.000000 0.005600
733.000000 149.000000 0.006800
776.000000 149.000000 0.004400
787.000000 149.000000 0.002800
845.000000 150.000000 0.004400
628.000000 151.000000 0.004400
900.000000 151.000000 0.005600
1043.000000 151.000000 0.004800
879.000000 152.000000 0.004400
922.000000 152.000000 0.006400
945.000000 152.000000 0.004000
966.000000 152.000000 0.006800
977.000000 152.000000 0.003600
992.000000 152.000000 0.004400
1024.000000 152.000000 0.004400
1063.000000 152.000000 0.005600
1085.000000 152.000000 0.005200
1010.000000 153.000000 0.004400
1102.000000 153.000000 0.004400
861.000000 154.000000 0.004400
1118.000000 154.000000 0.004400
1133.000000 154.000000 0.009200
97.000000 171.000000 0.006800
186.000000 171.000000 0.005600
204.000000 171.000000 0.004400
232.000000 171.000000 0.006400
162.000000 172.000000 0.005600
258.000000 172.000000 0.006800
77.000000 173.000000 0.012400
290.000000 173.000000 0.005600
315.000000 173.000000 0.006400
134.000000 174.000000 0.007200
335.000000 175.000000 0.004400
406.000000 175.000000 0.005600
668.000000 175.000000 0.006000
686.000000 176.000000 0.006400
707.000000 176.000000 0.005600
753.000000 176.000000 0.004000
350.000000 177.000000 0.004400
443.000000 177.000000 0.004400
722.000000 177.000000 0.004400
738.000000 177.000000 0.004400
769.000000 177.000000 0.004400
426.000000 178.000000 0.005200
785.000000 178.000000 0.005600
388.000000 179.000000 0.005600
462.000000 179.000000 0.005600
504.000000 179.000000 0.003600
516.000000 179.000000 0.002800
585.000000 179.000000 0.004400
627.000000 179.000000 0.003600
806.000000 179.000000 0.004400
821.000000 179.000000 0.005600
838.000000 179.000000 0.002800
858.000000 179.000000 0.005600
927.000000 179.000000 0.005600
1026.000000 179.000000 0.002800
368.000000 180.000000 0.005600
482.000000 180.000000 0.006400
537.000000 180.000000 0.004000
572.000000 180.000000 0.004000
603.000000 180.000000 0.006800
645.000000 180.000000 0.004800
878.000000 180.000000 0.005200
896.000000 180.000000 0.004400
909.000000 180.000000 0.004400
970.000000 180.000000 0.005600
1002.000000 180.000000 0.004400
1014.000000 180.000000 0.002800
1064.000000 180.000000 0.002800
550.000000 181.000000 0.006800
951.000000 181.000000 0.004800
1053.000000 181.000000 0.003600
1085.000000 181.000000 0.006400
983.000000 182.000000 0.006800
1103.000000 182.000000 0.004400
1121.000000 183.000000 0.005600
178.000000 202.000000 0.006400
224.000000 202.000000 0.005600
129.000000 203.000000 0.006400
151.000000 203.000000 0.005600
202.000000 203.000000 0.005600
246.000000 203.000000 0.005600
271.000000 204.000000 0.006400
339.000000 204.000000 0.006800
324.000000 205.000000 0.004400
725.000000 205.000000 0.006000
293.000000 206.000000 0.006400
749.000000 206.000000 0.005600
767.000000 206.000000 0.004400
311.000000 207.000000 0.004000
459.000000 207.000000 0.006800
648.000000 207.000000 0.005600
670.000000 207.000000 0.005600
698.000000 207.000000 0.006400
782.000000 207.000000 0.002800
795.000000 208.000000 0.004400
810.000000 208.000000 0.004400
851.000000 208.000000 0.002800
374.000000 209.000000 0.005600
419.000000 209.000000 0.005600
438.000000 209.000000 0.005600
524.000000 209.000000 0.004400
618.000000 209.000000 0.004400
1069.000000 209.000000 0.005600
1095.000000 209.000000 0.006400
403.000000 210.000000 0.005600
486.000000 210.000000 0.004400
508.000000 210.000000 0.005600
547.000000 210.000000 0.006000
827.000000 210.000000 0.004400
967.000000 210.000000 0.004400
1048.000000 210.000000 0.005600
565.000000 211.000000 0.006400
587.000000 211.000000 0.004400
603.000000 211.000000 0.004400
920.000000 211.000000 0.004400
936.000000 211.000000 0.004400
953.000000 211.000000 0.004400
1012.000000 211.000000 0.004400
1027.000000 211.000000 0.004400
472.000000 212.000000 0.008000
879.000000 212.000000 0.005600
906.000000 212.000000 0.008400
1122.000000 212.000000 0.006400
988.000000 213.000000 0.006800
224.000000 232.000000 0.006400
310.000000 233.000000 0.006800
135.000000 234.000000 0.008400
181.000000 234.000000 0.005600
202.000000 234.000000 0.005600
157.000000 235.000000 0.005600
496.000000 235.000000 0.005600
398.000000 236.000000 0.006800
410.000000 236.000000 0.006800
477.000000 236.000000 0.005200
519.000000 236.000000 0.006400
248.000000 237.000000 0.005600
270.000000 237.000000 0.005600
359.000000 237.000000 0.004400
373.000000 237.000000 0.002800
430.000000 237.000000 0.005600
454.000000 237.000000 0.006000
338.000000 238.000000 0.005600
545.000000 238.000000 0.004400
567.000000 238.000000 0.005600
582.000000 238.000000 0.004400
608.000000 239.000000 0.006400
683.000000 239.000000 0.006400
834.000000 239.000000 0.004000
1061.000000 239.000000 0.005600
625.000000 240.000000 0.004400
660.000000 240.000000 0.004400
705.000000 240.000000 0.005600
849.000000 240.000000 0.004400
1084.000000 240.000000 0.006400
1114.000000 240.000000 0.004000
1129.000000 240.000000 0.008400
749.000000 241.000000 0.005600
767.000000 241.000000 0.004400
970.000000 241.000000 0.006800
1101.000000 241.000000 0.004400
643.000000 242.000000 0.004400
727.000000 242.000000 0.005600
783.000000 242.000000 0.004400
802.000000 242.000000 0.005600
870.000000 242.000000 0.006800
898.000000 242.000000 0.005200
1043.000000 242.000000 0.004800
819.000000 243.000000 0.004400
919.000000 243.000000 0.005600
940.000000 243.000000 0.004400
953.000000 243.000000 0.004400
999.000000 243.000000 0.006800
1023.000000 243.000000 0.006400
133.000000 265.000000 0.007600
164.000000 266.000000 0.006400
382.000000 266.000000 0.004400
442.000000 266.000000 0.005600
460.000000 266.000000 0.005600
547.000000 266.000000 0.004800
588.000000 266.000000 0.005600
601.000000 266.000000 0.003600
188.000000 267.000000 0.005600
209.000000 267.000000 0.005600
234.000000 267.000000 0.005600
251.000000 267.000000 0.005200
297.000000 267.000000 0.005600
336.000000 267.000000 0.002800
347.000000 267.000000 0.008400
363.000000 267.000000 0.005600
397.000000 267.000000 0.004400
521.000000 267.000000 0.006400
566.000000 267.000000 0.005600
281.000000 268.000000 0.008400
319.000000 268.000000 0.005600
419.000000 268.000000 0.006400
473.000000 268.000000 0.006800
497.000000 268.000000 0.006400
620.000000 269.000000 0.005600
679.000000 270.000000 0.005600
700.000000 270.000000 0.004400
831.000000 270.000000 0.005200
900.000000 270.000000 0.002800
642.000000 271.000000 0.005200
660.000000 271.000000 0.004400
719.000000 271.000000 0.004400
847.000000 271.000000 0.004400
865.000000 271.000000 0.004800
887.000000 271.000000 0.005600
973.000000 271.000000 0.005600
1046.000000 271.000000 0.008000
787.000000 272.000000 0.005200
810.000000 272.000000 0.004800
911.000000 272.000000 0.003600
923.000000 272.000000 0.002800
936.000000 272.000000 0.004400
992.000000 272.000000 0.004400
1033.000000 272.000000 0.003600
1017.000000 273.000000 0.006800
1120.000000 273.000000 0.004400
751.000000 274.000000 0.003600
766.000000 274.000000 0.004800
954.000000 274.000000 0.004400
1066.000000 274.000000 0.006400
1089.000000 274.000000 0.004400
1105.000000 274.000000 0.004400
736.000000 275.000000 0.004400
169.000000 292.000000 0.004400
132.000000 293.000000 0.004400
145.000000 293.000000 0.002800
156.000000 293.000000 0.002800
191.000000 293.000000 0.006400
202.000000 294.000000 0.002800
445.000000 295.000000 0.006000
222.000000 296.000000 0.006000
371.000000 296.000000 0.004400
385.000000 296.000000 0.002800
422.000000 296.000000 0.004400
463.000000 296.000000 0.005600
585.000000 296.000000 0.004400
351.000000 297.000000 0.005600
484.000000 297.000000 0.004400
500.000000 297.000000 0.004800
542.000000 297.000000 0.005600
568.000000 297.000000 0.005600
242.000000 298.000000 0.005600
272.000000 298.000000 0.006800
602.000000 298.000000 0.005600
909.000000 298.000000 0.004400
521.000000 299.000000 0.005600
626.000000 299.000000 0.005600
790.000000 299.000000 0.004400
809.000000 299.000000 0.004400
893.000000 299.000000 0.005600
309.000000 300.000000 0.006800
666.000000 300.000000 0.004800
732.000000 300.000000 0.004400
921.000000 300.000000 0.002800
333.000000 301.000000 0.006400
646.000000 301.000000 0.004400
708.000000 301.000000 0.005600
746.000000 301.000000 0.002800
760.000000 301.000000 0.004000
775.000000 301.000000 0.003600
829.000000 301.000000 0.005600
844.000000 301.000000 0.005600
682.000000 302.000000 0.004400
865.000000 302.000000 0.005600
980.000000 302.000000 0.005600
1124.000000 302.000000 0.008400
960.000000 303.000000 0.005600
1002.000000 303.000000 0.005600
1066.000000 304.000000 0.004400
1110.000000 305.000000 0.004400
1023.000000 306.000000 0.006400
1049.000000 307.000000 0.006800
1083.000000 307.000000 0.005600
128.000000 322.000000 0.007600
159.000000 322.000000 0.005600
202.000000 322.000000 0.006400
178.000000 323.000000 0.005600
229.000000 325.000000 0.006400
303.000000 325.000000 0.005600
415.000000 326.000000 0.004400
627.000000 326.000000 0.004400
252.000000 327.000000 0.005600
324.000000 327.000000 0.004400
336.000000 327.000000 0.003600
375.000000 327.000000 0.004400
393.000000 327.000000 0.006400
444.000000 327.000000 0.005600
462.000000 327.000000 0.005600
559.000000 327.000000 0.004400
587.000000 327.000000 0.004400
662.000000 327.000000 0.004400
350.000000 328.000000 0.007600
479.000000 328.000000 0.004400
497.000000 328.000000 0.004400
547.000000 328.000000 0.002800
572.000000 328.000000 0.004400
643.000000 328.000000 0.004400
274.000000 329.000000 0.006800
889.000000 329.000000 0.005600
938.000000 329.000000 0.004400
954.000000 329.000000 0.004400
514.000000 330.000000 0.005600
535.000000 330.000000 0.006400
677.000000 330.000000 0.003600
710.000000 330.000000 0.006400
732.000000 330.000000 0.005600
911.000000 330.000000 0.004800
867.000000 331.000000 0.006400
926.000000 331.000000 0.002800
971.000000 331.000000 0.004400
753.000000 332.000000 0.005200
813.000000 332.000000 0.005600
836.000000 332.000000 0.005600
988.000000 333.000000 0.004800
773.000000 334.000000 0.005600
792.000000 334.000000 0.005600
1003.000000 334.000000 0.004000
1040.000000 335.000000 0.006000
1125.000000 335.000000 0.006800
1018.000000 336.000000 0.004400
1065.000000 337.000000 0.004800
1082.000000 338.000000 0.003600
1098.000000 338.000000 0.005600
125.000000 349.000000 0.008000
136.000000 349.000000 0.006800
156.000000 350.000000 0.005600
177.000000 353.000000 0.005200
216.000000 353.000000 0.004400
195.000000 354.000000 0.005600
274.000000 354.000000 0.004400
232.000000 355.000000 0.004400
258.000000 356.000000 0.006800
401.000000 356.000000 0.004400
457.000000 356.000000 0.006800
498.000000 356.000000 0.004800
533.000000 356.000000 0.005600
676.000000 356.000000 0.006400
954.000000 356.000000 0.006000
308.000000 357.000000 0.005600
326.000000 357.000000 0.005200
344.000000 357.000000 0.004400
381.000000 357.000000 0.005600
431.000000 357.000000 0.004800
476.000000 357.000000 0.005600
650.000000 357.000000 0.005600
705.000000 357.000000 0.006800
716.000000 357.000000 0.002800
729.000000 357.000000 0.004400
931.000000 357.000000 0.004400
972.000000 357.000000 0.004400
360.000000 358.000000 0.005600
413.000000 358.000000 0.004400
874.000000 358.000000 0.003600
915.000000 358.000000 0.006800
984.000000 358.000000 0.002800
1001.000000 358.000000 0.005200
630.000000 359.000000 0.005200
747.000000 359.000000 0.005200
802.000000 359.000000 0.004400
887.000000 359.000000 0.006400
554.000000 360.000000 0.005600
594.000000 360.000000 0.004400
609.000000 360.000000 0.004400
766.000000 360.000000 0.004400
783.000000 360.000000 0.004400
818.000000 360.000000 0.005200
861.000000 360.000000 0.004400
1024.000000 360.000000 0.005600
578.000000 361.000000 0.004800
1039.000000 361.000000 0.004400
840.000000 363.000000 0.006000
1054.000000 363.000000 0.004400
1091.000000 363.000000 0.004400
1111.000000 363.000000 0.005200
1127.000000 364.000000 0.006800
1073.000000 367.000000 0.004800
161.000000 377.000000 0.002800
172.000000 377.000000 0.003600
150.000000 378.000000 0.006400
208.000000 378.000000 0.003600
128.000000 379.000000 0.007200
186.000000 379.000000 0.006400
232.000000 380.000000 0.004000
258.000000 381.000000 0.003600
243.000000 382.000000 0.004400
290.000000 383.000000 0.005200
360.000000 383.000000 0.005600
309.000000 384.000000 0.004400
327.000000 384.000000 0.004400
343.000000 384.000000 0.004400
382.000000 384.000000 0.004400
487.000000 384.000000 0.006400
509.000000 384.000000 0.005600
531.000000 384.000000 0.005600
552.000000 384.000000 0.006800
613.000000 384.000000 0.005600
969.000000 384.000000 0.004400
984.000000 384.000000 0.002800
589.000000 385.000000 0.005600
677.000000 385.000000 0.004400
693.000000 385.000000 0.004400
712.000000 385.000000 0.005600
778.000000 385.000000 0.004400
803.000000 385.000000 0.006400
402.000000 386.000000 0.004800
419.000000 386.000000 0.004000
433.000000 386.000000 0.004000
458.000000 386.000000 0.006800
474.000000 386.000000 0.004400
657.000000 386.000000 0.004400
726.000000 386.000000 0.004000
741.000000 386.000000 0.004400
952.000000 386.000000 0.004400
636.000000 387.000000 0.005600
828.000000 387.000000 0.004400
857.000000 387.000000 0.005600
906.000000 387.000000 0.006800
928.000000 387.000000 0.006800
1029.000000 387.000000 0.006000
759.000000 388.000000 0.005600
844.000000 388.000000 0.003600
890.000000 388.000000 0.004400
1009.000000 388.000000 0.007600
878.000000 389.000000 0.003600
1051.000000 391.000000 0.005200
1068.000000 391.000000 0.004400
1084.000000 393.000000 0.004400
1110.000000 393.000000 0.008000
1124.000000 393.000000 0.005600
159.000000 405.000000 0.006800
203.000000 405.000000 0.005600
226.000000 405.000000 0.004400
183.000000 406.000000 0.006800
128.000000 407.000000 0.008800
142.000000 408.000000 0.004400
267.000000 409.000000 0.004400
247.000000 410.000000 0.005600
287.000000 410.000000 0.005600
648.000000 411.000000 0.003600
677.000000 411.000000 0.003600
332.000000 412.000000 0.005200
375.000000 412.000000 0.004400
500.000000 412.000000 0.006800
571.000000 412.000000 0.004400
634.000000 412.000000 0.004400
663.000000 412.000000 0.004400
731.000000 412.000000 0.004800
312.000000 413.000000 0.005600
353.000000 413.000000 0.006000
393.000000 413.000000 0.004400
450.000000 413.000000 0.005600
471.000000 413.000000 0.005600
543.000000 413.000000 0.004800
559.000000 413.000000 0.002800
594.000000 413.000000 0.006400
700.000000 413.000000 0.002800
747.000000 413.000000 0.002800
411.000000 414.000000 0.004400
428.000000 414.000000 0.004400
525.000000 414.000000 0.005600
615.000000 414.000000 0.005600
713.000000 414.000000 0.004400
784.000000 414.000000 0.005200
758.000000 415.000000 0.002800
806.000000 415.000000 0.005600
881.000000 415.000000 0.006800
925.000000 415.000000 0.006400
955.000000 415.000000 0.006800
851.000000 416.000000 0.006000
830.000000 417.000000 0.006400
904.000000 417.000000 0.006400
978.000000 417.000000 0.004400
992.000000 418.000000 0.005600
1076.000000 418.000000 0.005600
1060.000000 419.000000 0.005600
1099.000000 420.000000 0.004400
1126.000000 420.000000 0.008400
1112.000000 421.000000 0.004400
1016.000000 423.000000 0.006800
1038.000000 423.000000 0.005600
240.000000 455.000000 0.014400
267.000000 459.000000 0.006800
189.000000 460.000000 0.013600
287.000000 460.000000 0.013600
305.000000 462.000000 0.011600
