206.000000 70.000000 0.014800
312.000000 70.000000 0.005600
333.000000 70.000000 0.013200
290.000000 71.000000 0.005600
230.000000 72.000000 0.006400
266.000000 72.000000 0.013600
1053.000000 74.000000 0.014400
1076.000000 75.000000 0.015200
101.000000 103.000000 0.005600
80.000000 107.000000 0.004800
61.000000 108.000000 0.006800
382.000000 115.000000 0.005600
422.000000 116.000000 0.006400
486.000000 116.000000 0.006800
1064.000000 116.000000 0.005600
1111.000000 117.000000 0.009600
401.000000 118.000000 0.005600
441.000000 118.000000 0.004400
1044.000000 118.000000 0.005600
998.000000 119.000000 0.009600
165.000000 120.000000 0.006800
363.000000 120.000000 0.005600
459.000000 120.000000 0.005600
504.000000 120.000000 0.004800
1015.000000 120.000000 0.008400
1092.000000 120.000000 0.009600
335.000000 121.000000 0.006800
690.000000 121.000000 0.008000
843.000000 121.000000 0.006400
223.000000 122.000000 0.002800
306.000000 122.000000 0.006800
521.000000 122.000000 0.004400
561.000000 122.000000 0.005600
634.000000 122.000000 0.005600
819.000000 122.000000 0.006000
869.000000 122.000000 0.005600
889.000000 122.000000 0.005600
188.000000 123.000000 0.005600
266.000000 123.000000 0.006800
285.000000 123.000000 0.005600
542.000000 123.000000 0.005600
658.000000 123.000000 0.006800
740.000000 123.000000 0.005600
968.000000 123.000000 0.005600
141.000000 124.000000 0.006800
234.000000 124.000000 0.002800
246.000000 124.000000 0.006800
576.000000 124.000000 0.004400
612.000000 124.000000 0.005600
765.000000 124.000000 0.007600
909.000000 124.000000 0.005600
931.000000 124.000000 0.004400
946.000000 124.000000 0.004400
206.000000 125.000000 0.005600
592.000000 125.000000 0.005600
718.000000 125.000000 0.005600
796.000000 125.000000 0.005600
493.000000 148.000000 0.006800
1127.000000 148.000000 0.006800
452.000000 149.000000 0.004800
1044.000000 149.000000 0.004400
1109.000000 149.000000 0.005600
365.000000 150.000000 0.004400
393.000000 150.000000 0.004400
425.000000 150.000000 0.002800
471.000000 150.000000 0.005200
1058.000000 150.000000 0.004400
1073.000000 150.000000 0.003600
1087.000000 150.000000 0.004400
380.000000 151.000000 0.003600
435.000000 151.000000 0.002800
845.000000 151.000000 0.006800
902.000000 151.000000 0.004400
931.000000 151.000000 0.002800
942.000000 151.000000 0.004400
999.000000 151.000000 0.005200
344.000000 152.000000 0.005600
518.000000 152.000000 0.008400
868.000000 152.000000 0.005600
890.000000 152.000000 0.006800
1016.000000 152.000000 0.005600
327.000000 153.000000 0.005600
529.000000 153.000000 0.006800
553.000000 153.000000 0.005200
570.000000 153.000000 0.004400
915.000000 153.000000 0.005600
966.000000 153.000000 0.008000
981.000000 153.000000 0.002800
251.000000 154.000000 0.007600
282.000000 154.000000 0.006400
186.000000 155.000000 0.005600
304.000000 155.000000 0.006800
587.000000 155.000000 0.004400
624.000000 155.000000 0.005600
645.000000 155.000000 0.005200
665.000000 155.000000 0.006000
819.000000 155.000000 0.006800
141.000000 156.000000 0.006800
207.000000 156.000000 0.005600
602.000000 156.000000 0.004800
692.000000 156.000000 0.006000
736.000000 156.000000 0.006800
773.000000 156.000000 0.007600
796.000000 156.000000 0.005600
229.000000 157.000000 0.006400
714.000000 157.000000 0.005600
164.000000 158.000000 0.006800
1162.000000 173.000000 0.009600
1116.000000 179.000000 0.006800
1075.000000 180.000000 0.005200
1095.000000 180.000000 0.005600
1057.000000 181.000000 0.005600
549.000000 183.000000 0.004400
1002.000000 183.000000 0.005600
432.000000 184.000000 0.005600
454.000000 184.000000 0.008400
468.000000 184.000000 0.004400
561.000000 184.000000 0.008400
611.000000 184.000000 0.004800
626.000000 184.000000 0.002800
865.000000 184.000000 0.006400
1038.000000 184.000000 0.004400
327.000000 185.000000 0.006800
486.000000 185.000000 0.006800
532.000000 185.000000 0.004400
581.000000 185.000000 0.005600
660.000000 185.000000 0.005600
911.000000 185.000000 0.007200
935.000000 185.000000 0.007200
981.000000 185.000000 0.005600
1023.000000 185.000000 0.005600
280.000000 186.000000 0.005600
302.000000 186.000000 0.005600
386.000000 186.000000 0.004400
409.000000 186.000000 0.006400
508.000000 186.000000 0.002800
598.000000 186.000000 0.004400
640.000000 186.000000 0.004400
722.000000 186.000000 0.005600
888.000000 186.000000 0.005600
254.000000 187.000000 0.006800
357.000000 187.000000 0.005600
372.000000 187.000000 0.002800
695.000000 187.000000 0.006400
962.000000 187.000000 0.005200
229.000000 188.000000 0.006000
743.000000 188.000000 0.006400
770.000000 188.000000 0.005600
794.000000 188.000000 0.004000
807.000000 188.000000 0.003600
840.000000 188.000000 0.005600
180.000000 189.000000 0.005600
204.000000 189.000000 0.006400
819.000000 189.000000 0.004400
146.000000 190.000000 0.008400
161.000000 190.000000 0.004400
1091.000000 209.000000 0.006400
1115.000000 209.000000 0.006400
329.000000 214.000000 0.006400
1054.000000 214.000000 0.004400
1070.000000 214.000000 0.004400
307.000000 215.000000 0.005200
416.000000 216.000000 0.004400
428.000000 216.000000 0.004400
512.000000 216.000000 0.005600
535.000000 216.000000 0.006000
974.000000 216.000000 0.004000
1037.000000 216.000000 0.006400
363.000000 217.000000 0.008000
448.000000 217.000000 0.005600
554.000000 217.000000 0.006400
577.000000 217.000000 0.004400
637.000000 217.000000 0.004400
651.000000 217.000000 0.002800
400.000000 218.000000 0.004400
470.000000 218.000000 0.005600
494.000000 218.000000 0.006800
597.000000 218.000000 0.005200
615.000000 218.000000 0.006800
664.000000 218.000000 0.004000
677.000000 218.000000 0.002800
695.000000 218.000000 0.005600
721.000000 218.000000 0.004400
737.000000 218.000000 0.004400
779.000000 218.000000 0.006800
886.000000 218.000000 0.004400
903.000000 218.000000 0.004400
938.000000 218.000000 0.006800
992.000000 218.000000 0.005200
1016.000000 218.000000 0.002800
383.000000 219.000000 0.004400
759.000000 219.000000 0.006000
806.000000 219.000000 0.005600
831.000000 219.000000 0.002800
867.000000 219.000000 0.005600
919.000000 219.000000 0.004400
962.000000 219.000000 0.004400
281.000000 220.000000 0.006800
845.000000 220.000000 0.005600
181.000000 221.000000 0.006800
259.000000 221.000000 0.006800
210.000000 222.000000 0.006800
150.000000 223.000000 0.007600
237.000000 223.000000 0.006400
1111.000000 242.000000 0.006800
1132.000000 242.000000 0.006400
1074.000000 243.000000 0.008400
1089.000000 243.000000 0.003600
1041.000000 244.000000 0.007200
1013.000000 245.000000 0.006800
985.000000 246.000000 0.006800
564.000000 247.000000 0.004400
482.000000 248.000000 0.006800
540.000000 248.000000 0.006800
595.000000 248.000000 0.005600
648.000000 248.000000 0.005600
961.000000 248.000000 0.006400
522.000000 249.000000 0.005200
616.000000 249.000000 0.005200
632.000000 249.000000 0.005600
828.000000 249.000000 0.004400
936.000000 249.000000 0.006000
337.000000 250.000000 0.006800
360.000000 250.000000 0.006400
385.000000 250.000000 0.006800
412.000000 250.000000 0.008400
440.000000 250.000000 0.005600
506.000000 250.000000 0.004400
729.000000 250.000000 0.006000
748.000000 250.000000 0.005600
789.000000 250.000000 0.005600
461.000000 251.000000 0.005600
670.000000 251.000000 0.004400
686.000000 251.000000 0.004400
769.000000 251.000000 0.005200
813.000000 251.000000 0.003600
848.000000 251.000000 0.005600
871.000000 251.000000 0.005600
291.000000 252.000000 0.004400
307.000000 252.000000 0.008400
702.000000 252.000000 0.005600
914.000000 252.000000 0.005600
211.000000 253.000000 0.006800
238.000000 254.000000 0.006400
266.000000 254.000000 0.006800
894.000000 254.000000 0.005600
157.000000 256.000000 0.008000
182.000000 256.000000 0.006400
1079.000000 277.000000 0.005600
1094.000000 277.000000 0.002800
1118.000000 277.000000 0.007600
983.000000 278.000000 0.006400
1008.000000 278.000000 0.004400
1026.000000 278.000000 0.005600
1054.000000 278.000000 0.006800
650.000000 279.000000 0.006400
353.000000 281.000000 0.002800
410.000000 281.000000 0.006800
529.000000 281.000000 0.005600
727.000000 281.000000 0.004400
849.000000 281.000000 0.006000
940.000000 281.000000 0.005600
962.000000 281.000000 0.005600
422.000000 282.000000 0.002800
492.000000 282.000000 0.004400
548.000000 282.000000 0.006400
573.000000 282.000000 0.005600
599.000000 282.000000 0.007600
674.000000 282.000000 0.007200
702.000000 282.000000 0.006800
743.000000 282.000000 0.004000
760.000000 282.000000 0.005200
779.000000 282.000000 0.005600
801.000000 282.000000 0.005600
818.000000 282.000000 0.004400
830.000000 282.000000 0.004400
320.000000 283.000000 0.003600
335.000000 283.000000 0.005600
368.000000 283.000000 0.005600
435.000000 283.000000 0.006800
471.000000 283.000000 0.006800
509.000000 283.000000 0.004400
627.000000 283.000000 0.006800
915.000000 283.000000 0.005600
306.000000 284.000000 0.004400
390.000000 284.000000 0.005600
873.000000 284.000000 0.006800
288.000000 285.000000 0.005600
205.000000 286.000000 0.007600
175.000000 288.000000 0.007200
239.000000 288.000000 0.006400
899.000000 288.000000 0.004400
150.000000 289.000000 0.007600
265.000000 289.000000 0.005600
1112.000000 308.000000 0.006800
983.000000 309.000000 0.005200
527.000000 310.000000 0.004400
1000.000000 310.000000 0.004400
1056.000000 310.000000 0.005600
462.000000 311.000000 0.004400
479.000000 311.000000 0.004400
682.000000 311.000000 0.005200
954.000000 311.000000 0.004400
1019.000000 311.000000 0.005600
493.000000 312.000000 0.004400
514.000000 312.000000 0.008400
546.000000 312.000000 0.004800
664.000000 312.000000 0.004400
717.000000 312.000000 0.003600
782.000000 312.000000 0.005600
817.000000 312.000000 0.006800
878.000000 312.000000 0.006400
907.000000 312.000000 0.006400
1037.000000 312.000000 0.004400
446.000000 313.000000 0.004400
593.000000 313.000000 0.006000
705.000000 313.000000 0.006800
837.000000 313.000000 0.005600
932.000000 313.000000 0.006400
568.000000 314.000000 0.006000
621.000000 314.000000 0.006800
645.000000 314.000000 0.005600
735.000000 314.000000 0.005600
760.000000 314.000000 0.005600
862.000000 314.000000 0.005600
398.000000 315.000000 0.006800
421.000000 315.000000 0.006800
1090.000000 316.000000 0.008400
361.000000 317.000000 0.008000
217.000000 320.000000 0.002800
233.000000 320.000000 0.005600
318.000000 320.000000 0.004000
334.000000 320.000000 0.008400
181.000000 321.000000 0.006800
204.000000 321.000000 0.007200
281.000000 321.000000 0.005600
303.000000 321.000000 0.005600
155.000000 322.000000 0.008000
256.000000 323.000000 0.006800
807.000000 340.000000 0.004400
841.000000 340.000000 0.004400
859.000000 340.000000 0.004400
936.000000 340.000000 0.006000
712.000000 341.000000 0.004400
738.000000 341.000000 0.006800
754.000000 341.000000 0.004000
878.000000 341.000000 0.005600
905.000000 341.000000 0.006400
1013.000000 341.000000 0.006400
1037.000000 341.000000 0.005200
1112.000000 341.000000 0.006400
448.000000 342.000000 0.006800
621.000000 342.000000 0.006800
639.000000 342.000000 0.006400
769.000000 342.000000 0.005600
961.000000 342.000000 0.005600
983.000000 342.000000 0.006800
593.000000 343.000000 0.004400
670.000000 343.000000 0.006000
693.000000 343.000000 0.005600
789.000000 343.000000 0.004800
1057.000000 343.000000 0.006800
479.000000 344.000000 0.006400
577.000000 344.000000 0.004000
1090.000000 345.000000 0.006000
508.000000 346.000000 0.005600
536.000000 346.000000 0.006400
388.000000 347.000000 0.005600
410.000000 347.000000 0.005600
430.000000 347.000000 0.005200
560.000000 347.000000 0.005200
359.000000 349.000000 0.007600
324.000000 351.000000 0.005600
278.000000 352.000000 0.007600
345.000000 352.000000 0.004400
158.000000 353.000000 0.008400
245.000000 353.000000 0.005600
146.000000 354.000000 0.008000
177.000000 354.000000 0.005200
217.000000 354.000000 0.008000
229.000000 354.000000 0.004400
260.000000 354.000000 0.005600
304.000000 354.000000 0.004400
197.000000 355.000000 0.005600
899.000000 368.000000 0.005600
772.000000 369.000000 0.004400
877.000000 369.000000 0.005600
1131.000000 369.000000 0.008400
814.000000 370.000000 0.005200
944.000000 370.000000 0.005600
1059.000000 370.000000 0.004400
1077.000000 370.000000 0.004800
588.000000 371.000000 0.006800
737.000000 371.000000 0.005600
834.000000 371.000000 0.005200
855.000000 371.000000 0.005600
921.000000 371.000000 0.005600
1031.000000 371.000000 0.005200
640.000000 372.000000 0.006800
706.000000 372.000000 0.007600
757.000000 372.000000 0.004400
791.000000 372.000000 0.005600
959.000000 372.000000 0.004400
1012.000000 372.000000 0.005200
471.000000 373.000000 0.005200
490.000000 373.000000 0.005200
532.000000 373.000000 0.004800
551.000000 373.000000 0.004400
569.000000 373.000000 0.004400
614.000000 373.000000 0.005600
988.000000 373.000000 0.006800
454.000000 374.000000 0.005600
512.000000 374.000000 0.005600
668.000000 374.000000 0.006800
1104.000000 374.000000 0.007200
427.000000 375.000000 0.006400
365.000000 378.000000 0.006400
390.000000 379.000000 0.006000
322.000000 380.000000 0.004400
342.000000 380.000000 0.005600
296.000000 381.000000 0.006800
277.000000 382.000000 0.005200
145.000000 383.000000 0.008400
217.000000 383.000000 0.003600
228.000000 383.000000 0.004400
249.000000 383.000000 0.005600
262.000000 383.000000 0.002800
177.000000 384.000000 0.005600
205.000000 384.000000 0.002800
158.000000 385.000000 0.004400
948.000000 400.000000 0.006400
795.000000 401.000000 0.004400
831.000000 401.000000 0.005600
877.000000 401.000000 0.005600
1061.000000 401.000000 0.006800
1082.000000 401.000000 0.005600
752.000000 402.000000 0.005600
779.000000 402.000000 0.008400
811.000000 402.000000 0.004400
854.000000 402.000000 0.006000
898.000000 402.000000 0.006400
926.000000 402.000000 0.005600
972.000000 402.000000 0.005600
1020.000000 402.000000 0.004400
1035.000000 402.000000 0.005600
617.000000 404.000000 0.004400
638.000000 404.000000 0.005600
671.000000 404.000000 0.004400
690.000000 404.000000 0.006800
712.000000 404.000000 0.002800
729.000000 404.000000 0.006800
1005.000000 404.000000 0.009200
1108.000000 404.000000 0.007600
468.000000 405.000000 0.007200
491.000000 405.000000 0.006800
507.000000 406.000000 0.004400
519.000000 406.000000 0.002800
534.000000 406.000000 0.004400
602.000000 406.000000 0.004400
656.000000 406.000000 0.002800
443.000000 407.000000 0.004400
557.000000 407.000000 0.006800
584.000000 407.000000 0.006800
400.000000 408.000000 0.007600
428.000000 408.000000 0.009200
388.000000 409.000000 0.003600
366.000000 410.000000 0.007600
258.000000 411.000000 0.005600
308.000000 411.000000 0.005600
238.000000 412.000000 0.005600
282.000000 412.000000 0.006400
334.000000 412.000000 0.006800
143.000000 413.000000 0.005600
159.000000 413.000000 0.003600
220.000000 413.000000 0.006800
176.000000 414.000000 0.006400
197.000000 414.000000 0.006800
1160.000000 420.000000 0.013200
1177.000000 420.000000 0.015600
