1064.000000 63.000000 0.008400
1090.000000 67.000000 0.015200
183.000000 68.000000 0.013200
273.000000 68.000000 0.005600
294.000000 68.000000 0.005600
315.000000 68.000000 0.012400
249.000000 71.000000 0.013200
207.000000 73.000000 0.005600
852.000000 108.000000 0.006400
329.000000 109.000000 0.009600
58.000000 110.000000 0.018400
75.000000 110.000000 0.016400
771.000000 110.000000 0.003600
831.000000 110.000000 0.005200
282.000000 111.000000 0.005200
300.000000 111.000000 0.004400
349.000000 111.000000 0.006400
798.000000 111.000000 0.002800
812.000000 111.000000 0.004400
874.000000 111.000000 0.005200
914.000000 111.000000 0.006800
929.000000 111.000000 0.005600
948.000000 111.000000 0.005600
263.000000 112.000000 0.005600
600.000000 112.000000 0.004400
692.000000 112.000000 0.004400
737.000000 112.000000 0.004400
759.000000 112.000000 0.008000
892.000000 112.000000 0.004400
966.000000 112.000000 0.004400
209.000000 113.000000 0.004400
618.000000 113.000000 0.005600
652.000000 113.000000 0.008400
671.000000 113.000000 0.005600
704.000000 113.000000 0.002800
718.000000 113.000000 0.004400
1067.000000 113.000000 0.005600
153.000000 114.000000 0.006000
173.000000 114.000000 0.011200
189.000000 114.000000 0.005600
223.000000 114.000000 0.004400
374.000000 114.000000 0.005600
584.000000 114.000000 0.004400
984.000000 114.000000 0.006800
1008.000000 114.000000 0.005600
1030.000000 114.000000 0.004400
1046.000000 114.000000 0.004400
1124.000000 114.000000 0.006800
134.000000 115.000000 0.006800
243.000000 115.000000 0.005600
451.000000 115.000000 0.006800
571.000000 115.000000 0.002800
1086.000000 115.000000 0.005200
1104.000000 115.000000 0.004400
478.000000 116.000000 0.004400
492.000000 116.000000 0.002800
523.000000 116.000000 0.004400
550.000000 116.000000 0.004400
394.000000 117.000000 0.004400
413.000000 117.000000 0.005600
431.000000 117.000000 0.005200
506.000000 117.000000 0.004400
535.000000 117.000000 0.004400
804.000000 139.000000 0.007600
850.000000 142.000000 0.005600
869.000000 143.000000 0.004400
903.000000 143.000000 0.004400
926.000000 143.000000 0.008400
966.000000 143.000000 0.006800
1049.000000 143.000000 0.005600
292.000000 144.000000 0.004800
757.000000 144.000000 0.003200
782.000000 144.000000 0.002800
831.000000 144.000000 0.006800
941.000000 144.000000 0.004400
308.000000 145.000000 0.005600
349.000000 145.000000 0.006800
744.000000 145.000000 0.006800
1076.000000 145.000000 0.006800
131.000000 146.000000 0.006800
274.000000 146.000000 0.004400
326.000000 146.000000 0.006800
560.000000 146.000000 0.006400
720.000000 146.000000 0.006400
768.000000 146.000000 0.007200
884.000000 146.000000 0.005600
985.000000 146.000000 0.005600
1008.000000 146.000000 0.005600
1095.000000 146.000000 0.005600
1114.000000 146.000000 0.004400
200.000000 147.000000 0.005600
374.000000 147.000000 0.005600
414.000000 147.000000 0.004400
455.000000 147.000000 0.005600
504.000000 147.000000 0.005600
581.000000 147.000000 0.006000
638.000000 147.000000 0.007600
659.000000 147.000000 0.005600
693.000000 147.000000 0.005600
1127.000000 147.000000 0.008000
153.000000 148.000000 0.006800
179.000000 148.000000 0.006800
216.000000 148.000000 0.004400
234.000000 148.000000 0.004800
252.000000 148.000000 0.006400
394.000000 148.000000 0.005600
435.000000 148.000000 0.005600
481.000000 148.000000 0.006400
603.000000 148.000000 0.004400
615.000000 148.000000 0.002800
675.000000 148.000000 0.004400
1028.000000 148.000000 0.005600
518.000000 149.000000 0.006800
538.000000 152.000000 0.005600
804.000000 174.000000 0.004400
199.000000 175.000000 0.006000
311.000000 175.000000 0.005600
351.000000 175.000000 0.005600
437.000000 175.000000 0.004400
465.000000 175.000000 0.008000
565.000000 175.000000 0.005600
748.000000 175.000000 0.006400
771.000000 175.000000 0.004400
788.000000 175.000000 0.004400
824.000000 175.000000 0.005600
177.000000 176.000000 0.005200
330.000000 176.000000 0.004400
369.000000 176.000000 0.004400
410.000000 176.000000 0.005600
452.000000 176.000000 0.004400
545.000000 176.000000 0.005600
730.000000 176.000000 0.005200
843.000000 176.000000 0.005600
864.000000 176.000000 0.005600
154.000000 177.000000 0.005600
222.000000 177.000000 0.005200
244.000000 177.000000 0.006400
389.000000 177.000000 0.005200
492.000000 177.000000 0.007600
673.000000 177.000000 0.004400
693.000000 177.000000 0.005200
712.000000 177.000000 0.005200
927.000000 177.000000 0.008400
942.000000 177.000000 0.004400
1130.000000 177.000000 0.007600
1144.000000 177.000000 0.008800
289.000000 178.000000 0.005600
651.000000 178.000000 0.006400
917.000000 178.000000 0.006800
1081.000000 178.000000 0.006400
1106.000000 178.000000 0.006400
1155.000000 178.000000 0.007600
131.000000 179.000000 0.006800
516.000000 179.000000 0.005600
627.000000 179.000000 0.005600
894.000000 179.000000 0.006400
967.000000 179.000000 0.006800
981.000000 179.000000 0.004000
1056.000000 179.000000 0.006400
270.000000 180.000000 0.005600
586.000000 180.000000 0.004400
606.000000 180.000000 0.005600
1008.000000 180.000000 0.005600
1028.000000 180.000000 0.005600
994.000000 181.000000 0.002800
690.000000 205.000000 0.004400
178.000000 206.000000 0.005600
225.000000 206.000000 0.005600
273.000000 206.000000 0.002800
351.000000 206.000000 0.005200
412.000000 206.000000 0.004400
515.000000 206.000000 0.004800
788.000000 206.000000 0.004400
818.000000 206.000000 0.005600
836.000000 206.000000 0.004400
855.000000 206.000000 0.005600
875.000000 206.000000 0.004800
151.000000 207.000000 0.006400
199.000000 207.000000 0.006800
245.000000 207.000000 0.005200
308.000000 207.000000 0.002800
319.000000 207.000000 0.002800
332.000000 207.000000 0.004400
372.000000 207.000000 0.006400
396.000000 207.000000 0.004400
445.000000 207.000000 0.005600
491.000000 207.000000 0.005600
573.000000 207.000000 0.005600
620.000000 207.000000 0.005200
673.000000 207.000000 0.005600
708.000000 207.000000 0.005600
770.000000 207.000000 0.005600
287.000000 208.000000 0.004000
463.000000 208.000000 0.004400
475.000000 208.000000 0.004400
533.000000 208.000000 0.004400
640.000000 208.000000 0.004400
653.000000 208.000000 0.003600
726.000000 208.000000 0.006800
749.000000 208.000000 0.005600
892.000000 208.000000 0.004400
903.000000 208.000000 0.002800
947.000000 208.000000 0.006800
593.000000 209.000000 0.006800
973.000000 209.000000 0.005600
1105.000000 209.000000 0.006800
133.000000 210.000000 0.006800
550.000000 210.000000 0.004400
918.000000 210.000000 0.004400
1021.000000 210.000000 0.004400
1040.000000 210.000000 0.004800
1057.000000 210.000000 0.005600
1079.000000 210.000000 0.005600
1004.000000 211.000000 0.004400
987.000000 212.000000 0.004800
1130.000000 214.000000 0.006800
281.000000 234.000000 0.004400
241.000000 236.000000 0.006400
263.000000 237.000000 0.005600
303.000000 237.000000 0.005600
639.000000 237.000000 0.006400
321.000000 238.000000 0.005600
484.000000 238.000000 0.006800
516.000000 238.000000 0.004400
594.000000 238.000000 0.004400
674.000000 238.000000 0.004400
770.000000 238.000000 0.004400
785.000000 238.000000 0.004400
807.000000 238.000000 0.006800
907.000000 238.000000 0.004000
921.000000 238.000000 0.008000
942.000000 238.000000 0.006400
963.000000 238.000000 0.006800
173.000000 239.000000 0.003600
187.000000 239.000000 0.004400
404.000000 239.000000 0.004400
448.000000 239.000000 0.008400
474.000000 239.000000 0.007600
577.000000 239.000000 0.004400
656.000000 239.000000 0.004400
713.000000 239.000000 0.004800
1037.000000 239.000000 0.005600
158.000000 240.000000 0.005600
342.000000 240.000000 0.005600
361.000000 240.000000 0.006400
386.000000 240.000000 0.006800
420.000000 240.000000 0.003600
500.000000 240.000000 0.004400
531.000000 240.000000 0.006800
556.000000 240.000000 0.005600
617.000000 240.000000 0.006400
694.000000 240.000000 0.004800
728.000000 240.000000 0.004400
745.000000 240.000000 0.004800
850.000000 240.000000 0.002800
861.000000 240.000000 0.006400
882.000000 240.000000 0.007200
894.000000 240.000000 0.002800
999.000000 240.000000 0.004400
1086.000000 240.000000 0.006800
460.000000 241.000000 0.004400
825.000000 241.000000 0.005600
977.000000 241.000000 0.004400
1015.000000 241.000000 0.005200
1062.000000 242.000000 0.006800
1102.000000 242.000000 0.004400
1127.000000 242.000000 0.007200
133.000000 243.000000 0.006400
209.000000 267.000000 0.005600
308.000000 267.000000 0.004400
327.000000 267.000000 0.005600
572.000000 267.000000 0.007200
185.000000 268.000000 0.005600
237.000000 268.000000 0.006800
292.000000 268.000000 0.004400
372.000000 268.000000 0.006400
492.000000 268.000000 0.005600
512.000000 268.000000 0.004800
544.000000 268.000000 0.004800
621.000000 268.000000 0.005600
644.000000 268.000000 0.004400
667.000000 268.000000 0.005600
710.000000 268.000000 0.005600
728.000000 268.000000 0.004400
258.000000 269.000000 0.004400
275.000000 269.000000 0.004400
349.000000 269.000000 0.004800
418.000000 269.000000 0.002800
474.000000 269.000000 0.002800
604.000000 269.000000 0.005600
688.000000 269.000000 0.005600
744.000000 269.000000 0.003600
756.000000 269.000000 0.004400
771.000000 269.000000 0.004400
957.000000 269.000000 0.005600
1034.000000 269.000000 0.002800
138.000000 270.000000 0.006000
160.000000 270.000000 0.005600
461.000000 270.000000 0.005600
528.000000 270.000000 0.004400
791.000000 270.000000 0.005600
827.000000 270.000000 0.006800
978.000000 270.000000 0.005600
997.000000 270.000000 0.004400
1012.000000 270.000000 0.004400
441.000000 271.000000 0.006800
804.000000 271.000000 0.004400
888.000000 271.000000 0.004400
931.000000 271.000000 0.006400
1045.000000 271.000000 0.003600
1069.000000 271.000000 0.002800
1081.000000 271.000000 0.003600
1130.000000 271.000000 0.005600
397.000000 272.000000 0.006400
850.000000 272.000000 0.002800
872.000000 272.000000 0.006800
1058.000000 272.000000 0.002800
1101.000000 272.000000 0.008400
1114.000000 272.000000 0.004400
914.000000 273.000000 0.008400
296.000000 296.000000 0.004400
323.000000 296.000000 0.005600
486.000000 296.000000 0.005600
340.000000 297.000000 0.004400
363.000000 297.000000 0.002800
376.000000 297.000000 0.004400
421.000000 297.000000 0.004400
439.000000 297.000000 0.004800
629.000000 297.000000 0.005600
651.000000 297.000000 0.005600
777.000000 297.000000 0.005200
797.000000 297.000000 0.005200
270.000000 298.000000 0.007600
352.000000 298.000000 0.002800
465.000000 298.000000 0.006400
507.000000 298.000000 0.005200
553.000000 298.000000 0.004800
575.000000 298.000000 0.005600
602.000000 298.000000 0.006800
206.000000 299.000000 0.008000
234.000000 299.000000 0.005600
391.000000 299.000000 0.002800
530.000000 299.000000 0.005600
681.000000 299.000000 0.007600
758.000000 299.000000 0.004400
816.000000 299.000000 0.004400
864.000000 299.000000 0.006800
178.000000 300.000000 0.005200
253.000000 300.000000 0.004400
405.000000 300.000000 0.004400
836.000000 300.000000 0.005600
141.000000 301.000000 0.009600
704.000000 301.000000 0.006800
740.000000 301.000000 0.008000
880.000000 301.000000 0.005600
970.000000 301.000000 0.006800
1028.000000 301.000000 0.006400
1055.000000 301.000000 0.005200
1147.000000 301.000000 0.008400
930.000000 302.000000 0.004800
991.000000 302.000000 0.004800
1010.000000 302.000000 0.004400
1099.000000 302.000000 0.005200
1135.000000 302.000000 0.009600
159.000000 303.000000 0.005600
901.000000 303.000000 0.004400
914.000000 303.000000 0.004000
1079.000000 303.000000 0.005600
1118.000000 305.000000 0.004400
382.000000 326.000000 0.004400
426.000000 326.000000 0.004800
446.000000 326.000000 0.004400
515.000000 326.000000 0.003600
530.000000 326.000000 0.005200
554.000000 326.000000 0.005600
570.000000 326.000000 0.002800
333.000000 327.000000 0.006800
359.000000 327.000000 0.006800
407.000000 327.000000 0.004400
477.000000 327.000000 0.005600
584.000000 327.000000 0.006800
726.000000 327.000000 0.004400
916.000000 327.000000 0.005600
630.000000 328.000000 0.005600
708.000000 328.000000 0.003600
744.000000 328.000000 0.004000
758.000000 328.000000 0.002800
788.000000 328.000000 0.005600
808.000000 328.000000 0.004400
941.000000 328.000000 0.005600
291.000000 329.000000 0.002800
500.000000 329.000000 0.005600
825.000000 329.000000 0.004400
898.000000 329.000000 0.004800
962.000000 329.000000 0.005600
1051.000000 329.000000 0.004800
1085.000000 329.000000 0.004400
208.000000 330.000000 0.006800
228.000000 330.000000 0.005200
250.000000 330.000000 0.006000
276.000000 330.000000 0.005600
608.000000 330.000000 0.005600
654.000000 330.000000 0.005600
673.000000 330.000000 0.004400
689.000000 330.000000 0.005200
771.000000 330.000000 0.004400
837.000000 330.000000 0.006800
860.000000 330.000000 0.005600
1069.000000 330.000000 0.004400
1113.000000 330.000000 0.004400
181.000000 331.000000 0.004400
195.000000 331.000000 0.002800
310.000000 331.000000 0.006000
878.000000 331.000000 0.004800
989.000000 331.000000 0.006400
1019.000000 331.000000 0.006800
1095.000000 331.000000 0.006800
1134.000000 331.000000 0.006400
142.000000 333.000000 0.007200
164.000000 333.000000 0.004400
529.000000 353.000000 0.006000
358.000000 354.000000 0.002800
382.000000 354.000000 0.002800
455.000000 354.000000 0.005600
481.000000 354.000000 0.006000
505.000000 354.000000 0.004800
553.000000 354.000000 0.005600
282.000000 355.000000 0.005600
324.000000 355.000000 0.004800
343.000000 355.000000 0.004400
370.000000 355.000000 0.003600
575.000000 355.000000 0.006400
261.000000 356.000000 0.004800
305.000000 356.000000 0.004800
790.000000 356.000000 0.004400
822.000000 356.000000 0.007600
846.000000 356.000000 0.003600
870.000000 356.000000 0.004000
237.000000 357.000000 0.005600
408.000000 357.000000 0.005600
640.000000 357.000000 0.002800
700.000000 357.000000 0.005600
723.000000 357.000000 0.005600
806.000000 357.000000 0.004400
214.000000 358.000000 0.005200
434.000000 358.000000 0.005600
603.000000 358.000000 0.006000
654.000000 358.000000 0.004400
747.000000 358.000000 0.006800
773.000000 358.000000 0.004400
930.000000 358.000000 0.003600
996.000000 358.000000 0.004400
1029.000000 358.000000 0.008400
902.000000 359.000000 0.005200
914.000000 359.000000 0.004400
945.000000 359.000000 0.004400
1041.000000 359.000000 0.007600
627.000000 360.000000 0.004400
672.000000 360.000000 0.006400
885.000000 360.000000 0.004400
979.000000 360.000000 0.004400
1111.000000 360.000000 0.004400
163.000000 361.000000 0.005600
194.000000 361.000000 0.005600
963.000000 361.000000 0.004400
1011.000000 361.000000 0.005600
1058.000000 361.000000 0.008000
1087.000000 361.000000 0.006400
1130.000000 361.000000 0.008400
1143.000000 361.000000 0.008400
1069.000000 362.000000 0.006800
141.000000 363.000000 0.006800
412.000000 382.000000 0.006800
434.000000 382.000000 0.006000
480.000000 382.000000 0.006400
935.000000 382.000000 0.003600
346.000000 383.000000 0.005600
364.000000 383.000000 0.005200
384.000000 383.000000 0.004800
401.000000 383.000000 0.003600
521.000000 383.000000 0.004400
540.000000 383.000000 0.006000
832.000000 383.000000 0.005600
240.000000 384.000000 0.006400
262.000000 384.000000 0.005600
457.000000 384.000000 0.005600
600.000000 384.000000 0.004400
891.000000 384.000000 0.004400
288.000000 385.000000 0.006000
312.000000 385.000000 0.006800
564.000000 385.000000 0.004400
612.000000 385.000000 0.003600
709.000000 385.000000 0.003200
720.000000 385.000000 0.004400
857.000000 385.000000 0.004400
875.000000 385.000000 0.004000
1018.000000 385.000000 0.006000
505.000000 386.000000 0.004400
581.000000 386.000000 0.004400
626.000000 386.000000 0.003600
636.000000 386.000000 0.004400
652.000000 386.000000 0.004400
735.000000 386.000000 0.004400
790.000000 386.000000 0.004400
803.000000 386.000000 0.002800
815.000000 386.000000 0.004400
920.000000 386.000000 0.004800
990.000000 386.000000 0.006000
192.000000 387.000000 0.006400
697.000000 387.000000 0.002800
161.000000 388.000000 0.006000
217.000000 388.000000 0.005600
671.000000 388.000000 0.004400
770.000000 388.000000 0.004800
950.000000 388.000000 0.004400
969.000000 388.000000 0.004000
1068.000000 388.000000 0.003600
751.000000 389.000000 0.004400
1029.000000 389.000000 0.006000
1082.000000 389.000000 0.004400
1120.000000 389.000000 0.004800
1137.000000 389.000000 0.005600
1053.000000 390.000000 0.005600
1101.000000 391.000000 0.004400
140.000000 392.000000 0.005600
400.000000 411.000000 0.004400
421.000000 411.000000 0.006000
439.000000 411.000000 0.004400
496.000000 411.000000 0.006800
793.000000 412.000000 0.005200
953.000000 412.000000 0.005600
982.000000 412.000000 0.006800
267.000000 413.000000 0.006400
452.000000 413.000000 0.007600
474.000000 413.000000 0.005600
528.000000 413.000000 0.005600
598.000000 413.000000 0.005600
733.000000 413.000000 0.004400
816.000000 413.000000 0.006000
248.000000 414.000000 0.004400
300.000000 414.000000 0.006800
319.000000 414.000000 0.005600
348.000000 414.000000 0.006800
377.000000 414.000000 0.006400
574.000000 414.000000 0.005600
622.000000 414.000000 0.006400
752.000000 414.000000 0.004800
772.000000 414.000000 0.005600
842.000000 414.000000 0.006800
868.000000 414.000000 0.006800
901.000000 414.000000 0.008400
931.000000 414.000000 0.005600
1006.000000 414.000000 0.007200
229.000000 415.000000 0.005600
551.000000 415.000000 0.005600
669.000000 415.000000 0.004400
691.000000 415.000000 0.006000
1056.000000 415.000000 0.004400
1084.000000 415.000000 0.005600
1100.000000 415.000000 0.004400
137.000000 416.000000 0.008000
150.000000 416.000000 0.002800
179.000000 416.000000 0.002800
208.000000 416.000000 0.005600
1138.000000 416.000000 0.006800
715.000000 417.000000 0.005200
1037.000000 417.000000 0.006800
1117.000000 417.000000 0.004400
166.000000 418.000000 0.004400
648.000000 419.000000 0.006400
1074.000000 462.000000 0.014000
326.000000 466.000000 0.013600
303.000000 467.000000 0.015200
251.000000 470.000000 0.009200
281.000000 470.000000 0.008400
