0.249600 0.040800 0.000005
0.228800 0.041600 0.000007
0.180000 0.042400 0.000012
0.271200 0.042400 0.000005
0.201600 0.043200 0.000005
0.288000 0.043200 0.000011
0.864800 0.054400 0.000012
0.885600 0.054400 0.000007
0.324800 0.078400 0.000004
0.342400 0.080000 0.000004
0.486400 0.080800 0.000005
0.291200 0.081600 0.000005
0.310400 0.081600 0.000004
0.358400 0.081600 0.000004
0.509600 0.081600 0.000005
0.275200 0.082400 0.000005
0.451200 0.082400 0.000004
0.469600 0.082400 0.000004
0.228000 0.083200 0.000004
0.399200 0.083200 0.000005
0.530400 0.083200 0.000005
0.551200 0.083200 0.000005
0.242400 0.084000 0.000004
0.256800 0.084000 0.000005
0.382400 0.084000 0.000007
0.435200 0.084000 0.000004
0.139200 0.084800 0.000006
0.157600 0.084800 0.000004
0.176800 0.084800 0.000005
0.419200 0.084800 0.000004
0.572800 0.084800 0.000005
0.614400 0.084800 0.000005
0.107200 0.085600 0.000007
0.117600 0.085600 0.000004
0.196000 0.085600 0.000004
0.212000 0.085600 0.000004
0.594400 0.085600 0.000004
0.037600 0.087200 0.000004
0.636000 0.087200 0.000005
0.674400 0.087200 0.000004
0.689600 0.088000 0.000004
0.656800 0.088800 0.000004
0.708800 0.088800 0.000006
0.055200 0.089600 0.000011
0.730400 0.089600 0.000004
0.751200 0.089600 0.000005
0.823200 0.089600 0.000004
0.841600 0.089600 0.000004
0.875200 0.089600 0.000005
0.860000 0.090400 0.000004
0.897600 0.090400 0.000005
0.790400 0.091200 0.000004
0.806400 0.091200 0.000004
0.767200 0.092000 0.000005
0.324800 0.104000 0.000004
0.297600 0.105600 0.000004
0.310400 0.105600 0.000004
0.344800 0.105600 0.000005
0.376800 0.105600 0.000004
0.107200 0.106400 0.000005
0.251200 0.106400 0.000004
0.260800 0.106400 0.000002
0.362400 0.106400 0.000005
0.468800 0.106400 0.000003
0.125600 0.107200 0.000004
0.187200 0.107200 0.000004
0.270400 0.107200 0.000004
0.405600 0.107200 0.000004
0.459200 0.107200 0.000004
0.204800 0.108000 0.000004
0.221600 0.108000 0.000004
0.239200 0.108000 0.000005
0.284800 0.108000 0.000004
0.392800 0.108000 0.000004
0.419200 0.108000 0.000004
0.434400 0.108000 0.000004
0.447200 0.108000 0.000004
0.480000 0.108000 0.000004
0.504000 0.108000 0.000004
0.521600 0.108000 0.000004
0.141600 0.108800 0.000004
0.153600 0.108800 0.000004
0.568000 0.108800 0.000004
0.168800 0.109600 0.000004
0.542400 0.109600 0.000007
0.554400 0.109600 0.000004
0.591200 0.109600 0.000006
0.615200 0.111200 0.000005
0.652000 0.111200 0.000004
0.634400 0.112800 0.000004
0.669600 0.112800 0.000004
0.729600 0.113600 0.000004
0.832000 0.113600 0.000005
0.690400 0.114400 0.000005
0.745600 0.114400 0.000004
0.814400 0.114400 0.000005
0.850400 0.114400 0.000004
0.865600 0.114400 0.000005
0.891200 0.114400 0.000005
0.711200 0.115200 0.000004
0.756800 0.115200 0.000007
0.781600 0.115200 0.000006
0.802400 0.116000 0.000004
0.058400 0.130400 0.000009
0.260800 0.131200 0.000004
0.271200 0.131200 0.000002
0.287200 0.131200 0.000005
0.308000 0.131200 0.000004
0.320000 0.131200 0.000004
0.349600 0.131200 0.000005
0.368800 0.131200 0.000005
0.393600 0.131200 0.000004
0.442400 0.131200 0.000005
0.460800 0.131200 0.000005
0.116800 0.132000 0.000007
0.222400 0.132000 0.000004
0.240800 0.132000 0.000005
0.332000 0.132000 0.000005
0.492800 0.132000 0.000004
0.204800 0.132800 0.000004
0.411200 0.132800 0.000004
0.426400 0.132800 0.000004
0.478400 0.132800 0.000004
0.132000 0.133600 0.000005
0.192000 0.133600 0.000004
0.149600 0.134400 0.000004
0.548000 0.134400 0.000005
0.586400 0.134400 0.000004
0.171200 0.135200 0.000006
0.525600 0.135200 0.000004
0.570400 0.135200 0.000005
0.510400 0.136000 0.000004
0.603200 0.136000 0.000005
0.638400 0.136000 0.000004
0.655200 0.136000 0.000005
0.664000 0.136800 0.000004
0.711200 0.136800 0.000004
0.677600 0.137600 0.000004
0.693600 0.137600 0.000004
0.622400 0.138400 0.000004
0.728800 0.139200 0.000004
0.833600 0.139200 0.000004
0.850400 0.139200 0.000004
0.867200 0.139200 0.000005
0.884000 0.140000 0.000004
0.904000 0.140000 0.000006
0.743200 0.140800 0.000004
0.816800 0.140800 0.000004
0.761600 0.141600 0.000006
0.772800 0.141600 0.000002
0.801600 0.141600 0.000004
0.783200 0.142400 0.000006
0.403200 0.154400 0.000004
0.316000 0.156000 0.000004
0.328000 0.156000 0.000005
0.349600 0.156000 0.000005
0.420000 0.156000 0.000004
0.457600 0.156000 0.000004
0.482400 0.156000 0.000002
0.492800 0.156000 0.000006
0.109600 0.156800 0.000005
0.148800 0.156800 0.000005
0.207200 0.156800 0.000007
0.252000 0.156800 0.000003
0.284000 0.156800 0.000005
0.300000 0.156800 0.000004
0.364800 0.156800 0.000004
0.374400 0.156800 0.000002
0.388000 0.156800 0.000004
0.448000 0.156800 0.000002
0.472000 0.156800 0.000004
0.127200 0.157600 0.000004
0.262400 0.157600 0.000007
0.435200 0.157600 0.000004
0.518400 0.157600 0.000004
0.233600 0.158400 0.000005
0.169600 0.159200 0.000005
0.216800 0.159200 0.000007
0.532800 0.159200 0.000004
0.544800 0.159200 0.000005
0.561600 0.160000 0.000004
0.579200 0.160000 0.000004
0.189600 0.160800 0.000005
0.594400 0.160800 0.000004
0.664800 0.161600 0.000004
0.899200 0.161600 0.000005
0.609600 0.162400 0.000004
0.648800 0.162400 0.000004
0.680000 0.162400 0.000004
0.698400 0.162400 0.000004
0.713600 0.162400 0.000004
0.631200 0.163200 0.000005
0.733600 0.163200 0.000004
0.814400 0.163200 0.000003
0.748800 0.164000 0.000004
0.782400 0.164000 0.000004
0.825600 0.164000 0.000002
0.765600 0.164800 0.000004
0.795200 0.164800 0.000003
0.804800 0.164800 0.000002
0.849600 0.164800 0.000005
0.881600 0.166400 0.000004
0.866400 0.167200 0.000004
0.326400 0.180800 0.000005
0.396000 0.180800 0.000004
0.442400 0.180800 0.000004
0.456000 0.180800 0.000002
0.265600 0.181600 0.000004
0.345600 0.181600 0.000005
0.424800 0.181600 0.000004
0.250400 0.182400 0.000004
0.308800 0.182400 0.000005
0.378400 0.182400 0.000004
0.412000 0.182400 0.000004
0.465600 0.182400 0.000006
0.480800 0.182400 0.000004
0.532000 0.182400 0.000004
0.572800 0.182400 0.000003
0.232000 0.183200 0.000004
0.499200 0.183200 0.000005
0.518400 0.183200 0.000004
0.584000 0.183200 0.000004
0.111200 0.184000 0.000007
0.284000 0.184000 0.000005
0.363200 0.184000 0.000004
0.544800 0.184000 0.000004
0.560000 0.184000 0.000004
0.122400 0.184800 0.000004
0.188800 0.184800 0.000005
0.209600 0.184800 0.000006
0.220800 0.184800 0.000004
0.687200 0.184800 0.000004
0.155200 0.185600 0.000004
0.614400 0.185600 0.000003
0.669600 0.185600 0.000004
0.698400 0.185600 0.000004
0.908800 0.185600 0.000007
0.138400 0.186400 0.000004
0.165600 0.186400 0.000004
0.600800 0.186400 0.000005
0.654400 0.186400 0.000004
0.713600 0.186400 0.000004
0.732800 0.186400 0.000005
0.896800 0.186400 0.000004
0.624800 0.187200 0.000004
0.641600 0.187200 0.000004
0.819200 0.187200 0.000004
0.887200 0.187200 0.000002
0.751200 0.188000 0.000005
0.788000 0.188000 0.000004
0.803200 0.188000 0.000004
0.831200 0.188000 0.000004
0.873600 0.188000 0.000004
0.774400 0.188800 0.000004
0.849600 0.188800 0.000005
0.441600 0.204000 0.000004
0.397600 0.204800 0.000004
0.452000 0.204800 0.000004
0.248800 0.205600 0.000004
0.387200 0.205600 0.000004
0.426400 0.206400 0.000004
0.463200 0.206400 0.000004
0.476800 0.206400 0.000005
0.316000 0.207200 0.000002
0.356800 0.207200 0.000002
0.413600 0.207200 0.000004
0.496000 0.207200 0.000004
0.535200 0.207200 0.000004
0.554400 0.207200 0.000004
0.260000 0.208000 0.000002
0.299200 0.208000 0.000002
0.330400 0.208000 0.000004
0.344800 0.208000 0.000004
0.367200 0.208000 0.000006
0.522400 0.208000 0.000004
0.573600 0.208000 0.000005
0.110400 0.208800 0.000005
0.234400 0.208800 0.000004
0.282400 0.208800 0.000003
0.291200 0.208800 0.000002
0.509600 0.208800 0.000004
0.656000 0.208800 0.000004
0.674400 0.208800 0.000004
0.688800 0.208800 0.000005
0.127200 0.209600 0.000005
0.139200 0.209600 0.000002
0.593600 0.209600 0.000005
0.633600 0.209600 0.000005
0.150400 0.210400 0.000004
0.161600 0.210400 0.000002
0.179200 0.210400 0.000005
0.712000 0.210400 0.000005
0.720000 0.210400 0.000005
0.733600 0.210400 0.000004
0.196800 0.211200 0.000005
0.613600 0.211200 0.000004
0.753600 0.211200 0.000004
0.803200 0.211200 0.000004
0.771200 0.212000 0.000004
0.788000 0.212000 0.000004
0.216000 0.212800 0.000004
0.835200 0.212800 0.000004
0.849600 0.212800 0.000004
0.868000 0.212800 0.000005
0.900000 0.212800 0.000005
0.819200 0.215200 0.000004
0.415200 0.230400 0.000004
0.442400 0.230400 0.000006
0.486400 0.230400 0.000004
0.307200 0.231200 0.000004
0.320800 0.231200 0.000004
0.332800 0.231200 0.000004
0.346400 0.231200 0.000004
0.427200 0.231200 0.000004
0.518400 0.231200 0.000004
0.296000 0.232000 0.000004
0.360000 0.232000 0.000004
0.110400 0.232800 0.000004
0.264000 0.232800 0.000004
0.280800 0.232800 0.000004
0.372800 0.232800 0.000004
0.388000 0.232800 0.000004
0.404000 0.232800 0.000004
0.468800 0.232800 0.000005
0.504000 0.232800 0.000004
0.235200 0.233600 0.000005
0.245600 0.233600 0.000002
0.555200 0.233600 0.000004
0.180800 0.234400 0.000004
0.536000 0.234400 0.000005
0.574400 0.234400 0.000005
0.123200 0.235200 0.000004
0.143200 0.235200 0.000006
0.195200 0.235200 0.000004
0.213600 0.235200 0.000004
0.583200 0.235200 0.000005
0.600000 0.235200 0.000004
0.695200 0.235200 0.000004
0.771200 0.235200 0.000004
0.789600 0.235200 0.000005
0.876800 0.235200 0.000004
0.891200 0.235200 0.000004
0.166400 0.236000 0.000004
0.661600 0.236000 0.000005
0.679200 0.236000 0.000004
0.716800 0.236000 0.000005
0.736000 0.236000 0.000004
0.752800 0.236000 0.000004
0.859200 0.236000 0.000004
0.639200 0.236800 0.000004
0.807200 0.236800 0.000004
0.843200 0.236800 0.000004
0.621600 0.237600 0.000005
0.820800 0.237600 0.000005
0.334400 0.254400 0.000005
0.348800 0.254400 0.000002
0.359200 0.254400 0.000005
0.380000 0.254400 0.000005
0.397600 0.254400 0.000004
0.430400 0.254400 0.000004
0.447200 0.254400 0.000004
0.470400 0.254400 0.000004
0.224000 0.255200 0.000004
0.258400 0.255200 0.000005
0.313600 0.255200 0.000004
0.414400 0.255200 0.000004
0.499200 0.255200 0.000004
0.509600 0.255200 0.000002
0.520000 0.255200 0.000004
0.212000 0.256000 0.000004
0.238400 0.256000 0.000004
0.296000 0.256000 0.000004
0.461600 0.256000 0.000004
0.279200 0.256800 0.000004
0.484000 0.256800 0.000004
0.560000 0.256800 0.000004
0.577600 0.256800 0.000004
0.535200 0.257600 0.000004
0.598400 0.257600 0.000005
0.153600 0.258400 0.000005
0.188000 0.258400 0.000005
0.656800 0.258400 0.000005
0.690400 0.258400 0.000004
0.130400 0.259200 0.000005
0.764000 0.259200 0.000005
0.168000 0.260000 0.000004
0.676000 0.260000 0.000004
0.734400 0.260000 0.000004
0.746400 0.260000 0.000004
0.793600 0.260000 0.000004
0.815200 0.260000 0.000004
0.110400 0.260800 0.000005
0.616800 0.260800 0.000005
0.639200 0.260800 0.000004
0.705600 0.260800 0.000004
0.780000 0.260800 0.000004
0.723200 0.261600 0.000004
0.831200 0.262400 0.000005
0.855200 0.262400 0.000004
0.872000 0.264000 0.000005
0.892800 0.264800 0.000007
0.404800 0.276800 0.000005
0.420800 0.276800 0.000004
0.374400 0.277600 0.000004
0.442400 0.277600 0.000005
0.293600 0.278400 0.000005
0.328000 0.278400 0.000004
0.361600 0.278400 0.000005
0.386400 0.278400 0.000004
0.462400 0.278400 0.000004
0.473600 0.278400 0.000004
0.488000 0.278400 0.000004
0.508800 0.278400 0.000004
0.524000 0.278400 0.000005
0.232000 0.279200 0.000004
0.255200 0.279200 0.000005
0.272000 0.279200 0.000004
0.341600 0.279200 0.000004
0.192800 0.280000 0.000004
0.549600 0.280000 0.000005
0.566400 0.280000 0.000004
0.604000 0.280000 0.000005
0.214400 0.280800 0.000005
0.309600 0.280800 0.000004
0.620000 0.280800 0.000004
0.638400 0.280800 0.000004
0.124800 0.281600 0.000005
0.581600 0.281600 0.000004
0.146400 0.283200 0.000004
0.726400 0.283200 0.000005
0.765600 0.283200 0.000004
0.168800 0.284000 0.000006
0.685600 0.284000 0.000005
0.707200 0.284000 0.000004
0.748800 0.284000 0.000004
0.873600 0.284000 0.000004
0.105600 0.284800 0.000005
0.657600 0.284800 0.000004
0.786400 0.284800 0.000005
0.668000 0.285600 0.000005
0.809600 0.286400 0.000005
0.828800 0.286400 0.000005
0.840000 0.286400 0.000004
0.856000 0.286400 0.000004
0.890400 0.286400 0.000004
0.277600 0.298400 0.000004
0.260800 0.299200 0.000005
0.295200 0.299200 0.000004
0.340800 0.300000 0.000006
0.364800 0.300000 0.000004
0.329600 0.300800 0.000004
0.387200 0.300800 0.000005
0.408000 0.300800 0.000004
0.311200 0.301600 0.000004
0.430400 0.301600 0.000004
0.447200 0.301600 0.000004
0.604000 0.301600 0.000004
0.237600 0.303200 0.000004
0.465600 0.303200 0.000005
0.487200 0.303200 0.000005
0.571200 0.303200 0.000004
0.132000 0.304000 0.000004
0.188000 0.304000 0.000004
0.589600 0.304000 0.000004
0.172000 0.304800 0.000004
0.207200 0.304800 0.000004
0.528800 0.304800 0.000002
0.557600 0.304800 0.000005
0.154400 0.305600 0.000004
0.516000 0.305600 0.000004
0.116800 0.306400 0.000004
0.222400 0.306400 0.000004
0.625600 0.306400 0.000005
0.736000 0.306400 0.000005
0.108000 0.307200 0.000005
0.651200 0.307200 0.000005
0.752800 0.307200 0.000004
0.764800 0.307200 0.000004
0.777600 0.307200 0.000004
0.679200 0.308000 0.000005
0.812000 0.308000 0.000004
0.868800 0.308000 0.000006
0.714400 0.308800 0.000004
0.787200 0.308800 0.000006
0.796800 0.308800 0.000005
0.877600 0.308800 0.000005
0.897600 0.308800 0.000006
0.699200 0.309600 0.000004
0.836800 0.309600 0.000004
0.855200 0.309600 0.000004
0.369600 0.321600 0.000004
0.431200 0.321600 0.000004
0.286400 0.322400 0.000004
0.383200 0.322400 0.000004
0.271200 0.323200 0.000004
0.296800 0.323200 0.000003
0.308800 0.323200 0.000004
0.326400 0.323200 0.000004
0.340800 0.323200 0.000004
0.353600 0.323200 0.000004
0.400800 0.323200 0.000005
0.248000 0.324000 0.000005
0.415200 0.324000 0.000004
0.448800 0.324000 0.000004
0.120800 0.324800 0.000004
0.135200 0.324800 0.000004
0.191200 0.324800 0.000004
0.232800 0.324800 0.000004
0.160000 0.325600 0.000005
0.177600 0.325600 0.000004
0.203200 0.325600 0.000003
0.212800 0.325600 0.000004
0.463200 0.325600 0.000004
0.479200 0.325600 0.000004
0.494400 0.325600 0.000004
0.503200 0.325600 0.000006
0.109600 0.326400 0.000007
0.570400 0.327200 0.000004
0.520800 0.328000 0.000006
0.543200 0.328000 0.000004
0.554400 0.328000 0.000004
0.588000 0.328800 0.000005
0.610400 0.328800 0.000005
0.660800 0.329600 0.000004
0.756000 0.329600 0.000005
0.630400 0.330400 0.000005
0.645600 0.330400 0.000004
0.711200 0.330400 0.000004
0.732000 0.330400 0.000005
0.772000 0.331200 0.000005
0.677600 0.332000 0.000004
0.692000 0.332000 0.000004
0.791200 0.332000 0.000004
0.821600 0.332000 0.000005
0.805600 0.332800 0.000004
0.862400 0.332800 0.000007
0.876800 0.332800 0.000004
0.889600 0.332800 0.000008
0.839200 0.333600 0.000004
0.927200 0.340800 0.000008
0.198400 0.361600 0.000010
0.162400 0.362400 0.000009
0.217600 0.362400 0.000010
0.149600 0.363200 0.000011
0.248000 0.363200 0.000010
0.228000 0.364000 0.000008
