201.000000 57.000000 0.015600
310.000000 58.000000 0.005600
264.000000 59.000000 0.009600
289.000000 60.000000 0.005600
328.000000 60.000000 0.012000
225.000000 61.000000 0.008400
1088.000000 65.000000 0.008400
1060.000000 66.000000 0.011200
1087.000000 106.000000 0.005600
1104.000000 106.000000 0.005600
1125.000000 107.000000 0.006800
380.000000 109.000000 0.006800
995.000000 109.000000 0.006800
206.000000 110.000000 0.008400
278.000000 110.000000 0.006800
427.000000 110.000000 0.005600
457.000000 110.000000 0.008000
623.000000 110.000000 0.005600
481.000000 111.000000 0.006000
830.000000 111.000000 0.004400
972.000000 111.000000 0.004400
298.000000 112.000000 0.004400
405.000000 112.000000 0.005600
668.000000 112.000000 0.005600
848.000000 112.000000 0.005600
878.000000 112.000000 0.008400
958.000000 112.000000 0.004400
1018.000000 112.000000 0.007200
1067.000000 112.000000 0.005600
161.000000 113.000000 0.006800
311.000000 113.000000 0.005600
329.000000 113.000000 0.005600
350.000000 113.000000 0.006800
529.000000 113.000000 0.008400
592.000000 113.000000 0.004400
604.000000 113.000000 0.003600
645.000000 113.000000 0.005600
814.000000 113.000000 0.005600
899.000000 113.000000 0.006800
925.000000 113.000000 0.004400
942.000000 113.000000 0.004400
1043.000000 113.000000 0.006800
137.000000 114.000000 0.009600
181.000000 114.000000 0.005200
235.000000 114.000000 0.005600
256.000000 114.000000 0.005600
547.000000 114.000000 0.005200
758.000000 114.000000 0.008400
786.000000 114.000000 0.008000
571.000000 115.000000 0.006400
688.000000 115.000000 0.004400
703.000000 115.000000 0.003600
772.000000 115.000000 0.003600
504.000000 116.000000 0.005600
716.000000 116.000000 0.004400
735.000000 116.000000 0.005600
478.000000 142.000000 0.005600
1133.000000 142.000000 0.008400
451.000000 143.000000 0.006400
1034.000000 143.000000 0.005600
314.000000 144.000000 0.005600
498.000000 144.000000 0.004400
906.000000 144.000000 0.006400
928.000000 144.000000 0.006400
1116.000000 144.000000 0.006400
295.000000 145.000000 0.005200
335.000000 145.000000 0.006400
362.000000 145.000000 0.006400
575.000000 145.000000 0.006400
814.000000 145.000000 0.005600
836.000000 145.000000 0.008400
853.000000 145.000000 0.004000
870.000000 145.000000 0.005600
385.000000 146.000000 0.006800
427.000000 146.000000 0.006800
517.000000 146.000000 0.005600
600.000000 146.000000 0.006800
629.000000 146.000000 0.006400
654.000000 146.000000 0.005600
707.000000 146.000000 0.006000
883.000000 146.000000 0.006800
950.000000 146.000000 0.006800
986.000000 146.000000 0.004800
1005.000000 146.000000 0.004400
1019.000000 146.000000 0.002800
1076.000000 146.000000 0.005600
1093.000000 146.000000 0.004400
413.000000 147.000000 0.008400
545.000000 147.000000 0.006800
678.000000 147.000000 0.006400
736.000000 147.000000 0.006800
778.000000 147.000000 0.004400
792.000000 147.000000 0.004400
1055.000000 147.000000 0.005600
177.000000 148.000000 0.006800
212.000000 148.000000 0.006800
236.000000 148.000000 0.005600
274.000000 148.000000 0.005600
761.000000 148.000000 0.005200
970.000000 148.000000 0.005600
141.000000 149.000000 0.009200
254.000000 150.000000 0.005600
153.000000 151.000000 0.008400
1193.000000 166.000000 0.011200
451.000000 172.000000 0.005200
715.000000 173.000000 0.006400
1016.000000 173.000000 0.006400
664.000000 174.000000 0.005600
689.000000 174.000000 0.005600
994.000000 174.000000 0.005600
1102.000000 174.000000 0.005600
1122.000000 174.000000 0.004400
1140.000000 174.000000 0.005600
432.000000 175.000000 0.005200
474.000000 175.000000 0.006800
586.000000 175.000000 0.005600
617.000000 175.000000 0.006400
767.000000 175.000000 0.005200
855.000000 175.000000 0.006400
947.000000 175.000000 0.006800
1084.000000 175.000000 0.004400
322.000000 176.000000 0.005600
412.000000 176.000000 0.004800
496.000000 176.000000 0.006800
523.000000 176.000000 0.006800
548.000000 176.000000 0.004400
567.000000 176.000000 0.004800
641.000000 176.000000 0.005600
741.000000 176.000000 0.006400
795.000000 176.000000 0.006800
911.000000 176.000000 0.006800
965.000000 176.000000 0.004400
1044.000000 176.000000 0.005600
1066.000000 176.000000 0.005200
394.000000 177.000000 0.004400
305.000000 178.000000 0.005600
367.000000 178.000000 0.006800
830.000000 178.000000 0.006800
885.000000 178.000000 0.006400
342.000000 179.000000 0.006400
277.000000 180.000000 0.005600
243.000000 181.000000 0.003600
259.000000 181.000000 0.004400
213.000000 182.000000 0.002800
227.000000 182.000000 0.004400
185.000000 183.000000 0.004400
201.000000 183.000000 0.004400
147.000000 184.000000 0.006800
169.000000 184.000000 0.005600
645.000000 202.000000 0.005600
960.000000 202.000000 0.004400
1046.000000 202.000000 0.005200
1069.000000 202.000000 0.005600
1138.000000 202.000000 0.006400
431.000000 203.000000 0.006400
618.000000 203.000000 0.006400
935.000000 203.000000 0.006400
976.000000 203.000000 0.004000
1095.000000 203.000000 0.006400
451.000000 204.000000 0.004400
593.000000 204.000000 0.006800
663.000000 204.000000 0.004400
698.000000 204.000000 0.002800
860.000000 204.000000 0.006800
995.000000 204.000000 0.006000
1022.000000 204.000000 0.005600
1118.000000 204.000000 0.005600
679.000000 205.000000 0.006800
912.000000 205.000000 0.005200
470.000000 206.000000 0.006400
520.000000 206.000000 0.005600
543.000000 206.000000 0.005600
566.000000 206.000000 0.005600
754.000000 206.000000 0.006400
783.000000 206.000000 0.007600
812.000000 206.000000 0.005600
889.000000 206.000000 0.006000
498.000000 207.000000 0.005600
713.000000 207.000000 0.004400
354.000000 208.000000 0.005600
731.000000 208.000000 0.004400
836.000000 208.000000 0.005600
332.000000 209.000000 0.005600
374.000000 209.000000 0.005600
401.000000 209.000000 0.006800
275.000000 210.000000 0.004400
291.000000 210.000000 0.004400
310.000000 210.000000 0.005600
244.000000 211.000000 0.005600
262.000000 211.000000 0.004400
216.000000 214.000000 0.006800
169.000000 215.000000 0.006400
192.000000 215.000000 0.005600
147.000000 218.000000 0.006800
1140.000000 230.000000 0.005600
1123.000000 231.000000 0.006800
859.000000 233.000000 0.006800
960.000000 233.000000 0.004400
657.000000 234.000000 0.006400
913.000000 234.000000 0.004400
1093.000000 234.000000 0.006400
684.000000 235.000000 0.006000
738.000000 235.000000 0.006800
751.000000 235.000000 0.003600
775.000000 235.000000 0.007200
884.000000 235.000000 0.006800
945.000000 235.000000 0.004400
977.000000 235.000000 0.004400
1017.000000 235.000000 0.005600
1042.000000 235.000000 0.006800
1070.000000 235.000000 0.006400
496.000000 236.000000 0.008400
716.000000 236.000000 0.006800
792.000000 236.000000 0.004400
899.000000 236.000000 0.004400
931.000000 236.000000 0.008400
996.000000 236.000000 0.005200
477.000000 237.000000 0.005600
526.000000 237.000000 0.005600
620.000000 237.000000 0.004400
637.000000 237.000000 0.004400
808.000000 237.000000 0.008400
835.000000 237.000000 0.006400
565.000000 238.000000 0.005600
587.000000 238.000000 0.005200
704.000000 238.000000 0.002800
544.000000 239.000000 0.005600
602.000000 239.000000 0.004400
407.000000 240.000000 0.005200
450.000000 240.000000 0.007200
426.000000 241.000000 0.005600
387.000000 242.000000 0.005600
311.000000 243.000000 0.005200
364.000000 243.000000 0.005600
344.000000 244.000000 0.004400
207.000000 245.000000 0.005600
230.000000 245.000000 0.007600
328.000000 245.000000 0.004400
181.000000 246.000000 0.007600
260.000000 246.000000 0.005600
291.000000 246.000000 0.007600
149.000000 247.000000 0.006800
678.000000 264.000000 0.005600
630.000000 265.000000 0.003600
642.000000 265.000000 0.004400
962.000000 265.000000 0.004400
599.000000 266.000000 0.004400
754.000000 266.000000 0.005600
857.000000 266.000000 0.005600
876.000000 266.000000 0.004400
911.000000 266.000000 0.005600
1088.000000 266.000000 0.005600
1107.000000 266.000000 0.005600
1128.000000 266.000000 0.006800
548.000000 267.000000 0.005600
573.000000 267.000000 0.004400
586.000000 267.000000 0.002800
616.000000 267.000000 0.004400
660.000000 267.000000 0.005200
771.000000 267.000000 0.005600
816.000000 267.000000 0.004800
834.000000 267.000000 0.005600
892.000000 267.000000 0.004400
943.000000 267.000000 0.005600
987.000000 267.000000 0.003600
699.000000 268.000000 0.005600
715.000000 268.000000 0.004000
728.000000 268.000000 0.002800
739.000000 268.000000 0.003600
786.000000 268.000000 0.004400
798.000000 268.000000 0.004400
927.000000 268.000000 0.004800
1031.000000 268.000000 0.004400
1044.000000 268.000000 0.004400
1064.000000 268.000000 0.005600
532.000000 269.000000 0.004800
1013.000000 269.000000 0.004400
517.000000 270.000000 0.002800
428.000000 271.000000 0.005600
473.000000 271.000000 0.004400
506.000000 271.000000 0.006800
367.000000 272.000000 0.005600
457.000000 272.000000 0.004400
340.000000 273.000000 0.006400
397.000000 273.000000 0.005600
413.000000 273.000000 0.004400
279.000000 274.000000 0.006000
296.000000 274.000000 0.004400
319.000000 274.000000 0.006800
226.000000 275.000000 0.006800
253.000000 276.000000 0.006800
191.000000 277.000000 0.008000
164.000000 278.000000 0.005600
147.000000 279.000000 0.006800
1068.000000 296.000000 0.003600
1121.000000 296.000000 0.004400
1136.000000 296.000000 0.008400
907.000000 297.000000 0.005600
1055.000000 297.000000 0.004400
1082.000000 297.000000 0.004400
710.000000 298.000000 0.005600
762.000000 298.000000 0.006800
927.000000 298.000000 0.006800
940.000000 298.000000 0.002800
960.000000 298.000000 0.006400
1004.000000 298.000000 0.004400
1102.000000 298.000000 0.005600
531.000000 299.000000 0.008000
565.000000 299.000000 0.006000
603.000000 299.000000 0.006000
622.000000 299.000000 0.006800
690.000000 299.000000 0.005600
789.000000 299.000000 0.006400
818.000000 299.000000 0.006400
871.000000 299.000000 0.005600
892.000000 299.000000 0.005600
975.000000 299.000000 0.004400
991.000000 299.000000 0.003600
1020.000000 299.000000 0.004400
1036.000000 299.000000 0.005600
416.000000 300.000000 0.004400
431.000000 300.000000 0.004400
479.000000 300.000000 0.006400
545.000000 300.000000 0.002800
582.000000 300.000000 0.005600
666.000000 300.000000 0.005600
737.000000 300.000000 0.006800
838.000000 300.000000 0.005600
856.000000 300.000000 0.005600
403.000000 301.000000 0.007200
456.000000 301.000000 0.006400
506.000000 301.000000 0.005600
647.000000 301.000000 0.005600
393.000000 302.000000 0.006800
367.000000 303.000000 0.006800
310.000000 304.000000 0.005600
266.000000 306.000000 0.004400
330.000000 306.000000 0.004400
283.000000 307.000000 0.007600
347.000000 307.000000 0.004400
250.000000 308.000000 0.004400
225.000000 309.000000 0.004400
152.000000 310.000000 0.006400
174.000000 310.000000 0.005600
203.000000 311.000000 0.006800
1075.000000 325.000000 0.008400
1110.000000 325.000000 0.004400
1090.000000 326.000000 0.004400
1125.000000 326.000000 0.004400
1000.000000 327.000000 0.004400
1140.000000 327.000000 0.008400
731.000000 328.000000 0.005600
899.000000 328.000000 0.005600
787.000000 329.000000 0.004400
839.000000 329.000000 0.004400
970.000000 329.000000 0.003600
984.000000 329.000000 0.004400
1019.000000 329.000000 0.004800
443.000000 330.000000 0.005600
605.000000 330.000000 0.004400
625.000000 330.000000 0.005200
655.000000 330.000000 0.002800
708.000000 330.000000 0.006400
806.000000 330.000000 0.004800
851.000000 330.000000 0.005600
868.000000 330.000000 0.006800
931.000000 330.000000 0.006800
1038.000000 330.000000 0.004400
1051.000000 330.000000 0.004400
513.000000 331.000000 0.003600
643.000000 331.000000 0.004400
669.000000 331.000000 0.004400
687.000000 331.000000 0.004800
749.000000 331.000000 0.004400
771.000000 331.000000 0.006000
823.000000 331.000000 0.004400
954.000000 331.000000 0.005600
459.000000 332.000000 0.004400
499.000000 332.000000 0.005600
556.000000 332.000000 0.006800
580.000000 332.000000 0.006800
592.000000 332.000000 0.002800
386.000000 333.000000 0.005600
405.000000 333.000000 0.004400
477.000000 333.000000 0.004800
535.000000 333.000000 0.004400
340.000000 334.000000 0.002800
356.000000 334.000000 0.005600
420.000000 334.000000 0.006800
312.000000 335.000000 0.004400
327.000000 335.000000 0.004000
277.000000 336.000000 0.005600
298.000000 336.000000 0.004400
224.000000 337.000000 0.005600
241.000000 338.000000 0.004400
259.000000 338.000000 0.004400
201.000000 340.000000 0.006400
175.000000 341.000000 0.005600
153.000000 342.000000 0.006800
813.000000 356.000000 0.005200
834.000000 356.000000 0.004400
969.000000 356.000000 0.005600
994.000000 356.000000 0.005600
770.000000 357.000000 0.006400
850.000000 357.000000 0.004400
865.000000 357.000000 0.004400
948.000000 357.000000 0.004800
1105.000000 357.000000 0.004400
736.000000 358.000000 0.006800
793.000000 358.000000 0.005200
885.000000 358.000000 0.005200
905.000000 358.000000 0.005200
930.000000 358.000000 0.006000
1017.000000 358.000000 0.006400
1046.000000 358.000000 0.005200
1062.000000 358.000000 0.004400
1138.000000 358.000000 0.006000
643.000000 359.000000 0.004800
665.000000 359.000000 0.005600
1079.000000 359.000000 0.004400
1092.000000 359.000000 0.002800
1118.000000 359.000000 0.002800
407.000000 360.000000 0.005600
574.000000 360.000000 0.004400
624.000000 360.000000 0.005600
375.000000 361.000000 0.004000
388.000000 361.000000 0.003600
602.000000 361.000000 0.005600
689.000000 361.000000 0.005600
714.000000 361.000000 0.006000
354.000000 362.000000 0.006400
433.000000 362.000000 0.004400
447.000000 362.000000 0.002800
460.000000 362.000000 0.004400
475.000000 362.000000 0.002800
496.000000 362.000000 0.006800
517.000000 362.000000 0.006800
547.000000 363.000000 0.004400
559.000000 363.000000 0.004400
304.000000 364.000000 0.004400
341.000000 364.000000 0.005600
321.000000 365.000000 0.005600
248.000000 367.000000 0.004400
284.000000 367.000000 0.005600
230.000000 368.000000 0.005600
261.000000 368.000000 0.007600
179.000000 371.000000 0.004400
208.000000 371.000000 0.004400
150.000000 372.000000 0.008000
164.000000 372.000000 0.002800
196.000000 373.000000 0.004400
1079.000000 384.000000 0.005600
1051.000000 385.000000 0.006800
778.000000 386.000000 0.004400
791.000000 386.000000 0.004400
932.000000 386.000000 0.006800
954.000000 386.000000 0.005600
1093.000000 386.000000 0.005200
1117.000000 386.000000 0.006000
397.000000 387.000000 0.006000
421.000000 387.000000 0.006400
655.000000 387.000000 0.004800
811.000000 387.000000 0.005600
921.000000 387.000000 0.005600
1013.000000 387.000000 0.005600
1028.000000 387.000000 0.004400
1144.000000 387.000000 0.006800
372.000000 388.000000 0.005600
730.000000 388.000000 0.004800
752.000000 388.000000 0.006400
832.000000 388.000000 0.005200
854.000000 388.000000 0.005600
879.000000 388.000000 0.005600
974.000000 388.000000 0.004400
991.000000 388.000000 0.005200
534.000000 389.000000 0.006800
636.000000 389.000000 0.004400
674.000000 389.000000 0.004400
691.000000 389.000000 0.004800
712.000000 389.000000 0.004400
900.000000 389.000000 0.005600
343.000000 390.000000 0.006000
557.000000 390.000000 0.002800
570.000000 390.000000 0.004400
588.000000 390.000000 0.004400
608.000000 390.000000 0.005600
448.000000 391.000000 0.006800
477.000000 391.000000 0.005600
516.000000 391.000000 0.004400
322.000000 392.000000 0.005200
499.000000 392.000000 0.004400
295.000000 394.000000 0.006400
256.000000 395.000000 0.006000
233.000000 397.000000 0.004400
221.000000 399.000000 0.003600
203.000000 400.000000 0.005600
168.000000 401.000000 0.002800
182.000000 401.000000 0.004400
157.000000 402.000000 0.002800
915.000000 413.000000 0.004800
1002.000000 413.000000 0.004400
1024.000000 413.000000 0.005600
555.000000 414.000000 0.006800
1047.000000 414.000000 0.005600
1105.000000 414.000000 0.005600
1129.000000 414.000000 0.005600
383.000000 415.000000 0.005600
544.000000 415.000000 0.004400
574.000000 415.000000 0.004800
593.000000 415.000000 0.004400
805.000000 415.000000 0.006800
853.000000 415.000000 0.005600
933.000000 415.000000 0.004400
985.000000 415.000000 0.004400
1069.000000 415.000000 0.005200
363.000000 416.000000 0.005600
407.000000 416.000000 0.005600
425.000000 416.000000 0.006800
521.000000 416.000000 0.005600
617.000000 416.000000 0.005600
636.000000 416.000000 0.005600
661.000000 416.000000 0.004800
694.000000 416.000000 0.005600
714.000000 416.000000 0.004400
748.000000 416.000000 0.008400
778.000000 416.000000 0.005600
950.000000 416.000000 0.004400
966.000000 416.000000 0.005600
1086.000000 416.000000 0.004400
1151.000000 416.000000 0.006800
680.000000 417.000000 0.004400
730.000000 417.000000 0.004400
831.000000 417.000000 0.005600
335.000000 418.000000 0.006400
499.000000 418.000000 0.005600
876.000000 418.000000 0.006000
897.000000 418.000000 0.005200
453.000000 419.000000 0.005600
476.000000 419.000000 0.004800
309.000000 420.000000 0.005600
226.000000 424.000000 0.006800
286.000000 424.000000 0.006400
262.000000 425.000000 0.005600
150.000000 426.000000 0.005600
192.000000 426.000000 0.005600
241.000000 426.000000 0.004400
172.000000 427.000000 0.005600
