67 68
147 149
59 73
277 286
199 205
0 5
191 201
369 378
251 252
239 250
148 150
132 133
280 306
343 344
192 193
81 96
133 134
162 170
44 56
284 303
125 139
225 226
265 271
317 318
47 48
258 259
17 44
266 272
417 432
442 443
80 81
383 384
240 246
110 118
173 174
332 347
22 23
43 55
194 215
324 352
435 448
416 444
266 267
298 299
335 348
59 63
147 148
358 359
207 208
450 451
299 300
113 119
129 145
420 428
151 154
423 424
162 169
3 5
32 50
265 270
365 366
386 398
446 449
188 190
160 180
390 404
150 154
113 114
331 345
205 215
342 351
324 333
35 41
165 178
95 101
164 182
135 146
283 319
36 42
446 453
438 449
88 89
235 260
327 334
157 179
419 426
379 399
61 71
121 122
121 131
20 39
62 63
224 232
3 4
326 356
72 85
375 379
338 339
375 388
36 37
227 233
279 280
68 78
287 293
368 385
209 221
360 362
372 373
404 405
123 135
223 231
405 406
286 287
216 219
319 320
197 214
61 70
82 102
234 236
412 413
261 262
293 294
353 354
16 40
116 127
359 361
386 387
9 10
437 438
149 160
71 79
278 292
281 288
222 229
414 427
422 440
282 307
13 21
223 230
45 53
46 54
49 50
109 110
30 45
82 83
330 343
163 175
83 84
326 345
105 117
436 445
208 209
167 168
78 90
256 267
377 395
418 433
241 242
278 291
90 91
12 19
141 142
282 288
355 358
115 120
295 316
426 427
174 175
64 65
307 308
315 321
156 157
245 253
248 249
97 98
418 419
340 341
329 350
238 241
400 401
111 118
402 410
203 210
392 393
112 119
314 315
152 155
1 4
403 411
376 394
236 243
37 43
15 24
417 431
407 408
366 367
67 89
8 12
439 455
48 57
100 104
399 400
192 196
381 382
451 456
211 218
73 86
303 310
332 346
432 433
165 187
244 251
425 430
325 352
96 102
318 322
406 407
130 131
159 167
439 450
77 88
329 340
369 385
210 221
262 268
372 396
62 72
181 190
14 22
217 220
376 393
354 365
137 138
15 23
177 183
158 179
17 51
229 230
18 28
188 189
107 115
8 11
170 171
129 130
328 348
111 112
331 344
132 144
339 357
213 227
33 40
243 249
295 296
103 104
225 228
302 313
254 273
106 109
195 196
346 356
166 178
136 137
428 434
29 47
328 334
69 92
431 444
224 231
25 31
391 408
143 144
254 268
424 441
87 100
66 77
195 200
387 388
191 193
239 242
390 411
25 26
361 362
202 207
453 454
246 259
335 336
279 292
120 128
76 103
128 141
309 320
69 91
10 14
84 85
194 216
116 126
176 177
87 99
117 127
308 323
378 409
201 206
301 302
153 156
161 169
420 429
290 301
60 95
183 184
353 357
32 33
202 206
24 29
275 276
374 398
64 74
283 289
51 55
16 34
397 409
9 13
264 275
65 75
198 199
297 309
235 248
6 7
389 401
139 140
389 410
98 99
371 383
330 342
341 351
182 187
349 364
333 347
172 173
94 101
75 97
35 42
124 138
256 257
415 430
186 189
197 198
368 373
257 258
19 39
168 180
349 350
381 391
153 155
441 442
414 434
290 300
382 392
374 397
445 448
415 416
108 125
245 261
264 274
49 57
316 321
289 312
360 363
134 146
263 269
314 323
123 136
105 106
425 443
38 52
377 384
277 306
79 80
270 276
30 38
171 172
281 294
20 21
200 217
142 145
203 222
263 273
234 237
311 322
255 269
34 41
53 54
204 214
244 250
74 86
304 310
26 27
237 238
297 298
285 305
429 435
421 440
151 161
211 212
422 423
454 455
271 272
370 394
363 364
1 2
395 396
93 94
447 452
304 305
336 337
185 186
226 233
18 27
107 114
285 291
337 338
370 371
380 403
219 220
402 412
163 176
311 312
284 313
152 166
252 253
204 213
447 456
122 143
247 260
436 437
126 140
92 93
218 232
11 28
184 185
240 247
52 56
66 76
325 327
158 159
