96 104
269 273
536 537
99 109
188 196
251 252
170 178
458 465
40 50
121 133
569 570
192 193
372 389
200 206
14 15
74 75
468 469
244 248
317 318
166 167
446 450
15 16
226 227
266 281
517 528
29 36
48 49
259 260
77 94
291 292
420 433
172 182
232 233
62 69
81 82
501 525
181 187
384 385
22 23
173 183
416 417
384 394
84 102
476 477
114 115
122 128
357 358
568 569
55 56
276 290
438 450
214 229
457 463
546 550
347 350
279 295
136 148
40 49
280 296
360 377
391 392
472 484
483 484
243 246
423 442
361 369
25 42
3 5
181 182
51 54
564 576
35 46
553 557
364 392
524 530
176 189
214 215
235 247
247 249
179 194
9 30
327 339
419 431
180 195
490 491
113 114
527 549
39 48
213 219
132 145
62 68
253 264
405 407
283 292
275 288
87 88
265 274
316 325
276 298
120 121
478 494
319 339
260 271
571 578
360 376
590 591
290 299
91 99
533 551
305 315
556 562
397 398
474 492
43 58
127 128
216 224
28 33
327 338
168 174
456 461
209 221
161 162
10 11
39 47
312 331
102 103
253 263
313 314
305 310
405 406
43 44
596 602
302 304
286 287
359 366
526 543
378 379
386 401
227 237
515 524
559 567
157 169
379 380
289 297
320 321
171 180
508 530
592 600
412 413
441 449
404 409
261 262
274 281
473 490
533 541
452 467
293 303
463 464
573 586
385 386
593 601
411 435
326 346
363 395
64 80
474 491
294 295
534 542
537 538
135 140
577 583
164 185
216 223
120 124
268 269
500 503
548 552
349 352
150 152
341 348
282 289
544 545
573 581
565 577
16 17
323 335
574 582
515 523
78 95
356 359
318 351
8 27
201 202
79 87
219 228
163 175
584 586
203 220
163 184
462 480
83 84
215 221
326 345
74 93
64 70
344 353
116 117
226 236
164 175
38 45
407 418
57 58
89 90
459 465
186 190
167 186
19 31
270 278
230 242
241 242
90 91
500 502
333 334
362 370
410 419
540 547
52 55
12 19
470 488
282 288
554 558
363 371
204 207
495 499
122 137
426 427
93 101
174 184
307 308
193 197
388 400
248 249
97 98
0 4
170 177
458 464
551 552
238 241
218 235
100 109
200 205
422 434
222 232
462 479
112 119
414 439
314 324
225 234
115 124
204 211
196 198
487 499
344 352
425 426
307 312
539 546
444 448
366 367
207 212
89 98
210 217
440 441
92 100
111 113
251 273
513 520
240 245
381 382
4 5
52 54
362 387
483 497
144 146
432 433
514 521
554 566
565 566
252 255
373 374
85 96
506 507
587 599
306 311
457 471
388 399
70 71
250 267
488 495
477 485
510 519
63 68
272 300
162 168
255 256
572 579
25 41
313 337
332 350
376 393
424 442
516 534
137 138
409 417
317 343
136 142
147 151
188 189
480 486
439 445
239 243
262 263
291 299
111 112
240 244
431 440
372 400
73 76
475 492
535 543
125 141
103 104
594 601
217 224
505 511
85 86
476 493
505 529
539 540
36 50
88 97
538 544
107 110
258 270
306 310
250 266
118 119
398 402
509 526
129 134
380 381
351 354
598 603
399 403
472 473
261 271
321 322
202 203
413 414
14 21
361 394
143 144
254 268
254 277
553 564
438 443
368 393
220 229
199 206
328 329
209 238
508 525
531 536
420 421
512 513
504 509
453 454
125 131
154 176
106 108
453 481
155 159
375 391
17 18
597 602
357 364
589 598
486 487
76 94
319 328
427 428
387 401
29 37
309 320
519 529
129 133
527 542
579 580
205 208
172 183
146 149
24 34
135 139
338 346
65 71
117 118
430 447
408 410
460 466
160 177
191 192
77 81
42 51
460 475
150 151
272 284
560 571
153 156
531 535
563 576
452 461
334 335
32 33
345 353
482 489
165 166
367 368
518 528
208 213
65 66
589 597
308 309
157 158
6 7
79 86
69 72
171 187
10 13
23 32
582 584
161 173
342 343
293 301
53 60
434 435
72 73
223 233
231 246
283 284
294 302
574 585
455 494
256 257
38 44
467 468
9 26
197 198
279 286
257 258
408 418
570 578
82 95
560 561
101 108
592 593
190 195
153 155
501 502
541 547
382 383
123 132
585 590
24 28
145 147
415 416
264 265
57 61
126 142
588 600
278 285
489 496
349 354
12 13
222 231
481 482
451 478
404 406
131 140
411 423
53 59
105 106
506 511
267 275
315 324
156 160
444 447
46 47
558 567
466 493
285 301
507 512
559 568
210 234
548 549
322 332
20 21
333 341
532 550
514 520
355 356
355 365
212 218
56 59
105 110
325 342
185 191
555 575
26 45
78 83
297 298
329 330
178 179
138 143
389 390
130 139
149 152
340 348
421 422
11 20
510 518
259 280
63 67
330 331
561 572
60 61
532 545
303 304
1 2
395 396
455 456
37 41
336 337
396 397
428 429
126 127
130 134
580 581
429 430
437 443
230 239
521 522
92 107
370 371
402 403
211 225
454 459
141 148
522 523
424 436
432 449
165 194
236 245
555 556
373 390
587 588
436 437
18 22
425 446
496 497
358 365
377 378
199 201
0 1
277 300
557 583
340 347
369 383
469 479
470 471
412 448
311 316
591 599
562 563
594 595
34 35
66 67
503 504
158 159
595 596
