0.299200 0.024000 0.000004
0.313600 0.024000 0.000004
0.214400 0.024800 0.000006
0.267200 0.024800 0.000005
0.284000 0.024800 0.000004
0.236800 0.025600 0.000004
0.872000 0.035200 0.000004
0.858400 0.036000 0.000004
0.176800 0.041600 0.000002
0.266400 0.041600 0.000004
0.312000 0.041600 0.000004
0.136000 0.042400 0.000005
0.154400 0.042400 0.000003
0.238400 0.042400 0.000004
0.281600 0.042400 0.000005
0.289600 0.042400 0.000002
0.299200 0.042400 0.000003
0.325600 0.042400 0.000005
0.342400 0.042400 0.000002
0.165600 0.043200 0.000004
0.203200 0.043200 0.000004
0.216800 0.043200 0.000004
0.359200 0.043200 0.000005
0.379200 0.043200 0.000004
0.144800 0.044000 0.000002
0.250400 0.044000 0.000004
0.432000 0.044000 0.000004
0.445600 0.044000 0.000004
0.404000 0.044800 0.000004
0.477600 0.044800 0.000003
0.393600 0.045600 0.000004
0.417600 0.045600 0.000004
0.465600 0.045600 0.000004
0.494400 0.045600 0.000005
0.514400 0.045600 0.000008
0.546400 0.045600 0.000004
0.571200 0.045600 0.000008
0.594400 0.045600 0.000002
0.604800 0.045600 0.000004
0.526400 0.046400 0.000004
0.536800 0.046400 0.000002
0.558400 0.046400 0.000004
0.585600 0.046400 0.000005
0.636800 0.047200 0.000003
0.620800 0.048000 0.000005
0.646400 0.048000 0.000008
0.660000 0.048000 0.000004
0.672000 0.048800 0.000004
0.717600 0.049600 0.000008
0.684800 0.050400 0.000006
0.706400 0.051200 0.000004
0.732000 0.051200 0.000011
0.766400 0.052000 0.000004
0.788800 0.052000 0.000005
0.834400 0.052000 0.000008
0.854400 0.052000 0.000003
0.748800 0.052800 0.000005
0.806400 0.052800 0.000004
0.820800 0.052800 0.000004
0.868800 0.054400 0.000004
0.193600 0.087200 0.000004
0.128800 0.088000 0.000006
0.607200 0.088000 0.000004
0.148000 0.088800 0.000004
0.164000 0.089600 0.000004
0.179200 0.089600 0.000004
0.210400 0.089600 0.000004
0.267200 0.089600 0.000008
0.280800 0.089600 0.000004
0.584000 0.089600 0.000003
0.593600 0.089600 0.000003
0.226400 0.090400 0.000004
0.290400 0.090400 0.000002
0.480000 0.090400 0.000002
0.300800 0.091200 0.000004
0.312000 0.091200 0.000004
0.328000 0.091200 0.000005
0.448000 0.091200 0.000005
0.468000 0.091200 0.000007
0.492000 0.091200 0.000004
0.422400 0.092000 0.000006
0.432000 0.092000 0.000004
0.507200 0.092000 0.000004
0.548000 0.092000 0.000004
0.562400 0.092000 0.000004
0.572800 0.092000 0.000003
0.628000 0.092000 0.000005
0.244000 0.092800 0.000004
0.373600 0.092800 0.000002
0.384000 0.092800 0.000006
0.522400 0.092800 0.000004
0.534400 0.092800 0.000004
0.405600 0.093600 0.000004
0.644000 0.093600 0.000004
0.363200 0.094400 0.000006
0.670400 0.094400 0.000004
0.656800 0.095200 0.000004
0.737600 0.095200 0.000004
0.346400 0.096000 0.000005
0.717600 0.096000 0.000005
0.772800 0.096000 0.000005
0.685600 0.097600 0.000004
0.701600 0.097600 0.000004
0.755200 0.097600 0.000004
0.787200 0.097600 0.000002
0.797600 0.098400 0.000004
0.808800 0.098400 0.000004
0.824000 0.098400 0.000004
0.843200 0.098400 0.000005
0.861600 0.098400 0.000008
0.887200 0.100800 0.000008
0.126400 0.116800 0.000005
0.141600 0.116800 0.000004
0.153600 0.116800 0.000004
0.228800 0.116800 0.000005
0.170400 0.117600 0.000004
0.188000 0.117600 0.000004
0.248000 0.117600 0.000005
0.539200 0.117600 0.000005
0.204800 0.118400 0.000006
0.317600 0.118400 0.000005
0.558400 0.118400 0.000004
0.606400 0.118400 0.000005
0.421600 0.119200 0.000004
0.269600 0.120000 0.000004
0.298400 0.120000 0.000004
0.372000 0.120000 0.000005
0.398400 0.120000 0.000005
0.436800 0.120000 0.000004
0.456000 0.120000 0.000006
0.479200 0.120000 0.000004
0.522400 0.120000 0.000004
0.590400 0.120000 0.000004
0.630400 0.120000 0.000004
0.644000 0.120000 0.000005
0.284000 0.120800 0.000004
0.334400 0.120800 0.000005
0.497600 0.120800 0.000007
0.509600 0.120800 0.000002
0.574400 0.120800 0.000004
0.355200 0.121600 0.000004
0.674400 0.121600 0.000004
0.660000 0.122400 0.000005
0.711200 0.123200 0.000004
0.690400 0.124000 0.000005
0.800000 0.124000 0.000004
0.744800 0.124800 0.000005
0.764000 0.124800 0.000004
0.778400 0.124800 0.000005
0.724800 0.125600 0.000004
0.816800 0.126400 0.000004
0.843200 0.127200 0.000007
0.858400 0.127200 0.000005
0.880000 0.131200 0.000007
0.545600 0.141600 0.000004
0.126400 0.143200 0.000004
0.140800 0.144000 0.000004
0.157600 0.144000 0.000006
0.183200 0.144000 0.000004
0.532800 0.144000 0.000003
0.592000 0.144000 0.000004
0.492800 0.144800 0.000004
0.507200 0.144800 0.000004
0.521600 0.144800 0.000004
0.573600 0.144800 0.000004
0.609600 0.144800 0.000004
0.200800 0.145600 0.000004
0.218400 0.145600 0.000004
0.234400 0.145600 0.000007
0.275200 0.145600 0.000004
0.288800 0.145600 0.000004
0.300000 0.145600 0.000006
0.448800 0.145600 0.000004
0.465600 0.145600 0.000004
0.481600 0.145600 0.000004
0.557600 0.145600 0.000004
0.256000 0.146400 0.000005
0.433600 0.146400 0.000004
0.628000 0.146400 0.000004
0.642400 0.146400 0.000008
0.653600 0.146400 0.000004
0.336000 0.147200 0.000004
0.352800 0.147200 0.000004
0.372800 0.147200 0.000005
0.394400 0.147200 0.000005
0.415200 0.148000 0.000005
0.669600 0.148000 0.000004
0.702400 0.148000 0.000004
0.320800 0.148800 0.000004
0.687200 0.148800 0.000004
0.749600 0.148800 0.000004
0.761600 0.149600 0.000004
0.798400 0.149600 0.000004
0.731200 0.150400 0.000005
0.776000 0.150400 0.000004
0.808800 0.152000 0.000002
0.819200 0.153600 0.000004
0.831200 0.154400 0.000004
0.856800 0.154400 0.000004
0.843200 0.155200 0.000004
0.881600 0.156000 0.000007
0.476800 0.170400 0.000004
0.128000 0.171200 0.000006
0.180000 0.171200 0.000004
0.192800 0.171200 0.000004
0.408800 0.171200 0.000004
0.489600 0.171200 0.000004
0.551200 0.171200 0.000004
0.570400 0.171200 0.000004
0.584000 0.171200 0.000004
0.596800 0.171200 0.000004
0.167200 0.172000 0.000004
0.204000 0.172000 0.000003
0.418400 0.172000 0.000004
0.464800 0.172000 0.000004
0.520000 0.172000 0.000004
0.532800 0.172000 0.000004
0.611200 0.172000 0.000004
0.642400 0.172000 0.000004
0.152800 0.172800 0.000007
0.217600 0.172800 0.000004
0.288000 0.172800 0.000002
0.297600 0.172800 0.000005
0.336800 0.172800 0.000004
0.351200 0.172800 0.000004
0.380800 0.172800 0.000004
0.394400 0.172800 0.000004
0.436800 0.172800 0.000005
0.454400 0.172800 0.000007
0.504000 0.172800 0.000005
0.655200 0.172800 0.000004
0.244000 0.173600 0.000005
0.266400 0.173600 0.000005
0.326400 0.173600 0.000003
0.369600 0.173600 0.000004
0.627200 0.173600 0.000004
0.668000 0.173600 0.000004
0.314400 0.174400 0.000004
0.684000 0.174400 0.000004
0.723200 0.174400 0.000004
0.706400 0.175200 0.000005
0.928000 0.175200 0.000009
0.737600 0.176800 0.000003
0.778400 0.176800 0.000004
0.831200 0.178400 0.000005
0.889600 0.178400 0.000006
0.749600 0.179200 0.000004
0.765600 0.179200 0.000004
0.792800 0.179200 0.000004
0.808800 0.179200 0.000005
0.855200 0.179200 0.000004
0.869600 0.179200 0.000004
0.437600 0.197600 0.000005
0.465600 0.197600 0.000006
0.538400 0.197600 0.000004
0.156000 0.198400 0.000005
0.344000 0.198400 0.000002
0.421600 0.198400 0.000005
0.177600 0.199200 0.000004
0.221600 0.199200 0.000003
0.232000 0.199200 0.000004
0.353600 0.199200 0.000006
0.362400 0.199200 0.000006
0.377600 0.199200 0.000005
0.399200 0.199200 0.000004
0.482400 0.199200 0.000004
0.601600 0.199200 0.000005
0.616000 0.199200 0.000006
0.194400 0.200000 0.000004
0.209600 0.200000 0.000004
0.243200 0.200000 0.000004
0.291200 0.200000 0.000002
0.303200 0.200000 0.000004
0.332800 0.200000 0.000004
0.493600 0.200000 0.000004
0.506400 0.200000 0.000004
0.523200 0.200000 0.000004
0.560000 0.200000 0.000007
0.574400 0.200000 0.000007
0.636000 0.200000 0.000004
0.648000 0.200000 0.000003
0.133600 0.200800 0.000006
0.267200 0.200800 0.000002
0.279200 0.200800 0.000004
0.318400 0.200800 0.000004
0.256800 0.201600 0.000004
0.659200 0.201600 0.000007
0.693600 0.201600 0.000004
0.730400 0.201600 0.000007
0.833600 0.201600 0.000005
0.677600 0.202400 0.000004
0.708800 0.202400 0.000005
0.771200 0.202400 0.000004
0.754400 0.203200 0.000004
0.878400 0.203200 0.000005
0.788800 0.204000 0.000004
0.812000 0.204000 0.000006
0.858400 0.204000 0.000006
0.127200 0.224000 0.000005
0.171200 0.224800 0.000005
0.237600 0.224800 0.000004
0.147200 0.225600 0.000006
0.445600 0.225600 0.000004
0.456800 0.225600 0.000004
0.535200 0.225600 0.000004
0.188000 0.226400 0.000004
0.315200 0.226400 0.000007
0.476000 0.226400 0.000005
0.494400 0.226400 0.000005
0.512800 0.226400 0.000005
0.548800 0.226400 0.000002
0.559200 0.226400 0.000004
0.199200 0.227200 0.000002
0.224000 0.227200 0.000004
0.374400 0.227200 0.000004
0.410400 0.227200 0.000005
0.431200 0.227200 0.000007
0.621600 0.227200 0.000005
0.253600 0.228000 0.000004
0.272000 0.228000 0.000006
0.282400 0.228000 0.000004
0.299200 0.228000 0.000005
0.358400 0.228000 0.000004
0.392800 0.228000 0.000005
0.573600 0.228000 0.000004
0.584800 0.228000 0.000007
0.606400 0.228000 0.000005
0.209600 0.228800 0.000004
0.634400 0.228800 0.000004
0.644000 0.228800 0.000002
0.653600 0.228800 0.000003
0.663200 0.228800 0.000003
0.674400 0.228800 0.000003
0.685600 0.228800 0.000004
0.700000 0.228800 0.000004
0.758400 0.228800 0.000005
0.593600 0.229600 0.000007
0.716000 0.229600 0.000004
0.343200 0.230400 0.000005
0.780800 0.230400 0.000004
0.739200 0.231200 0.000006
0.867200 0.231200 0.000004
0.796800 0.232800 0.000005
0.836800 0.232800 0.000005
0.884000 0.232800 0.000009
0.823200 0.233600 0.000005
0.853600 0.233600 0.000004
0.153600 0.250400 0.000005
0.129600 0.252000 0.000006
0.590400 0.252000 0.000005
0.172800 0.252800 0.000004
0.524000 0.252800 0.000005
0.190400 0.253600 0.000004
0.204000 0.253600 0.000004
0.216800 0.253600 0.000004
0.235200 0.253600 0.000005
0.251200 0.253600 0.000004
0.544000 0.253600 0.000004
0.359200 0.254400 0.000006
0.378400 0.254400 0.000003
0.392000 0.254400 0.000004
0.561600 0.254400 0.000005
0.578400 0.254400 0.000004
0.340800 0.255200 0.000004
0.424000 0.255200 0.000006
0.447200 0.255200 0.000004
0.468800 0.255200 0.000006
0.484000 0.255200 0.000004
0.500800 0.255200 0.000006
0.268800 0.256000 0.000005
0.292000 0.256000 0.000004
0.326400 0.256000 0.000004
0.408800 0.256000 0.000004
0.610400 0.256000 0.000004
0.621600 0.256000 0.000002
0.768000 0.256000 0.000005
0.630400 0.256800 0.000002
0.638400 0.256800 0.000002
0.671200 0.256800 0.000004
0.687200 0.256800 0.000004
0.701600 0.256800 0.000004
0.716000 0.256800 0.000004
0.647200 0.257600 0.000002
0.661600 0.257600 0.000002
0.746400 0.257600 0.000004
0.782400 0.257600 0.000004
0.796000 0.257600 0.000004
0.874400 0.257600 0.000006
0.309600 0.258400 0.000004
0.728800 0.258400 0.000004
0.812800 0.258400 0.000005
0.837600 0.260000 0.000005
0.855200 0.260000 0.000004
0.155200 0.276800 0.000005
0.129600 0.277600 0.000005
0.184800 0.277600 0.000002
0.201600 0.277600 0.000005
0.174400 0.278400 0.000004
0.214400 0.278400 0.000004
0.224800 0.279200 0.000006
0.408800 0.279200 0.000004
0.422400 0.279200 0.000003
0.556000 0.279200 0.000005
0.371200 0.280000 0.000004
0.388800 0.280000 0.000005
0.432800 0.280000 0.000004
0.449600 0.280000 0.000004
0.489600 0.280000 0.000005
0.537600 0.280000 0.000004
0.576000 0.280000 0.000006
0.243200 0.280800 0.000004
0.260000 0.280800 0.000005
0.332800 0.280800 0.000005
0.468000 0.280800 0.000005
0.510400 0.280800 0.000006
0.662400 0.280800 0.000007
0.286400 0.281600 0.000005
0.304800 0.282400 0.000004
0.314400 0.282400 0.000004
0.354400 0.282400 0.000004
0.648000 0.282400 0.000004
0.671200 0.282400 0.000005
0.596800 0.283200 0.000003
0.606400 0.283200 0.000004
0.620000 0.283200 0.000004
0.712800 0.283200 0.000002
0.725600 0.283200 0.000004
0.768000 0.283200 0.000005
0.632800 0.284000 0.000004
0.688000 0.284000 0.000004
0.702400 0.284000 0.000004
0.881600 0.284000 0.000005
0.740800 0.284800 0.000004
0.809600 0.284800 0.000006
0.835200 0.284800 0.000004
0.852000 0.284800 0.000004
0.868000 0.284800 0.000004
0.794400 0.285600 0.000005
0.819200 0.285600 0.000007
0.754400 0.286400 0.000004
0.159200 0.300000 0.000005
0.125600 0.300800 0.000004
0.140800 0.301600 0.000004
0.174400 0.301600 0.000004
0.187200 0.301600 0.000004
0.225600 0.302400 0.000003
0.237600 0.302400 0.000004
0.214400 0.303200 0.000004
0.264000 0.303200 0.000003
0.367200 0.303200 0.000004
0.200000 0.304000 0.000004
0.251200 0.304000 0.000004
0.276000 0.304000 0.000005
0.315200 0.304000 0.000004
0.410400 0.304000 0.000005
0.336000 0.304800 0.000004
0.351200 0.304800 0.000004
0.392000 0.304800 0.000004
0.667200 0.304800 0.000005
0.296000 0.305600 0.000004
0.379200 0.305600 0.000004
0.430400 0.305600 0.000005
0.450400 0.306400 0.000004
0.496000 0.306400 0.000004
0.568000 0.306400 0.000005
0.584800 0.306400 0.000004
0.696800 0.306400 0.000002
0.532800 0.307200 0.000005
0.548800 0.307200 0.000004
0.607200 0.307200 0.000005
0.624800 0.307200 0.000005
0.686400 0.307200 0.000004
0.464000 0.308000 0.000004
0.476800 0.308000 0.000005
0.514400 0.308000 0.000004
0.646400 0.308000 0.000004
0.706400 0.308000 0.000003
0.719200 0.308000 0.000004
0.774400 0.308000 0.000004
0.824000 0.308000 0.000004
0.792000 0.308800 0.000004
0.807200 0.308800 0.000004
0.843200 0.308800 0.000004
0.756800 0.309600 0.000004
0.868800 0.310400 0.000007
0.741600 0.311200 0.000004
0.882400 0.311200 0.000007
0.126400 0.320000 0.000004
0.144800 0.322400 0.000005
0.903200 0.322400 0.000004
0.187200 0.323200 0.000004
0.200000 0.323200 0.000002
0.212000 0.323200 0.000004
0.227200 0.323200 0.000004
0.162400 0.324000 0.000004
0.175200 0.324000 0.000004
0.245600 0.324000 0.000004
0.263200 0.324800 0.000004
0.357600 0.324800 0.000005
0.316000 0.325600 0.000004
0.336000 0.325600 0.000005
0.401600 0.325600 0.000004
0.945600 0.325600 0.000004
0.300000 0.326400 0.000004
0.391200 0.326400 0.000004
0.440000 0.326400 0.000004
0.480000 0.326400 0.000005
0.376000 0.327200 0.000004
0.424000 0.327200 0.000004
0.451200 0.327200 0.000003
0.463200 0.327200 0.000004
0.680000 0.327200 0.000004
0.282400 0.328000 0.000004
0.650400 0.328000 0.000004
0.705600 0.328000 0.000004
0.927200 0.328000 0.000007
0.638400 0.328800 0.000003
0.665600 0.328800 0.000004
0.720000 0.328800 0.000005
0.744800 0.328800 0.000004
0.501600 0.329600 0.000005
0.526400 0.329600 0.000005
0.559200 0.329600 0.000005
0.623200 0.329600 0.000005
0.760000 0.329600 0.000002
0.769600 0.329600 0.000004
0.542400 0.330400 0.000004
0.600000 0.330400 0.000005
0.833600 0.331200 0.000005
0.856800 0.332000 0.000004
0.580800 0.332800 0.000005
0.804000 0.332800 0.000004
0.819200 0.332800 0.000004
0.871200 0.333600 0.000002
0.880800 0.333600 0.000006
0.783200 0.334400 0.000007
0.268000 0.363200 0.000008
