281.000000 65.000000 0.005600
302.000000 66.000000 0.005600
190.000000 67.000000 0.014400
320.000000 67.000000 0.012000
213.000000 68.000000 0.005600
258.000000 68.000000 0.008400
1052.000000 69.000000 0.012400
644.000000 112.000000 0.006800
667.000000 112.000000 0.006800
799.000000 112.000000 0.008400
851.000000 113.000000 0.005600
323.000000 114.000000 0.006800
556.000000 114.000000 0.006400
693.000000 114.000000 0.006800
828.000000 114.000000 0.007600
1008.000000 114.000000 0.008400
579.000000 115.000000 0.005200
598.000000 115.000000 0.005600
619.000000 115.000000 0.005600
717.000000 115.000000 0.005600
746.000000 115.000000 0.008000
872.000000 115.000000 0.005600
966.000000 115.000000 0.004400
1031.000000 115.000000 0.004400
908.000000 116.000000 0.006800
1046.000000 116.000000 0.002800
1064.000000 116.000000 0.005600
1083.000000 116.000000 0.009200
345.000000 117.000000 0.006800
467.000000 117.000000 0.008400
493.000000 117.000000 0.006400
535.000000 117.000000 0.005600
772.000000 117.000000 0.006800
891.000000 117.000000 0.004400
950.000000 117.000000 0.003600
989.000000 117.000000 0.006800
1095.000000 117.000000 0.009600
452.000000 118.000000 0.004400
515.000000 118.000000 0.005600
934.000000 119.000000 0.005600
233.000000 120.000000 0.004400
249.000000 120.000000 0.004000
264.000000 120.000000 0.004000
280.000000 120.000000 0.004400
396.000000 120.000000 0.004800
413.000000 121.000000 0.004400
432.000000 121.000000 0.005600
299.000000 122.000000 0.005600
368.000000 122.000000 0.006800
157.000000 123.000000 0.008400
181.000000 123.000000 0.008400
193.000000 123.000000 0.009600
214.000000 123.000000 0.005600
707.000000 144.000000 0.006800
680.000000 145.000000 0.006400
608.000000 147.000000 0.006800
634.000000 147.000000 0.005600
656.000000 147.000000 0.005600
734.000000 147.000000 0.005200
587.000000 148.000000 0.005600
752.000000 148.000000 0.004400
1026.000000 148.000000 0.005600
376.000000 149.000000 0.005600
397.000000 149.000000 0.005600
564.000000 149.000000 0.005600
768.000000 149.000000 0.004400
1080.000000 149.000000 0.007600
1097.000000 149.000000 0.008400
507.000000 150.000000 0.005200
788.000000 150.000000 0.005600
806.000000 150.000000 0.004400
966.000000 150.000000 0.003200
1045.000000 150.000000 0.004400
353.000000 151.000000 0.006400
527.000000 151.000000 0.005200
545.000000 151.000000 0.004400
826.000000 151.000000 0.006400
854.000000 151.000000 0.005600
875.000000 151.000000 0.005600
903.000000 151.000000 0.006400
924.000000 151.000000 0.004400
981.000000 151.000000 0.004400
1058.000000 151.000000 0.002800
152.000000 152.000000 0.008400
329.000000 152.000000 0.004400
417.000000 152.000000 0.005600
461.000000 152.000000 0.005600
483.000000 152.000000 0.006400
937.000000 152.000000 0.002800
952.000000 152.000000 0.004400
312.000000 153.000000 0.004400
441.000000 153.000000 0.005600
1004.000000 153.000000 0.006400
165.000000 154.000000 0.006800
189.000000 154.000000 0.005600
240.000000 154.000000 0.005600
264.000000 154.000000 0.005600
285.000000 154.000000 0.004400
298.000000 154.000000 0.002800
216.000000 155.000000 0.006400
625.000000 177.000000 0.004400
643.000000 177.000000 0.004400
655.000000 177.000000 0.002800
676.000000 177.000000 0.006800
696.000000 178.000000 0.006000
600.000000 179.000000 0.006800
841.000000 179.000000 0.006000
1091.000000 179.000000 0.007200
721.000000 180.000000 0.006800
746.000000 180.000000 0.006400
548.000000 181.000000 0.005600
573.000000 181.000000 0.006800
768.000000 181.000000 0.004400
795.000000 181.000000 0.005600
861.000000 181.000000 0.004400
882.000000 181.000000 0.006000
526.000000 182.000000 0.005600
895.000000 182.000000 0.004400
957.000000 182.000000 0.006400
983.000000 182.000000 0.006800
386.000000 183.000000 0.005600
410.000000 183.000000 0.006800
490.000000 183.000000 0.003600
505.000000 183.000000 0.005600
816.000000 183.000000 0.005600
910.000000 183.000000 0.005600
1010.000000 183.000000 0.005600
1051.000000 183.000000 0.004400
216.000000 184.000000 0.005600
327.000000 184.000000 0.005600
363.000000 184.000000 0.005600
932.000000 184.000000 0.006400
306.000000 185.000000 0.005600
348.000000 185.000000 0.004400
454.000000 185.000000 0.005600
1032.000000 185.000000 0.005600
247.000000 186.000000 0.007200
288.000000 186.000000 0.004400
434.000000 186.000000 0.005600
475.000000 186.000000 0.005600
174.000000 187.000000 0.006800
1070.000000 187.000000 0.006800
150.000000 188.000000 0.006800
196.000000 188.000000 0.005600
270.000000 190.000000 0.005600
645.000000 207.000000 0.005200
709.000000 207.000000 0.006400
615.000000 208.000000 0.004400
630.000000 208.000000 0.002800
665.000000 208.000000 0.005200
684.000000 208.000000 0.005600
732.000000 208.000000 0.005600
751.000000 209.000000 0.004400
769.000000 209.000000 0.005200
794.000000 209.000000 0.005600
584.000000 211.000000 0.003600
599.000000 211.000000 0.004400
817.000000 211.000000 0.005600
505.000000 212.000000 0.006400
531.000000 212.000000 0.005200
572.000000 212.000000 0.003600
867.000000 212.000000 0.004400
316.000000 213.000000 0.004400
340.000000 213.000000 0.006000
419.000000 213.000000 0.004400
488.000000 213.000000 0.004800
554.000000 213.000000 0.005200
841.000000 213.000000 0.006800
301.000000 214.000000 0.004400
363.000000 214.000000 0.006800
375.000000 214.000000 0.004400
439.000000 214.000000 0.005200
880.000000 214.000000 0.004400
972.000000 214.000000 0.005600
1014.000000 214.000000 0.006800
394.000000 215.000000 0.006400
459.000000 215.000000 0.006800
898.000000 215.000000 0.005600
947.000000 215.000000 0.006400
1100.000000 215.000000 0.009600
920.000000 216.000000 0.005600
991.000000 216.000000 0.004400
1083.000000 216.000000 0.004800
1037.000000 217.000000 0.006400
218.000000 218.000000 0.005600
283.000000 218.000000 0.005200
1062.000000 219.000000 0.005600
151.000000 220.000000 0.006800
262.000000 220.000000 0.005600
173.000000 221.000000 0.005600
202.000000 221.000000 0.002800
240.000000 221.000000 0.005600
190.000000 222.000000 0.004400
688.000000 237.000000 0.007600
579.000000 238.000000 0.005600
559.000000 239.000000 0.005200
655.000000 239.000000 0.006800
725.000000 239.000000 0.006400
816.000000 239.000000 0.005600
513.000000 240.000000 0.006800
635.000000 240.000000 0.005600
794.000000 240.000000 0.004800
489.000000 241.000000 0.006800
530.000000 241.000000 0.004400
599.000000 241.000000 0.004400
615.000000 241.000000 0.004400
746.000000 241.000000 0.005600
773.000000 241.000000 0.006400
840.000000 241.000000 0.006400
351.000000 242.000000 0.004400
867.000000 242.000000 0.005200
365.000000 243.000000 0.006800
393.000000 243.000000 0.005200
411.000000 243.000000 0.006400
889.000000 243.000000 0.006800
917.000000 243.000000 0.004400
327.000000 244.000000 0.006800
438.000000 244.000000 0.006800
450.000000 244.000000 0.002800
464.000000 244.000000 0.004400
939.000000 244.000000 0.006400
999.000000 244.000000 0.005600
308.000000 246.000000 0.004800
339.000000 246.000000 0.002800
964.000000 246.000000 0.005600
983.000000 246.000000 0.004800
1015.000000 246.000000 0.005200
1033.000000 246.000000 0.004400
1064.000000 246.000000 0.004800
1087.000000 246.000000 0.006400
1047.000000 247.000000 0.004400
292.000000 249.000000 0.004400
243.000000 250.000000 0.006800
274.000000 250.000000 0.005600
155.000000 252.000000 0.006800
217.000000 252.000000 0.006800
231.000000 252.000000 0.002800
197.000000 253.000000 0.004800
177.000000 254.000000 0.004800
492.000000 270.000000 0.004400
541.000000 270.000000 0.006800
567.000000 270.000000 0.007200
587.000000 270.000000 0.006800
519.000000 271.000000 0.005600
617.000000 271.000000 0.005200
644.000000 271.000000 0.006800
663.000000 271.000000 0.005200
747.000000 271.000000 0.005600
505.000000 272.000000 0.002800
555.000000 272.000000 0.002800
599.000000 272.000000 0.008400
728.000000 272.000000 0.004400
790.000000 272.000000 0.004400
443.000000 273.000000 0.007200
456.000000 273.000000 0.002800
468.000000 273.000000 0.006800
715.000000 273.000000 0.004400
806.000000 273.000000 0.004400
818.000000 273.000000 0.008000
838.000000 273.000000 0.005600
417.000000 274.000000 0.005600
681.000000 274.000000 0.004400
769.000000 274.000000 0.005600
861.000000 274.000000 0.006000
926.000000 274.000000 0.005600
396.000000 275.000000 0.004400
697.000000 275.000000 0.005600
948.000000 275.000000 0.005600
967.000000 275.000000 0.005200
989.000000 275.000000 0.006800
369.000000 276.000000 0.004400
886.000000 276.000000 0.006000
905.000000 276.000000 0.005600
1015.000000 276.000000 0.007600
1034.000000 276.000000 0.005200
1055.000000 276.000000 0.005600
358.000000 277.000000 0.007600
384.000000 277.000000 0.003600
1076.000000 277.000000 0.006400
295.000000 279.000000 0.006800
310.000000 279.000000 0.006800
331.000000 279.000000 0.007200
259.000000 281.000000 0.005600
1100.000000 281.000000 0.006800
275.000000 282.000000 0.004800
176.000000 284.000000 0.006800
207.000000 285.000000 0.006400
229.000000 285.000000 0.004400
151.000000 286.000000 0.006800
649.000000 301.000000 0.005600
520.000000 302.000000 0.006400
539.000000 302.000000 0.005600
629.000000 302.000000 0.005200
484.000000 303.000000 0.006800
557.000000 303.000000 0.004400
610.000000 303.000000 0.005200
734.000000 303.000000 0.004400
573.000000 304.000000 0.004400
676.000000 304.000000 0.005600
709.000000 304.000000 0.004400
720.000000 304.000000 0.002800
760.000000 304.000000 0.004400
779.000000 304.000000 0.004400
805.000000 304.000000 0.003600
451.000000 305.000000 0.008400
694.000000 305.000000 0.004400
748.000000 305.000000 0.002800
793.000000 305.000000 0.002800
889.000000 306.000000 0.004800
909.000000 306.000000 0.005600
935.000000 306.000000 0.006800
437.000000 307.000000 0.004400
589.000000 307.000000 0.005600
822.000000 307.000000 0.005200
403.000000 308.000000 0.005600
422.000000 308.000000 0.004400
861.000000 308.000000 0.006800
948.000000 308.000000 0.002800
986.000000 308.000000 0.007200
1055.000000 308.000000 0.008000
360.000000 309.000000 0.006000
384.000000 309.000000 0.004800
842.000000 309.000000 0.005600
961.000000 309.000000 0.004400
1008.000000 309.000000 0.005600
1037.000000 310.000000 0.004400
1081.000000 310.000000 0.004400
320.000000 311.000000 0.005200
1023.000000 311.000000 0.008400
340.000000 312.000000 0.004800
1069.000000 312.000000 0.002800
1098.000000 312.000000 0.005600
292.000000 313.000000 0.006800
153.000000 314.000000 0.007200
243.000000 314.000000 0.004400
256.000000 315.000000 0.004400
274.000000 315.000000 0.005600
181.000000 316.000000 0.005600
201.000000 316.000000 0.006400
224.000000 316.000000 0.004400
632.000000 335.000000 0.006800
655.000000 335.000000 0.006000
705.000000 335.000000 0.005600
570.000000 336.000000 0.003600
583.000000 336.000000 0.006800
684.000000 336.000000 0.006400
765.000000 336.000000 0.004400
792.000000 336.000000 0.004400
810.000000 336.000000 0.004400
871.000000 336.000000 0.004800
889.000000 336.000000 0.004400
557.000000 337.000000 0.002800
607.000000 337.000000 0.007600
728.000000 337.000000 0.005600
749.000000 337.000000 0.004400
823.000000 337.000000 0.002800
834.000000 337.000000 0.003200
851.000000 337.000000 0.004800
914.000000 337.000000 0.006400
543.000000 338.000000 0.005600
952.000000 338.000000 0.004400
478.000000 339.000000 0.004400
523.000000 339.000000 0.005600
934.000000 339.000000 0.005600
970.000000 339.000000 0.006800
381.000000 340.000000 0.006800
459.000000 340.000000 0.005600
497.000000 340.000000 0.006800
1084.000000 340.000000 0.004400
1067.000000 341.000000 0.006400
414.000000 342.000000 0.007200
440.000000 342.000000 0.006800
342.000000 343.000000 0.004400
361.000000 343.000000 0.005200
1098.000000 343.000000 0.004400
1111.000000 343.000000 0.008400
150.000000 344.000000 0.006400
328.000000 344.000000 0.002800
1042.000000 344.000000 0.005600
288.000000 345.000000 0.006800
301.000000 345.000000 0.002800
997.000000 345.000000 0.005600
174.000000 346.000000 0.005600
267.000000 346.000000 0.006800
223.000000 347.000000 0.006800
317.000000 347.000000 0.008000
1020.000000 347.000000 0.005600
200.000000 348.000000 0.006400
245.000000 348.000000 0.002800
597.000000 364.000000 0.005600
651.000000 364.000000 0.005600
672.000000 364.000000 0.005200
694.000000 364.000000 0.005200
716.000000 364.000000 0.005600
869.000000 364.000000 0.005200
570.000000 365.000000 0.006000
626.000000 365.000000 0.005600
775.000000 365.000000 0.004800
833.000000 365.000000 0.006400
892.000000 365.000000 0.005600
845.000000 366.000000 0.006400
953.000000 366.000000 0.005600
507.000000 367.000000 0.005600
793.000000 367.000000 0.004400
812.000000 367.000000 0.005600
915.000000 367.000000 0.005600
967.000000 367.000000 0.004400
465.000000 368.000000 0.005600
485.000000 368.000000 0.004400
530.000000 368.000000 0.005600
548.000000 368.000000 0.004800
736.000000 368.000000 0.004400
444.000000 369.000000 0.004400
933.000000 369.000000 0.004400
756.000000 370.000000 0.005600
418.000000 371.000000 0.007200
989.000000 371.000000 0.005600
404.000000 373.000000 0.002800
1066.000000 373.000000 0.005600
196.000000 374.000000 0.004400
299.000000 374.000000 0.006000
321.000000 374.000000 0.006400
346.000000 374.000000 0.004400
391.000000 374.000000 0.004400
1088.000000 374.000000 0.006400
173.000000 375.000000 0.006800
211.000000 375.000000 0.006800
239.000000 375.000000 0.006000
268.000000 375.000000 0.006400
372.000000 375.000000 0.005600
1013.000000 375.000000 0.005600
1044.000000 375.000000 0.005600
149.000000 382.000000 0.006400
662.000000 393.000000 0.006800
624.000000 394.000000 0.003600
638.000000 394.000000 0.008400
672.000000 394.000000 0.009600
688.000000 394.000000 0.004400
707.000000 394.000000 0.006800
879.000000 394.000000 0.007600
488.000000 395.000000 0.005600
548.000000 395.000000 0.006800
604.000000 395.000000 0.005600
783.000000 395.000000 0.005600
848.000000 395.000000 0.005600
508.000000 396.000000 0.004400
519.000000 396.000000 0.002800
532.000000 396.000000 0.004400
572.000000 396.000000 0.004400
736.000000 396.000000 0.006800
806.000000 396.000000 0.005600
827.000000 396.000000 0.005600
932.000000 396.000000 0.004400
948.000000 396.000000 0.006800
423.000000 397.000000 0.004800
447.000000 397.000000 0.006800
464.000000 397.000000 0.005600
584.000000 397.000000 0.008400
762.000000 397.000000 0.004800
905.000000 397.000000 0.007600
1014.000000 397.000000 0.006800
406.000000 398.000000 0.005600
971.000000 398.000000 0.004400
988.000000 398.000000 0.005200
375.000000 399.000000 0.006800
387.000000 399.000000 0.002800
1042.000000 399.000000 0.006400
1068.000000 399.000000 0.004800
1088.000000 399.000000 0.005600
1131.000000 399.000000 0.009600
356.000000 400.000000 0.003600
343.000000 401.000000 0.002800
329.000000 402.000000 0.004400
312.000000 403.000000 0.004400
205.000000 404.000000 0.006800
237.000000 404.000000 0.006000
284.000000 404.000000 0.004000
297.000000 404.000000 0.003600
159.000000 405.000000 0.006800
258.000000 405.000000 0.006800
186.000000 406.000000 0.005600
270.000000 406.000000 0.002800
332.000000 453.000000 0.011200
272.000000 455.000000 0.008400
314.000000 455.000000 0.013600
300.000000 457.000000 0.009600
