0.240000 0.050400 0.000005
0.260800 0.051200 0.000013
0.146400 0.052000 0.000009
0.218400 0.052000 0.000005
0.171200 0.052800 0.000007
0.198400 0.052800 0.000007
0.850400 0.062400 0.000011
0.865600 0.063200 0.000010
0.132000 0.089600 0.000006
0.154400 0.089600 0.000005
0.107200 0.090400 0.000007
0.346400 0.090400 0.000008
0.370400 0.090400 0.000002
0.513600 0.090400 0.000005
0.626400 0.090400 0.000004
0.220000 0.091200 0.000004
0.361600 0.091200 0.000005
0.641600 0.091200 0.000005
0.173600 0.092000 0.000005
0.188000 0.092000 0.000004
0.204000 0.092000 0.000004
0.276000 0.092000 0.000004
0.287200 0.092000 0.000007
0.297600 0.092000 0.000007
0.309600 0.092000 0.000004
0.380000 0.092000 0.000003
0.421600 0.092000 0.000004
0.440000 0.092000 0.000005
0.454400 0.092000 0.000004
0.471200 0.092000 0.000004
0.492800 0.092000 0.000005
0.537600 0.092000 0.000004
0.563200 0.092000 0.000002
0.578400 0.092000 0.000004
0.595200 0.092000 0.000004
0.663200 0.092000 0.000004
0.679200 0.092000 0.000004
0.690400 0.092000 0.000003
0.234400 0.092800 0.000004
0.246400 0.092800 0.000004
0.259200 0.092800 0.000004
0.397600 0.092800 0.000005
0.411200 0.092800 0.000004
0.552800 0.092800 0.000004
0.611200 0.092800 0.000004
0.706400 0.092800 0.000004
0.719200 0.093600 0.000006
0.766400 0.093600 0.000005
0.864800 0.093600 0.000005
0.322400 0.094400 0.000007
0.738400 0.094400 0.000004
0.749600 0.094400 0.000004
0.881600 0.094400 0.000004
0.788800 0.095200 0.000005
0.824800 0.095200 0.000004
0.835200 0.095200 0.000002
0.845600 0.095200 0.000004
0.804000 0.096000 0.000005
0.544800 0.112800 0.000004
0.107200 0.113600 0.000006
0.560800 0.113600 0.000004
0.296800 0.114400 0.000004
0.528000 0.114400 0.000004
0.575200 0.114400 0.000004
0.611200 0.114400 0.000005
0.632000 0.114400 0.000004
0.691200 0.114400 0.000005
0.132000 0.115200 0.000005
0.362400 0.115200 0.000004
0.397600 0.115200 0.000004
0.516000 0.115200 0.000004
0.591200 0.115200 0.000005
0.650400 0.115200 0.000005
0.313600 0.116000 0.000005
0.338400 0.116000 0.000005
0.380000 0.116000 0.000004
0.429600 0.116000 0.000004
0.456800 0.116000 0.000004
0.485600 0.116000 0.000005
0.505600 0.116000 0.000006
0.671200 0.116000 0.000004
0.152000 0.116800 0.000005
0.173600 0.116800 0.000004
0.193600 0.116800 0.000004
0.261600 0.116800 0.000006
0.414400 0.116800 0.000004
0.441600 0.116800 0.000004
0.708800 0.116800 0.000004
0.207200 0.117600 0.000006
0.243200 0.117600 0.000004
0.283200 0.117600 0.000004
0.722400 0.117600 0.000004
0.881600 0.117600 0.000008
0.216000 0.118400 0.000004
0.228000 0.118400 0.000004
0.735200 0.118400 0.000004
0.778400 0.118400 0.000004
0.788800 0.118400 0.000003
0.839200 0.118400 0.000004
0.892000 0.118400 0.000006
0.763200 0.119200 0.000004
0.800800 0.119200 0.000004
0.851200 0.119200 0.000004
0.866400 0.119200 0.000005
0.816000 0.120000 0.000004
0.828800 0.120000 0.000004
0.542400 0.136800 0.000005
0.351200 0.138400 0.000005
0.452800 0.138400 0.000004
0.559200 0.138400 0.000002
0.607200 0.138400 0.000006
0.104000 0.139200 0.000005
0.314400 0.139200 0.000005
0.390400 0.139200 0.000005
0.403200 0.139200 0.000004
0.471200 0.139200 0.000005
0.585600 0.139200 0.000005
0.621600 0.139200 0.000002
0.647200 0.139200 0.000004
0.656000 0.139200 0.000004
0.138400 0.140000 0.000004
0.272000 0.140000 0.000005
0.292800 0.140000 0.000005
0.333600 0.140000 0.000005
0.417600 0.140000 0.000004
0.432000 0.140000 0.000006
0.488800 0.140000 0.000004
0.504000 0.140000 0.000004
0.525600 0.140000 0.000006
0.632000 0.140000 0.000006
0.670400 0.140000 0.000004
0.685600 0.140000 0.000004
0.747200 0.140000 0.000004
0.767200 0.140000 0.000002
0.124000 0.140800 0.000005
0.156800 0.140800 0.000005
0.260800 0.140800 0.000002
0.440800 0.140800 0.000004
0.704000 0.140800 0.000004
0.717600 0.140800 0.000004
0.827200 0.140800 0.000004
0.238400 0.141600 0.000005
0.372000 0.141600 0.000004
0.806400 0.141600 0.000005
0.178400 0.142400 0.000004
0.192800 0.142400 0.000004
0.207200 0.142400 0.000004
0.219200 0.142400 0.000003
0.228800 0.142400 0.000002
0.731200 0.142400 0.000004
0.844800 0.142400 0.000004
0.789600 0.143200 0.000004
0.861600 0.144000 0.000004
0.879200 0.144000 0.000004
0.894400 0.144000 0.000004
0.540800 0.161600 0.000004
0.300000 0.162400 0.000005
0.581600 0.162400 0.000005
0.680800 0.162400 0.000004
0.107200 0.163200 0.000005
0.216000 0.163200 0.000004
0.255200 0.163200 0.000005
0.279200 0.163200 0.000005
0.419200 0.163200 0.000003
0.429600 0.163200 0.000003
0.459200 0.163200 0.000004
0.473600 0.163200 0.000003
0.483200 0.163200 0.000006
0.500000 0.163200 0.000004
0.556000 0.163200 0.000005
0.624800 0.163200 0.000005
0.661600 0.163200 0.000004
0.692000 0.163200 0.000002
0.703200 0.163200 0.000004
0.232800 0.164000 0.000005
0.394400 0.164000 0.000004
0.407200 0.164000 0.000004
0.518400 0.164000 0.000005
0.593600 0.164000 0.000002
0.604000 0.164000 0.000005
0.144800 0.164800 0.000005
0.162400 0.164800 0.000005
0.181600 0.164800 0.000004
0.198400 0.164800 0.000004
0.340800 0.164800 0.000004
0.355200 0.164800 0.000004
0.645600 0.164800 0.000004
0.734400 0.164800 0.000004
0.808000 0.164800 0.000004
0.820000 0.164800 0.000004
0.125600 0.165600 0.000004
0.320000 0.165600 0.000005
0.443200 0.165600 0.000004
0.718400 0.165600 0.000004
0.799200 0.165600 0.000006
0.832000 0.165600 0.000004
0.784000 0.166400 0.000004
0.876000 0.166400 0.000004
0.892800 0.166400 0.000005
0.369600 0.167200 0.000004
0.749600 0.167200 0.000004
0.844800 0.167200 0.000004
0.764000 0.168000 0.000005
0.859200 0.168000 0.000004
0.372000 0.184800 0.000004
0.427200 0.186400 0.000004
0.617600 0.186400 0.000004
0.461600 0.187200 0.000004
0.530400 0.187200 0.000005
0.580000 0.187200 0.000005
0.645600 0.187200 0.000004
0.100800 0.188000 0.000007
0.177600 0.188000 0.000004
0.193600 0.188000 0.000004
0.239200 0.188000 0.000004
0.271200 0.188000 0.000005
0.355200 0.188000 0.000004
0.409600 0.188000 0.000004
0.445600 0.188000 0.000004
0.512000 0.188000 0.000004
0.597600 0.188000 0.000004
0.631200 0.188000 0.000003
0.165600 0.188800 0.000004
0.229600 0.188800 0.000004
0.256800 0.188800 0.000004
0.312800 0.188800 0.000004
0.332000 0.188800 0.000003
0.341600 0.188800 0.000002
0.396800 0.188800 0.000006
0.488000 0.188800 0.000006
0.559200 0.188800 0.000006
0.712000 0.188800 0.000004
0.803200 0.188800 0.000004
0.820000 0.188800 0.000004
0.848800 0.188800 0.000004
0.872000 0.188800 0.000004
0.888800 0.188800 0.000005
0.112000 0.189600 0.000004
0.152000 0.189600 0.000004
0.208800 0.189600 0.000006
0.288800 0.189600 0.000004
0.300800 0.189600 0.000004
0.388000 0.189600 0.000003
0.661600 0.189600 0.000004
0.788000 0.189600 0.000004
0.123200 0.190400 0.000004
0.137600 0.190400 0.000004
0.676000 0.190400 0.000004
0.692800 0.190400 0.000004
0.731200 0.190400 0.000004
0.751200 0.190400 0.000005
0.769600 0.190400 0.000004
0.835200 0.190400 0.000004
0.892000 0.210400 0.000005
0.474400 0.211200 0.000005
0.233600 0.212000 0.000005
0.270400 0.212000 0.000004
0.385600 0.212000 0.000004
0.459200 0.212000 0.000004
0.496000 0.212000 0.000004
0.105600 0.212800 0.000007
0.158400 0.212800 0.000004
0.254400 0.212800 0.000004
0.308800 0.212800 0.000004
0.335200 0.212800 0.000005
0.353600 0.212800 0.000005
0.372000 0.212800 0.000004
0.404000 0.212800 0.000004
0.421600 0.212800 0.000004
0.437600 0.212800 0.000004
0.448000 0.212800 0.000002
0.512800 0.212800 0.000004
0.820800 0.212800 0.000005
0.144000 0.213600 0.000004
0.171200 0.213600 0.000004
0.293600 0.213600 0.000005
0.321600 0.213600 0.000004
0.531200 0.213600 0.000005
0.592000 0.213600 0.000006
0.644000 0.213600 0.000005
0.840000 0.213600 0.000005
0.858400 0.213600 0.000004
0.117600 0.214400 0.000004
0.186400 0.214400 0.000004
0.216000 0.214400 0.000004
0.544800 0.214400 0.000007
0.611200 0.214400 0.000004
0.628000 0.214400 0.000004
0.700000 0.214400 0.000005
0.717600 0.214400 0.000004
0.805600 0.214400 0.000004
0.875200 0.214400 0.000004
0.201600 0.215200 0.000004
0.663200 0.215200 0.000005
0.734400 0.215200 0.000004
0.776800 0.215200 0.000004
0.794400 0.215200 0.000005
0.553600 0.216000 0.000006
0.571200 0.216000 0.000005
0.682400 0.216000 0.000004
0.756000 0.216800 0.000005
0.305600 0.235200 0.000004
0.319200 0.235200 0.000004
0.348800 0.235200 0.000004
0.419200 0.235200 0.000004
0.432000 0.235200 0.000004
0.102400 0.236000 0.000005
0.287200 0.236000 0.000004
0.402400 0.236000 0.000004
0.447200 0.236000 0.000004
0.875200 0.236000 0.000004
0.136000 0.236800 0.000004
0.156000 0.236800 0.000005
0.252800 0.236800 0.000004
0.332000 0.236800 0.000004
0.367200 0.236800 0.000005
0.388000 0.236800 0.000004
0.481600 0.236800 0.000004
0.893600 0.236800 0.000005
0.174400 0.237600 0.000004
0.211200 0.237600 0.000004
0.233600 0.237600 0.000005
0.268800 0.237600 0.000004
0.469600 0.237600 0.000004
0.858400 0.237600 0.000005
0.120000 0.238400 0.000004
0.192800 0.238400 0.000004
0.522400 0.238400 0.000005
0.791200 0.238400 0.000005
0.504000 0.239200 0.000005
0.532800 0.239200 0.000003
0.558400 0.239200 0.000003
0.587200 0.239200 0.000004
0.544800 0.240000 0.000004
0.568800 0.240000 0.000004
0.602400 0.240000 0.000004
0.615200 0.240000 0.000004
0.704000 0.240000 0.000004
0.716800 0.240000 0.000004
0.771200 0.240000 0.000005
0.822400 0.240000 0.000004
0.626400 0.240800 0.000002
0.691200 0.240800 0.000004
0.839200 0.240800 0.000004
0.655200 0.241600 0.000006
0.676800 0.241600 0.000004
0.642400 0.242400 0.000005
0.736000 0.242400 0.000005
0.750400 0.242400 0.000004
0.810400 0.242400 0.000004
0.122400 0.259200 0.000004
0.837600 0.259200 0.000004
0.852000 0.259200 0.000004
0.898400 0.259200 0.000007
0.136000 0.260000 0.000004
0.183200 0.260000 0.000004
0.305600 0.260000 0.000005
0.344000 0.260000 0.000005
0.869600 0.260000 0.000004
0.887200 0.260000 0.000004
0.166400 0.260800 0.000004
0.233600 0.260800 0.000004
0.268800 0.260800 0.000005
0.291200 0.260800 0.000004
0.366400 0.260800 0.000004
0.815200 0.260800 0.000004
0.106400 0.261600 0.000005
0.148000 0.261600 0.000005
0.200000 0.261600 0.000004
0.210400 0.261600 0.000002
0.220000 0.261600 0.000004
0.254400 0.261600 0.000005
0.488000 0.261600 0.000004
0.589600 0.261600 0.000004
0.327200 0.262400 0.000004
0.388000 0.262400 0.000004
0.427200 0.262400 0.000004
0.452000 0.262400 0.000004
0.470400 0.262400 0.000005
0.504800 0.262400 0.000004
0.518400 0.262400 0.000004
0.548000 0.262400 0.000005
0.604800 0.262400 0.000004
0.622400 0.262400 0.000004
0.400800 0.263200 0.000004
0.440800 0.263200 0.000004
0.529600 0.263200 0.000002
0.635200 0.263200 0.000004
0.724000 0.263200 0.000004
0.767200 0.263200 0.000004
0.782400 0.263200 0.000004
0.414400 0.264000 0.000004
0.740800 0.264000 0.000004
0.752800 0.264000 0.000004
0.572000 0.264800 0.000004
0.687200 0.264800 0.000004
0.703200 0.264800 0.000005
0.800000 0.264800 0.000004
0.673600 0.265600 0.000004
0.659200 0.266400 0.000004
0.107200 0.282400 0.000005
0.139200 0.282400 0.000005
0.196800 0.282400 0.000004
0.301600 0.282400 0.000005
0.275200 0.283200 0.000005
0.374400 0.283200 0.000004
0.449600 0.283200 0.000004
0.895200 0.283200 0.000005
0.123200 0.284000 0.000004
0.180800 0.284000 0.000004
0.252000 0.284000 0.000005
0.325600 0.284000 0.000005
0.405600 0.284000 0.000004
0.420000 0.284000 0.000004
0.488000 0.284000 0.000004
0.836000 0.284000 0.000004
0.848000 0.284000 0.000004
0.865600 0.284000 0.000004
0.880000 0.284000 0.000004
0.216800 0.284800 0.000004
0.233600 0.284800 0.000004
0.343200 0.284800 0.000004
0.356000 0.284800 0.000004
0.467200 0.284800 0.000004
0.500800 0.284800 0.000004
0.512800 0.284800 0.000006
0.592800 0.284800 0.000004
0.602400 0.284800 0.000005
0.820800 0.284800 0.000004
0.164800 0.285600 0.000005
0.390400 0.285600 0.000004
0.433600 0.285600 0.000004
0.536800 0.285600 0.000005
0.559200 0.285600 0.000004
0.573600 0.285600 0.000004
0.625600 0.285600 0.000005
0.765600 0.285600 0.000005
0.548000 0.286400 0.000002
0.668800 0.286400 0.000004
0.695200 0.286400 0.000004
0.711200 0.286400 0.000004
0.724800 0.286400 0.000004
0.738400 0.286400 0.000005
0.788800 0.286400 0.000004
0.643200 0.287200 0.000005
0.684000 0.287200 0.000004
0.804000 0.287200 0.000004
0.222400 0.303200 0.000004
0.243200 0.304000 0.000004
0.349600 0.304000 0.000004
0.261600 0.304800 0.000004
0.331200 0.304800 0.000003
0.364800 0.304800 0.000004
0.900000 0.304800 0.000005
0.936000 0.304800 0.000009
0.280000 0.305600 0.000005
0.301600 0.305600 0.000004
0.319200 0.305600 0.000004
0.384800 0.305600 0.000005
0.404000 0.305600 0.000005
0.790400 0.305600 0.000004
0.845600 0.305600 0.000004
0.888800 0.305600 0.000004
0.157600 0.306400 0.000004
0.176000 0.306400 0.000004
0.206400 0.306400 0.000004
0.808800 0.306400 0.000004
0.824000 0.306400 0.000005
0.862400 0.306400 0.000004
0.111200 0.307200 0.000007
0.123200 0.307200 0.000005
0.192000 0.307200 0.000004
0.424800 0.307200 0.000004
0.595200 0.307200 0.000004
0.608800 0.307200 0.000004
0.652000 0.307200 0.000004
0.674400 0.307200 0.000004
0.743200 0.307200 0.000003
0.756000 0.307200 0.000004
0.775200 0.307200 0.000004
0.142400 0.308000 0.000004
0.483200 0.308000 0.000004
0.537600 0.308000 0.000004
0.558400 0.308000 0.000002
0.572000 0.308000 0.000004
0.583200 0.308000 0.000004
0.686400 0.308000 0.000002
0.696000 0.308000 0.000005
0.444800 0.308800 0.000005
0.463200 0.308800 0.000005
0.502400 0.308800 0.000004
0.520800 0.308800 0.000004
0.631200 0.308800 0.000005
0.731200 0.308800 0.000004
0.716000 0.309600 0.000004
0.901600 0.324800 0.000004
0.878400 0.325600 0.000003
0.889600 0.325600 0.000004
0.869600 0.326400 0.000002
0.241600 0.327200 0.000004
0.259200 0.327200 0.000004
0.283200 0.327200 0.000004
0.599200 0.327200 0.000004
0.615200 0.327200 0.000004
0.743200 0.327200 0.000004
0.775200 0.327200 0.000004
0.162400 0.328000 0.000004
0.214400 0.328000 0.000004
0.228000 0.328000 0.000004
0.296000 0.328000 0.000004
0.411200 0.328000 0.000003
0.425600 0.328000 0.000004
0.442400 0.328000 0.000004
0.687200 0.328000 0.000002
0.758400 0.328000 0.000004
0.813600 0.328000 0.000004
0.832000 0.328000 0.000004
0.178400 0.328800 0.000004
0.192800 0.328800 0.000004
0.203200 0.328800 0.000003
0.341600 0.328800 0.000004
0.358400 0.328800 0.000006
0.368800 0.328800 0.000002
0.379200 0.328800 0.000003
0.391200 0.328800 0.000003
0.401600 0.328800 0.000002
0.532800 0.328800 0.000005
0.549600 0.328800 0.000004
0.627200 0.328800 0.000004
0.640000 0.328800 0.000004
0.654400 0.328800 0.000004
0.668000 0.328800 0.000004
0.796800 0.328800 0.000005
0.845600 0.328800 0.000005
0.132800 0.329600 0.000004
0.145600 0.329600 0.000004
0.325600 0.329600 0.000004
0.483200 0.329600 0.000004
0.499200 0.329600 0.000004
0.512800 0.329600 0.000004
0.565600 0.329600 0.000004
0.581600 0.329600 0.000005
0.706400 0.329600 0.000004
0.460000 0.330400 0.000005
0.719200 0.330400 0.000003
0.312800 0.331200 0.000004
0.731200 0.331200 0.000004
