0.148800 0.046400 0.000012
0.200800 0.046400 0.000010
0.222400 0.046400 0.000005
0.242400 0.046400 0.000004
0.259200 0.046400 0.000011
0.170400 0.047200 0.000005
0.842400 0.054400 0.000012
0.859200 0.054400 0.000011
0.286400 0.084800 0.000004
0.271200 0.086400 0.000004
0.299200 0.086400 0.000004
0.256000 0.087200 0.000004
0.754400 0.087200 0.000004
0.767200 0.087200 0.000008
0.200000 0.088000 0.000004
0.236000 0.088000 0.000005
0.310400 0.088000 0.000004
0.182400 0.088800 0.000004
0.219200 0.088800 0.000004
0.612000 0.088800 0.000005
0.739200 0.088800 0.000004
0.828000 0.088800 0.000004
0.119200 0.089600 0.000004
0.340000 0.089600 0.000004
0.353600 0.089600 0.000004
0.373600 0.089600 0.000005
0.416000 0.089600 0.000004
0.430400 0.089600 0.000004
0.446400 0.089600 0.000004
0.480800 0.089600 0.000005
0.631200 0.089600 0.000004
0.645600 0.089600 0.000005
0.677600 0.089600 0.000004
0.692000 0.089600 0.000004
0.133600 0.090400 0.000004
0.166400 0.090400 0.000004
0.325600 0.090400 0.000004
0.391200 0.090400 0.000004
0.404000 0.090400 0.000004
0.462400 0.090400 0.000004
0.522400 0.090400 0.000005
0.664800 0.090400 0.000004
0.788800 0.090400 0.000004
0.104000 0.091200 0.000004
0.147200 0.091200 0.000004
0.499200 0.091200 0.000005
0.572800 0.091200 0.000007
0.586400 0.091200 0.000005
0.706400 0.091200 0.000004
0.723200 0.091200 0.000004
0.804000 0.091200 0.000004
0.816000 0.091200 0.000004
0.848000 0.091200 0.000003
0.540000 0.092000 0.000002
0.550400 0.092000 0.000004
0.564000 0.092000 0.000004
0.857600 0.092000 0.000002
0.868800 0.092800 0.000004
0.885600 0.092800 0.000010
0.896000 0.092800 0.000006
0.276800 0.112000 0.000006
0.107200 0.112800 0.000004
0.147200 0.112800 0.000004
0.160800 0.112800 0.000004
0.193600 0.112800 0.000005
0.212800 0.112800 0.000005
0.708800 0.112800 0.000004
0.121600 0.113600 0.000003
0.132000 0.113600 0.000004
0.175200 0.113600 0.000004
0.226400 0.113600 0.000004
0.242400 0.113600 0.000004
0.259200 0.113600 0.000005
0.301600 0.113600 0.000004
0.329600 0.113600 0.000003
0.341600 0.113600 0.000004
0.354400 0.113600 0.000004
0.417600 0.113600 0.000004
0.448000 0.113600 0.000004
0.560800 0.113600 0.000004
0.645600 0.113600 0.000007
0.665600 0.113600 0.000006
0.688800 0.113600 0.000005
0.316800 0.114400 0.000004
0.364800 0.114400 0.000004
0.375200 0.114400 0.000002
0.385600 0.114400 0.000005
0.401600 0.114400 0.000004
0.609600 0.114400 0.000004
0.622400 0.114400 0.000004
0.633600 0.114400 0.000004
0.727200 0.114400 0.000004
0.544000 0.115200 0.000004
0.579200 0.115200 0.000004
0.596000 0.115200 0.000004
0.745600 0.115200 0.000004
0.764000 0.115200 0.000005
0.780800 0.115200 0.000004
0.435200 0.116000 0.000004
0.459200 0.116000 0.000004
0.472800 0.116000 0.000006
0.805600 0.116000 0.000005
0.838400 0.116000 0.000004
0.854400 0.116000 0.000004
0.880800 0.116000 0.000006
0.512000 0.116800 0.000005
0.532800 0.116800 0.000004
0.823200 0.116800 0.000004
0.495200 0.117600 0.000004
0.133600 0.135200 0.000005
0.147200 0.136000 0.000004
0.206400 0.136000 0.000004
0.115200 0.136800 0.000006
0.182400 0.136800 0.000004
0.196000 0.136800 0.000003
0.216000 0.136800 0.000005
0.230400 0.136800 0.000004
0.240800 0.136800 0.000002
0.313600 0.136800 0.000005
0.716000 0.136800 0.000005
0.162400 0.137600 0.000005
0.292800 0.137600 0.000004
0.365600 0.137600 0.000004
0.669600 0.137600 0.000004
0.777600 0.137600 0.000004
0.279200 0.138400 0.000004
0.338400 0.138400 0.000007
0.350400 0.138400 0.000004
0.375200 0.138400 0.000002
0.398400 0.138400 0.000004
0.440000 0.138400 0.000004
0.576800 0.138400 0.000003
0.587200 0.138400 0.000003
0.597600 0.138400 0.000004
0.609600 0.138400 0.000004
0.644000 0.138400 0.000004
0.684800 0.138400 0.000004
0.756800 0.138400 0.000004
0.791200 0.138400 0.000004
0.820800 0.138400 0.000004
0.836000 0.138400 0.000004
0.850400 0.138400 0.000004
0.861600 0.138400 0.000004
0.885600 0.138400 0.000002
0.269600 0.139200 0.000004
0.384800 0.139200 0.000005
0.408800 0.139200 0.000004
0.424000 0.139200 0.000004
0.524800 0.139200 0.000004
0.550400 0.139200 0.000002
0.630400 0.139200 0.000004
0.697600 0.139200 0.000004
0.729600 0.139200 0.000004
0.743200 0.139200 0.000004
0.803200 0.139200 0.000004
0.872800 0.139200 0.000004
0.894400 0.139200 0.000005
0.256000 0.140000 0.000004
0.456800 0.140000 0.000004
0.488800 0.140000 0.000005
0.504000 0.140000 0.000005
0.560000 0.140000 0.000005
0.469600 0.140800 0.000004
0.656800 0.140800 0.000004
0.107200 0.157600 0.000005
0.128800 0.160000 0.000004
0.147200 0.160800 0.000004
0.674400 0.161600 0.000004
0.712000 0.161600 0.000004
0.726400 0.161600 0.000004
0.795200 0.161600 0.000004
0.809600 0.161600 0.000004
0.845600 0.161600 0.000005
0.179200 0.162400 0.000004
0.236800 0.162400 0.000005
0.448000 0.162400 0.000004
0.564800 0.162400 0.000004
0.578400 0.162400 0.000005
0.602400 0.162400 0.000005
0.622400 0.162400 0.000004
0.689600 0.162400 0.000004
0.699200 0.162400 0.000004
0.744000 0.162400 0.000005
0.825600 0.162400 0.000004
0.162400 0.163200 0.000005
0.193600 0.163200 0.000007
0.348000 0.163200 0.000005
0.369600 0.163200 0.000005
0.414400 0.163200 0.000005
0.640000 0.163200 0.000004
0.657600 0.163200 0.000004
0.255200 0.164000 0.000004
0.291200 0.164000 0.000006
0.400000 0.164000 0.000004
0.433600 0.164000 0.000004
0.550400 0.164000 0.000004
0.761600 0.164000 0.000004
0.778400 0.164000 0.000004
0.218400 0.164800 0.000005
0.329600 0.164800 0.000002
0.465600 0.164800 0.000004
0.501600 0.164800 0.000004
0.868800 0.164800 0.000005
0.888000 0.164800 0.000005
0.269600 0.165600 0.000004
0.384800 0.165600 0.000004
0.515200 0.165600 0.000004
0.536800 0.165600 0.000007
0.488800 0.166400 0.000005
0.316800 0.167200 0.000007
0.696000 0.183200 0.000004
0.338400 0.184000 0.000004
0.122400 0.184800 0.000004
0.141600 0.184800 0.000005
0.160800 0.184800 0.000004
0.676000 0.184800 0.000005
0.744800 0.184800 0.000004
0.105600 0.185600 0.000005
0.656000 0.185600 0.000004
0.666400 0.185600 0.000002
0.732800 0.185600 0.000003
0.760800 0.185600 0.000004
0.837600 0.185600 0.000006
0.172800 0.186400 0.000004
0.191200 0.186400 0.000005
0.354400 0.186400 0.000004
0.776000 0.186400 0.000004
0.810400 0.186400 0.000004
0.847200 0.186400 0.000002
0.209600 0.187200 0.000004
0.265600 0.187200 0.000004
0.323200 0.187200 0.000003
0.418400 0.187200 0.000005
0.555200 0.187200 0.000004
0.606400 0.187200 0.000004
0.620000 0.187200 0.000005
0.641600 0.187200 0.000004
0.713600 0.187200 0.000005
0.797600 0.187200 0.000004
0.858400 0.187200 0.000003
0.885600 0.187200 0.000005
0.230400 0.188000 0.000005
0.249600 0.188000 0.000005
0.280800 0.188000 0.000004
0.298400 0.188000 0.000004
0.312800 0.188000 0.000002
0.367200 0.188000 0.000004
0.450400 0.188000 0.000004
0.501600 0.188000 0.000004
0.514400 0.188000 0.000004
0.534400 0.188000 0.000005
0.586400 0.188000 0.000002
0.402400 0.188800 0.000004
0.436000 0.188800 0.000005
0.567200 0.188800 0.000004
0.577600 0.188800 0.000005
0.785600 0.188800 0.000002
0.823200 0.188800 0.000004
0.869600 0.188800 0.000004
0.380800 0.189600 0.000005
0.492800 0.189600 0.000005
0.470400 0.190400 0.000005
0.191200 0.208000 0.000004
0.685600 0.208000 0.000005
0.704800 0.208000 0.000004
0.717600 0.208000 0.000002
0.727200 0.208000 0.000003
0.737600 0.208000 0.000004
0.756000 0.208000 0.000005
0.122400 0.208800 0.000004
0.172000 0.208800 0.000004
0.351200 0.208800 0.000004
0.403200 0.208800 0.000004
0.412800 0.208800 0.000002
0.588000 0.208800 0.000004
0.640000 0.208800 0.000004
0.768800 0.208800 0.000004
0.783200 0.208800 0.000004
0.809600 0.208800 0.000004
0.105600 0.209600 0.000004
0.152800 0.209600 0.000004
0.312000 0.209600 0.000004
0.329600 0.209600 0.000005
0.603200 0.209600 0.000004
0.652800 0.209600 0.000002
0.661600 0.209600 0.000002
0.675200 0.209600 0.000004
0.795200 0.209600 0.000004
0.138400 0.210400 0.000004
0.211200 0.210400 0.000004
0.279200 0.210400 0.000004
0.298400 0.210400 0.000004
0.478400 0.210400 0.000004
0.557600 0.210400 0.000004
0.572800 0.210400 0.000004
0.620800 0.210400 0.000004
0.828800 0.210400 0.000004
0.224800 0.211200 0.000004
0.370400 0.211200 0.000004
0.388000 0.211200 0.000004
0.429600 0.211200 0.000005
0.500800 0.211200 0.000004
0.517600 0.211200 0.000005
0.541600 0.211200 0.000005
0.844000 0.211200 0.000005
0.237600 0.212000 0.000005
0.265600 0.212000 0.000006
0.441600 0.212000 0.000003
0.463200 0.212000 0.000004
0.863200 0.212000 0.000004
0.872800 0.212000 0.000003
0.885600 0.212000 0.000006
0.256800 0.212800 0.000005
0.460800 0.230400 0.000004
0.471200 0.230400 0.000004
0.484800 0.230400 0.000004
0.664800 0.230400 0.000004
0.647200 0.231200 0.000005
0.160800 0.232000 0.000005
0.214400 0.232000 0.000004
0.276000 0.232000 0.000004
0.296800 0.232000 0.000004
0.340800 0.232000 0.000004
0.360800 0.232000 0.000004
0.392000 0.232000 0.000004
0.419200 0.232000 0.000005
0.508000 0.232000 0.000005
0.528000 0.232000 0.000004
0.570400 0.232000 0.000004
0.605600 0.232000 0.000004
0.618400 0.232000 0.000005
0.680800 0.232000 0.000004
0.708800 0.232000 0.000004
0.786400 0.232000 0.000004
0.799200 0.232000 0.000004
0.813600 0.232000 0.000004
0.860800 0.232000 0.000004
0.231200 0.232800 0.000004
0.320000 0.232800 0.000005
0.376800 0.232800 0.000004
0.405600 0.232800 0.000004
0.440000 0.232800 0.000005
0.548000 0.232800 0.000004
0.594400 0.232800 0.000005
0.724000 0.232800 0.000004
0.745600 0.232800 0.000005
0.776800 0.232800 0.000004
0.834400 0.232800 0.000005
0.885600 0.232800 0.000004
0.104800 0.233600 0.000004
0.140800 0.233600 0.000004
0.180000 0.233600 0.000004
0.197600 0.233600 0.000004
0.762400 0.233600 0.000004
0.824000 0.233600 0.000002
0.848800 0.233600 0.000004
0.123200 0.234400 0.000004
0.245600 0.234400 0.000004
0.871200 0.234400 0.000004
0.693600 0.235200 0.000004
0.259200 0.236000 0.000004
0.396800 0.252000 0.000004
0.409600 0.252000 0.000004
0.504800 0.252000 0.000005
0.543200 0.252000 0.000005
0.337600 0.252800 0.000005
0.433600 0.252800 0.000005
0.468800 0.252800 0.000004
0.484000 0.252800 0.000004
0.373600 0.253600 0.000005
0.384000 0.253600 0.000002
0.448000 0.253600 0.000004
0.525600 0.253600 0.000004
0.282400 0.254400 0.000004
0.356000 0.254400 0.000005
0.627200 0.254400 0.000004
0.226400 0.255200 0.000004
0.269600 0.255200 0.000004
0.292800 0.255200 0.000002
0.566400 0.255200 0.000005
0.604800 0.255200 0.000005
0.680000 0.255200 0.000005
0.699200 0.255200 0.000004
0.714400 0.255200 0.000004
0.104000 0.256000 0.000005
0.128000 0.256000 0.000005
0.144000 0.256000 0.000004
0.159200 0.256000 0.000004
0.208800 0.256000 0.000004
0.244000 0.256000 0.000004
0.256800 0.256000 0.000003
0.314400 0.256000 0.000005
0.809600 0.256000 0.000005
0.844800 0.256000 0.000004
0.876000 0.256000 0.000004
0.176800 0.256800 0.000004
0.588000 0.256800 0.000004
0.644800 0.256800 0.000005
0.663200 0.256800 0.000005
0.776000 0.256800 0.000005
0.793600 0.256800 0.000005
0.830400 0.256800 0.000004
0.860000 0.256800 0.000004
0.894400 0.256800 0.000005
0.192800 0.257600 0.000004
0.755200 0.257600 0.000004
0.740800 0.260000 0.000004
0.407200 0.274400 0.000005
0.444800 0.276000 0.000004
0.461600 0.276000 0.000005
0.491200 0.276000 0.000005
0.506400 0.276000 0.000004
0.423200 0.276800 0.000004
0.524800 0.276800 0.000004
0.539200 0.276800 0.000004
0.556000 0.276800 0.000004
0.121600 0.277600 0.000005
0.216000 0.277600 0.000004
0.228800 0.277600 0.000003
0.247200 0.277600 0.000003
0.279200 0.277600 0.000004
0.298400 0.277600 0.000004
0.388000 0.277600 0.000005
0.566400 0.277600 0.000004
0.580000 0.277600 0.000004
0.104000 0.278400 0.000004
0.237600 0.278400 0.000002
0.692800 0.278400 0.000004
0.149600 0.279200 0.000005
0.168000 0.279200 0.000004
0.204800 0.279200 0.000004
0.264000 0.279200 0.000005
0.321600 0.279200 0.000004
0.372800 0.279200 0.000005
0.613600 0.279200 0.000005
0.712000 0.279200 0.000005
0.186400 0.280000 0.000005
0.336800 0.280000 0.000004
0.350400 0.280000 0.000004
0.595200 0.280000 0.000004
0.647200 0.280000 0.000005
0.665600 0.280800 0.000004
0.680000 0.280800 0.000004
0.728000 0.280800 0.000004
0.831200 0.280800 0.000004
0.790400 0.281600 0.000004
0.816000 0.281600 0.000004
0.848000 0.281600 0.000005
0.634400 0.282400 0.000004
0.759200 0.282400 0.000002
0.768000 0.283200 0.000005
0.780000 0.283200 0.000004
0.867200 0.283200 0.000004
0.884000 0.284000 0.000005
0.748800 0.284800 0.000004
0.503200 0.299200 0.000004
0.537600 0.299200 0.000004
0.516000 0.300000 0.000002
0.525600 0.300000 0.000003
0.457600 0.300800 0.000005
0.483200 0.300800 0.000006
0.550400 0.300800 0.000004
0.565600 0.300800 0.000004
0.594400 0.300800 0.000004
0.706400 0.300800 0.000004
0.103200 0.301600 0.000005
0.396000 0.301600 0.000005
0.579200 0.301600 0.000004
0.609600 0.301600 0.000004
0.200000 0.302400 0.000005
0.379200 0.302400 0.000004
0.417600 0.302400 0.000004
0.656000 0.302400 0.000004
0.750400 0.302400 0.000003
0.776800 0.302400 0.000004
0.787200 0.302400 0.000003
0.842400 0.302400 0.000004
0.112800 0.303200 0.000002
0.121600 0.303200 0.000004
0.181600 0.303200 0.000004
0.228000 0.303200 0.000002
0.239200 0.303200 0.000004
0.253600 0.303200 0.000004
0.276000 0.303200 0.000006
0.304800 0.303200 0.000004
0.328000 0.303200 0.000004
0.340000 0.303200 0.000003
0.432800 0.303200 0.000005
0.671200 0.303200 0.000004
0.685600 0.303200 0.000004
0.725600 0.303200 0.000004
0.738400 0.303200 0.000003
0.796800 0.303200 0.000004
0.808000 0.303200 0.000004
0.859200 0.303200 0.000004
0.218400 0.304000 0.000004
0.289600 0.304000 0.000004
0.317600 0.304000 0.000003
0.360000 0.304000 0.000005
0.625600 0.304000 0.000004
0.640800 0.304000 0.000004
0.823200 0.304000 0.000004
0.147200 0.304800 0.000004
0.876000 0.304800 0.000004
0.890400 0.304800 0.000004
0.134400 0.305600 0.000004
0.164000 0.305600 0.000004
0.512000 0.319200 0.000004
0.528800 0.320800 0.000004
0.585600 0.321600 0.000004
0.493600 0.322400 0.000004
0.616000 0.322400 0.000004
0.707200 0.322400 0.000004
0.741600 0.322400 0.000004
0.752000 0.322400 0.000002
0.770400 0.322400 0.000004
0.434400 0.323200 0.000002
0.563200 0.323200 0.000002
0.572000 0.323200 0.000003
0.600800 0.323200 0.000004
0.629600 0.323200 0.000004
0.644800 0.323200 0.000004
0.676800 0.323200 0.000004
0.726400 0.323200 0.000004
0.788800 0.323200 0.000005
0.101600 0.324000 0.000005
0.476800 0.324000 0.000004
0.552000 0.324000 0.000006
0.660800 0.324000 0.000004
0.692000 0.324000 0.000004
0.804000 0.324000 0.000004
0.817600 0.324000 0.000004
0.417600 0.324800 0.000005
0.446400 0.324800 0.000004
0.463200 0.324800 0.000004
0.840000 0.324800 0.000004
0.854400 0.324800 0.000004
0.873600 0.324800 0.000005
0.342400 0.325600 0.000005
0.890400 0.325600 0.000004
0.123200 0.326400 0.000004
0.211200 0.326400 0.000004
0.250400 0.326400 0.000004
0.359200 0.326400 0.000004
0.398400 0.326400 0.000005
0.234400 0.327200 0.000004
0.269600 0.327200 0.000005
0.322400 0.327200 0.000005
0.140000 0.328000 0.000005
0.223200 0.328000 0.000004
0.303200 0.328000 0.000004
0.377600 0.328000 0.000004
0.163200 0.328800 0.000005
0.195200 0.328800 0.000004
0.288000 0.328800 0.000005
0.181600 0.330400 0.000004
