189.000000 52.000000 0.014800
257.000000 52.000000 0.014400
282.000000 52.000000 0.005600
303.000000 52.000000 0.005600
323.000000 52.000000 0.012800
216.000000 55.000000 0.006800
1087.000000 60.000000 0.009600
1058.000000 61.000000 0.015200
551.000000 67.000000 0.005600
570.000000 67.000000 0.002800
585.000000 67.000000 0.004400
602.000000 68.000000 0.004400
640.000000 68.000000 0.002800
672.000000 68.000000 0.002800
684.000000 68.000000 0.004400
620.000000 69.000000 0.005600
161.000000 98.000000 0.006800
137.000000 99.000000 0.006400
185.000000 100.000000 0.004400
553.000000 100.000000 0.005600
638.000000 100.000000 0.004400
205.000000 101.000000 0.005600
623.000000 101.000000 0.004800
224.000000 102.000000 0.005600
316.000000 102.000000 0.005600
338.000000 102.000000 0.006800
494.000000 102.000000 0.004800
533.000000 102.000000 0.004400
573.000000 102.000000 0.005600
588.000000 102.000000 0.005600
258.000000 103.000000 0.004000
273.000000 103.000000 0.004400
363.000000 103.000000 0.004400
383.000000 103.000000 0.005600
446.000000 103.000000 0.004400
464.000000 103.000000 0.004800
479.000000 103.000000 0.002800
650.000000 103.000000 0.004400
245.000000 104.000000 0.007600
293.000000 104.000000 0.005600
410.000000 104.000000 0.006800
430.000000 104.000000 0.004400
606.000000 104.000000 0.005600
667.000000 104.000000 0.004400
735.000000 104.000000 0.005600
759.000000 104.000000 0.008000
692.000000 105.000000 0.007200
714.000000 105.000000 0.005600
773.000000 105.000000 0.003600
794.000000 105.000000 0.006400
515.000000 106.000000 0.005600
817.000000 106.000000 0.006800
908.000000 107.000000 0.005600
927.000000 107.000000 0.008400
1075.000000 107.000000 0.006400
849.000000 108.000000 0.006800
870.000000 108.000000 0.005600
977.000000 108.000000 0.008400
1006.000000 108.000000 0.005600
1044.000000 108.000000 0.007600
889.000000 109.000000 0.004800
956.000000 109.000000 0.006400
991.000000 109.000000 0.009200
1024.000000 109.000000 0.005600
1098.000000 109.000000 0.006400
1123.000000 110.000000 0.006800
145.000000 128.000000 0.008400
272.000000 130.000000 0.006400
166.000000 131.000000 0.005600
186.000000 131.000000 0.005600
331.000000 131.000000 0.006000
370.000000 131.000000 0.005200
475.000000 131.000000 0.004400
488.000000 131.000000 0.008000
209.000000 132.000000 0.005600
230.000000 132.000000 0.004800
295.000000 132.000000 0.004400
308.000000 132.000000 0.004400
353.000000 132.000000 0.004400
404.000000 132.000000 0.005600
780.000000 132.000000 0.006400
248.000000 133.000000 0.005600
392.000000 133.000000 0.005600
509.000000 133.000000 0.005600
556.000000 133.000000 0.006400
573.000000 133.000000 0.006400
458.000000 134.000000 0.005600
531.000000 134.000000 0.005600
618.000000 134.000000 0.006400
649.000000 134.000000 0.006000
695.000000 134.000000 0.006800
830.000000 134.000000 0.004400
429.000000 135.000000 0.006800
670.000000 135.000000 0.006400
722.000000 135.000000 0.005200
756.000000 135.000000 0.005600
802.000000 135.000000 0.006800
596.000000 136.000000 0.004400
736.000000 136.000000 0.005600
851.000000 136.000000 0.005200
867.000000 136.000000 0.006400
908.000000 137.000000 0.005600
976.000000 137.000000 0.006800
991.000000 137.000000 0.003600
1006.000000 137.000000 0.004400
1046.000000 137.000000 0.005600
1070.000000 137.000000 0.005600
931.000000 138.000000 0.005200
951.000000 138.000000 0.006800
1024.000000 138.000000 0.005200
1093.000000 138.000000 0.004800
889.000000 139.000000 0.004400
1113.000000 139.000000 0.005600
382.000000 158.000000 0.004400
253.000000 159.000000 0.006000
303.000000 159.000000 0.006400
325.000000 159.000000 0.005600
346.000000 159.000000 0.004400
364.000000 159.000000 0.004400
400.000000 159.000000 0.004400
420.000000 159.000000 0.006400
203.000000 160.000000 0.006400
228.000000 160.000000 0.005600
279.000000 160.000000 0.005600
144.000000 161.000000 0.006800
171.000000 161.000000 0.006800
556.000000 161.000000 0.005600
578.000000 161.000000 0.005600
465.000000 162.000000 0.005600
444.000000 163.000000 0.004400
532.000000 163.000000 0.005200
599.000000 163.000000 0.006400
631.000000 163.000000 0.006000
1055.000000 163.000000 0.006400
497.000000 164.000000 0.004400
514.000000 164.000000 0.004400
648.000000 164.000000 0.003600
663.000000 164.000000 0.004400
692.000000 164.000000 0.004400
789.000000 164.000000 0.006800
1075.000000 164.000000 0.005600
1094.000000 164.000000 0.005600
1117.000000 164.000000 0.005600
480.000000 165.000000 0.004400
678.000000 165.000000 0.003600
715.000000 165.000000 0.006400
761.000000 165.000000 0.005200
812.000000 165.000000 0.005600
911.000000 165.000000 0.006800
1031.000000 165.000000 0.004800
834.000000 166.000000 0.005200
855.000000 166.000000 0.004800
937.000000 166.000000 0.006400
986.000000 166.000000 0.005600
1010.000000 166.000000 0.006000
741.000000 167.000000 0.005600
872.000000 167.000000 0.004400
962.000000 167.000000 0.005600
885.000000 169.000000 0.004000
346.000000 185.000000 0.005600
369.000000 185.000000 0.005600
222.000000 187.000000 0.005600
323.000000 187.000000 0.005600
391.000000 187.000000 0.005600
416.000000 187.000000 0.006800
249.000000 188.000000 0.005600
273.000000 188.000000 0.004800
437.000000 188.000000 0.004400
455.000000 188.000000 0.004800
473.000000 188.000000 0.004400
138.000000 189.000000 0.006400
292.000000 189.000000 0.005600
544.000000 189.000000 0.004400
196.000000 190.000000 0.005600
492.000000 190.000000 0.004400
525.000000 190.000000 0.005200
561.000000 190.000000 0.004400
582.000000 190.000000 0.005600
638.000000 190.000000 0.006000
666.000000 190.000000 0.005600
684.000000 190.000000 0.004400
884.000000 190.000000 0.004400
1109.000000 190.000000 0.005200
612.000000 191.000000 0.006400
841.000000 191.000000 0.005200
861.000000 191.000000 0.005600
928.000000 191.000000 0.006000
1071.000000 191.000000 0.004400
1091.000000 191.000000 0.005200
160.000000 192.000000 0.004800
178.000000 192.000000 0.004400
506.000000 192.000000 0.005600
704.000000 192.000000 0.005600
758.000000 192.000000 0.004800
780.000000 192.000000 0.005600
803.000000 192.000000 0.004800
822.000000 192.000000 0.004400
906.000000 192.000000 0.005200
983.000000 192.000000 0.006800
996.000000 192.000000 0.004400
742.000000 193.000000 0.002800
1033.000000 193.000000 0.006000
1055.000000 193.000000 0.005600
724.000000 194.000000 0.005600
1012.000000 194.000000 0.005200
954.000000 195.000000 0.005600
225.000000 213.000000 0.005600
247.000000 214.000000 0.004400
266.000000 215.000000 0.004400
303.000000 215.000000 0.006800
425.000000 215.000000 0.005600
446.000000 215.000000 0.005600
185.000000 216.000000 0.006400
283.000000 216.000000 0.005200
332.000000 216.000000 0.006400
381.000000 216.000000 0.005600
1125.000000 216.000000 0.006400
208.000000 217.000000 0.004400
401.000000 217.000000 0.005600
472.000000 217.000000 0.004400
489.000000 217.000000 0.004800
511.000000 217.000000 0.005600
536.000000 217.000000 0.006000
1105.000000 217.000000 0.006400
139.000000 218.000000 0.006800
353.000000 218.000000 0.006400
677.000000 218.000000 0.005200
1090.000000 218.000000 0.006400
168.000000 219.000000 0.005200
599.000000 219.000000 0.005600
620.000000 219.000000 0.004800
639.000000 219.000000 0.004400
694.000000 219.000000 0.002800
560.000000 220.000000 0.005200
578.000000 220.000000 0.005200
657.000000 220.000000 0.005200
706.000000 220.000000 0.003600
758.000000 220.000000 0.005600
866.000000 220.000000 0.005200
904.000000 220.000000 0.005600
973.000000 220.000000 0.005600
1066.000000 220.000000 0.004400
806.000000 221.000000 0.005600
831.000000 221.000000 0.005200
848.000000 221.000000 0.004400
885.000000 221.000000 0.005600
948.000000 221.000000 0.006000
738.000000 222.000000 0.006000
781.000000 222.000000 0.005600
924.000000 222.000000 0.005600
1004.000000 222.000000 0.005200
1028.000000 222.000000 0.005600
1047.000000 222.000000 0.004400
510.000000 244.000000 0.006400
535.000000 244.000000 0.005600
484.000000 245.000000 0.005600
570.000000 245.000000 0.003600
615.000000 245.000000 0.005600
639.000000 245.000000 0.005600
1120.000000 245.000000 0.006800
198.000000 246.000000 0.005600
236.000000 246.000000 0.005600
280.000000 246.000000 0.005200
321.000000 246.000000 0.005600
424.000000 246.000000 0.006400
556.000000 246.000000 0.004800
585.000000 246.000000 0.005600
137.000000 247.000000 0.006800
258.000000 247.000000 0.005600
299.000000 247.000000 0.005600
344.000000 247.000000 0.005600
446.000000 247.000000 0.005600
465.000000 247.000000 0.004400
158.000000 248.000000 0.005200
176.000000 248.000000 0.005600
217.000000 248.000000 0.004400
362.000000 248.000000 0.004800
400.000000 248.000000 0.004400
666.000000 248.000000 0.006400
955.000000 248.000000 0.005600
1096.000000 248.000000 0.006000
382.000000 249.000000 0.005600
1049.000000 249.000000 0.006000
1072.000000 249.000000 0.005600
690.000000 250.000000 0.005600
844.000000 250.000000 0.005200
932.000000 250.000000 0.005600
1002.000000 250.000000 0.005600
1025.000000 250.000000 0.005600
713.000000 251.000000 0.005200
806.000000 251.000000 0.004400
902.000000 251.000000 0.006800
979.000000 251.000000 0.005600
732.000000 252.000000 0.004400
750.000000 252.000000 0.004400
768.000000 252.000000 0.005600
790.000000 252.000000 0.005600
825.000000 252.000000 0.004800
864.000000 252.000000 0.004800
883.000000 254.000000 0.004400
515.000000 270.000000 0.005600
600.000000 270.000000 0.005600
622.000000 271.000000 0.004800
410.000000 272.000000 0.004400
444.000000 272.000000 0.006400
491.000000 272.000000 0.004400
538.000000 272.000000 0.005200
579.000000 272.000000 0.005600
643.000000 272.000000 0.004800
292.000000 273.000000 0.004400
471.000000 273.000000 0.005600
665.000000 273.000000 0.005600
683.000000 273.000000 0.004400
252.000000 274.000000 0.004400
317.000000 274.000000 0.006000
393.000000 274.000000 0.004400
558.000000 274.000000 0.005600
1084.000000 274.000000 0.005600
232.000000 275.000000 0.005200
336.000000 275.000000 0.004400
363.000000 275.000000 0.004400
376.000000 275.000000 0.004400
191.000000 276.000000 0.004400
210.000000 276.000000 0.005200
271.000000 276.000000 0.005200
697.000000 276.000000 0.005600
1064.000000 276.000000 0.006800
1124.000000 276.000000 0.005600
139.000000 277.000000 0.008400
742.000000 277.000000 0.004400
781.000000 277.000000 0.004000
1109.000000 277.000000 0.004400
719.000000 278.000000 0.005600
758.000000 278.000000 0.006800
800.000000 278.000000 0.004800
842.000000 278.000000 0.005600
931.000000 278.000000 0.004800
974.000000 278.000000 0.006800
1033.000000 278.000000 0.006000
867.000000 279.000000 0.005600
889.000000 279.000000 0.005200
950.000000 279.000000 0.005600
1005.000000 279.000000 0.006400
174.000000 280.000000 0.005600
821.000000 280.000000 0.005200
911.000000 280.000000 0.005200
508.000000 297.000000 0.004400
525.000000 298.000000 0.004400
492.000000 299.000000 0.004800
543.000000 299.000000 0.004800
614.000000 299.000000 0.005600
639.000000 299.000000 0.006000
397.000000 300.000000 0.005200
571.000000 300.000000 0.005600
592.000000 300.000000 0.005200
334.000000 301.000000 0.005600
374.000000 301.000000 0.005600
662.000000 301.000000 0.004800
352.000000 302.000000 0.004400
419.000000 302.000000 0.005600
445.000000 302.000000 0.005600
468.000000 302.000000 0.005600
679.000000 302.000000 0.004400
255.000000 303.000000 0.004400
288.000000 303.000000 0.004400
695.000000 303.000000 0.004400
713.000000 303.000000 0.005200
1120.000000 303.000000 0.006800
270.000000 304.000000 0.004400
304.000000 304.000000 0.004400
735.000000 304.000000 0.005600
755.000000 304.000000 0.004400
1105.000000 304.000000 0.002800
241.000000 305.000000 0.004400
780.000000 305.000000 0.005600
1091.000000 305.000000 0.005600
801.000000 306.000000 0.004400
820.000000 306.000000 0.005200
985.000000 306.000000 0.004000
1006.000000 306.000000 0.006000
1030.000000 306.000000 0.005600
1054.000000 306.000000 0.004400
162.000000 307.000000 0.006400
199.000000 307.000000 0.006800
845.000000 307.000000 0.005600
892.000000 307.000000 0.005200
1071.000000 307.000000 0.004400
131.000000 308.000000 0.006800
222.000000 308.000000 0.005600
868.000000 308.000000 0.004800
951.000000 308.000000 0.005200
971.000000 308.000000 0.004400
912.000000 309.000000 0.004400
930.000000 309.000000 0.004400
567.000000 324.000000 0.005600
520.000000 325.000000 0.005600
615.000000 325.000000 0.006400
634.000000 325.000000 0.004400
654.000000 325.000000 0.005200
550.000000 326.000000 0.006400
591.000000 326.000000 0.004400
676.000000 326.000000 0.004800
501.000000 327.000000 0.004400
422.000000 328.000000 0.005600
445.000000 328.000000 0.006400
473.000000 328.000000 0.005600
696.000000 328.000000 0.004400
317.000000 329.000000 0.006400
347.000000 329.000000 0.006400
362.000000 329.000000 0.004400
380.000000 329.000000 0.004400
756.000000 329.000000 0.004400
1117.000000 329.000000 0.005600
298.000000 330.000000 0.005200
400.000000 330.000000 0.005600
714.000000 330.000000 0.004400
735.000000 330.000000 0.005200
1093.000000 330.000000 0.005600
775.000000 331.000000 0.005200
804.000000 331.000000 0.004400
825.000000 331.000000 0.005600
951.000000 331.000000 0.005200
1000.000000 331.000000 0.005600
848.000000 332.000000 0.005200
891.000000 332.000000 0.006000
978.000000 332.000000 0.005600
1024.000000 332.000000 0.006400
150.000000 333.000000 0.005600
238.000000 333.000000 0.006400
262.000000 333.000000 0.004400
279.000000 333.000000 0.004400
914.000000 333.000000 0.004400
1052.000000 333.000000 0.004800
1070.000000 333.000000 0.004400
178.000000 334.000000 0.007200
864.000000 334.000000 0.005600
932.000000 334.000000 0.004400
220.000000 335.000000 0.004400
203.000000 336.000000 0.004400
512.000000 350.000000 0.005600
536.000000 351.000000 0.005600
489.000000 352.000000 0.004800
635.000000 352.000000 0.004400
663.000000 352.000000 0.004800
592.000000 353.000000 0.004400
688.000000 353.000000 0.006800
745.000000 353.000000 0.004400
763.000000 353.000000 0.004400
431.000000 354.000000 0.005600
558.000000 354.000000 0.005200
577.000000 354.000000 0.004400
611.000000 354.000000 0.006400
722.000000 354.000000 0.006400
467.000000 355.000000 0.005200
778.000000 355.000000 0.003600
388.000000 356.000000 0.005600
408.000000 356.000000 0.005200
792.000000 356.000000 0.004000
807.000000 356.000000 0.004400
312.000000 358.000000 0.005600
363.000000 358.000000 0.006800
917.000000 358.000000 0.004400
937.000000 358.000000 0.005600
1079.000000 358.000000 0.006400
340.000000 359.000000 0.006800
834.000000 359.000000 0.005600
883.000000 359.000000 0.005600
899.000000 359.000000 0.004400
961.000000 359.000000 0.004800
1002.000000 359.000000 0.006400
1035.000000 359.000000 0.005600
272.000000 360.000000 0.004400
286.000000 360.000000 0.006800
852.000000 360.000000 0.005600
983.000000 360.000000 0.005600
1054.000000 360.000000 0.004400
1099.000000 360.000000 0.005200
250.000000 361.000000 0.006400
136.000000 362.000000 0.006800
147.000000 362.000000 0.002800
232.000000 362.000000 0.005600
1119.000000 362.000000 0.006800
196.000000 363.000000 0.006800
160.000000 364.000000 0.004400
179.000000 364.000000 0.005200
639.000000 381.000000 0.006400
704.000000 381.000000 0.005600
668.000000 382.000000 0.005600
683.000000 382.000000 0.004400
728.000000 382.000000 0.006000
607.000000 383.000000 0.004400
619.000000 383.000000 0.006800
814.000000 383.000000 0.004400
828.000000 383.000000 0.004400
544.000000 384.000000 0.006400
567.000000 384.000000 0.004400
588.000000 384.000000 0.005600
755.000000 384.000000 0.005600
848.000000 384.000000 0.004800
888.000000 384.000000 0.005600
916.000000 384.000000 0.005600
435.000000 385.000000 0.004400
465.000000 385.000000 0.006800
494.000000 385.000000 0.007600
525.000000 385.000000 0.005600
796.000000 385.000000 0.005600
866.000000 385.000000 0.005600
360.000000 386.000000 0.005600
414.000000 386.000000 0.006000
940.000000 386.000000 0.006000
1000.000000 386.000000 0.004400
1017.000000 386.000000 0.004400
774.000000 387.000000 0.005600
1034.000000 387.000000 0.004400
1053.000000 387.000000 0.004800
296.000000 388.000000 0.004400
309.000000 388.000000 0.002800
341.000000 388.000000 0.004400
389.000000 388.000000 0.005600
966.000000 388.000000 0.005600
985.000000 388.000000 0.004400
1071.000000 388.000000 0.005200
142.000000 389.000000 0.005600
215.000000 389.000000 0.006000
322.000000 389.000000 0.005600
1169.000000 389.000000 0.008400
238.000000 390.000000 0.004400
256.000000 390.000000 0.004400
1109.000000 390.000000 0.004800
1128.000000 390.000000 0.005600
276.000000 391.000000 0.005200
1090.000000 391.000000 0.005200
161.000000 392.000000 0.004800
184.000000 392.000000 0.005600
679.000000 408.000000 0.004800
698.000000 408.000000 0.004800
276.000000 409.000000 0.005600
301.000000 410.000000 0.005200
662.000000 410.000000 0.002800
206.000000 411.000000 0.004400
238.000000 411.000000 0.004000
254.000000 411.000000 0.004400
585.000000 411.000000 0.005600
605.000000 411.000000 0.005200
638.000000 411.000000 0.004400
714.000000 411.000000 0.002800
158.000000 412.000000 0.005600
222.000000 412.000000 0.003600
324.000000 412.000000 0.005600
553.000000 412.000000 0.006800
621.000000 412.000000 0.004400
726.000000 412.000000 0.008400
881.000000 412.000000 0.006400
184.000000 413.000000 0.005600
346.000000 413.000000 0.004400
376.000000 413.000000 0.004800
396.000000 413.000000 0.006400
419.000000 413.000000 0.004400
438.000000 413.000000 0.006800
463.000000 413.000000 0.004400
480.000000 413.000000 0.006800
530.000000 413.000000 0.004400
743.000000 413.000000 0.004400
845.000000 413.000000 0.008400
504.000000 414.000000 0.007600
762.000000 414.000000 0.005600
783.000000 414.000000 0.006000
810.000000 414.000000 0.007600
907.000000 414.000000 0.006400
134.000000 415.000000 0.005600
360.000000 415.000000 0.003600
932.000000 415.000000 0.006800
962.000000 416.000000 0.006400
987.000000 416.000000 0.006400
1013.000000 417.000000 0.005600
1030.000000 417.000000 0.004400
1048.000000 418.000000 0.004800
1097.000000 421.000000 0.006800
1123.000000 421.000000 0.006800
1069.000000 422.000000 0.006800
