312.000000 51.000000 0.006800
286.000000 52.000000 0.008400
225.000000 53.000000 0.015200
339.000000 53.000000 0.006800
252.000000 54.000000 0.006400
360.000000 54.000000 0.013600
1081.000000 68.000000 0.014800
1107.000000 68.000000 0.008400
406.000000 98.000000 0.005600
428.000000 100.000000 0.005600
608.000000 101.000000 0.006400
364.000000 102.000000 0.006000
388.000000 102.000000 0.005600
448.000000 102.000000 0.004400
637.000000 102.000000 0.006800
344.000000 103.000000 0.006400
564.000000 103.000000 0.005600
587.000000 103.000000 0.005600
285.000000 104.000000 0.005600
499.000000 104.000000 0.006400
663.000000 104.000000 0.006800
689.000000 104.000000 0.006800
303.000000 105.000000 0.004400
321.000000 105.000000 0.006800
478.000000 105.000000 0.008400
544.000000 105.000000 0.005200
174.000000 106.000000 0.007200
197.000000 106.000000 0.005600
221.000000 106.000000 0.006800
524.000000 106.000000 0.005600
716.000000 106.000000 0.006800
768.000000 106.000000 0.006800
134.000000 107.000000 0.009200
147.000000 107.000000 0.004400
245.000000 107.000000 0.005600
265.000000 107.000000 0.004400
743.000000 107.000000 0.005600
47.000000 109.000000 0.005600
795.000000 109.000000 0.006800
843.000000 109.000000 0.005600
862.000000 110.000000 0.004400
821.000000 111.000000 0.005600
886.000000 111.000000 0.007200
69.000000 112.000000 0.013600
913.000000 112.000000 0.004800
939.000000 112.000000 0.006800
1029.000000 112.000000 0.005600
1052.000000 112.000000 0.005600
1094.000000 112.000000 0.006400
1075.000000 113.000000 0.005600
1122.000000 113.000000 0.006800
988.000000 114.000000 0.005600
1008.000000 114.000000 0.005200
959.000000 115.000000 0.006800
406.000000 130.000000 0.005600
372.000000 132.000000 0.004400
388.000000 132.000000 0.004400
431.000000 132.000000 0.006400
471.000000 132.000000 0.005200
134.000000 133.000000 0.006400
314.000000 133.000000 0.004400
326.000000 133.000000 0.002800
453.000000 133.000000 0.006400
586.000000 133.000000 0.003600
157.000000 134.000000 0.005600
234.000000 134.000000 0.005600
338.000000 134.000000 0.004400
507.000000 134.000000 0.005200
574.000000 134.000000 0.004400
256.000000 135.000000 0.005200
277.000000 135.000000 0.005600
299.000000 135.000000 0.006800
356.000000 135.000000 0.004400
491.000000 135.000000 0.005600
524.000000 135.000000 0.005200
543.000000 135.000000 0.004400
559.000000 135.000000 0.004400
600.000000 135.000000 0.004400
630.000000 135.000000 0.005600
652.000000 135.000000 0.005200
177.000000 136.000000 0.004400
192.000000 136.000000 0.004400
710.000000 136.000000 0.005200
211.000000 137.000000 0.005600
678.000000 137.000000 0.008400
693.000000 137.000000 0.004400
739.000000 137.000000 0.008000
769.000000 139.000000 0.006800
815.000000 139.000000 0.005600
793.000000 141.000000 0.004800
837.000000 141.000000 0.005600
912.000000 142.000000 0.005600
1040.000000 142.000000 0.006800
863.000000 143.000000 0.006800
932.000000 143.000000 0.004400
1018.000000 143.000000 0.006800
1063.000000 143.000000 0.004400
1082.000000 143.000000 0.006400
1114.000000 143.000000 0.006800
889.000000 144.000000 0.005600
946.000000 144.000000 0.008400
977.000000 144.000000 0.008000
1003.000000 145.000000 0.004400
73.000000 163.000000 0.010800
326.000000 164.000000 0.004400
339.000000 164.000000 0.002800
359.000000 164.000000 0.006400
385.000000 164.000000 0.005600
400.000000 164.000000 0.004400
437.000000 164.000000 0.006800
461.000000 164.000000 0.006800
492.000000 164.000000 0.005600
553.000000 164.000000 0.006400
576.000000 164.000000 0.006400
146.000000 165.000000 0.008400
278.000000 165.000000 0.005600
301.000000 165.000000 0.006400
415.000000 165.000000 0.006800
616.000000 165.000000 0.005600
256.000000 166.000000 0.005600
514.000000 166.000000 0.005200
533.000000 166.000000 0.005600
598.000000 166.000000 0.004400
165.000000 167.000000 0.006400
240.000000 167.000000 0.005600
187.000000 168.000000 0.005600
685.000000 168.000000 0.006800
733.000000 168.000000 0.004400
214.000000 169.000000 0.007200
657.000000 169.000000 0.005200
713.000000 169.000000 0.006000
638.000000 170.000000 0.004400
754.000000 170.000000 0.006400
798.000000 170.000000 0.005600
819.000000 170.000000 0.006800
830.000000 171.000000 0.005600
889.000000 171.000000 0.005600
847.000000 172.000000 0.005600
867.000000 172.000000 0.004400
778.000000 173.000000 0.005600
911.000000 174.000000 0.004400
1042.000000 174.000000 0.005600
1063.000000 174.000000 0.004400
1084.000000 174.000000 0.006000
1105.000000 175.000000 0.005600
1130.000000 175.000000 0.007600
929.000000 176.000000 0.005600
1021.000000 176.000000 0.005600
952.000000 177.000000 0.008000
966.000000 177.000000 0.002800
1002.000000 177.000000 0.005600
979.000000 178.000000 0.007200
504.000000 193.000000 0.005200
395.000000 195.000000 0.005600
410.000000 195.000000 0.006800
437.000000 195.000000 0.006800
525.000000 195.000000 0.005200
572.000000 195.000000 0.004400
603.000000 195.000000 0.002800
616.000000 195.000000 0.007200
137.000000 196.000000 0.006400
186.000000 196.000000 0.006400
259.000000 196.000000 0.008400
315.000000 196.000000 0.003600
355.000000 196.000000 0.006400
375.000000 196.000000 0.005600
456.000000 196.000000 0.004400
468.000000 196.000000 0.002800
485.000000 196.000000 0.005200
560.000000 196.000000 0.002800
590.000000 196.000000 0.004400
159.000000 197.000000 0.005600
328.000000 197.000000 0.008400
544.000000 197.000000 0.005600
648.000000 197.000000 0.005600
292.000000 198.000000 0.006800
212.000000 199.000000 0.006000
271.000000 199.000000 0.008400
666.000000 199.000000 0.004400
681.000000 199.000000 0.006000
702.000000 200.000000 0.004400
724.000000 200.000000 0.005600
237.000000 201.000000 0.006800
743.000000 201.000000 0.004400
831.000000 202.000000 0.005600
1124.000000 202.000000 0.006400
762.000000 203.000000 0.005200
811.000000 203.000000 0.005600
850.000000 203.000000 0.005600
873.000000 203.000000 0.005600
892.000000 203.000000 0.004400
789.000000 204.000000 0.006400
917.000000 204.000000 0.004400
1018.000000 204.000000 0.003600
936.000000 205.000000 0.004400
978.000000 205.000000 0.004400
1032.000000 205.000000 0.002800
957.000000 206.000000 0.005200
994.000000 206.000000 0.003600
1006.000000 206.000000 0.002800
1062.000000 206.000000 0.006400
1102.000000 208.000000 0.004400
1083.000000 209.000000 0.005600
408.000000 226.000000 0.006000
495.000000 226.000000 0.005600
553.000000 226.000000 0.005600
570.000000 226.000000 0.002800
332.000000 227.000000 0.005600
432.000000 227.000000 0.006400
531.000000 227.000000 0.005600
313.000000 228.000000 0.005600
386.000000 228.000000 0.006400
473.000000 228.000000 0.005200
515.000000 228.000000 0.004400
582.000000 228.000000 0.007600
601.000000 228.000000 0.004400
665.000000 228.000000 0.004400
716.000000 228.000000 0.003600
290.000000 229.000000 0.005600
624.000000 229.000000 0.006800
648.000000 229.000000 0.004400
730.000000 229.000000 0.004400
139.000000 230.000000 0.008400
355.000000 230.000000 0.006800
454.000000 230.000000 0.005600
681.000000 230.000000 0.005600
700.000000 230.000000 0.004400
153.000000 231.000000 0.004400
236.000000 231.000000 0.006800
262.000000 231.000000 0.008000
276.000000 231.000000 0.004400
859.000000 231.000000 0.005600
194.000000 232.000000 0.005600
768.000000 232.000000 0.004000
837.000000 232.000000 0.005600
873.000000 232.000000 0.004400
1136.000000 232.000000 0.008800
173.000000 233.000000 0.005600
207.000000 233.000000 0.005600
751.000000 233.000000 0.006400
818.000000 233.000000 0.004400
892.000000 233.000000 0.005600
916.000000 233.000000 0.006400
1121.000000 233.000000 0.004400
781.000000 234.000000 0.005600
802.000000 234.000000 0.004800
1024.000000 234.000000 0.004400
1109.000000 234.000000 0.002800
939.000000 235.000000 0.006800
985.000000 235.000000 0.004400
1004.000000 235.000000 0.005200
1039.000000 235.000000 0.004400
1092.000000 235.000000 0.005200
968.000000 236.000000 0.005600
1062.000000 236.000000 0.006800
552.000000 255.000000 0.004400
497.000000 256.000000 0.005600
565.000000 256.000000 0.004400
311.000000 257.000000 0.004400
484.000000 257.000000 0.004400
533.000000 258.000000 0.005600
579.000000 258.000000 0.004400
596.000000 258.000000 0.006800
395.000000 259.000000 0.002800
446.000000 259.000000 0.002800
517.000000 259.000000 0.004800
620.000000 259.000000 0.004400
669.000000 259.000000 0.005600
693.000000 259.000000 0.005200
325.000000 260.000000 0.002800
374.000000 260.000000 0.002800
413.000000 260.000000 0.005600
431.000000 260.000000 0.004400
459.000000 260.000000 0.007600
653.000000 260.000000 0.004400
717.000000 260.000000 0.006800
138.000000 261.000000 0.006800
293.000000 261.000000 0.005600
353.000000 261.000000 0.003600
364.000000 261.000000 0.002800
637.000000 261.000000 0.004800
820.000000 261.000000 0.005600
843.000000 261.000000 0.005600
861.000000 261.000000 0.006800
159.000000 262.000000 0.006800
174.000000 262.000000 0.002800
742.000000 262.000000 0.006800
792.000000 262.000000 0.006800
188.000000 263.000000 0.004400
202.000000 263.000000 0.002800
224.000000 263.000000 0.006800
890.000000 263.000000 0.006400
900.000000 263.000000 0.006800
917.000000 263.000000 0.005600
246.000000 264.000000 0.006400
767.000000 264.000000 0.005600
942.000000 264.000000 0.005600
1004.000000 264.000000 0.005600
964.000000 265.000000 0.005200
985.000000 265.000000 0.005600
270.000000 266.000000 0.005600
1044.000000 266.000000 0.004800
1062.000000 266.000000 0.004400
1085.000000 266.000000 0.006800
1125.000000 266.000000 0.006000
1024.000000 269.000000 0.005600
519.000000 288.000000 0.004400
553.000000 288.000000 0.007600
608.000000 288.000000 0.005600
384.000000 289.000000 0.004400
401.000000 289.000000 0.004400
416.000000 289.000000 0.004400
433.000000 289.000000 0.005200
534.000000 289.000000 0.004400
648.000000 289.000000 0.005600
370.000000 290.000000 0.004400
450.000000 290.000000 0.004400
138.000000 291.000000 0.005600
330.000000 291.000000 0.005600
351.000000 291.000000 0.005600
466.000000 291.000000 0.004800
485.000000 291.000000 0.005600
505.000000 291.000000 0.004400
586.000000 291.000000 0.006400
630.000000 291.000000 0.005600
294.000000 292.000000 0.006800
307.000000 292.000000 0.002800
694.000000 292.000000 0.005600
226.000000 293.000000 0.004400
670.000000 293.000000 0.006400
718.000000 293.000000 0.006800
154.000000 294.000000 0.004400
179.000000 294.000000 0.007200
244.000000 294.000000 0.005200
267.000000 294.000000 0.004800
729.000000 294.000000 0.006800
750.000000 294.000000 0.005600
869.000000 294.000000 0.005600
964.000000 294.000000 0.005600
987.000000 294.000000 0.006000
1096.000000 294.000000 0.004400
1114.000000 294.000000 0.005600
208.000000 295.000000 0.005600
827.000000 295.000000 0.006400
849.000000 295.000000 0.005600
896.000000 295.000000 0.006800
920.000000 295.000000 0.005600
941.000000 295.000000 0.005600
1074.000000 295.000000 0.005600
799.000000 296.000000 0.005600
1009.000000 296.000000 0.004400
1054.000000 296.000000 0.005600
777.000000 297.000000 0.006400
1026.000000 297.000000 0.006800
418.000000 318.000000 0.006000
436.000000 318.000000 0.002800
449.000000 318.000000 0.006800
475.000000 318.000000 0.006400
497.000000 318.000000 0.004400
538.000000 318.000000 0.005200
559.000000 318.000000 0.004800
588.000000 318.000000 0.004400
280.000000 319.000000 0.004400
323.000000 319.000000 0.006800
392.000000 319.000000 0.005600
518.000000 319.000000 0.005600
624.000000 319.000000 0.004400
637.000000 319.000000 0.002800
650.000000 319.000000 0.004400
265.000000 320.000000 0.005200
298.000000 320.000000 0.004800
370.000000 320.000000 0.005600
577.000000 320.000000 0.004400
349.000000 321.000000 0.005600
605.000000 321.000000 0.004800
700.000000 321.000000 0.005600
722.000000 321.000000 0.005600
669.000000 322.000000 0.005600
748.000000 322.000000 0.006400
192.000000 323.000000 0.006400
235.000000 323.000000 0.006800
821.000000 323.000000 0.006400
863.000000 323.000000 0.005600
163.000000 324.000000 0.006000
955.000000 324.000000 0.006800
210.000000 325.000000 0.005600
845.000000 325.000000 0.005200
918.000000 325.000000 0.004400
933.000000 325.000000 0.005600
992.000000 325.000000 0.005600
1019.000000 325.000000 0.005200
138.000000 326.000000 0.006800
771.000000 326.000000 0.006800
799.000000 326.000000 0.004800
882.000000 326.000000 0.005600
975.000000 326.000000 0.004800
904.000000 327.000000 0.005600
1039.000000 328.000000 0.006800
1069.000000 328.000000 0.005600
1090.000000 330.000000 0.006800
1116.000000 331.000000 0.008400
506.000000 346.000000 0.006000
526.000000 346.000000 0.005600
468.000000 347.000000 0.004400
553.000000 347.000000 0.006800
367.000000 348.000000 0.006000
410.000000 348.000000 0.004400
452.000000 348.000000 0.006000
483.000000 348.000000 0.004400
578.000000 348.000000 0.004400
592.000000 348.000000 0.004400
610.000000 348.000000 0.004400
636.000000 348.000000 0.004400
655.000000 348.000000 0.006800
290.000000 349.000000 0.005600
319.000000 349.000000 0.006400
340.000000 349.000000 0.005200
427.000000 349.000000 0.004400
241.000000 350.000000 0.005600
687.000000 350.000000 0.006000
708.000000 350.000000 0.005600
755.000000 350.000000 0.006800
268.000000 351.000000 0.006000
387.000000 351.000000 0.005600
775.000000 351.000000 0.004800
798.000000 351.000000 0.005600
156.000000 352.000000 0.006800
727.000000 352.000000 0.005600
183.000000 354.000000 0.005600
908.000000 354.000000 0.006400
957.000000 354.000000 0.005600
211.000000 355.000000 0.007600
857.000000 355.000000 0.006000
884.000000 355.000000 0.005600
936.000000 355.000000 0.005200
1092.000000 355.000000 0.005600
132.000000 356.000000 0.006000
822.000000 356.000000 0.005600
983.000000 356.000000 0.006400
835.000000 357.000000 0.006800
1012.000000 358.000000 0.006000
1036.000000 358.000000 0.006800
1050.000000 358.000000 0.005600
1070.000000 358.000000 0.005600
1113.000000 358.000000 0.005600
347.000000 373.000000 0.005600
326.000000 374.000000 0.006800
369.000000 374.000000 0.004400
426.000000 375.000000 0.007600
456.000000 375.000000 0.005600
412.000000 376.000000 0.005600
484.000000 376.000000 0.006400
510.000000 376.000000 0.005600
389.000000 377.000000 0.005200
538.000000 377.000000 0.005600
559.000000 377.000000 0.004800
755.000000 377.000000 0.004800
297.000000 379.000000 0.005200
582.000000 379.000000 0.006000
609.000000 379.000000 0.006400
714.000000 379.000000 0.005600
165.000000 380.000000 0.005600
235.000000 380.000000 0.005200
737.000000 380.000000 0.004400
215.000000 381.000000 0.004400
259.000000 381.000000 0.005200
661.000000 381.000000 0.002800
697.000000 381.000000 0.006800
193.000000 382.000000 0.005200
645.000000 382.000000 0.005600
146.000000 383.000000 0.005600
278.000000 383.000000 0.004400
782.000000 383.000000 0.006800
920.000000 383.000000 0.006400
135.000000 384.000000 0.006800
814.000000 384.000000 0.006800
941.000000 384.000000 0.004400
956.000000 384.000000 0.004400
972.000000 384.000000 0.004400
849.000000 385.000000 0.006800
1015.000000 385.000000 0.005600
1086.000000 385.000000 0.007600
893.000000 386.000000 0.005600
984.000000 386.000000 0.008000
996.000000 386.000000 0.006800
1097.000000 386.000000 0.006800
1122.000000 386.000000 0.007600
874.000000 387.000000 0.005600
1046.000000 387.000000 0.005600
1069.000000 387.000000 0.004800
462.000000 402.000000 0.005200
539.000000 402.000000 0.004400
358.000000 403.000000 0.004400
479.000000 403.000000 0.004400
339.000000 404.000000 0.005600
371.000000 404.000000 0.003600
386.000000 404.000000 0.005200
408.000000 404.000000 0.005600
426.000000 404.000000 0.004400
442.000000 404.000000 0.004400
501.000000 404.000000 0.006000
310.000000 405.000000 0.006800
519.000000 405.000000 0.005600
561.000000 405.000000 0.005600
151.000000 406.000000 0.005600
169.000000 406.000000 0.005600
239.000000 406.000000 0.004400
291.000000 406.000000 0.005600
200.000000 407.000000 0.006400
222.000000 407.000000 0.004400
254.000000 407.000000 0.003600
266.000000 407.000000 0.004400
579.000000 407.000000 0.004400
599.000000 407.000000 0.005200
618.000000 407.000000 0.005600
629.000000 407.000000 0.008000
137.000000 408.000000 0.009200
713.000000 409.000000 0.005600
651.000000 410.000000 0.007600
679.000000 410.000000 0.005600
693.000000 410.000000 0.004400
735.000000 411.000000 0.006400
763.000000 411.000000 0.006800
826.000000 412.000000 0.004800
945.000000 412.000000 0.006000
788.000000 413.000000 0.006000
807.000000 413.000000 0.004800
889.000000 413.000000 0.005600
915.000000 413.000000 0.006800
965.000000 414.000000 0.006800
847.000000 415.000000 0.005600
865.000000 415.000000 0.005600
989.000000 415.000000 0.004400
1027.000000 415.000000 0.006400
1007.000000 416.000000 0.005600
1078.000000 416.000000 0.008400
1096.000000 416.000000 0.004400
1112.000000 416.000000 0.009600
1049.000000 417.000000 0.004400
1159.000000 426.000000 0.010000
248.000000 452.000000 0.012400
203.000000 453.000000 0.011600
272.000000 453.000000 0.012400
187.000000 454.000000 0.013200
310.000000 454.000000 0.012400
285.000000 455.000000 0.009600
