1028.000000 34.000000 0.000002
1047.000000 34.000000 0.000002
1077.000000 34.000000 0.000002
1091.000000 34.000000 0.000002
1112.000000 34.000000 0.000002
1125.000000 34.000000 0.000001
1136.000000 34.000000 0.000002
1149.000000 34.000000 0.000001
1015.000000 35.000000 0.000002
1061.000000 35.000000 0.000002
777.000000 38.000000 0.000003
796.000000 38.000000 0.000002
810.000000 39.000000 0.000002
829.000000 39.000000 0.000002
844.000000 39.000000 0.000002
860.000000 39.000000 0.000002
890.000000 39.000000 0.000002
911.000000 39.000000 0.000003
875.000000 40.000000 0.000002
536.000000 42.000000 0.000002
605.000000 42.000000 0.000002
441.000000 43.000000 0.000003
585.000000 43.000000 0.000002
396.000000 44.000000 0.000002
422.000000 44.000000 0.000002
454.000000 44.000000 0.000002
491.000000 44.000000 0.000001
509.000000 44.000000 0.000001
521.000000 44.000000 0.000002
551.000000 44.000000 0.000002
568.000000 44.000000 0.000002
618.000000 44.000000 0.000002
634.000000 44.000000 0.000002
474.000000 45.000000 0.000002
656.000000 45.000000 0.000002
706.000000 45.000000 0.000002
724.000000 45.000000 0.000002
740.000000 45.000000 0.000002
674.000000 46.000000 0.000002
611.000000 62.000000 0.000002
524.000000 63.000000 0.000002
558.000000 63.000000 0.000002
577.000000 63.000000 0.000002
597.000000 63.000000 0.000002
541.000000 64.000000 0.000002
662.000000 64.000000 0.000002
678.000000 64.000000 0.000002
625.000000 65.000000 0.000002
642.000000 65.000000 0.000002
699.000000 65.000000 0.000001
726.000000 65.000000 0.000002
743.000000 65.000000 0.000002
760.000000 65.000000 0.000002
712.000000 66.000000 0.000002
774.000000 68.000000 0.000002
218.000000 91.000000 0.000002
235.000000 91.000000 0.000002
251.000000 91.000000 0.000004
182.000000 92.000000 0.000003
201.000000 92.000000 0.000002
1049.000000 92.000000 0.000003
1042.000000 126.000000 0.000003
1064.000000 128.000000 0.000003
1090.000000 129.000000 0.000003
1019.000000 130.000000 0.000002
263.000000 131.000000 0.000003
1000.000000 131.000000 0.000002
213.000000 132.000000 0.000002
230.000000 132.000000 0.000001
287.000000 132.000000 0.000003
309.000000 132.000000 0.000003
328.000000 132.000000 0.000002
566.000000 132.000000 0.000002
587.000000 132.000000 0.000003
818.000000 132.000000 0.000003
844.000000 132.000000 0.000003
865.000000 132.000000 0.000003
935.000000 132.000000 0.000002
962.000000 132.000000 0.000002
982.000000 132.000000 0.000002
194.000000 133.000000 0.000003
348.000000 133.000000 0.000002
365.000000 133.000000 0.000003
378.000000 133.000000 0.000002
396.000000 133.000000 0.000003
425.000000 133.000000 0.000003
448.000000 133.000000 0.000003
478.000000 133.000000 0.000002
498.000000 133.000000 0.000002
540.000000 133.000000 0.000003
776.000000 133.000000 0.000002
794.000000 133.000000 0.000002
891.000000 133.000000 0.000003
915.000000 133.000000 0.000002
616.000000 134.000000 0.000003
713.000000 134.000000 0.000002
728.000000 134.000000 0.000003
752.000000 134.000000 0.000003
521.000000 135.000000 0.000002
642.000000 135.000000 0.000002
663.000000 135.000000 0.000002
683.000000 135.000000 0.000002
697.000000 135.000000 0.000002
973.000000 147.000000 0.000002
985.000000 147.000000 0.000001
1149.000000 161.000000 0.000003
1184.000000 161.000000 0.000003
1087.000000 162.000000 0.000001
1126.000000 162.000000 0.000003
1162.000000 162.000000 0.000001
1004.000000 163.000000 0.000002
1063.000000 163.000000 0.000002
815.000000 164.000000 0.000002
1024.000000 164.000000 0.000002
1044.000000 164.000000 0.000002
836.000000 165.000000 0.000002
942.000000 165.000000 0.000002
961.000000 165.000000 0.000002
335.000000 166.000000 0.000003
415.000000 166.000000 0.000003
472.000000 166.000000 0.000003
517.000000 166.000000 0.000003
793.000000 166.000000 0.000002
881.000000 166.000000 0.000002
986.000000 166.000000 0.000002
281.000000 167.000000 0.000003
388.000000 167.000000 0.000003
493.000000 167.000000 0.000002
538.000000 167.000000 0.000002
624.000000 167.000000 0.000003
648.000000 167.000000 0.000002
714.000000 167.000000 0.000003
735.000000 167.000000 0.000002
755.000000 167.000000 0.000002
772.000000 167.000000 0.000002
858.000000 167.000000 0.000002
899.000000 167.000000 0.000002
917.000000 167.000000 0.000003
212.000000 168.000000 0.000002
246.000000 168.000000 0.000002
262.000000 168.000000 0.000002
308.000000 168.000000 0.000003
364.000000 168.000000 0.000002
440.000000 168.000000 0.000003
561.000000 168.000000 0.000002
601.000000 168.000000 0.000003
685.000000 168.000000 0.000003
228.000000 169.000000 0.000002
579.000000 169.000000 0.000002
666.000000 169.000000 0.000002
190.000000 170.000000 0.000003
1024.000000 199.000000 0.000003
1049.000000 199.000000 0.000002
1068.000000 199.000000 0.000002
1089.000000 199.000000 0.000003
503.000000 200.000000 0.000003
1000.000000 200.000000 0.000003
757.000000 201.000000 0.000002
902.000000 201.000000 0.000003
360.000000 202.000000 0.000002
397.000000 202.000000 0.000002
622.000000 202.000000 0.000002
799.000000 202.000000 0.000002
938.000000 202.000000 0.000003
971.000000 202.000000 0.000003
379.000000 203.000000 0.000002
414.000000 203.000000 0.000001
429.000000 203.000000 0.000002
649.000000 203.000000 0.000003
733.000000 203.000000 0.000002
777.000000 203.000000 0.000002
820.000000 203.000000 0.000003
879.000000 203.000000 0.000002
307.000000 204.000000 0.000003
334.000000 204.000000 0.000003
466.000000 204.000000 0.000003
484.000000 204.000000 0.000002
546.000000 204.000000 0.000002
561.000000 204.000000 0.000002
579.000000 204.000000 0.000002
602.000000 204.000000 0.000002
669.000000 204.000000 0.000002
710.000000 204.000000 0.000003
853.000000 204.000000 0.000003
226.000000 205.000000 0.000002
246.000000 205.000000 0.000003
292.000000 205.000000 0.000003
443.000000 205.000000 0.000002
530.000000 205.000000 0.000002
687.000000 205.000000 0.000002
269.000000 206.000000 0.000003
204.000000 207.000000 0.000003
830.000000 207.000000 0.000003
102.000000 216.000000 0.000005
1207.000000 230.000000 0.000002
1181.000000 231.000000 0.000002
1195.000000 231.000000 0.000001
1094.000000 232.000000 0.000003
1105.000000 232.000000 0.000001
1117.000000 232.000000 0.000002
1130.000000 232.000000 0.000002
1144.000000 232.000000 0.000003
1166.000000 232.000000 0.000003
1074.000000 233.000000 0.000002
970.000000 234.000000 0.000003
766.000000 235.000000 0.000003
920.000000 235.000000 0.000003
941.000000 235.000000 0.000003
1023.000000 235.000000 0.000003
1042.000000 235.000000 0.000003
1055.000000 235.000000 0.000002
363.000000 236.000000 0.000003
377.000000 236.000000 0.000003
739.000000 236.000000 0.000003
831.000000 236.000000 0.000001
887.000000 236.000000 0.000002
905.000000 236.000000 0.000002
1001.000000 236.000000 0.000003
397.000000 237.000000 0.000003
423.000000 237.000000 0.000003
470.000000 237.000000 0.000002
491.000000 237.000000 0.000002
560.000000 237.000000 0.000003
663.000000 237.000000 0.000003
687.000000 237.000000 0.000003
719.000000 237.000000 0.000002
791.000000 237.000000 0.000003
816.000000 237.000000 0.000002
192.000000 238.000000 0.000003
333.000000 238.000000 0.000003
345.000000 238.000000 0.000003
511.000000 238.000000 0.000002
531.000000 238.000000 0.000002
703.000000 238.000000 0.000004
847.000000 238.000000 0.000002
867.000000 238.000000 0.000002
213.000000 239.000000 0.000002
314.000000 239.000000 0.000002
448.000000 239.000000 0.000003
589.000000 239.000000 0.000002
636.000000 239.000000 0.000002
235.000000 240.000000 0.000003
266.000000 240.000000 0.000003
295.000000 240.000000 0.000003
605.000000 240.000000 0.000001
621.000000 240.000000 0.000002
139.000000 262.000000 0.000003
117.000000 263.000000 0.000003
92.000000 267.000000 0.000003
1038.000000 267.000000 0.000002
1059.000000 267.000000 0.000002
847.000000 268.000000 0.000002
915.000000 268.000000 0.000001
931.000000 268.000000 0.000002
946.000000 268.000000 0.000002
965.000000 268.000000 0.000002
986.000000 268.000000 0.000002
1010.000000 268.000000 0.000003
1087.000000 268.000000 0.000003
825.000000 269.000000 0.000002
900.000000 269.000000 0.000002
362.000000 270.000000 0.000003
384.000000 270.000000 0.000002
471.000000 270.000000 0.000002
800.000000 270.000000 0.000002
872.000000 270.000000 0.000003
64.000000 271.000000 0.000002
406.000000 271.000000 0.000002
578.000000 271.000000 0.000003
656.000000 271.000000 0.000003
777.000000 271.000000 0.000003
428.000000 272.000000 0.000002
448.000000 272.000000 0.000002
493.000000 272.000000 0.000002
508.000000 272.000000 0.000003
634.000000 272.000000 0.000002
711.000000 272.000000 0.000003
732.000000 272.000000 0.000002
259.000000 273.000000 0.000003
282.000000 273.000000 0.000002
304.000000 273.000000 0.000003
333.000000 273.000000 0.000002
533.000000 273.000000 0.000002
607.000000 273.000000 0.000003
681.000000 273.000000 0.000002
753.000000 273.000000 0.000002
213.000000 274.000000 0.000002
553.000000 274.000000 0.000002
43.000000 275.000000 0.000002
193.000000 275.000000 0.000003
234.000000 275.000000 0.000002
1082.000000 297.000000 0.000003
1051.000000 299.000000 0.000003
918.000000 301.000000 0.000003
890.000000 302.000000 0.000003
978.000000 302.000000 0.000003
1010.000000 302.000000 0.000003
1029.000000 302.000000 0.000002
943.000000 303.000000 0.000002
641.000000 304.000000 0.000003
665.000000 304.000000 0.000002
685.000000 304.000000 0.000002
841.000000 304.000000 0.000002
618.000000 305.000000 0.000002
708.000000 305.000000 0.000003
776.000000 305.000000 0.000002
819.000000 305.000000 0.000002
858.000000 305.000000 0.000003
729.000000 306.000000 0.000002
753.000000 306.000000 0.000002
798.000000 306.000000 0.000002
571.000000 307.000000 0.000002
594.000000 307.000000 0.000003
303.000000 308.000000 0.000003
353.000000 308.000000 0.000003
409.000000 308.000000 0.000002
431.000000 308.000000 0.000002
489.000000 308.000000 0.000002
545.000000 308.000000 0.000003
328.000000 309.000000 0.000002
379.000000 309.000000 0.000003
449.000000 309.000000 0.000002
468.000000 309.000000 0.000002
510.000000 309.000000 0.000002
525.000000 309.000000 0.000002
197.000000 310.000000 0.000003
267.000000 311.000000 0.000003
241.000000 313.000000 0.000003
222.000000 315.000000 0.000002
1064.000000 331.000000 0.000003
1089.000000 331.000000 0.000003
1038.000000 332.000000 0.000002
1016.000000 333.000000 0.000002
944.000000 334.000000 0.000002
963.000000 334.000000 0.000003
757.000000 335.000000 0.000003
995.000000 335.000000 0.000003
889.000000 336.000000 0.000003
728.000000 337.000000 0.000003
787.000000 337.000000 0.000002
925.000000 337.000000 0.000004
808.000000 338.000000 0.000003
859.000000 338.000000 0.000002
875.000000 338.000000 0.000002
911.000000 338.000000 0.000003
693.000000 339.000000 0.000003
837.000000 339.000000 0.000002
660.000000 340.000000 0.000002
675.000000 340.000000 0.000004
559.000000 341.000000 0.000003
584.000000 341.000000 0.000003
608.000000 341.000000 0.000003
638.000000 341.000000 0.000003
506.000000 342.000000 0.000002
528.000000 342.000000 0.000003
355.000000 344.000000 0.000003
482.000000 344.000000 0.000003
329.000000 345.000000 0.000003
377.000000 345.000000 0.000002
456.000000 345.000000 0.000002
402.000000 346.000000 0.000002
198.000000 347.000000 0.000003
435.000000 347.000000 0.000002
298.000000 348.000000 0.000003
421.000000 348.000000 0.000002
220.000000 350.000000 0.000004
253.000000 350.000000 0.000002
274.000000 351.000000 0.000002
474.000000 363.000000 0.000002
498.000000 364.000000 0.000002
778.000000 366.000000 0.000002
792.000000 366.000000 0.000002
812.000000 367.000000 0.000002
831.000000 367.000000 0.000002
849.000000 367.000000 0.000002
890.000000 367.000000 0.000002
868.000000 368.000000 0.000002
904.000000 369.000000 0.000003
655.000000 372.000000 0.000002
633.000000 374.000000 0.000002
613.000000 377.000000 0.000002
590.000000 378.000000 0.000002
537.000000 382.000000 0.000002
516.000000 383.000000 0.000002
467.000000 385.000000 0.000002
490.000000 385.000000 0.000002
442.000000 386.000000 0.000002
418.000000 387.000000 0.000002
378.000000 390.000000 0.000002
398.000000 390.000000 0.000002
403.000000 407.000000 0.000002
378.000000 408.000000 0.000002
428.000000 409.000000 0.000002
