0.212000 0.047200 0.000004
0.271200 0.047200 0.000004
0.153600 0.048000 0.000004
0.165600 0.048000 0.000004
0.247200 0.048000 0.000003
0.259200 0.048000 0.000004
0.196000 0.048800 0.000004
0.225600 0.048800 0.000003
0.236000 0.048800 0.000004
0.181600 0.049600 0.000004
0.141600 0.070400 0.000009
0.174400 0.070400 0.000004
0.158400 0.071200 0.000004
0.188800 0.071200 0.000004
0.202400 0.071200 0.000004
0.033600 0.100800 0.000005
0.051200 0.102400 0.000004
0.064800 0.102400 0.000004
0.155200 0.102400 0.000005
0.173600 0.102400 0.000004
0.077600 0.103200 0.000003
0.191200 0.103200 0.000004
0.089600 0.104000 0.000007
0.208800 0.104000 0.000004
0.227200 0.105600 0.000005
0.348800 0.105600 0.000007
0.420800 0.105600 0.000007
0.267200 0.106400 0.000004
0.286400 0.106400 0.000004
0.303200 0.106400 0.000004
0.340000 0.106400 0.000007
0.364000 0.106400 0.000004
0.441600 0.106400 0.000005
0.627200 0.106400 0.000004
0.247200 0.107200 0.000004
0.313600 0.107200 0.000004
0.327200 0.107200 0.000004
0.380000 0.107200 0.000004
0.460800 0.107200 0.000004
0.595200 0.107200 0.000005
0.733600 0.107200 0.000004
0.772800 0.107200 0.000007
0.840000 0.107200 0.000005
0.396000 0.108000 0.000004
0.543200 0.108000 0.000005
0.559200 0.108000 0.000004
0.576000 0.108000 0.000004
0.641600 0.108000 0.000004
0.656800 0.108000 0.000004
0.671200 0.108000 0.000004
0.701600 0.108000 0.000004
0.718400 0.108000 0.000004
0.750400 0.108000 0.000004
0.476800 0.108800 0.000005
0.503200 0.108800 0.000005
0.612800 0.108800 0.000004
0.685600 0.108800 0.000004
0.796800 0.108800 0.000005
0.860800 0.108800 0.000005
0.874400 0.108800 0.000004
0.522400 0.109600 0.000004
0.820800 0.109600 0.000005
0.150400 0.131200 0.000007
0.373600 0.131200 0.000006
0.194400 0.132000 0.000004
0.240800 0.132000 0.000005
0.404800 0.132000 0.000005
0.260000 0.132800 0.000005
0.281600 0.132800 0.000005
0.349600 0.132800 0.000004
0.176800 0.133600 0.000004
0.224800 0.133600 0.000004
0.310400 0.133600 0.000007
0.420000 0.133600 0.000004
0.440800 0.133600 0.000005
0.211200 0.134400 0.000004
0.331200 0.134400 0.000005
0.461600 0.135200 0.000005
0.478400 0.136000 0.000004
0.496800 0.136000 0.000004
0.511200 0.136800 0.000004
0.726400 0.136800 0.000005
0.743200 0.136800 0.000004
0.796800 0.136800 0.000006
0.585600 0.137600 0.000004
0.640000 0.137600 0.000005
0.817600 0.137600 0.000005
0.534400 0.138400 0.000006
0.555200 0.138400 0.000004
0.565600 0.138400 0.000006
0.656000 0.138400 0.000004
0.763200 0.138400 0.000006
0.772000 0.138400 0.000007
0.600000 0.139200 0.000004
0.669600 0.139200 0.000007
0.689600 0.139200 0.000004
0.705600 0.139200 0.000004
0.855200 0.140000 0.000007
0.616800 0.140800 0.000005
0.837600 0.140800 0.000005
0.881600 0.141600 0.000008
0.413600 0.160000 0.000005
0.492800 0.160000 0.000005
0.272000 0.160800 0.000006
0.393600 0.160800 0.000005
0.509600 0.160800 0.000004
0.375200 0.161600 0.000004
0.430400 0.161600 0.000004
0.528000 0.161600 0.000005
0.198400 0.162400 0.000004
0.215200 0.162400 0.000005
0.233600 0.162400 0.000005
0.251200 0.162400 0.000004
0.321600 0.162400 0.000006
0.719200 0.162400 0.000006
0.173600 0.163200 0.000007
0.186400 0.163200 0.000004
0.296000 0.163200 0.000005
0.350400 0.163200 0.000006
0.444000 0.163200 0.000004
0.473600 0.163200 0.000005
0.544000 0.163200 0.000003
0.574400 0.163200 0.000004
0.608000 0.163200 0.000005
0.456800 0.164000 0.000004
0.590400 0.164000 0.000004
0.150400 0.164800 0.000007
0.558400 0.164800 0.000004
0.626400 0.164800 0.000004
0.782400 0.164800 0.000005
0.641600 0.165600 0.000004
0.660000 0.165600 0.000004
0.741600 0.165600 0.000004
0.676000 0.166400 0.000004
0.694400 0.166400 0.000005
0.760000 0.166400 0.000005
0.801600 0.167200 0.000004
0.818400 0.167200 0.000004
0.839200 0.168000 0.000005
0.859200 0.168800 0.000004
0.872000 0.169600 0.000007
0.251200 0.190400 0.000006
0.149600 0.191200 0.000005
0.290400 0.191200 0.000005
0.340800 0.191200 0.000005
0.356800 0.191200 0.000004
0.450400 0.191200 0.000002
0.463200 0.191200 0.000004
0.476800 0.191200 0.000006
0.507200 0.191200 0.000007
0.604000 0.191200 0.000006
0.627200 0.191200 0.000005
0.642400 0.191200 0.000004
0.662400 0.191200 0.000005
0.680800 0.191200 0.000006
0.166400 0.192000 0.000004
0.184000 0.192000 0.000005
0.322400 0.192000 0.000004
0.388000 0.192000 0.000004
0.439200 0.192000 0.000004
0.528000 0.192000 0.000005
0.707200 0.192000 0.000005
0.272000 0.192800 0.000005
0.308000 0.192800 0.000004
0.375200 0.192800 0.000004
0.406400 0.192800 0.000007
0.428800 0.192800 0.000004
0.552000 0.192800 0.000007
0.728800 0.192800 0.000005
0.811200 0.192800 0.000006
0.202400 0.193600 0.000008
0.583200 0.193600 0.000007
0.768000 0.193600 0.000004
0.786400 0.193600 0.000006
0.750400 0.194400 0.000005
0.233600 0.195200 0.000005
0.835200 0.195200 0.000004
0.849600 0.195200 0.000004
0.866400 0.196800 0.000005
0.349600 0.216800 0.000005
0.376800 0.216800 0.000005
0.148800 0.217600 0.000005
0.394400 0.217600 0.000004
0.412800 0.217600 0.000004
0.426400 0.218400 0.000004
0.168800 0.219200 0.000005
0.188800 0.219200 0.000005
0.208800 0.219200 0.000006
0.232000 0.219200 0.000007
0.324800 0.219200 0.000006
0.439200 0.219200 0.000004
0.241600 0.220000 0.000007
0.456000 0.220000 0.000004
0.473600 0.220000 0.000004
0.488000 0.220000 0.000004
0.509600 0.220000 0.000005
0.529600 0.220000 0.000004
0.548000 0.220000 0.000004
0.567200 0.220000 0.000005
0.700800 0.220000 0.000005
0.261600 0.220800 0.000005
0.284000 0.220800 0.000004
0.304000 0.220800 0.000005
0.583200 0.220800 0.000004
0.657600 0.220800 0.000004
0.678400 0.220800 0.000006
0.716800 0.220800 0.000004
0.729600 0.220800 0.000004
0.600000 0.221600 0.000004
0.619200 0.221600 0.000005
0.641600 0.221600 0.000004
0.748800 0.222400 0.000005
0.766400 0.222400 0.000005
0.789600 0.222400 0.000005
0.824800 0.223200 0.000004
0.841600 0.223200 0.000006
0.811200 0.224000 0.000004
0.852800 0.224000 0.000002
0.866400 0.225600 0.000007
0.152800 0.244800 0.000007
0.450400 0.246400 0.000005
0.502400 0.246400 0.000004
0.543200 0.246400 0.000005
0.180800 0.247200 0.000006
0.328000 0.247200 0.000007
0.346400 0.247200 0.000007
0.409600 0.247200 0.000004
0.422400 0.247200 0.000008
0.432800 0.247200 0.000007
0.470400 0.247200 0.000004
0.483200 0.247200 0.000005
0.520800 0.247200 0.000005
0.733600 0.247200 0.000006
0.298400 0.248000 0.000006
0.372000 0.248000 0.000005
0.567200 0.248000 0.000005
0.661600 0.248000 0.000005
0.710400 0.248000 0.000005
0.758400 0.248000 0.000005
0.202400 0.248800 0.000005
0.273600 0.248800 0.000005
0.393600 0.248800 0.000005
0.587200 0.248800 0.000005
0.608000 0.248800 0.000005
0.624000 0.248800 0.000004
0.640800 0.248800 0.000004
0.235200 0.249600 0.000007
0.245600 0.249600 0.000007
0.256000 0.249600 0.000005
0.685600 0.249600 0.000006
0.220800 0.250400 0.000004
0.778400 0.250400 0.000005
0.833600 0.250400 0.000004
0.845600 0.252000 0.000004
0.796800 0.252800 0.000005
0.869600 0.252800 0.000006
0.816800 0.253600 0.000005
0.362400 0.274400 0.000004
0.394400 0.274400 0.000005
0.150400 0.275200 0.000007
0.264000 0.275200 0.000006
0.339200 0.275200 0.000005
0.376800 0.275200 0.000004
0.412000 0.275200 0.000005
0.168800 0.276000 0.000004
0.188000 0.276000 0.000005
0.293600 0.276000 0.000006
0.316000 0.276000 0.000005
0.433600 0.276000 0.000005
0.453600 0.276800 0.000004
0.468800 0.276800 0.000004
0.491200 0.276800 0.000004
0.508000 0.276800 0.000005
0.526400 0.276800 0.000005
0.579200 0.276800 0.000008
0.607200 0.276800 0.000005
0.672000 0.276800 0.000005
0.692000 0.276800 0.000004
0.710400 0.276800 0.000005
0.242400 0.277600 0.000005
0.544000 0.277600 0.000004
0.560800 0.277600 0.000004
0.731200 0.277600 0.000004
0.744800 0.277600 0.000004
0.756000 0.277600 0.000007
0.211200 0.278400 0.000005
0.228000 0.278400 0.000004
0.628000 0.278400 0.000005
0.648000 0.278400 0.000005
0.774400 0.278400 0.000006
0.798400 0.278400 0.000004
0.815200 0.280000 0.000004
0.829600 0.280800 0.000004
0.844800 0.281600 0.000004
0.855200 0.282400 0.000002
0.869600 0.282400 0.000004
0.896800 0.282400 0.000005
0.916000 0.283200 0.000004
0.930400 0.285600 0.000010
