293.000000 72.000000 20.000000
237.000000 78.000000 37.000000
219.000000 82.000000 34.000000
992.000000 117.000000 26.000000
976.000000 119.000000 7.000000
918.000000 120.000000 21.000000
962.000000 120.000000 34.000000
1024.000000 120.000000 17.000000
942.000000 122.000000 11.000000
1057.000000 122.000000 26.000000
312.000000 124.000000 21.000000
342.000000 124.000000 24.000000
668.000000 124.000000 34.000000
380.000000 125.000000 24.000000
647.000000 125.000000 17.000000
735.000000 125.000000 28.000000
775.000000 125.000000 21.000000
429.000000 126.000000 9.000000
446.000000 126.000000 28.000000
623.000000 126.000000 17.000000
882.000000 126.000000 9.000000
409.000000 127.000000 17.000000
599.000000 127.000000 21.000000
806.000000 127.000000 21.000000
893.000000 127.000000 20.000000
265.000000 128.000000 11.000000
474.000000 128.000000 21.000000
543.000000 128.000000 21.000000
568.000000 128.000000 14.000000
840.000000 128.000000 21.000000
864.000000 128.000000 14.000000
212.000000 129.000000 26.000000
252.000000 129.000000 26.000000
286.000000 129.000000 41.000000
510.000000 129.000000 21.000000
750.000000 174.000000 17.000000
1025.000000 174.000000 21.000000
1057.000000 174.000000 24.000000
545.000000 175.000000 24.000000
878.000000 175.000000 24.000000
953.000000 176.000000 21.000000
989.000000 176.000000 21.000000
846.000000 177.000000 23.000000
577.000000 178.000000 21.000000
605.000000 178.000000 17.000000
663.000000 178.000000 21.000000
695.000000 178.000000 21.000000
721.000000 178.000000 21.000000
775.000000 178.000000 17.000000
792.000000 178.000000 14.000000
815.000000 178.000000 17.000000
921.000000 178.000000 24.000000
246.000000 179.000000 27.000000
633.000000 179.000000 21.000000
513.000000 180.000000 31.000000
211.000000 182.000000 31.000000
431.000000 182.000000 26.000000
464.000000 182.000000 24.000000
496.000000 182.000000 31.000000
310.000000 184.000000 17.000000
365.000000 184.000000 17.000000
336.000000 185.000000 21.000000
278.000000 186.000000 22.000000
384.000000 186.000000 14.000000
1010.000000 226.000000 28.000000
1067.000000 226.000000 24.000000
844.000000 227.000000 11.000000
1038.000000 227.000000 17.000000
744.000000 228.000000 28.000000
770.000000 229.000000 24.000000
863.000000 229.000000 28.000000
801.000000 230.000000 11.000000
822.000000 230.000000 17.000000
895.000000 230.000000 21.000000
928.000000 230.000000 28.000000
948.000000 230.000000 11.000000
784.000000 231.000000 11.000000
560.000000 232.000000 17.000000
971.000000 232.000000 17.000000
633.000000 233.000000 17.000000
534.000000 234.000000 17.000000
582.000000 234.000000 17.000000
705.000000 234.000000 24.000000
481.000000 235.000000 21.000000
510.000000 235.000000 17.000000
608.000000 235.000000 20.000000
660.000000 235.000000 21.000000
209.000000 237.000000 36.000000
362.000000 237.000000 26.000000
401.000000 237.000000 21.000000
233.000000 238.000000 17.000000
293.000000 238.000000 21.000000
329.000000 238.000000 23.000000
425.000000 238.000000 14.000000
447.000000 238.000000 31.000000
258.000000 239.000000 21.000000
836.000000 277.000000 11.000000
900.000000 277.000000 21.000000
1036.000000 277.000000 19.000000
862.000000 278.000000 23.000000
1061.000000 278.000000 21.000000
749.000000 279.000000 11.000000
767.000000 279.000000 10.000000
784.000000 279.000000 28.000000
812.000000 279.000000 19.000000
1002.000000 279.000000 24.000000
691.000000 281.000000 21.000000
930.000000 281.000000 21.000000
964.000000 281.000000 21.000000
716.000000 283.000000 28.000000
562.000000 284.000000 11.000000
602.000000 284.000000 11.000000
487.000000 285.000000 14.000000
583.000000 285.000000 17.000000
621.000000 285.000000 14.000000
421.000000 286.000000 26.000000
640.000000 286.000000 11.000000
656.000000 286.000000 26.000000
524.000000 287.000000 14.000000
548.000000 287.000000 26.000000
449.000000 288.000000 28.000000
462.000000 288.000000 28.000000
506.000000 288.000000 11.000000
287.000000 290.000000 24.000000
372.000000 290.000000 23.000000
344.000000 291.000000 17.000000
208.000000 292.000000 30.000000
319.000000 292.000000 17.000000
228.000000 295.000000 11.000000
251.000000 296.000000 21.000000
1065.000000 324.000000 36.000000
984.000000 327.000000 17.000000
1014.000000 328.000000 21.000000
1042.000000 328.000000 17.000000
912.000000 330.000000 23.000000
944.000000 330.000000 17.000000
962.000000 330.000000 11.000000
834.000000 331.000000 17.000000
858.000000 331.000000 20.000000
883.000000 331.000000 17.000000
784.000000 332.000000 23.000000
811.000000 332.000000 21.000000
742.000000 333.000000 11.000000
758.000000 333.000000 28.000000
682.000000 335.000000 11.000000
657.000000 336.000000 19.000000
697.000000 336.000000 11.000000
719.000000 336.000000 17.000000
460.000000 339.000000 11.000000
555.000000 339.000000 11.000000
624.000000 339.000000 22.000000
383.000000 340.000000 28.000000
481.000000 340.000000 17.000000
578.000000 340.000000 16.000000
509.000000 341.000000 21.000000
344.000000 342.000000 31.000000
417.000000 342.000000 17.000000
541.000000 342.000000 25.000000
599.000000 342.000000 14.000000
440.000000 343.000000 14.000000
274.000000 346.000000 21.000000
297.000000 346.000000 17.000000
207.000000 349.000000 31.000000
230.000000 349.000000 31.000000
244.000000 349.000000 27.000000
924.000000 382.000000 17.000000
950.000000 382.000000 24.000000
1046.000000 382.000000 31.000000
984.000000 383.000000 14.000000
1007.000000 383.000000 31.000000
840.000000 384.000000 14.000000
820.000000 385.000000 33.000000
964.000000 385.000000 11.000000
864.000000 387.000000 17.000000
888.000000 387.000000 24.000000
690.000000 388.000000 27.000000
631.000000 389.000000 24.000000
728.000000 389.000000 21.000000
777.000000 389.000000 14.000000
792.000000 389.000000 28.000000
542.000000 390.000000 21.000000
598.000000 391.000000 24.000000
756.000000 391.000000 17.000000
480.000000 392.000000 21.000000
512.000000 393.000000 21.000000
569.000000 393.000000 17.000000
451.000000 394.000000 21.000000
360.000000 396.000000 14.000000
379.000000 396.000000 17.000000
409.000000 396.000000 27.000000
338.000000 398.000000 17.000000
205.000000 400.000000 28.000000
258.000000 400.000000 34.000000
232.000000 401.000000 17.000000
307.000000 402.000000 23.000000
276.000000 403.000000 14.000000
1034.000000 433.000000 27.000000
998.000000 434.000000 21.000000
916.000000 435.000000 17.000000
684.000000 436.000000 19.000000
734.000000 437.000000 28.000000
790.000000 437.000000 14.000000
870.000000 437.000000 17.000000
892.000000 437.000000 14.000000
943.000000 437.000000 17.000000
970.000000 437.000000 17.000000
708.000000 438.000000 17.000000
745.000000 438.000000 31.000000
815.000000 438.000000 17.000000
648.000000 439.000000 24.000000
771.000000 439.000000 14.000000
844.000000 440.000000 17.000000
611.000000 443.000000 21.000000
580.000000 445.000000 21.000000
475.000000 447.000000 21.000000
511.000000 449.000000 25.000000
429.000000 450.000000 14.000000
449.000000 450.000000 14.000000
545.000000 450.000000 21.000000
400.000000 451.000000 31.000000
237.000000 452.000000 17.000000
258.000000 452.000000 14.000000
358.000000 452.000000 31.000000
313.000000 453.000000 21.000000
208.000000 454.000000 28.000000
282.000000 454.000000 19.000000
1064.000000 482.000000 21.000000
965.000000 484.000000 21.000000
1022.000000 486.000000 11.000000
1041.000000 486.000000 14.000000
936.000000 487.000000 17.000000
999.000000 487.000000 21.000000
867.000000 489.000000 25.000000
907.000000 489.000000 21.000000
794.000000 491.000000 24.000000
829.000000 491.000000 21.000000
694.000000 492.000000 28.000000
726.000000 492.000000 21.000000
616.000000 494.000000 21.000000
647.000000 494.000000 24.000000
768.000000 494.000000 31.000000
587.000000 496.000000 21.000000
559.000000 498.000000 17.000000
494.000000 499.000000 17.000000
538.000000 499.000000 11.000000
520.000000 500.000000 34.000000
413.000000 501.000000 20.000000
440.000000 503.000000 21.000000
225.000000 507.000000 11.000000
246.000000 509.000000 14.000000
386.000000 509.000000 21.000000
470.000000 509.000000 17.000000
294.000000 510.000000 38.000000
311.000000 510.000000 34.000000
206.000000 511.000000 31.000000
344.000000 511.000000 28.000000
270.000000 513.000000 17.000000
