0.060800 0.077600 0.024800
0.077600 0.078400 0.011200
0.096800 0.083200 0.028000
0.784800 0.098400 0.011200
0.802400 0.099200 0.013600
0.855200 0.099200 0.022400
0.767200 0.100000 0.011200
0.826400 0.100000 0.016800
0.736000 0.101600 0.009600
0.752000 0.101600 0.011200
0.720800 0.103200 0.011200
0.703200 0.104800 0.013600
0.518400 0.105600 0.008800
0.658400 0.105600 0.019200
0.682400 0.105600 0.013600
0.488800 0.106400 0.013600
0.536800 0.106400 0.016800
0.629600 0.106400 0.022400
0.358400 0.107200 0.011200
0.383200 0.107200 0.022400
0.408800 0.107200 0.019200
0.430400 0.107200 0.013600
0.507200 0.107200 0.022400
0.618400 0.107200 0.024000
0.372000 0.108000 0.022400
0.451200 0.108000 0.013600
0.471200 0.108000 0.013600
0.564800 0.108000 0.016800
0.592800 0.108000 0.019200
0.343200 0.109600 0.013600
0.241600 0.110400 0.019200
0.321600 0.110400 0.016800
0.272000 0.111200 0.019200
0.297600 0.111200 0.016800
0.211200 0.112000 0.022400
0.063200 0.112800 0.027200
0.176800 0.113600 0.019200
0.138400 0.116000 0.024000
0.080800 0.116800 0.026400
0.825600 0.135200 0.016800
0.849600 0.135200 0.013600
0.865600 0.135200 0.013600
0.795200 0.138400 0.016800
0.767200 0.140800 0.019200
0.746400 0.142400 0.024800
0.708000 0.143200 0.016800
0.732000 0.143200 0.024800
0.690400 0.144800 0.022400
0.404000 0.145600 0.011200
0.421600 0.145600 0.013600
0.440000 0.146400 0.016800
0.543200 0.146400 0.013600
0.131200 0.147200 0.020000
0.388000 0.147200 0.011200
0.608000 0.147200 0.016800
0.660000 0.147200 0.019200
0.373600 0.148000 0.011200
0.563200 0.148000 0.013600
0.352000 0.148800 0.016800
0.475200 0.148800 0.008800
0.492000 0.148800 0.012800
0.584000 0.148800 0.013600
0.632800 0.148800 0.016800
0.317600 0.149600 0.011200
0.335200 0.149600 0.012800
0.458400 0.149600 0.027200
0.512800 0.149600 0.024800
0.526400 0.149600 0.008800
0.280000 0.150400 0.018400
0.305600 0.150400 0.020800
0.160000 0.152000 0.013600
0.224800 0.152000 0.016800
0.250400 0.152000 0.016800
0.180000 0.152800 0.013600
0.200800 0.152800 0.013600
0.880800 0.190400 0.028000
0.597600 0.201600 0.016800
0.572000 0.203200 0.019200
0.545600 0.204800 0.016800
0.348000 0.205600 0.018400
0.518400 0.205600 0.016800
0.496000 0.207200 0.013600
0.378400 0.208800 0.022400
0.479200 0.209600 0.013600
0.448000 0.211200 0.022400
0.419200 0.212000 0.024800
0.089600 0.236800 0.013600
0.072800 0.240800 0.013600
