0.060677 0.077013 0.023921
0.074679 0.077596 0.029172
0.096266 0.082847 0.028005
0.787631 0.097433 0.014002
0.824387 0.098600 0.018086
0.802217 0.099183 0.012252
0.735706 0.100350 0.009918
0.768378 0.100350 0.012252
0.855309 0.100350 0.022170
0.750875 0.102100 0.009918
0.721120 0.103851 0.011669
0.494749 0.105018 0.019837
0.518086 0.105018 0.029172
0.658693 0.105018 0.019837
0.702450 0.105018 0.012252
0.382730 0.105601 0.028005
0.536756 0.105601 0.016336
0.508751 0.106184 0.022170
0.624854 0.106184 0.022170
0.378063 0.106768 0.018086
0.428821 0.107351 0.016336
0.592182 0.107351 0.019837
0.681447 0.107351 0.014002
0.401400 0.107935 0.018086
0.450408 0.107935 0.014002
0.470245 0.107935 0.014002
0.560093 0.108518 0.016336
0.372229 0.109102 0.022170
0.344807 0.109685 0.019837
0.206534 0.110852 0.021587
0.239790 0.110852 0.018086
0.270712 0.110852 0.019837
0.320887 0.110852 0.015753
0.062427 0.112602 0.028005
0.296966 0.112602 0.016336
0.176196 0.113186 0.018086
0.080513 0.116103 0.028005
0.141190 0.116103 0.022170
0.865228 0.134772 0.014002
0.850058 0.135356 0.012252
0.827305 0.135939 0.018086
0.794049 0.137690 0.016336
0.768378 0.141190 0.016336
0.709452 0.143524 0.018086
0.735123 0.143524 0.022170
0.746208 0.143524 0.023921
0.442240 0.144107 0.014002
0.654026 0.144691 0.026254
0.686114 0.144691 0.016336
0.420070 0.145858 0.025671
0.131272 0.147025 0.021004
0.358810 0.147025 0.019837
0.404317 0.147025 0.011085
0.457993 0.147025 0.014002
0.667445 0.147025 0.028005
0.373396 0.147608 0.009918
0.540257 0.147608 0.016336
0.633606 0.147608 0.018086
0.387398 0.148191 0.012252
0.583431 0.148191 0.012252
0.135356 0.148775 0.018086
0.141190 0.148775 0.026254
0.334889 0.148775 0.012252
0.474912 0.148775 0.009918
0.493582 0.148775 0.014002
0.317386 0.149358 0.026254
0.351225 0.149358 0.018086
0.514586 0.149358 0.016336
0.563011 0.149358 0.014002
0.606768 0.149358 0.016336
0.159277 0.150525 0.012252
0.306884 0.150525 0.019837
0.280047 0.151109 0.018086
0.180280 0.152275 0.014002
0.225204 0.152275 0.016336
0.250292 0.152275 0.016336
0.200700 0.154026 0.016336
0.873979 0.189032 0.022170
0.597433 0.202450 0.019837
0.568845 0.203034 0.022170
0.544924 0.204784 0.016336
0.571762 0.205368 0.019837
0.353559 0.205951 0.015753
0.413652 0.205951 0.023921
0.521587 0.205951 0.016336
0.380980 0.207701 0.019837
0.416569 0.207701 0.023921
0.494749 0.207701 0.014002
0.450408 0.209452 0.019837
0.477246 0.209452 0.012252
0.095099 0.235123 0.016336
0.088681 0.237456 0.029172
0.073512 0.240373 0.022170
0.920070 0.352975 0.029172
0.932322 0.353559 0.029172
