0.139043 0.041157 0.008899
0.160178 0.041157 0.006674
0.172414 0.042269 0.007786
0.184650 0.042269 0.007786
0.222469 0.042269 0.006674
0.275862 0.042269 0.015573
0.254727 0.044494 0.007786
0.294772 0.044494 0.010011
0.372636 0.046719 0.026696
0.384872 0.046719 0.007786
0.341491 0.047831 0.018910
0.400445 0.047831 0.010011
0.309232 0.048943 0.021135
0.412681 0.048943 0.007786
0.353726 0.050056 0.025584
0.450501 0.050056 0.005562
0.426029 0.051168 0.010011
0.546162 0.052280 0.010011
0.561735 0.053393 0.008899
0.084538 0.087875 0.007786
0.098999 0.087875 0.007786
0.143493 0.088988 0.012236
0.161290 0.088988 0.007786
0.192436 0.090100 0.007786
0.229143 0.091212 0.007786
0.280311 0.092325 0.012236
0.307008 0.092325 0.006674
0.321468 0.093437 0.008899
0.363737 0.094549 0.007786
0.394883 0.095662 0.007786
0.422692 0.097887 0.007786
0.488320 0.097887 0.007786
0.444939 0.098999 0.005562
0.477197 0.098999 0.007786
0.513904 0.098999 0.007786
0.527253 0.098999 0.007786
0.456062 0.100111 0.007786
0.256952 0.101224 0.006674
0.545050 0.101224 0.007786
0.058954 0.114572 0.008899
0.105673 0.114572 0.006674
0.161290 0.114572 0.012236
0.137931 0.115684 0.006674
0.192436 0.115684 0.007786
0.082314 0.116796 0.017798
0.203560 0.116796 0.007786
0.233593 0.117909 0.005562
0.299221 0.117909 0.007786
0.260289 0.119021 0.006674
0.321468 0.120133 0.007786
0.345940 0.121246 0.007786
0.360400 0.121246 0.007786
0.375973 0.121246 0.011123
0.418242 0.123471 0.007786
0.432703 0.123471 0.010011
0.457175 0.124583 0.006674
0.521691 0.125695 0.014461
0.493882 0.126808 0.007786
0.545050 0.126808 0.008899
0.560623 0.126808 0.010011
0.101224 0.139043 0.010011
0.114572 0.139043 0.010011
0.056730 0.140156 0.010011
0.087875 0.141268 0.008899
0.130145 0.141268 0.007786
0.070078 0.142380 0.010011
0.142380 0.142380 0.007786
0.162403 0.142380 0.006674
0.173526 0.142380 0.007786
0.195773 0.142380 0.005562
0.259177 0.144605 0.007786
0.295884 0.144605 0.011123
0.246941 0.145717 0.018910
0.279199 0.145717 0.007786
0.323693 0.145717 0.006674
0.337041 0.145717 0.017798
0.233593 0.146830 0.011123
0.384872 0.147942 0.007786
0.348165 0.149055 0.006674
0.400445 0.149055 0.007786
0.436040 0.149055 0.013348
0.471635 0.149055 0.012236
0.459399 0.152392 0.007786
0.490545 0.152392 0.013348
0.518354 0.153504 0.017798
0.532814 0.153504 0.007786
0.548387 0.153504 0.007786
0.057842 0.163515 0.011123
0.191324 0.165740 0.012236
0.072303 0.166852 0.007786
0.205784 0.166852 0.011123
0.133482 0.167964 0.007786
0.145717 0.169077 0.007786
0.166852 0.169077 0.006674
0.109010 0.170189 0.007786
0.242492 0.171301 0.007786
0.318131 0.171301 0.010011
0.255840 0.172414 0.008899
0.269188 0.172414 0.007786
0.305895 0.172414 0.010011
0.348165 0.173526 0.011123
0.398220 0.174638 0.007786
0.333704 0.175751 0.010011
0.374861 0.175751 0.007786
0.409344 0.175751 0.006674
0.426029 0.175751 0.011123
0.479422 0.176863 0.012236
0.450501 0.177976 0.007786
0.462736 0.177976 0.007786
0.492770 0.177976 0.010011
0.541713 0.177976 0.012236
0.525028 0.179088 0.007786
0.510567 0.180200 0.011123
0.558398 0.180200 0.011123
0.102336 0.192436 0.012236
0.073415 0.193548 0.007786
0.085651 0.193548 0.010011
0.115684 0.194661 0.007786
0.127920 0.195773 0.007786
0.150167 0.195773 0.007786
0.171301 0.195773 0.007786
0.197998 0.195773 0.006674
0.185762 0.197998 0.008899
0.224694 0.197998 0.012236
0.236930 0.197998 0.007786
0.249166 0.197998 0.006674
0.278087 0.197998 0.008899
0.299221 0.197998 0.006674
0.328142 0.199110 0.007786
0.354839 0.200222 0.006674
0.368187 0.201335 0.007786
0.401557 0.203560 0.007786
0.426029 0.203560 0.012236
0.412681 0.204672 0.005562
0.462736 0.204672 0.007786
0.473860 0.204672 0.007786
0.511680 0.204672 0.007786
0.525028 0.205784 0.007786
0.487208 0.206897 0.008899
0.548387 0.206897 0.010011
0.560623 0.206897 0.020022
0.061179 0.219132 0.007786
0.073415 0.220245 0.005562
0.093437 0.220245 0.005562
0.104561 0.221357 0.007786
0.135706 0.221357 0.010011
0.152392 0.221357 0.007786
0.184650 0.223582 0.007786
0.216908 0.223582 0.006674
0.196885 0.224694 0.017798
0.243604 0.224694 0.012236
0.272525 0.224694 0.007786
0.298109 0.224694 0.007786
0.260289 0.225806 0.006674
0.340378 0.226919 0.007786
0.365962 0.226919 0.007786
0.353726 0.228031 0.008899
0.382647 0.228031 0.011123
0.399333 0.229143 0.007786
0.428254 0.229143 0.012236
0.454950 0.229143 0.007786
0.473860 0.229143 0.014461
0.522803 0.229143 0.014461
0.442714 0.231368 0.011123
0.542825 0.233593 0.014461
0.558398 0.233593 0.010011
0.505006 0.234705 0.015573
0.317019 0.235818 0.005562
0.070078 0.244716 0.006674
0.056730 0.246941 0.010011
0.098999 0.246941 0.012236
0.142380 0.246941 0.007786
0.162403 0.248053 0.016685
0.174638 0.248053 0.006674
0.197998 0.248053 0.008899
0.116796 0.249166 0.006674
0.211346 0.249166 0.007786
0.289210 0.249166 0.011123
0.127920 0.250278 0.007786
0.260289 0.250278 0.007786
0.273637 0.250278 0.008899
0.307008 0.251390 0.007786
0.373749 0.251390 0.011123
0.321468 0.252503 0.010011
0.333704 0.252503 0.006674
0.390434 0.253615 0.010011
0.422692 0.254727 0.012236
0.473860 0.254727 0.012236
0.408231 0.255840 0.010011
0.436040 0.255840 0.007786
0.489433 0.259177 0.013348
0.519466 0.259177 0.005562
0.542825 0.259177 0.011123
0.557286 0.260289 0.011123
0.057842 0.271413 0.010011
0.070078 0.271413 0.007786
0.086763 0.271413 0.007786
0.113459 0.274750 0.012236
0.129032 0.274750 0.008899
0.163515 0.274750 0.007786
0.175751 0.274750 0.007786
0.147942 0.275862 0.011123
0.186874 0.275862 0.005562
0.224694 0.275862 0.006674
0.291435 0.275862 0.012236
0.255840 0.276974 0.007786
0.303671 0.278087 0.006674
0.324805 0.278087 0.006674
0.343715 0.279199 0.006674
0.369299 0.280311 0.010011
0.400445 0.281424 0.012236
0.382647 0.282536 0.015573
0.430478 0.282536 0.005562
0.456062 0.282536 0.007786
0.490545 0.283648 0.008899
0.476085 0.284761 0.007786
0.509455 0.284761 0.013348
0.531702 0.284761 0.007786
0.558398 0.285873 0.008899
0.543938 0.286986 0.008899
0.055617 0.298109 0.010011
0.070078 0.299221 0.015573
0.104561 0.299221 0.012236
0.091212 0.300334 0.007786
0.123471 0.300334 0.012236
0.146830 0.300334 0.011123
0.255840 0.300334 0.011123
0.164627 0.301446 0.007786
0.193548 0.301446 0.004449
0.220245 0.301446 0.013348
0.239155 0.301446 0.010011
0.175751 0.302558 0.006674
0.289210 0.303671 0.007786
0.274750 0.304783 0.012236
0.307008 0.304783 0.007786
0.325918 0.304783 0.005562
0.351502 0.304783 0.011123
0.365962 0.305895 0.007786
0.404894 0.305895 0.014461
0.378198 0.307008 0.012236
0.423804 0.308120 0.012236
0.440489 0.308120 0.010011
0.456062 0.309232 0.007786
0.490545 0.309232 0.012236
0.472747 0.310345 0.007786
0.505006 0.310345 0.007786
0.543938 0.311457 0.008899
0.530590 0.312570 0.005562
0.058954 0.322581 0.016685
0.070078 0.325918 0.005562
0.136819 0.325918 0.007786
0.106785 0.327030 0.010011
0.120133 0.327030 0.012236
0.151279 0.328142 0.017798
0.183537 0.328142 0.008899
0.195773 0.328142 0.005562
0.091212 0.329255 0.017798
0.266963 0.329255 0.011123
0.358176 0.329255 0.012236
0.228031 0.330367 0.007786
0.250278 0.330367 0.007786
0.296997 0.331479 0.007786
0.322581 0.331479 0.008899
0.334816 0.331479 0.012236
0.379310 0.332592 0.006674
0.520578 0.332592 0.011123
0.419355 0.334816 0.006674
0.506118 0.335929 0.006674
0.467186 0.337041 0.008899
0.451613 0.338154 0.012236
0.492770 0.338154 0.007786
0.536151 0.338154 0.007786
0.549499 0.339266 0.018910
0.480534 0.341491 0.012236
0.058954 0.352614 0.015573
0.070078 0.352614 0.005562
0.091212 0.352614 0.007786
0.117909 0.352614 0.010011
0.182425 0.354839 0.007786
0.193548 0.354839 0.006674
0.238042 0.354839 0.006674
0.136819 0.355951 0.015573
0.271413 0.355951 0.006674
0.300334 0.355951 0.011123
0.283648 0.357063 0.007786
0.367075 0.357063 0.013348
0.342603 0.358176 0.012236
0.160178 0.359288 0.015573
0.406007 0.360400 0.010011
0.432703 0.360400 0.016685
0.482759 0.360400 0.011123
0.466073 0.361513 0.007786
0.450501 0.362625 0.010011
0.497219 0.362625 0.005562
0.510567 0.363737 0.008899
0.537264 0.364850 0.007786
0.084538 0.379310 0.017798
0.097887 0.379310 0.010011
0.121246 0.379310 0.013348
0.140156 0.380423 0.007786
0.151279 0.380423 0.007786
0.167964 0.380423 0.007786
0.180200 0.380423 0.007786
0.229143 0.380423 0.006674
0.259177 0.381535 0.011123
0.061179 0.382647 0.016685
0.272525 0.382647 0.016685
0.293660 0.383760 0.006674
0.323693 0.383760 0.005562
0.348165 0.383760 0.008899
0.378198 0.385984 0.012236
0.392659 0.385984 0.007786
0.487208 0.385984 0.018910
0.416018 0.387097 0.010011
0.429366 0.387097 0.010011
0.361513 0.388209 0.011123
0.446051 0.388209 0.010011
0.460512 0.389321 0.007786
0.517241 0.391546 0.007786
0.541713 0.392659 0.012236
0.553949 0.392659 0.015573
0.063404 0.404894 0.007786
0.127920 0.404894 0.013348
0.051168 0.406007 0.008899
0.094549 0.406007 0.007786
0.107898 0.406007 0.008899
0.204672 0.406007 0.007786
0.162403 0.407119 0.007786
0.216908 0.407119 0.008899
0.246941 0.407119 0.012236
0.311457 0.407119 0.012236
0.231368 0.409344 0.007786
0.268076 0.409344 0.010011
0.284761 0.409344 0.007786
0.296997 0.409344 0.007786
0.327030 0.410456 0.008899
0.342603 0.410456 0.010011
0.361513 0.410456 0.011123
0.410456 0.411568 0.012236
0.394883 0.412681 0.007786
0.430478 0.412681 0.014461
0.451613 0.413793 0.007786
0.379310 0.414905 0.012236
0.486096 0.416018 0.007786
0.515017 0.416018 0.013348
0.542825 0.421580 0.017798
0.054505 0.431591 0.012236
0.082314 0.431591 0.006674
0.098999 0.431591 0.013348
0.186874 0.431591 0.013348
0.131257 0.432703 0.007786
0.120133 0.433815 0.007786
0.144605 0.433815 0.008899
0.211346 0.433815 0.006674
0.275862 0.433815 0.010011
0.224694 0.434928 0.008899
0.241379 0.434928 0.004449
0.298109 0.437152 0.017798
0.430478 0.439377 0.012236
0.457175 0.439377 0.010011
0.359288 0.440489 0.017798
0.412681 0.440489 0.007786
0.443826 0.440489 0.007786
0.337041 0.441602 0.012236
0.469410 0.441602 0.007786
0.492770 0.441602 0.018910
0.508343 0.443826 0.008899
0.526140 0.444939 0.012236
0.543938 0.446051 0.007786
0.051168 0.458287 0.012236
0.068966 0.458287 0.006674
0.122358 0.458287 0.006674
0.090100 0.459399 0.007786
0.142380 0.459399 0.005562
0.155729 0.459399 0.008899
0.182425 0.459399 0.007786
0.195773 0.459399 0.007786
0.210234 0.459399 0.007786
0.235818 0.459399 0.015573
0.278087 0.459399 0.016685
0.258065 0.461624 0.012236
0.317019 0.462736 0.007786
0.385984 0.463849 0.012236
0.400445 0.464961 0.010011
0.353726 0.466073 0.007786
0.414905 0.466073 0.012236
0.432703 0.467186 0.012236
0.451613 0.468298 0.011123
0.466073 0.468298 0.007786
0.484983 0.469410 0.012236
0.508343 0.469410 0.012236
0.522803 0.469410 0.012236
0.541713 0.471635 0.012236
0.095662 0.484983 0.006674
0.121246 0.484983 0.010011
0.197998 0.484983 0.007786
0.252503 0.484983 0.006674
0.074527 0.486096 0.007786
0.133482 0.486096 0.008899
0.163515 0.486096 0.011123
0.184650 0.486096 0.011123
0.220245 0.487208 0.006674
0.056730 0.488320 0.013348
0.272525 0.489433 0.010011
0.313682 0.489433 0.007786
0.325918 0.489433 0.006674
0.338154 0.489433 0.011123
0.352614 0.491657 0.008899
0.370412 0.491657 0.010011
0.395996 0.491657 0.007786
0.413793 0.491657 0.015573
0.384872 0.492770 0.007786
0.426029 0.493882 0.007786
0.486096 0.493882 0.008899
0.440489 0.494994 0.007786
0.467186 0.494994 0.011123
0.521691 0.496107 0.018910
0.533927 0.496107 0.015573
0.503893 0.497219 0.014461
0.552836 0.498331 0.012236
0.048943 0.509455 0.011123
0.063404 0.510567 0.008899
0.116796 0.511680 0.006674
0.156841 0.511680 0.007786
0.187987 0.511680 0.007786
0.083426 0.512792 0.007786
0.212458 0.513904 0.007786
0.239155 0.513904 0.007786
0.307008 0.513904 0.007786
0.144605 0.515017 0.012236
0.275862 0.515017 0.007786
0.292547 0.515017 0.010011
0.347052 0.517241 0.007786
0.399333 0.517241 0.014461
0.364850 0.518354 0.012236
0.450501 0.519466 0.014461
0.474972 0.521691 0.013348
0.419355 0.522803 0.007786
0.431591 0.522803 0.012236
0.552836 0.525028 0.010011
0.523915 0.526140 0.010011
0.509455 0.527253 0.021135
0.538376 0.527253 0.012236
0.065628 0.536151 0.010011
0.080089 0.537264 0.007786
0.123471 0.537264 0.012236
0.052280 0.538376 0.018910
0.093437 0.538376 0.007786
0.163515 0.538376 0.007786
0.137931 0.539488 0.007786
0.189099 0.539488 0.012236
0.208009 0.539488 0.011123
0.224694 0.539488 0.020022
0.238042 0.540601 0.010011
0.252503 0.541713 0.008899
0.264739 0.541713 0.006674
0.276974 0.541713 0.007786
0.288098 0.541713 0.006674
0.400445 0.541713 0.010011
0.343715 0.543938 0.015573
0.426029 0.545050 0.007786
0.438265 0.545050 0.007786
0.450501 0.546162 0.007786
0.479422 0.548387 0.018910
0.517241 0.549499 0.007786
0.493882 0.550612 0.015573
0.540601 0.550612 0.010011
0.047831 0.562848 0.010011
0.090100 0.565072 0.012236
0.125695 0.565072 0.014461
0.144605 0.565072 0.010011
0.156841 0.565072 0.012236
0.181313 0.565072 0.005562
0.222469 0.567297 0.010011
0.239155 0.567297 0.010011
0.252503 0.567297 0.012236
0.335929 0.567297 0.015573
0.351502 0.567297 0.010011
0.206897 0.568409 0.012236
0.114572 0.569522 0.017798
0.299221 0.569522 0.007786
0.368187 0.569522 0.012236
0.400445 0.569522 0.010011
0.387097 0.570634 0.010011
0.414905 0.570634 0.012236
0.276974 0.571746 0.015573
0.433815 0.572859 0.007786
0.446051 0.573971 0.007786
0.460512 0.573971 0.007786
0.478309 0.573971 0.012236
0.503893 0.573971 0.007786
0.541713 0.575083 0.018910
0.101224 0.590656 0.010011
0.046719 0.591769 0.007786
0.129032 0.591769 0.007786
0.222469 0.591769 0.007786
0.060067 0.592881 0.007786
0.114572 0.592881 0.007786
0.154616 0.592881 0.010011
0.196885 0.592881 0.010011
0.238042 0.592881 0.012236
0.075640 0.593993 0.017798
0.167964 0.593993 0.007786
0.210234 0.593993 0.007786
0.250278 0.593993 0.008899
0.278087 0.593993 0.005562
0.299221 0.595106 0.012236
0.373749 0.596218 0.013348
0.344828 0.597330 0.007786
0.409344 0.597330 0.008899
0.424917 0.598443 0.008899
0.438265 0.598443 0.007786
0.467186 0.598443 0.014461
0.324805 0.600667 0.015573
0.482759 0.600667 0.010011
0.498331 0.600667 0.012236
0.530590 0.600667 0.012236
0.548387 0.602892 0.012236
0.046719 0.616240 0.018910
0.060067 0.616240 0.010011
0.077864 0.617353 0.010011
0.105673 0.618465 0.007786
0.150167 0.618465 0.006674
0.187987 0.619577 0.014461
0.208009 0.620690 0.006674
0.271413 0.620690 0.007786
0.364850 0.620690 0.012236
0.220245 0.621802 0.010011
0.234705 0.622914 0.007786
0.347052 0.622914 0.007786
0.424917 0.622914 0.012236
0.388209 0.624027 0.005562
0.330367 0.625139 0.012236
0.292547 0.626251 0.015573
0.464961 0.626251 0.011123
0.511680 0.626251 0.017798
0.443826 0.627364 0.014461
0.479422 0.627364 0.007786
0.523915 0.629588 0.007786
0.065628 0.644049 0.007786
0.159066 0.644049 0.012236
0.190211 0.644049 0.010011
0.091212 0.645161 0.007786
0.176863 0.645161 0.010011
0.203560 0.645161 0.010011
0.125695 0.646274 0.010011
0.222469 0.646274 0.010011
0.280311 0.646274 0.012236
0.235818 0.647386 0.007786
0.251390 0.647386 0.007786
0.263626 0.647386 0.011123
0.335929 0.647386 0.013348
0.305895 0.650723 0.007786
0.362625 0.650723 0.008899
0.375973 0.650723 0.010011
0.411568 0.650723 0.011123
0.429366 0.650723 0.010011
0.441602 0.650723 0.010011
0.318131 0.651835 0.017798
0.546162 0.651835 0.010011
0.394883 0.652948 0.012236
0.453838 0.652948 0.007786
0.479422 0.652948 0.007786
0.494994 0.654060 0.012236
0.520578 0.654060 0.007786
0.548387 0.664071 0.006674
0.053393 0.669633 0.006674
0.192436 0.669633 0.008899
0.090100 0.670745 0.008899
0.109010 0.670745 0.007786
0.157953 0.670745 0.007786
0.180200 0.670745 0.006674
0.206897 0.670745 0.007786
0.141268 0.671858 0.007786
0.219132 0.671858 0.007786
0.246941 0.672970 0.010011
0.259177 0.672970 0.007786
0.273637 0.672970 0.010011
0.285873 0.672970 0.007786
0.127920 0.675195 0.015573
0.332592 0.675195 0.007786
0.344828 0.675195 0.007786
0.375973 0.676307 0.010011
0.403782 0.677419 0.014461
0.421580 0.677419 0.004449
0.484983 0.679644 0.015573
0.456062 0.681869 0.007786
0.510567 0.681869 0.010011
0.522803 0.682981 0.008899
0.538376 0.684093 0.007786
0.042269 0.697442 0.007786
0.076752 0.697442 0.007786
0.100111 0.697442 0.007786
0.141268 0.697442 0.006674
0.152392 0.697442 0.007786
0.170189 0.697442 0.007786
0.182425 0.698554 0.008899
0.199110 0.698554 0.011123
0.259177 0.698554 0.015573
0.282536 0.698554 0.007786
0.063404 0.699666 0.017798
0.212458 0.699666 0.007786
0.231368 0.699666 0.005562
0.345940 0.701891 0.006674
0.382647 0.701891 0.008899
0.426029 0.701891 0.012236
0.368187 0.703003 0.007786
0.394883 0.703003 0.007786
0.410456 0.703003 0.008899
0.444939 0.703003 0.008899
0.487208 0.705228 0.007786
0.505006 0.705228 0.014461
0.535039 0.708565 0.007786
0.050056 0.723026 0.008899
0.067853 0.723026 0.004449
0.088988 0.724138 0.010011
0.103448 0.724138 0.007786
0.132369 0.725250 0.005562
0.185762 0.725250 0.012236
0.215795 0.725250 0.007786
0.229143 0.725250 0.007786
0.243604 0.725250 0.007786
0.275862 0.726363 0.008899
0.289210 0.727475 0.005562
0.333704 0.727475 0.008899
0.348165 0.727475 0.010011
0.362625 0.728587 0.010011
0.380423 0.728587 0.012236
0.153504 0.729700 0.016685
0.404894 0.729700 0.006674
0.451613 0.730812 0.007786
0.521691 0.731924 0.012236
0.439377 0.733037 0.011123
0.482759 0.733037 0.006674
0.507230 0.733037 0.007786
0.533927 0.734149 0.007786
0.076752 0.748610 0.007786
0.088988 0.748610 0.010011
0.048943 0.749722 0.007786
0.109010 0.750834 0.012236
0.121246 0.750834 0.007786
0.165740 0.750834 0.012236
0.219132 0.750834 0.014461
0.137931 0.751947 0.012236
0.181313 0.751947 0.006674
0.261402 0.751947 0.007786
0.246941 0.753059 0.008899
0.298109 0.753059 0.006674
0.367075 0.755284 0.006674
0.404894 0.756396 0.010011
0.440489 0.756396 0.012236
0.428254 0.757508 0.007786
0.457175 0.757508 0.012236
0.480534 0.757508 0.018910
0.496107 0.758621 0.010011
0.515017 0.759733 0.011123
0.546162 0.760845 0.018910
0.041157 0.775306 0.007786
0.083426 0.775306 0.007786
0.068966 0.776418 0.012236
0.095662 0.776418 0.007786
0.107898 0.776418 0.007786
0.140156 0.776418 0.012236
0.216908 0.776418 0.012236
0.183537 0.777531 0.006674
0.122358 0.778643 0.007786
0.172414 0.778643 0.007786
0.250278 0.778643 0.007786
0.236930 0.779755 0.007786
0.283648 0.779755 0.017798
0.155729 0.780868 0.011123
0.295884 0.780868 0.007786
0.309232 0.780868 0.007786
0.337041 0.780868 0.005562
0.353726 0.780868 0.005562
0.388209 0.780868 0.014461
0.417130 0.783092 0.007786
0.439377 0.783092 0.010011
0.471635 0.784205 0.007786
0.457175 0.785317 0.012236
0.522803 0.786429 0.007786
0.510567 0.787542 0.010011
0.088988 0.800890 0.014461
0.040044 0.802002 0.007786
0.070078 0.802002 0.007786
0.117909 0.803115 0.005562
0.165740 0.804227 0.006674
0.332592 0.804227 0.017798
0.183537 0.805339 0.013348
0.253615 0.805339 0.006674
0.278087 0.805339 0.010011
0.210234 0.806452 0.007786
0.228031 0.806452 0.011123
0.291435 0.807564 0.008899
0.307008 0.807564 0.012236
0.358176 0.807564 0.015573
0.377086 0.807564 0.011123
0.391546 0.807564 0.010011
0.404894 0.807564 0.010011
0.424917 0.809789 0.012236
0.438265 0.810901 0.007786
0.479422 0.810901 0.006674
0.452725 0.812013 0.010011
0.545050 0.812013 0.015573
0.508343 0.814238 0.007786
0.147942 0.827586 0.005562
0.040044 0.828699 0.011123
0.071190 0.828699 0.006674
0.109010 0.828699 0.007786
0.122358 0.828699 0.007786
0.179088 0.830923 0.007786
0.211346 0.830923 0.007786
0.332592 0.830923 0.018910
0.222469 0.832036 0.006674
0.294772 0.832036 0.007786
0.359288 0.833148 0.008899
0.373749 0.833148 0.007786
0.347052 0.834260 0.006674
0.397108 0.834260 0.006674
0.256952 0.836485 0.017798
0.429366 0.836485 0.007786
0.457175 0.837597 0.008899
0.477197 0.837597 0.016685
0.489433 0.837597 0.007786
0.527253 0.837597 0.010011
0.442714 0.838710 0.010011
0.513904 0.838710 0.005562
0.545050 0.838710 0.011123
0.042269 0.854283 0.010011
0.088988 0.854283 0.007786
0.064516 0.855395 0.007786
0.076752 0.855395 0.007786
0.144605 0.855395 0.011123
0.163515 0.855395 0.007786
0.121246 0.857620 0.015573
0.204672 0.857620 0.008899
0.216908 0.857620 0.007786
0.230256 0.858732 0.007786
0.294772 0.858732 0.006674
0.311457 0.858732 0.012236
0.241379 0.859844 0.006674
0.327030 0.859844 0.011123
0.343715 0.859844 0.007786
0.375973 0.859844 0.012236
0.401557 0.860957 0.012236
0.421580 0.860957 0.011123
0.433815 0.860957 0.007786
0.449388 0.863181 0.007786
0.464961 0.863181 0.007786
0.486096 0.864294 0.007786
0.505006 0.864294 0.007786
0.527253 0.865406 0.007786
0.541713 0.867631 0.010011
0.038932 0.879867 0.006674
0.096774 0.880979 0.011123
0.112347 0.882091 0.007786
0.196885 0.882091 0.006674
0.077864 0.883204 0.007786
0.152392 0.883204 0.006674
0.172414 0.883204 0.007786
0.218020 0.884316 0.007786
0.242492 0.885428 0.007786
0.294772 0.886541 0.007786
0.322581 0.886541 0.007786
0.377086 0.886541 0.007786
0.266963 0.887653 0.014461
0.394883 0.887653 0.007786
0.431591 0.888765 0.011123
0.467186 0.889878 0.012236
0.492770 0.890990 0.013348
0.511680 0.890990 0.007786
0.530590 0.892102 0.007786
0.543938 0.892102 0.007786
0.046719 0.908788 0.007786
0.082314 0.908788 0.008899
0.137931 0.908788 0.010011
0.159066 0.909900 0.011123
0.190211 0.909900 0.010011
0.067853 0.911012 0.007786
0.172414 0.911012 0.010011
0.219132 0.911012 0.007786
0.307008 0.911012 0.007786
0.104561 0.912125 0.015573
0.234705 0.912125 0.010011
0.292547 0.912125 0.010011
0.206897 0.913237 0.012236
0.264739 0.913237 0.015573
0.350389 0.913237 0.013348
0.319244 0.914349 0.007786
0.372636 0.914349 0.010011
0.391546 0.914349 0.007786
0.414905 0.915462 0.006674
0.438265 0.915462 0.007786
0.453838 0.916574 0.012236
0.464961 0.916574 0.007786
0.496107 0.918799 0.016685
0.519466 0.918799 0.006674
0.508343 0.919911 0.007786
0.540601 0.921023 0.016685
