0.139043 0.041157 0.010011
0.151279 0.041157 0.007786
0.173526 0.042269 0.007786
0.185762 0.042269 0.007786
0.223582 0.043382 0.007786
0.278087 0.043382 0.012236
0.254727 0.044494 0.007786
0.295884 0.046719 0.012236
0.387097 0.046719 0.010011
0.372636 0.047831 0.015573
0.401557 0.047831 0.010011
0.309232 0.050056 0.007786
0.353726 0.050056 0.026696
0.463849 0.050056 0.018910
0.428254 0.051168 0.010011
0.548387 0.052280 0.035595
0.441602 0.053393 0.007786
0.084538 0.087875 0.013348
0.100111 0.087875 0.015573
0.218020 0.088988 0.010011
0.143493 0.090100 0.012236
0.172414 0.090100 0.007786
0.193548 0.090100 0.007786
0.229143 0.091212 0.007786
0.126808 0.092325 0.013348
0.280311 0.092325 0.012236
0.308120 0.092325 0.007786
0.322581 0.093437 0.010011
0.363737 0.095662 0.007786
0.395996 0.095662 0.007786
0.244716 0.096774 0.012236
0.352614 0.097887 0.007786
0.478309 0.098999 0.007786
0.459399 0.100111 0.012236
0.516129 0.100111 0.018910
0.527253 0.100111 0.007786
0.258065 0.101224 0.006674
0.545050 0.101224 0.007786
0.436040 0.102336 0.007786
0.105673 0.113459 0.007786
0.058954 0.114572 0.010011
0.179088 0.114572 0.010011
0.139043 0.115684 0.006674
0.161290 0.115684 0.012236
0.203560 0.116796 0.007786
0.094549 0.117909 0.007786
0.220245 0.117909 0.011123
0.234705 0.117909 0.007786
0.250278 0.117909 0.011123
0.296997 0.117909 0.011123
0.320356 0.120133 0.014461
0.377086 0.120133 0.012236
0.279199 0.121246 0.015573
0.347052 0.121246 0.007786
0.361513 0.121246 0.010011
0.395996 0.122358 0.012236
0.409344 0.123471 0.007786
0.432703 0.123471 0.008899
0.446051 0.124583 0.007786
0.493882 0.125695 0.014461
0.522803 0.125695 0.014461
0.546162 0.126808 0.010011
0.560623 0.126808 0.010011
0.101224 0.139043 0.010011
0.115684 0.139043 0.010011
0.087875 0.140156 0.010011
0.056730 0.141268 0.010011
0.131257 0.141268 0.007786
0.174638 0.141268 0.007786
0.071190 0.142380 0.011123
0.185762 0.142380 0.007786
0.246941 0.144605 0.018910
0.265851 0.145717 0.012236
0.280311 0.145717 0.007786
0.296997 0.145717 0.012236
0.313682 0.145717 0.007786
0.324805 0.145717 0.007786
0.234705 0.146830 0.012236
0.338154 0.146830 0.017798
0.411568 0.147942 0.007786
0.384872 0.149055 0.007786
0.438265 0.150167 0.018910
0.472747 0.150167 0.007786
0.459399 0.152392 0.018910
0.519466 0.153504 0.017798
0.532814 0.153504 0.010011
0.559511 0.153504 0.017798
0.491657 0.154616 0.013348
0.060067 0.164627 0.018910
0.192436 0.165740 0.012236
0.073415 0.166852 0.007786
0.100111 0.167964 0.006674
0.123471 0.167964 0.007786
0.134594 0.167964 0.007786
0.204672 0.167964 0.010011
0.146830 0.169077 0.007786
0.242492 0.170189 0.010011
0.256952 0.171301 0.007786
0.295884 0.172414 0.007786
0.230256 0.173526 0.018910
0.269188 0.173526 0.007786
0.387097 0.174638 0.007786
0.400445 0.174638 0.017798
0.334816 0.175751 0.010011
0.426029 0.175751 0.011123
0.440489 0.175751 0.007786
0.479422 0.176863 0.011123
0.492770 0.176863 0.010011
0.452725 0.177976 0.007786
0.525028 0.179088 0.007786
0.541713 0.179088 0.013348
0.511680 0.180200 0.011123
0.558398 0.180200 0.012236
0.064516 0.192436 0.016685
0.085651 0.192436 0.012236
0.103448 0.192436 0.012236
0.116796 0.194661 0.007786
0.141268 0.194661 0.007786
0.157953 0.195773 0.012236
0.172414 0.195773 0.007786
0.186874 0.196885 0.010011
0.279199 0.196885 0.010011
0.290323 0.197998 0.006674
0.342603 0.197998 0.008899
0.224694 0.199110 0.012236
0.238042 0.199110 0.007786
0.328142 0.199110 0.007786
0.355951 0.199110 0.007786
0.378198 0.201335 0.007786
0.390434 0.202447 0.007786
0.402670 0.203560 0.007786
0.427141 0.203560 0.011123
0.462736 0.204672 0.010011
0.512792 0.204672 0.010011
0.526140 0.206897 0.007786
0.549499 0.206897 0.010011
0.498331 0.208009 0.018910
0.560623 0.208009 0.018910
0.061179 0.220245 0.011123
0.074527 0.220245 0.006674
0.093437 0.220245 0.007786
0.117909 0.221357 0.010011
0.135706 0.221357 0.010011
0.152392 0.222469 0.010011
0.174638 0.222469 0.007786
0.225806 0.223582 0.007786
0.199110 0.224694 0.015573
0.243604 0.224694 0.012236
0.260289 0.224694 0.007786
0.273637 0.224694 0.007786
0.325918 0.226919 0.013348
0.341491 0.226919 0.010011
0.354839 0.228031 0.007786
0.382647 0.229143 0.011123
0.399333 0.229143 0.012236
0.434928 0.229143 0.017798
0.456062 0.229143 0.010011
0.472747 0.229143 0.012236
0.413793 0.230256 0.012236
0.522803 0.230256 0.012236
0.305895 0.231368 0.015573
0.541713 0.232481 0.012236
0.558398 0.232481 0.011123
0.506118 0.233593 0.015573
0.071190 0.244716 0.007786
0.056730 0.245829 0.010011
0.093437 0.246941 0.007786
0.105673 0.246941 0.008899
0.142380 0.248053 0.007786
0.174638 0.248053 0.007786
0.197998 0.248053 0.008899
0.162403 0.249166 0.010011
0.212458 0.249166 0.007786
0.127920 0.250278 0.017798
0.235818 0.250278 0.007786
0.260289 0.250278 0.007786
0.273637 0.250278 0.010011
0.289210 0.250278 0.011123
0.307008 0.251390 0.007786
0.321468 0.252503 0.008899
0.334816 0.252503 0.007786
0.372636 0.252503 0.012236
0.390434 0.253615 0.010011
0.408231 0.254727 0.011123
0.423804 0.254727 0.012236
0.472747 0.254727 0.015573
0.436040 0.255840 0.007786
0.519466 0.259177 0.015573
0.543938 0.259177 0.011123
0.557286 0.259177 0.010011
0.496107 0.262514 0.015573
0.058954 0.271413 0.017798
0.071190 0.271413 0.007786
0.087875 0.272525 0.018910
0.100111 0.272525 0.007786
0.113459 0.274750 0.012236
0.130145 0.274750 0.010011
0.163515 0.274750 0.007786
0.147942 0.275862 0.011123
0.176863 0.275862 0.008899
0.199110 0.275862 0.007786
0.225806 0.275862 0.007786
0.291435 0.275862 0.011123
0.256952 0.276974 0.007786
0.324805 0.278087 0.006674
0.354839 0.279199 0.007786
0.369299 0.280311 0.010011
0.401557 0.281424 0.011123
0.430478 0.282536 0.006674
0.457175 0.282536 0.007786
0.383760 0.283648 0.013348
0.490545 0.283648 0.008899
0.474972 0.284761 0.012236
0.516129 0.285873 0.012236
0.532814 0.285873 0.012236
0.545050 0.286986 0.008899
0.443826 0.294772 0.008899
0.056730 0.299221 0.011123
0.071190 0.299221 0.014461
0.105673 0.299221 0.012236
0.092325 0.300334 0.010011
0.123471 0.300334 0.012236
0.135706 0.300334 0.007786
0.151279 0.300334 0.010011
0.165740 0.301446 0.007786
0.186874 0.301446 0.012236
0.219132 0.301446 0.013348
0.239155 0.301446 0.010011
0.256952 0.301446 0.012236
0.289210 0.303671 0.007786
0.274750 0.304783 0.012236
0.307008 0.304783 0.014461
0.325918 0.304783 0.005562
0.351502 0.304783 0.011123
0.367075 0.305895 0.010011
0.406007 0.305895 0.015573
0.384872 0.307008 0.012236
0.423804 0.308120 0.011123
0.441602 0.308120 0.010011
0.456062 0.309232 0.007786
0.490545 0.310345 0.012236
0.506118 0.310345 0.010011
0.472747 0.311457 0.012236
0.530590 0.311457 0.011123
0.543938 0.311457 0.010011
0.057842 0.322581 0.017798
0.071190 0.324805 0.006674
0.136819 0.325918 0.007786
0.091212 0.328142 0.007786
0.107898 0.328142 0.012236
0.152392 0.328142 0.015573
0.171301 0.328142 0.007786
0.185762 0.328142 0.010011
0.196885 0.328142 0.007786
0.213571 0.328142 0.012236
0.310345 0.328142 0.010011
0.228031 0.329255 0.010011
0.240267 0.329255 0.007786
0.281424 0.329255 0.010011
0.266963 0.330367 0.011123
0.296997 0.331479 0.007786
0.322581 0.331479 0.006674
0.334816 0.331479 0.007786
0.379310 0.332592 0.007786
0.521691 0.335929 0.012236
0.436040 0.338154 0.011123
0.468298 0.338154 0.010011
0.536151 0.338154 0.012236
0.410456 0.339266 0.016685
0.451613 0.339266 0.012236
0.494994 0.339266 0.007786
0.549499 0.339266 0.007786
0.481646 0.340378 0.007786
0.507230 0.340378 0.018910
0.058954 0.352614 0.016685
0.071190 0.352614 0.006674
0.091212 0.352614 0.007786
0.119021 0.353726 0.011123
0.193548 0.354839 0.007786
0.251390 0.354839 0.007786
0.139043 0.355951 0.015573
0.235818 0.355951 0.015573
0.262514 0.355951 0.007786
0.283648 0.357063 0.007786
0.300334 0.357063 0.011123
0.345940 0.358176 0.012236
0.367075 0.358176 0.015573
0.160178 0.359288 0.015573
0.378198 0.359288 0.007786
0.314794 0.361513 0.016685
0.433815 0.361513 0.007786
0.466073 0.361513 0.007786
0.498331 0.362625 0.010011
0.511680 0.362625 0.017798
0.450501 0.363737 0.011123
0.395996 0.364850 0.012236
0.537264 0.364850 0.012236
0.084538 0.379310 0.017798
0.122358 0.379310 0.007786
0.098999 0.380423 0.010011
0.141268 0.380423 0.007786
0.167964 0.380423 0.008899
0.189099 0.380423 0.006674
0.208009 0.380423 0.007786
0.219132 0.380423 0.007786
0.258065 0.381535 0.010011
0.271413 0.381535 0.012236
0.294772 0.382647 0.007786
0.061179 0.383760 0.017798
0.240267 0.383760 0.015573
0.314794 0.383760 0.007786
0.333704 0.383760 0.007786
0.348165 0.383760 0.008899
0.379310 0.385984 0.012236
0.393771 0.385984 0.013348
0.417130 0.385984 0.010011
0.446051 0.387097 0.011123
0.362625 0.388209 0.011123
0.461624 0.388209 0.014461
0.480534 0.388209 0.005562
0.500556 0.388209 0.015573
0.517241 0.391546 0.007786
0.542825 0.392659 0.018910
0.555061 0.392659 0.010011
0.064516 0.404894 0.007786
0.127920 0.404894 0.013348
0.052280 0.406007 0.010011
0.094549 0.406007 0.007786
0.109010 0.406007 0.011123
0.192436 0.406007 0.010011
0.203560 0.406007 0.007786
0.163515 0.407119 0.007786
0.216908 0.407119 0.008899
0.246941 0.408231 0.015573
0.312570 0.408231 0.012236
0.231368 0.409344 0.007786
0.269188 0.409344 0.011123
0.327030 0.409344 0.010011
0.285873 0.410456 0.007786
0.342603 0.410456 0.008899
0.361513 0.410456 0.011123
0.410456 0.411568 0.011123
0.394883 0.412681 0.007786
0.431591 0.413793 0.015573
0.451613 0.413793 0.015573
0.470523 0.413793 0.012236
0.379310 0.414905 0.012236
0.487208 0.416018 0.014461
0.515017 0.416018 0.014461
0.543938 0.422692 0.017798
0.055617 0.431591 0.012236
0.186874 0.431591 0.012236
0.072303 0.432703 0.015573
0.132369 0.432703 0.007786
0.201335 0.432703 0.010011
0.100111 0.433815 0.014461
0.120133 0.433815 0.007786
0.145717 0.433815 0.010011
0.160178 0.433815 0.008899
0.212458 0.433815 0.007786
0.275862 0.433815 0.010011
0.249166 0.434928 0.007786
0.298109 0.437152 0.016685
0.359288 0.440489 0.015573
0.374861 0.440489 0.012236
0.412681 0.440489 0.011123
0.430478 0.440489 0.012236
0.444939 0.440489 0.010011
0.458287 0.440489 0.010011
0.337041 0.441602 0.018910
0.481646 0.441602 0.007786
0.494994 0.441602 0.010011
0.392659 0.442714 0.013348
0.508343 0.442714 0.008899
0.527253 0.444939 0.012236
0.543938 0.446051 0.007786
0.052280 0.457175 0.012236
0.068966 0.457175 0.007786
0.092325 0.459399 0.015573
0.143493 0.459399 0.007786
0.155729 0.459399 0.007786
0.183537 0.459399 0.007786
0.196885 0.459399 0.007786
0.211346 0.459399 0.007786
0.235818 0.459399 0.015573
0.278087 0.459399 0.017798
0.291435 0.460512 0.007786
0.258065 0.461624 0.012236
0.317019 0.462736 0.006674
0.343715 0.464961 0.010011
0.385984 0.464961 0.014461
0.401557 0.464961 0.010011
0.417130 0.464961 0.011123
0.433815 0.467186 0.012236
0.452725 0.468298 0.012236
0.467186 0.468298 0.007786
0.490545 0.469410 0.012236
0.508343 0.469410 0.012236
0.523915 0.469410 0.012236
0.542825 0.471635 0.007786
0.096774 0.484983 0.007786
0.121246 0.484983 0.010011
0.199110 0.484983 0.007786
0.254727 0.484983 0.015573
0.074527 0.486096 0.007786
0.133482 0.486096 0.008899
0.211346 0.486096 0.006674
0.166852 0.487208 0.013348
0.184650 0.487208 0.011123
0.056730 0.488320 0.013348
0.273637 0.488320 0.016685
0.314794 0.489433 0.007786
0.339266 0.489433 0.010011
0.353726 0.490545 0.010011
0.371524 0.491657 0.011123
0.397108 0.491657 0.012236
0.413793 0.491657 0.015573
0.384872 0.492770 0.007786
0.427141 0.493882 0.010011
0.441602 0.494994 0.007786
0.468298 0.494994 0.011123
0.487208 0.494994 0.012236
0.536151 0.496107 0.017798
0.505006 0.497219 0.014461
0.523915 0.497219 0.007786
0.552836 0.499444 0.012236
0.050056 0.510567 0.012236
0.064516 0.511680 0.012236
0.107898 0.511680 0.007786
0.157953 0.511680 0.018910
0.175751 0.511680 0.017798
0.187987 0.511680 0.007786
0.083426 0.512792 0.012236
0.095662 0.512792 0.007786
0.225806 0.512792 0.010011
0.212458 0.513904 0.007786
0.239155 0.513904 0.008899
0.307008 0.513904 0.008899
0.320356 0.513904 0.012236
0.129032 0.515017 0.012236
0.145717 0.515017 0.012236
0.291435 0.515017 0.008899
0.276974 0.516129 0.012236
0.338154 0.517241 0.014461
0.399333 0.517241 0.015573
0.364850 0.518354 0.012236
0.450501 0.519466 0.014461
0.474972 0.521691 0.013348
0.419355 0.522803 0.007786
0.431591 0.523915 0.015573
0.509455 0.526140 0.021135
0.526140 0.526140 0.012236
0.553949 0.526140 0.012236
0.540601 0.527253 0.010011
0.066741 0.536151 0.010011
0.081201 0.537264 0.008899
0.094549 0.537264 0.007786
0.124583 0.537264 0.007786
0.052280 0.538376 0.018910
0.151279 0.538376 0.010011
0.172414 0.538376 0.013348
0.137931 0.539488 0.007786
0.189099 0.539488 0.011123
0.208009 0.539488 0.011123
0.224694 0.539488 0.007786
0.238042 0.540601 0.008899
0.252503 0.541713 0.008899
0.276974 0.541713 0.007786
0.325918 0.542825 0.011123
0.385984 0.542825 0.011123
0.400445 0.542825 0.008899
0.310345 0.543938 0.015573
0.343715 0.543938 0.007786
0.426029 0.545050 0.017798
0.439377 0.545050 0.012236
0.452725 0.546162 0.007786
0.470523 0.546162 0.012236
0.494994 0.549499 0.015573
0.518354 0.549499 0.011123
0.540601 0.549499 0.007786
0.048943 0.562848 0.015573
0.072303 0.562848 0.015573
0.145717 0.563960 0.014461
0.090100 0.565072 0.011123
0.125695 0.565072 0.014461
0.103448 0.566185 0.010011
0.190211 0.566185 0.015573
0.157953 0.567297 0.018910
0.208009 0.567297 0.011123
0.223582 0.567297 0.010011
0.240267 0.567297 0.010011
0.334816 0.567297 0.012236
0.351502 0.568409 0.011123
0.369299 0.569522 0.012236
0.400445 0.569522 0.012236
0.299221 0.570634 0.007786
0.387097 0.570634 0.011123
0.416018 0.570634 0.014461
0.276974 0.571746 0.015573
0.433815 0.572859 0.007786
0.478309 0.572859 0.012236
0.493882 0.572859 0.012236
0.446051 0.573971 0.007786
0.460512 0.573971 0.007786
0.542825 0.575083 0.018910
0.513904 0.577308 0.007786
0.526140 0.578420 0.015573
0.101224 0.590656 0.011123
0.047831 0.591769 0.008899
0.129032 0.591769 0.007786
0.142380 0.591769 0.010011
0.061179 0.592881 0.011123
0.075640 0.592881 0.018910
0.116796 0.592881 0.007786
0.156841 0.592881 0.010011
0.196885 0.592881 0.010011
0.210234 0.592881 0.007786
0.222469 0.592881 0.007786
0.238042 0.592881 0.011123
0.252503 0.593993 0.008899
0.270300 0.593993 0.004449
0.298109 0.595106 0.010011
0.177976 0.596218 0.014461
0.373749 0.596218 0.013348
0.345940 0.597330 0.007786
0.409344 0.597330 0.008899
0.424917 0.598443 0.008899
0.439377 0.598443 0.007786
0.467186 0.598443 0.013348
0.331479 0.599555 0.012236
0.513904 0.599555 0.007786
0.484983 0.600667 0.012236
0.498331 0.600667 0.011123
0.530590 0.600667 0.012236
0.549499 0.602892 0.012236
0.060067 0.615128 0.010011
0.047831 0.616240 0.018910
0.141268 0.616240 0.015573
0.078977 0.617353 0.012236
0.105673 0.618465 0.007786
0.161290 0.620690 0.007786
0.186874 0.620690 0.010011
0.208009 0.620690 0.007786
0.261402 0.620690 0.007786
0.273637 0.620690 0.007786
0.235818 0.621802 0.007786
0.348165 0.621802 0.007786
0.364850 0.621802 0.012236
0.314794 0.622914 0.010011
0.389321 0.624027 0.007786
0.408231 0.624027 0.014461
0.427141 0.624027 0.014461
0.329255 0.625139 0.012236
0.294772 0.626251 0.007786
0.463849 0.627364 0.010011
0.479422 0.627364 0.010011
0.498331 0.627364 0.012236
0.512792 0.627364 0.010011
0.446051 0.628476 0.013348
0.536151 0.632925 0.017798
0.065628 0.644049 0.007786
0.191324 0.644049 0.010011
0.204672 0.644049 0.012236
0.044494 0.645161 0.007786
0.091212 0.645161 0.007786
0.160178 0.645161 0.012236
0.176863 0.645161 0.010011
0.124583 0.646274 0.012236
0.280311 0.646274 0.012236
0.223582 0.647386 0.012236
0.235818 0.647386 0.008899
0.250278 0.647386 0.008899
0.264739 0.647386 0.010011
0.335929 0.648498 0.014461
0.305895 0.649611 0.015573
0.412681 0.649611 0.008899
0.319244 0.650723 0.012236
0.363737 0.650723 0.010011
0.431591 0.650723 0.015573
0.378198 0.651835 0.011123
0.395996 0.652948 0.012236
0.480534 0.654060 0.010011
0.494994 0.654060 0.012236
0.521691 0.654060 0.007786
0.548387 0.654060 0.022247
0.464961 0.656285 0.015573
0.043382 0.669633 0.015573
0.063404 0.669633 0.006674
0.181313 0.669633 0.006674
0.193548 0.669633 0.012236
0.091212 0.670745 0.010011
0.109010 0.670745 0.012236
0.159066 0.670745 0.007786
0.208009 0.670745 0.008899
0.231368 0.672970 0.012236
0.248053 0.672970 0.010011
0.260289 0.672970 0.007786
0.274750 0.672970 0.010011
0.286986 0.672970 0.007786
0.313682 0.674082 0.012236
0.359288 0.674082 0.010011
0.129032 0.675195 0.015573
0.332592 0.675195 0.011123
0.345940 0.675195 0.007786
0.389321 0.676307 0.007786
0.377086 0.677419 0.011123
0.403782 0.677419 0.007786
0.421580 0.677419 0.012236
0.484983 0.680756 0.015573
0.456062 0.681869 0.007786
0.510567 0.681869 0.010011
0.468298 0.682981 0.015573
0.523915 0.682981 0.012236
0.539488 0.684093 0.015573
0.077864 0.697442 0.008899
0.090100 0.697442 0.007786
0.101224 0.697442 0.007786
0.152392 0.697442 0.007786
0.170189 0.697442 0.007786
0.269188 0.697442 0.015573
0.043382 0.698554 0.015573
0.131257 0.698554 0.014461
0.182425 0.698554 0.007786
0.199110 0.698554 0.012236
0.282536 0.698554 0.007786
0.295884 0.698554 0.008899
0.064516 0.699666 0.017798
0.232481 0.699666 0.006674
0.431591 0.700779 0.017798
0.345940 0.701891 0.006674
0.369299 0.703003 0.010011
0.383760 0.703003 0.010011
0.410456 0.703003 0.008899
0.314794 0.704116 0.007786
0.446051 0.704116 0.007786
0.505006 0.705228 0.012236
0.477197 0.706340 0.007786
0.520578 0.707453 0.011123
0.536151 0.708565 0.012236
0.048943 0.723026 0.011123
0.076752 0.723026 0.007786
0.266963 0.723026 0.007786
0.122358 0.724138 0.007786
0.186874 0.724138 0.012236
0.091212 0.725250 0.010011
0.166852 0.725250 0.008899
0.216908 0.725250 0.007786
0.230256 0.725250 0.010011
0.244716 0.725250 0.008899
0.205784 0.726363 0.015573
0.289210 0.726363 0.005562
0.315907 0.726363 0.011123
0.349277 0.726363 0.011123
0.334816 0.727475 0.010011
0.363737 0.727475 0.012236
0.380423 0.728587 0.010011
0.392659 0.728587 0.007786
0.416018 0.729700 0.007786
0.153504 0.730812 0.015573
0.452725 0.730812 0.007786
0.471635 0.730812 0.015573
0.496107 0.730812 0.007786
0.010011 0.731924 0.022247
0.483871 0.731924 0.007786
0.522803 0.731924 0.012236
0.508343 0.733037 0.008899
0.536151 0.733037 0.007786
0.440489 0.734149 0.011123
0.076752 0.748610 0.007786
0.091212 0.748610 0.012236
0.050056 0.749722 0.007786
0.110122 0.750834 0.015573
0.219132 0.750834 0.015573
0.137931 0.751947 0.010011
0.151279 0.751947 0.010011
0.182425 0.751947 0.007786
0.261402 0.751947 0.007786
0.246941 0.753059 0.010011
0.298109 0.753059 0.007786
0.319244 0.753059 0.018910
0.332592 0.754171 0.007786
0.345940 0.754171 0.007786
0.378198 0.755284 0.007786
0.390434 0.755284 0.010011
0.202447 0.756396 0.007786
0.406007 0.756396 0.010011
0.418242 0.756396 0.007786
0.429366 0.757508 0.007786
0.441602 0.757508 0.012236
0.458287 0.757508 0.007786
0.482759 0.757508 0.012236
0.498331 0.758621 0.012236
0.516129 0.760845 0.012236
0.546162 0.760845 0.018910
0.042269 0.775306 0.014461
0.083426 0.775306 0.007786
0.063404 0.776418 0.007786
0.096774 0.776418 0.010011
0.109010 0.777531 0.010011
0.141268 0.777531 0.012236
0.184650 0.777531 0.007786
0.218020 0.777531 0.013348
0.263626 0.777531 0.010011
0.123471 0.778643 0.007786
0.172414 0.778643 0.008899
0.250278 0.778643 0.008899
0.236930 0.779755 0.012236
0.283648 0.779755 0.012236
0.328142 0.779755 0.012236
0.344828 0.779755 0.013348
0.155729 0.780868 0.011123
0.310345 0.780868 0.010011
0.389321 0.780868 0.013348
0.417130 0.783092 0.007786
0.428254 0.783092 0.007786
0.372636 0.784205 0.007786
0.458287 0.784205 0.015573
0.473860 0.784205 0.015573
0.497219 0.786429 0.010011
0.511680 0.786429 0.010011
0.523915 0.786429 0.007786
0.545050 0.787542 0.013348
0.041157 0.800890 0.010011
0.053393 0.800890 0.021135
0.070078 0.800890 0.007786
0.090100 0.802002 0.015573
0.109010 0.803115 0.007786
0.135706 0.803115 0.012236
0.332592 0.804227 0.015573
0.243604 0.805339 0.007786
0.263626 0.805339 0.007786
0.229143 0.806452 0.011123
0.278087 0.806452 0.010011
0.404894 0.806452 0.012236
0.210234 0.807564 0.007786
0.290323 0.807564 0.010011
0.359288 0.807564 0.013348
0.392659 0.807564 0.010011
0.309232 0.808676 0.013348
0.378198 0.808676 0.012236
0.159066 0.809789 0.013348
0.426029 0.809789 0.012236
0.438265 0.810901 0.007786
0.452725 0.810901 0.010011
0.470523 0.810901 0.014461
0.545050 0.812013 0.018910
0.509455 0.814238 0.007786
0.109010 0.827586 0.010011
0.043382 0.828699 0.013348
0.082314 0.828699 0.007786
0.094549 0.828699 0.007786
0.123471 0.828699 0.007786
0.159066 0.828699 0.007786
0.061179 0.829811 0.012236
0.200222 0.830923 0.006674
0.233593 0.832036 0.007786
0.294772 0.832036 0.007786
0.322581 0.832036 0.012236
0.305895 0.833148 0.007786
0.347052 0.833148 0.006674
0.373749 0.834260 0.007786
0.387097 0.834260 0.007786
0.258065 0.836485 0.007786
0.430478 0.836485 0.017798
0.457175 0.837597 0.008899
0.478309 0.837597 0.016685
0.489433 0.837597 0.007786
0.515017 0.837597 0.012236
0.529477 0.837597 0.012236
0.545050 0.838710 0.011123
0.442714 0.839822 0.010011
0.042269 0.854283 0.010011
0.088988 0.854283 0.007786
0.064516 0.855395 0.007786
0.076752 0.855395 0.007786
0.182425 0.855395 0.006674
0.151279 0.856507 0.008899
0.121246 0.857620 0.007786
0.205784 0.857620 0.010011
0.218020 0.857620 0.007786
0.230256 0.858732 0.007786
0.242492 0.858732 0.007786
0.260289 0.858732 0.012236
0.285873 0.858732 0.007786
0.311457 0.858732 0.012236
0.274750 0.859844 0.016685
0.328142 0.859844 0.011123
0.343715 0.859844 0.007786
0.375973 0.859844 0.012236
0.391546 0.860957 0.018910
0.421580 0.860957 0.011123
0.433815 0.860957 0.007786
0.450501 0.863181 0.008899
0.464961 0.864294 0.010011
0.477197 0.864294 0.007786
0.505006 0.864294 0.008899
0.528365 0.865406 0.018910
0.542825 0.866518 0.011123
0.048943 0.880979 0.006674
0.066741 0.882091 0.015573
0.096774 0.882091 0.012236
0.113459 0.882091 0.007786
0.078977 0.883204 0.007786
0.142380 0.883204 0.015573
0.153504 0.883204 0.005562
0.173526 0.883204 0.007786
0.197998 0.883204 0.007786
0.219132 0.884316 0.007786
0.342603 0.885428 0.007786
0.242492 0.886541 0.017798
0.295884 0.886541 0.007786
0.323693 0.886541 0.007786
0.368187 0.886541 0.007786
0.395996 0.887653 0.007786
0.432703 0.888765 0.011123
0.451613 0.888765 0.007786
0.269188 0.889878 0.014461
0.467186 0.889878 0.013348
0.511680 0.890990 0.006674
0.493882 0.893215 0.013348
0.531702 0.893215 0.008899
0.044494 0.908788 0.012236
0.123471 0.908788 0.012236
0.137931 0.908788 0.007786
0.083426 0.909900 0.010011
0.160178 0.909900 0.012236
0.173526 0.909900 0.007786
0.189099 0.909900 0.010011
0.067853 0.911012 0.007786
0.220245 0.911012 0.007786
0.308120 0.911012 0.007786
0.104561 0.912125 0.015573
0.235818 0.912125 0.018910
0.292547 0.912125 0.010011
0.208009 0.913237 0.015573
0.264739 0.913237 0.014461
0.320356 0.914349 0.007786
0.359288 0.914349 0.006674
0.372636 0.914349 0.010011
0.392659 0.915462 0.012236
0.414905 0.915462 0.012236
0.438265 0.915462 0.007786
0.453838 0.916574 0.012236
0.520578 0.918799 0.007786
0.497219 0.921023 0.016685
0.541713 0.921023 0.016685
