424.000000 52.000000 0.005600
401.000000 55.000000 0.007200
102.000000 57.000000 0.011200
122.000000 59.000000 0.004400
138.000000 59.000000 0.004400
153.000000 60.000000 0.004000
168.000000 60.000000 0.008800
1055.000000 79.000000 0.008400
1044.000000 80.000000 0.008800
1081.000000 103.000000 0.004400
1067.000000 104.000000 0.004400
174.000000 112.000000 0.006800
195.000000 112.000000 0.008000
246.000000 113.000000 0.006800
268.000000 113.000000 0.005600
288.000000 113.000000 0.005600
224.000000 114.000000 0.005600
318.000000 114.000000 0.007200
441.000000 114.000000 0.006800
344.000000 115.000000 0.005600
364.000000 115.000000 0.006400
783.000000 115.000000 0.008400
484.000000 116.000000 0.005600
531.000000 116.000000 0.005600
552.000000 116.000000 0.005600
390.000000 117.000000 0.006800
465.000000 117.000000 0.005600
418.000000 118.000000 0.005600
510.000000 118.000000 0.006800
569.000000 118.000000 0.004400
652.000000 118.000000 0.006000
732.000000 118.000000 0.005600
797.000000 118.000000 0.006800
1160.000000 118.000000 0.004000
1195.000000 118.000000 0.004400
588.000000 119.000000 0.004400
600.000000 119.000000 0.002800
628.000000 119.000000 0.004400
670.000000 119.000000 0.004800
688.000000 119.000000 0.004400
711.000000 119.000000 0.006000
749.000000 119.000000 0.008400
1005.000000 119.000000 0.008400
1130.000000 119.000000 0.003600
1144.000000 119.000000 0.003600
1178.000000 119.000000 0.004400
615.000000 120.000000 0.004400
820.000000 120.000000 0.008400
1206.000000 120.000000 0.002800
855.000000 121.000000 0.008400
885.000000 121.000000 0.005600
964.000000 121.000000 0.005600
1037.000000 121.000000 0.005600
1082.000000 121.000000 0.005600
1116.000000 121.000000 0.008400
836.000000 122.000000 0.004400
906.000000 122.000000 0.006800
932.000000 122.000000 0.008400
1056.000000 122.000000 0.006800
1067.000000 122.000000 0.006400
1219.000000 122.000000 0.004400
986.000000 123.000000 0.005600
95.000000 125.000000 0.005600
48.000000 126.000000 0.006800
71.000000 127.000000 0.006800
1137.000000 135.000000 0.004400
1157.000000 136.000000 0.002800
1170.000000 137.000000 0.003200
168.000000 138.000000 0.006800
1191.000000 139.000000 0.004400
196.000000 140.000000 0.005600
1207.000000 140.000000 0.004800
226.000000 141.000000 0.002800
129.000000 142.000000 0.006800
213.000000 142.000000 0.004400
285.000000 142.000000 0.005600
245.000000 143.000000 0.005600
264.000000 143.000000 0.005200
313.000000 143.000000 0.006400
109.000000 144.000000 0.005200
339.000000 144.000000 0.005600
360.000000 144.000000 0.005600
647.000000 144.000000 0.005600
672.000000 144.000000 0.006400
380.000000 145.000000 0.005600
401.000000 145.000000 0.005600
421.000000 145.000000 0.005600
619.000000 145.000000 0.006800
699.000000 145.000000 0.006400
724.000000 145.000000 0.006800
506.000000 146.000000 0.005600
531.000000 146.000000 0.002800
543.000000 146.000000 0.006400
592.000000 146.000000 0.006000
760.000000 146.000000 0.006800
790.000000 146.000000 0.005600
445.000000 147.000000 0.006400
469.000000 147.000000 0.005600
491.000000 147.000000 0.005200
521.000000 147.000000 0.006800
566.000000 147.000000 0.005600
814.000000 147.000000 0.005600
1032.000000 149.000000 0.005600
838.000000 150.000000 0.005600
1119.000000 150.000000 0.004400
856.000000 151.000000 0.004400
894.000000 151.000000 0.004400
913.000000 151.000000 0.004800
966.000000 151.000000 0.006000
989.000000 151.000000 0.005200
1008.000000 151.000000 0.005600
1051.000000 151.000000 0.005600
1136.000000 151.000000 0.003600
1158.000000 151.000000 0.002800
876.000000 152.000000 0.005600
936.000000 152.000000 0.002800
1068.000000 152.000000 0.004400
1084.000000 152.000000 0.006800
184.000000 171.000000 0.005600
196.000000 171.000000 0.005600
219.000000 171.000000 0.006000
166.000000 172.000000 0.006800
297.000000 172.000000 0.006800
246.000000 173.000000 0.005600
269.000000 173.000000 0.005600
364.000000 174.000000 0.004400
379.000000 174.000000 0.005600
328.000000 175.000000 0.005600
351.000000 175.000000 0.005600
406.000000 176.000000 0.005600
439.000000 176.000000 0.002800
456.000000 176.000000 0.005200
551.000000 176.000000 0.005600
574.000000 176.000000 0.005600
598.000000 176.000000 0.006400
426.000000 177.000000 0.004400
474.000000 177.000000 0.005600
509.000000 177.000000 0.005600
532.000000 177.000000 0.005600
616.000000 177.000000 0.004400
632.000000 178.000000 0.005600
653.000000 178.000000 0.005600
674.000000 178.000000 0.006400
699.000000 179.000000 0.006800
730.000000 179.000000 0.006400
749.000000 179.000000 0.005600
784.000000 180.000000 0.006800
822.000000 180.000000 0.005600
926.000000 180.000000 0.006400
773.000000 181.000000 0.008000
803.000000 181.000000 0.004800
840.000000 181.000000 0.004400
861.000000 181.000000 0.005600
885.000000 181.000000 0.005600
900.000000 182.000000 0.006800
1002.000000 182.000000 0.006800
1063.000000 182.000000 0.005600
951.000000 183.000000 0.006000
977.000000 183.000000 0.006800
1031.000000 183.000000 0.005600
1050.000000 184.000000 0.005600
1080.000000 184.000000 0.006800
272.000000 201.000000 0.006800
173.000000 202.000000 0.007600
299.000000 202.000000 0.005600
346.000000 202.000000 0.006000
388.000000 202.000000 0.005600
196.000000 203.000000 0.005600
221.000000 203.000000 0.006800
248.000000 203.000000 0.006400
322.000000 203.000000 0.005600
366.000000 204.000000 0.005600
421.000000 204.000000 0.005600
444.000000 204.000000 0.006800
475.000000 204.000000 0.006000
499.000000 205.000000 0.005600
522.000000 207.000000 0.006400
628.000000 207.000000 0.005600
570.000000 208.000000 0.006800
604.000000 208.000000 0.006800
547.000000 209.000000 0.005600
652.000000 209.000000 0.006000
735.000000 210.000000 0.005600
835.000000 210.000000 0.006400
674.000000 211.000000 0.005600
754.000000 211.000000 0.005600
813.000000 211.000000 0.005600
861.000000 211.000000 0.005600
1120.000000 211.000000 0.004400
1134.000000 211.000000 0.003600
693.000000 212.000000 0.005600
774.000000 212.000000 0.004800
1147.000000 212.000000 0.003600
1179.000000 212.000000 0.004400
715.000000 213.000000 0.005600
794.000000 213.000000 0.005600
882.000000 213.000000 0.005600
940.000000 213.000000 0.006400
963.000000 213.000000 0.005600
992.000000 213.000000 0.007600
1024.000000 213.000000 0.006800
1047.000000 213.000000 0.005600
1073.000000 213.000000 0.006800
1160.000000 213.000000 0.003600
1192.000000 213.000000 0.004400
904.000000 214.000000 0.005600
1103.000000 214.000000 0.005200
1167.000000 228.000000 0.003600
1190.000000 228.000000 0.004400
1140.000000 229.000000 0.003200
1153.000000 229.000000 0.002800
1126.000000 230.000000 0.003200
1112.000000 231.000000 0.003200
379.000000 234.000000 0.006800
433.000000 234.000000 0.005600
450.000000 234.000000 0.005600
168.000000 235.000000 0.006400
410.000000 235.000000 0.006800
473.000000 235.000000 0.006400
188.000000 236.000000 0.005600
232.000000 236.000000 0.006800
252.000000 236.000000 0.005600
266.000000 236.000000 0.004400
306.000000 236.000000 0.005600
328.000000 236.000000 0.008400
340.000000 236.000000 0.008400
359.000000 236.000000 0.005600
210.000000 237.000000 0.005600
284.000000 237.000000 0.005600
518.000000 237.000000 0.006800
546.000000 237.000000 0.005600
569.000000 237.000000 0.005600
496.000000 238.000000 0.005600
593.000000 238.000000 0.006800
625.000000 240.000000 0.006000
650.000000 240.000000 0.006000
680.000000 240.000000 0.006400
778.000000 241.000000 0.006800
706.000000 242.000000 0.005600
748.000000 242.000000 0.006000
803.000000 242.000000 0.005600
822.000000 242.000000 0.005600
842.000000 242.000000 0.005600
868.000000 242.000000 0.006400
725.000000 243.000000 0.005600
1121.000000 243.000000 0.004000
1075.000000 244.000000 0.006800
1166.000000 244.000000 0.003600
1204.000000 244.000000 0.005200
896.000000 245.000000 0.006000
962.000000 245.000000 0.006400
986.000000 245.000000 0.005600
1110.000000 245.000000 0.003600
1142.000000 245.000000 0.004000
1182.000000 245.000000 0.003600
925.000000 246.000000 0.007600
1008.000000 246.000000 0.005600
1032.000000 247.000000 0.006400
1056.000000 247.000000 0.005600
1158.000000 260.000000 0.004400
1184.000000 260.000000 0.003600
1196.000000 260.000000 0.003600
1112.000000 261.000000 0.004000
1126.000000 261.000000 0.003600
1140.000000 261.000000 0.003600
168.000000 265.000000 0.006800
192.000000 267.000000 0.006800
375.000000 269.000000 0.006800
399.000000 269.000000 0.006800
492.000000 269.000000 0.006400
436.000000 270.000000 0.007600
514.000000 270.000000 0.005600
537.000000 270.000000 0.005600
220.000000 271.000000 0.005600
236.000000 271.000000 0.006800
262.000000 271.000000 0.008400
297.000000 271.000000 0.006800
466.000000 271.000000 0.006800
351.000000 272.000000 0.006800
560.000000 272.000000 0.006400
325.000000 273.000000 0.006800
590.000000 273.000000 0.007200
619.000000 273.000000 0.008000
746.000000 273.000000 0.006800
779.000000 273.000000 0.006800
651.000000 274.000000 0.006800
677.000000 275.000000 0.005600
698.000000 275.000000 0.005600
720.000000 275.000000 0.006400
805.000000 275.000000 0.006800
896.000000 276.000000 0.006800
841.000000 277.000000 0.006800
864.000000 277.000000 0.006800
925.000000 277.000000 0.006800
957.000000 278.000000 0.006800
985.000000 280.000000 0.006800
1012.000000 281.000000 0.006800
1072.000000 281.000000 0.006800
1045.000000 282.000000 0.006800
1093.000000 282.000000 0.005600
175.000000 298.000000 0.008000
199.000000 301.000000 0.006400
222.000000 301.000000 0.005600
243.000000 301.000000 0.005600
309.000000 303.000000 0.005600
436.000000 303.000000 0.007600
291.000000 304.000000 0.005600
267.000000 305.000000 0.005600
388.000000 305.000000 0.006400
409.000000 305.000000 0.005600
335.000000 306.000000 0.006800
363.000000 306.000000 0.005600
464.000000 306.000000 0.005600
536.000000 307.000000 0.006400
513.000000 308.000000 0.005600
487.000000 309.000000 0.006800
564.000000 309.000000 0.006800
782.000000 309.000000 0.006800
586.000000 310.000000 0.005200
805.000000 310.000000 0.005600
845.000000 310.000000 0.006800
825.000000 311.000000 0.005600
894.000000 311.000000 0.006800
923.000000 311.000000 0.006400
997.000000 311.000000 0.006800
606.000000 312.000000 0.006800
635.000000 312.000000 0.006800
663.000000 312.000000 0.007200
695.000000 312.000000 0.006400
740.000000 312.000000 0.002800
764.000000 312.000000 0.004400
945.000000 312.000000 0.005600
969.000000 312.000000 0.006800
724.000000 313.000000 0.005600
870.000000 313.000000 0.006400
1045.000000 313.000000 0.005600
1022.000000 314.000000 0.006000
1067.000000 315.000000 0.005600
1087.000000 315.000000 0.008400
85.000000 325.000000 0.005200
64.000000 326.000000 0.003600
105.000000 327.000000 0.004000
49.000000 328.000000 0.004000
117.000000 328.000000 0.004400
33.000000 329.000000 0.004400
175.000000 332.000000 0.008000
191.000000 333.000000 0.002800
215.000000 335.000000 0.005600
276.000000 335.000000 0.004400
292.000000 335.000000 0.005600
263.000000 336.000000 0.008400
240.000000 337.000000 0.006400
314.000000 337.000000 0.006000
339.000000 339.000000 0.005600
368.000000 341.000000 0.007200
393.000000 341.000000 0.005600
445.000000 341.000000 0.006800
469.000000 341.000000 0.005600
682.000000 341.000000 0.005600
705.000000 341.000000 0.006400
796.000000 341.000000 0.004400
415.000000 342.000000 0.008400
557.000000 342.000000 0.006800
777.000000 342.000000 0.005600
809.000000 342.000000 0.008000
495.000000 343.000000 0.006800
510.000000 343.000000 0.005600
584.000000 343.000000 0.008400
596.000000 343.000000 0.008400
633.000000 343.000000 0.006800
658.000000 343.000000 0.006400
832.000000 343.000000 0.005600
849.000000 343.000000 0.003600
864.000000 343.000000 0.005200
885.000000 343.000000 0.004400
948.000000 343.000000 0.005600
1013.000000 343.000000 0.004400
530.000000 344.000000 0.005600
619.000000 344.000000 0.005600
731.000000 344.000000 0.006400
755.000000 344.000000 0.005600
927.000000 344.000000 0.005600
995.000000 344.000000 0.005200
901.000000 345.000000 0.008400
1026.000000 345.000000 0.002800
1041.000000 345.000000 0.008000
975.000000 346.000000 0.006800
1053.000000 347.000000 0.003600
1067.000000 347.000000 0.003600
1079.000000 347.000000 0.007600
1127.000000 353.000000 0.006800
1148.000000 353.000000 0.005600
1171.000000 353.000000 0.006400
856.000000 359.000000 0.003600
844.000000 361.000000 0.003200
831.000000 363.000000 0.003200
818.000000 366.000000 0.004000
1087.000000 382.000000 0.008400
666.000000 387.000000 0.010400
649.000000 388.000000 0.004400
633.000000 392.000000 0.010000
897.000000 405.000000 0.008400
886.000000 408.000000 0.003600
872.000000 410.000000 0.004400
856.000000 411.000000 0.003600
828.000000 417.000000 0.010000
925.000000 430.000000 0.005600
