258.000000 34.000000 0.006400
304.000000 35.000000 0.004400
319.000000 35.000000 0.008400
330.000000 35.000000 0.004400
344.000000 35.000000 0.004400
355.000000 35.000000 0.004400
633.000000 35.000000 0.004000
649.000000 35.000000 0.004400
697.000000 35.000000 0.004400
714.000000 35.000000 0.004400
752.000000 35.000000 0.004400
285.000000 36.000000 0.005600
371.000000 36.000000 0.004000
600.000000 36.000000 0.004400
665.000000 36.000000 0.004400
775.000000 36.000000 0.002800
386.000000 37.000000 0.002800
398.000000 37.000000 0.004400
416.000000 37.000000 0.004400
466.000000 37.000000 0.005200
485.000000 37.000000 0.004400
534.000000 37.000000 0.004400
559.000000 37.000000 0.002800
580.000000 37.000000 0.004000
617.000000 37.000000 0.004400
684.000000 37.000000 0.004400
729.000000 37.000000 0.008400
447.000000 38.000000 0.004400
431.000000 39.000000 0.004400
518.000000 39.000000 0.004400
506.000000 41.000000 0.006800
207.000000 68.000000 0.004800
239.000000 68.000000 0.009600
166.000000 69.000000 0.012400
187.000000 69.000000 0.005600
224.000000 69.000000 0.004400
40.000000 105.000000 0.007600
86.000000 106.000000 0.005200
102.000000 106.000000 0.004400
124.000000 107.000000 0.006400
66.000000 108.000000 0.005600
250.000000 112.000000 0.005600
219.000000 113.000000 0.008400
268.000000 113.000000 0.006800
295.000000 113.000000 0.005600
158.000000 114.000000 0.007600
191.000000 114.000000 0.006800
316.000000 115.000000 0.009600
330.000000 116.000000 0.004400
349.000000 117.000000 0.005600
368.000000 117.000000 0.005600
388.000000 117.000000 0.005600
406.000000 117.000000 0.002800
434.000000 117.000000 0.009200
447.000000 117.000000 0.004400
466.000000 118.000000 0.005600
519.000000 118.000000 0.004400
539.000000 119.000000 0.005600
560.000000 119.000000 0.005600
575.000000 119.000000 0.004400
597.000000 119.000000 0.002800
610.000000 119.000000 0.004400
819.000000 119.000000 0.008400
489.000000 120.000000 0.005600
505.000000 120.000000 0.004000
634.000000 120.000000 0.006800
710.000000 120.000000 0.006800
726.000000 120.000000 0.004400
838.000000 120.000000 0.006800
1100.000000 120.000000 0.002800
652.000000 121.000000 0.004400
689.000000 121.000000 0.006400
746.000000 121.000000 0.004400
758.000000 121.000000 0.002400
773.000000 121.000000 0.002400
784.000000 121.000000 0.003200
859.000000 121.000000 0.006800
870.000000 121.000000 0.002800
882.000000 121.000000 0.003600
917.000000 121.000000 0.005600
1034.000000 121.000000 0.006400
1055.000000 121.000000 0.005600
1087.000000 121.000000 0.004400
667.000000 122.000000 0.004400
897.000000 122.000000 0.004400
936.000000 122.000000 0.005600
957.000000 122.000000 0.004800
972.000000 122.000000 0.002800
1006.000000 122.000000 0.005600
1117.000000 122.000000 0.004800
1070.000000 123.000000 0.004400
289.000000 133.000000 0.004000
1165.000000 148.000000 0.004400
1184.000000 148.000000 0.004400
1138.000000 149.000000 0.004400
1152.000000 150.000000 0.004400
29.000000 151.000000 0.006400
51.000000 151.000000 0.006000
161.000000 151.000000 0.005600
179.000000 151.000000 0.004400
194.000000 151.000000 0.004400
234.000000 151.000000 0.005600
256.000000 152.000000 0.005600
322.000000 152.000000 0.009600
1113.000000 152.000000 0.003600
1124.000000 152.000000 0.009200
71.000000 153.000000 0.006800
83.000000 153.000000 0.004400
99.000000 153.000000 0.005200
214.000000 153.000000 0.005600
119.000000 154.000000 0.004400
137.000000 154.000000 0.005200
275.000000 154.000000 0.006800
296.000000 154.000000 0.006800
343.000000 154.000000 0.005600
390.000000 154.000000 0.006800
434.000000 154.000000 0.005600
653.000000 154.000000 0.006800
994.000000 154.000000 0.006800
1017.000000 154.000000 0.006800
1084.000000 154.000000 0.008400
363.000000 155.000000 0.005600
412.000000 155.000000 0.005600
457.000000 155.000000 0.006400
631.000000 155.000000 0.005600
852.000000 155.000000 0.006800
1065.000000 155.000000 0.005600
477.000000 156.000000 0.004400
553.000000 156.000000 0.004400
593.000000 156.000000 0.005600
611.000000 156.000000 0.005600
675.000000 156.000000 0.005600
751.000000 156.000000 0.006800
901.000000 156.000000 0.006800
925.000000 156.000000 0.005600
944.000000 156.000000 0.004400
966.000000 156.000000 0.002800
1042.000000 156.000000 0.006400
536.000000 157.000000 0.008400
572.000000 157.000000 0.005600
726.000000 157.000000 0.009200
876.000000 157.000000 0.005600
512.000000 158.000000 0.004400
695.000000 158.000000 0.006800
826.000000 158.000000 0.005600
776.000000 159.000000 0.008400
805.000000 160.000000 0.008400
495.000000 161.000000 0.005600
966.000000 173.000000 0.003600
31.000000 174.000000 0.005600
51.000000 176.000000 0.004800
75.000000 176.000000 0.005600
111.000000 176.000000 0.004400
128.000000 176.000000 0.003600
141.000000 176.000000 0.003200
95.000000 177.000000 0.004400
947.000000 177.000000 0.004000
201.000000 187.000000 0.004400
182.000000 188.000000 0.006400
215.000000 188.000000 0.008400
160.000000 189.000000 0.006400
235.000000 189.000000 0.006800
262.000000 189.000000 0.006800
310.000000 189.000000 0.005600
330.000000 189.000000 0.005600
351.000000 189.000000 0.008000
550.000000 189.000000 0.009600
609.000000 189.000000 0.008400
290.000000 190.000000 0.006800
381.000000 190.000000 0.005600
525.000000 190.000000 0.006800
566.000000 190.000000 0.009600
588.000000 190.000000 0.006800
866.000000 190.000000 0.006800
1069.000000 190.000000 0.004400
404.000000 191.000000 0.006400
780.000000 191.000000 0.005600
1083.000000 191.000000 0.008400
677.000000 192.000000 0.004400
900.000000 192.000000 0.008000
927.000000 192.000000 0.006800
975.000000 192.000000 0.005200
995.000000 192.000000 0.004400
1032.000000 192.000000 0.005200
1053.000000 192.000000 0.005600
425.000000 193.000000 0.005600
474.000000 193.000000 0.004400
640.000000 193.000000 0.006800
663.000000 193.000000 0.008400
696.000000 193.000000 0.006000
725.000000 193.000000 0.006800
752.000000 193.000000 0.006800
794.000000 193.000000 0.005600
818.000000 193.000000 0.006400
841.000000 193.000000 0.006000
954.000000 193.000000 0.005600
1013.000000 193.000000 0.005600
460.000000 194.000000 0.004400
498.000000 194.000000 0.006800
443.000000 195.000000 0.005600
408.000000 224.000000 0.006000
433.000000 224.000000 0.006800
191.000000 225.000000 0.007200
322.000000 225.000000 0.009200
335.000000 225.000000 0.009600
638.000000 225.000000 0.006800
786.000000 225.000000 0.008400
165.000000 226.000000 0.006800
302.000000 226.000000 0.006400
357.000000 226.000000 0.006800
386.000000 226.000000 0.006800
771.000000 226.000000 0.004400
1015.000000 226.000000 0.005600
219.000000 227.000000 0.006800
248.000000 227.000000 0.007200
278.000000 227.000000 0.006400
666.000000 227.000000 0.006800
821.000000 227.000000 0.008400
1036.000000 227.000000 0.005600
463.000000 228.000000 0.006400
483.000000 228.000000 0.002400
512.000000 228.000000 0.005200
562.000000 228.000000 0.005600
584.000000 228.000000 0.005600
607.000000 228.000000 0.006800
733.000000 228.000000 0.005600
754.000000 228.000000 0.005600
842.000000 228.000000 0.005600
899.000000 228.000000 0.005600
932.000000 228.000000 0.002800
948.000000 228.000000 0.004400
961.000000 228.000000 0.006800
982.000000 228.000000 0.003600
496.000000 229.000000 0.004000
529.000000 229.000000 0.004400
689.000000 229.000000 0.007600
920.000000 229.000000 0.007200
995.000000 229.000000 0.004400
1086.000000 229.000000 0.008400
717.000000 230.000000 0.005600
862.000000 230.000000 0.005600
1050.000000 230.000000 0.002800
880.000000 232.000000 0.005600
1069.000000 233.000000 0.005600
943.000000 246.000000 0.002800
1097.000000 252.000000 0.004000
169.000000 261.000000 0.008000
392.000000 261.000000 0.008400
459.000000 261.000000 0.005600
834.000000 261.000000 0.006800
881.000000 261.000000 0.005600
989.000000 261.000000 0.004400
1051.000000 261.000000 0.005600
1071.000000 261.000000 0.008000
194.000000 262.000000 0.006400
335.000000 262.000000 0.006800
442.000000 262.000000 0.005600
529.000000 262.000000 0.005600
551.000000 262.000000 0.005600
572.000000 262.000000 0.005600
591.000000 262.000000 0.004800
612.000000 262.000000 0.004800
783.000000 262.000000 0.006400
806.000000 262.000000 0.006400
865.000000 262.000000 0.006800
906.000000 262.000000 0.005600
951.000000 262.000000 0.006400
974.000000 262.000000 0.005600
1003.000000 262.000000 0.008400
1028.000000 262.000000 0.005600
219.000000 263.000000 0.006400
310.000000 263.000000 0.006800
358.000000 263.000000 0.009200
420.000000 263.000000 0.006800
477.000000 263.000000 0.005600
502.000000 263.000000 0.006800
634.000000 263.000000 0.009200
759.000000 263.000000 0.006400
929.000000 263.000000 0.005600
243.000000 264.000000 0.005600
695.000000 264.000000 0.004400
711.000000 264.000000 0.006800
737.000000 264.000000 0.005600
263.000000 265.000000 0.006800
291.000000 265.000000 0.008400
670.000000 265.000000 0.007600
613.000000 279.000000 0.003200
595.000000 280.000000 0.004000
419.000000 283.000000 0.002400
845.000000 297.000000 0.006400
868.000000 297.000000 0.006800
989.000000 297.000000 0.005600
798.000000 298.000000 0.002800
809.000000 298.000000 0.002800
892.000000 298.000000 0.007600
171.000000 299.000000 0.008400
195.000000 299.000000 0.008400
348.000000 299.000000 0.006800
514.000000 299.000000 0.007600
625.000000 299.000000 0.008400
736.000000 299.000000 0.006800
824.000000 299.000000 0.004400
921.000000 299.000000 0.005600
961.000000 299.000000 0.008400
1010.000000 299.000000 0.006800
1055.000000 299.000000 0.005600
298.000000 300.000000 0.008400
310.000000 300.000000 0.004400
328.000000 300.000000 0.005600
376.000000 300.000000 0.005600
392.000000 300.000000 0.004400
406.000000 300.000000 0.004400
424.000000 300.000000 0.006800
448.000000 300.000000 0.004400
468.000000 300.000000 0.005600
490.000000 300.000000 0.005600
546.000000 300.000000 0.006800
570.000000 300.000000 0.006400
664.000000 300.000000 0.006800
686.000000 300.000000 0.006400
711.000000 300.000000 0.006400
762.000000 300.000000 0.006800
785.000000 300.000000 0.007600
942.000000 300.000000 0.005600
1036.000000 300.000000 0.005600
594.000000 301.000000 0.005600
1077.000000 301.000000 0.006800
232.000000 302.000000 0.006800
277.000000 302.000000 0.005600
257.000000 303.000000 0.005600
1082.000000 319.000000 0.003600
546.000000 334.000000 0.006800
592.000000 334.000000 0.005600
667.000000 334.000000 0.008000
974.000000 334.000000 0.006800
995.000000 334.000000 0.005600
1021.000000 334.000000 0.006800
442.000000 335.000000 0.005600
464.000000 335.000000 0.005600
571.000000 335.000000 0.006400
637.000000 335.000000 0.006400
680.000000 335.000000 0.002800
692.000000 335.000000 0.008400
708.000000 335.000000 0.009200
734.000000 335.000000 0.008400
805.000000 335.000000 0.008400
1044.000000 335.000000 0.005600
205.000000 336.000000 0.006800
253.000000 336.000000 0.008400
333.000000 336.000000 0.006800
381.000000 336.000000 0.006800
402.000000 336.000000 0.005600
422.000000 336.000000 0.005600
491.000000 336.000000 0.006800
519.000000 336.000000 0.006400
614.000000 336.000000 0.005600
750.000000 336.000000 0.004400
886.000000 336.000000 0.006000
909.000000 336.000000 0.006800
944.000000 336.000000 0.006400
1066.000000 336.000000 0.005600
230.000000 337.000000 0.006400
267.000000 337.000000 0.010800
286.000000 337.000000 0.005600
309.000000 337.000000 0.006400
358.000000 337.000000 0.005600
836.000000 337.000000 0.006000
860.000000 337.000000 0.006400
1083.000000 337.000000 0.005600
173.000000 338.000000 0.008800
772.000000 338.000000 0.008400
1125.000000 340.000000 0.006800
1150.000000 341.000000 0.006000
1174.000000 342.000000 0.007600
962.000000 358.000000 0.003600
976.000000 358.000000 0.004400
995.000000 358.000000 0.004400
890.000000 360.000000 0.004000
906.000000 360.000000 0.004400
927.000000 360.000000 0.004400
874.000000 361.000000 0.004400
944.000000 361.000000 0.004400
847.000000 364.000000 0.005600
831.000000 367.000000 0.004800
1148.000000 409.000000 0.004000
1081.000000 410.000000 0.004400
1102.000000 410.000000 0.006800
1116.000000 410.000000 0.004400
1135.000000 410.000000 0.004400
962.000000 411.000000 0.004400
994.000000 411.000000 0.004400
1065.000000 411.000000 0.003600
1170.000000 411.000000 0.002800
975.000000 412.000000 0.010400
1008.000000 412.000000 0.004400
1025.000000 412.000000 0.005600
1182.000000 412.000000 0.003600
944.000000 413.000000 0.004800
1052.000000 413.000000 0.003600
919.000000 414.000000 0.005600
836.000000 415.000000 0.004400
850.000000 415.000000 0.003600
862.000000 416.000000 0.002800
878.000000 416.000000 0.004400
891.000000 416.000000 0.003200
904.000000 416.000000 0.004400
824.000000 417.000000 0.003200
