99 100
167 173
100 101
331 342
41 42
332 334
133 134
284 294
332 343
173 179
225 226
74 75
122 124
166 167
174 180
336 340
15 16
226 227
107 108
128 140
147 162
369 373
48 49
92 110
192 197
292 293
232 251
233 234
206 207
266 267
147 148
210 213
240 241
33 37
324 329
3 5
181 182
51 54
273 274
365 366
135 160
7 11
21 22
268 271
320 327
80 89
10 12
205 206
54 55
321 328
224 237
3 9
124 128
87 88
87 97
28 29
198 202
57 74
368 372
120 121
335 347
6 10
298 307
220 235
272 273
239 248
280 286
312 318
153 154
169 180
62 63
94 95
154 155
345 360
35 36
246 247
116 119
95 96
338 339
187 188
338 348
68 69
160 161
268 270
161 162
326 333
102 112
305 310
94 108
194 195
105 114
84 91
275 287
346 347
245 264
227 228
76 77
335 337
337 356
348 356
168 169
379 380
58 65
30 46
260 261
349 357
352 353
261 262
253 258
293 294
353 354
24 26
304 309
53 71
359 361
367 374
286 300
117 119
86 113
238 247
79 83
42 43
134 135
78 383
16 17
175 190
93 111
145 158
193 207
367 378
178 191
201 202
63 70
82 83
142 143
52 69
274 280
115 116
123 129
326 327
24 25
56 57
86 103
300 301
149 150
218 231
230 242
90 91
182 183
281 305
141 142
31 32
215 216
93 110
307 308
185 193
156 157
288 313
5 6
248 249
148 149
340 359
281 282
278 295
163 165
211 214
12 14
222 223
1 4
374 375
122 123
325 330
85 92
70 76
192 196
381 382
233 251
45 51
365 370
244 260
55 64
306 311
277 284
366 371
199 203
130 131
170 176
210 212
299 308
200 204
325 329
137 138
96 97
18 19
188 189
350 358
170 171
129 130
80 88
262 263
221 222
339 357
25 27
81 89
81 98
144 145
376 379
146 164
103 104
195 196
106 118
136 137
136 155
269 279
228 229
0 2
151 152
146 159
194 208
254 259
143 144
354 355
217 237
373 377
276 292
287 310
358 361
172 179
102 111
125 131
302 303
275 304
17 18
346 355
106 117
158 164
372 376
39 50
313 317
43 47
84 85
223 243
254 258
316 318
276 291
58 59
301 302
150 151
101 109
50 73
39 45
172 178
224 225
183 184
282 306
334 344
32 33
231 242
175 189
283 289
176 190
65 75
198 199
368 369
249 250
139 140
98 99
61 68
341 351
352 360
2 9
342 343
13 15
72 73
38 44
316 317
319 322
230 241
289 290
371 378
79 90
349 350
290 291
283 288
323 324
285 297
229 253
209 213
71 72
370 377
171 177
219 235
104 114
133 159
13 14
56 64
53 77
105 115
216 220
256 265
138 139
49 61
19 20
319 321
322 323
20 21
60 66
52 62
23 26
112 113
303 309
295 314
204 205
244 259
296 315
38 47
285 296
297 298
197 201
238 239
267 382
330 331
200 203
362 363
211 212
4 8
219 234
271 272
255 264
152 153
363 364
37 41
185 186
245 246
177 191
277 278
126 127
186 187
44 48
311 312
221 257
141 157
34 40
344 345
166 168
174 181
336 341
59 60
250 265
107 118
0 1
40 46
218 232
270 279
132 156
240 256
132 165
243 252
125 126
255 263
34 35
66 67
217 236
7 8
