0.198400 0.021600 0.000000
0.187200 0.022400 0.000000
0.214400 0.022400 0.000000
0.235200 0.022400 0.000000
0.173600 0.023200 0.000000
0.244800 0.023200 0.000000
0.254400 0.023200 0.000000
0.148000 0.024000 0.000000
0.157600 0.024000 0.000000
0.224000 0.024000 0.000000
0.266400 0.024000 0.000000
0.133600 0.024800 0.000000
0.281600 0.024800 0.000000
0.306400 0.024800 0.000000
0.294400 0.025600 0.000000
0.315200 0.027200 0.000000
0.324800 0.027200 0.000000
0.336000 0.027200 0.000000
0.346400 0.028800 0.000000
0.362400 0.028800 0.000000
0.371200 0.029600 0.000000
0.382400 0.029600 0.000000
0.396000 0.030400 0.000000
0.115200 0.050400 0.000000
0.146400 0.050400 0.000000
0.160800 0.051200 0.000000
0.130400 0.052000 0.000000
0.174400 0.052000 0.000000
0.874400 0.052800 0.000000
0.864800 0.053600 0.000000
0.027200 0.084800 0.000000
0.134400 0.084800 0.000000
0.150400 0.084800 0.000000
0.166400 0.084800 0.000000
0.070400 0.085600 0.000000
0.085600 0.085600 0.000000
0.098400 0.085600 0.000000
0.182400 0.085600 0.000000
0.262400 0.085600 0.000000
0.610400 0.085600 0.000000
0.060000 0.086400 0.000000
0.205600 0.086400 0.000000
0.220800 0.086400 0.000000
0.232000 0.086400 0.000000
0.271200 0.086400 0.000000
0.626400 0.086400 0.000000
0.045600 0.087200 0.000000
0.248000 0.087200 0.000000
0.288800 0.087200 0.000000
0.307200 0.087200 0.000000
0.584000 0.087200 0.000000
0.638400 0.087200 0.000000
0.388000 0.088000 0.000000
0.499200 0.088000 0.000000
0.653600 0.088000 0.000000
0.665600 0.088000 0.000000
0.696800 0.088000 0.000000
0.713600 0.088000 0.000000
0.790400 0.088000 0.000000
0.808000 0.088000 0.000000
0.829600 0.088000 0.000000
0.330400 0.088800 0.000000
0.416800 0.088800 0.000000
0.430400 0.088800 0.000000
0.675200 0.088800 0.000000
0.779200 0.088800 0.000000
0.857600 0.088800 0.000000
0.876800 0.088800 0.000000
0.348800 0.089600 0.000000
0.369600 0.089600 0.000000
0.443200 0.089600 0.000000
0.520800 0.089600 0.000000
0.536800 0.089600 0.000000
0.553600 0.089600 0.000000
0.737600 0.089600 0.000000
0.754400 0.089600 0.000000
0.459200 0.090400 0.000000
0.480000 0.090400 0.000000
0.451200 0.104000 0.000000
0.174400 0.110400 0.000000
0.731200 0.110400 0.000000
0.777600 0.111200 0.000000
0.133600 0.112000 0.000000
0.152000 0.112000 0.000000
0.241600 0.112000 0.000000
0.267200 0.112000 0.000000
0.412000 0.112000 0.000000
0.703200 0.112000 0.000000
0.714400 0.112000 0.000000
0.749600 0.112000 0.000000
0.196800 0.112800 0.000000
0.219200 0.112800 0.000000
0.288000 0.112800 0.000000
0.326400 0.112800 0.000000
0.634400 0.112800 0.000000
0.651200 0.112800 0.000000
0.672000 0.112800 0.000000
0.690400 0.112800 0.000000
0.795200 0.112800 0.000000
0.812800 0.112800 0.000000
0.829600 0.112800 0.000000
0.852000 0.112800 0.000000
0.367200 0.113600 0.000000
0.427200 0.113600 0.000000
0.440800 0.113600 0.000000
0.479200 0.113600 0.000000
0.572000 0.113600 0.000000
0.600800 0.113600 0.000000
0.616800 0.113600 0.000000
0.875200 0.113600 0.000000
0.306400 0.114400 0.000000
0.347200 0.114400 0.000000
0.384800 0.114400 0.000000
0.396800 0.114400 0.000000
0.461600 0.114400 0.000000
0.496000 0.115200 0.000000
0.514400 0.115200 0.000000
0.551200 0.115200 0.000000
0.582400 0.115200 0.000000
0.531200 0.116000 0.000000
0.633600 0.126400 0.000000
0.644800 0.126400 0.000000
0.731200 0.136000 0.000000
0.752000 0.136000 0.000000
0.712800 0.136800 0.000000
0.825600 0.136800 0.000000
0.844000 0.137600 0.000000
0.869600 0.137600 0.000000
0.695200 0.138400 0.000000
0.769600 0.138400 0.000000
0.791200 0.138400 0.000000
0.806400 0.138400 0.000000
0.169600 0.139200 0.000000
0.393600 0.139200 0.000000
0.414400 0.139200 0.000000
0.431200 0.139200 0.000000
0.612000 0.139200 0.000000
0.626400 0.139200 0.000000
0.642400 0.139200 0.000000
0.661600 0.139200 0.000000
0.678400 0.139200 0.000000
0.228800 0.140000 0.000000
0.245600 0.140000 0.000000
0.264000 0.140000 0.000000
0.284800 0.140000 0.000000
0.297600 0.140000 0.000000
0.356000 0.140000 0.000000
0.505600 0.140000 0.000000
0.524800 0.140000 0.000000
0.536800 0.140000 0.000000
0.546400 0.140000 0.000000
0.555200 0.140000 0.000000
0.565600 0.140000 0.000000
0.578400 0.140000 0.000000
0.592800 0.140000 0.000000
0.602400 0.140000 0.000000
0.192800 0.140800 0.000000
0.208800 0.140800 0.000000
0.319200 0.140800 0.000000
0.376800 0.140800 0.000000
0.451200 0.140800 0.000000
0.468800 0.140800 0.000000
0.489600 0.140800 0.000000
0.132800 0.141600 0.000000
0.341600 0.141600 0.000000
0.148800 0.142400 0.000000
0.724000 0.160800 0.000000
0.700800 0.161600 0.000000
0.743200 0.161600 0.000000
0.758400 0.161600 0.000000
0.576800 0.162400 0.000000
0.593600 0.162400 0.000000
0.652000 0.162400 0.000000
0.683200 0.162400 0.000000
0.795200 0.162400 0.000000
0.521600 0.163200 0.000000
0.559200 0.163200 0.000000
0.608800 0.163200 0.000000
0.638400 0.163200 0.000000
0.670400 0.163200 0.000000
0.774400 0.163200 0.000000
0.818400 0.163200 0.000000
0.837600 0.163200 0.000000
0.852000 0.163200 0.000000
0.868000 0.163200 0.000000
0.446400 0.164000 0.000000
0.463200 0.164000 0.000000
0.476800 0.164000 0.000000
0.492000 0.164000 0.000000
0.507200 0.164000 0.000000
0.538400 0.164000 0.000000
0.624800 0.164000 0.000000
0.196000 0.164800 0.000000
0.420000 0.164800 0.000000
0.148800 0.165600 0.000000
0.168000 0.165600 0.000000
0.180800 0.165600 0.000000
0.206400 0.165600 0.000000
0.260800 0.165600 0.000000
0.279200 0.165600 0.000000
0.316800 0.165600 0.000000
0.221600 0.166400 0.000000
0.243200 0.166400 0.000000
0.299200 0.166400 0.000000
0.331200 0.167200 0.000000
0.348800 0.167200 0.000000
0.374400 0.167200 0.000000
0.398400 0.167200 0.000000
0.130400 0.168000 0.000000
0.516800 0.177600 0.000000
0.492000 0.178400 0.000000
0.463200 0.179200 0.000000
0.477600 0.179200 0.000000
0.504000 0.179200 0.000000
0.453600 0.180000 0.000000
0.876000 0.189600 0.000000
0.865600 0.190400 0.000000
0.150400 0.191200 0.000000
0.720800 0.191200 0.000000
0.818400 0.191200 0.000000
0.851200 0.191200 0.000000
0.048800 0.192000 0.000000
0.060800 0.192000 0.000000
0.070400 0.192000 0.000000
0.180000 0.192000 0.000000
0.198400 0.192000 0.000000
0.221600 0.192000 0.000000
0.244000 0.192000 0.000000
0.266400 0.192000 0.000000
0.288800 0.192000 0.000000
0.670400 0.192000 0.000000
0.706400 0.192000 0.000000
0.736000 0.192000 0.000000
0.771200 0.192000 0.000000
0.797600 0.192000 0.000000
0.831200 0.192000 0.000000
0.131200 0.192800 0.000000
0.165600 0.192800 0.000000
0.530400 0.192800 0.000000
0.548000 0.192800 0.000000
0.632000 0.192800 0.000000
0.648800 0.192800 0.000000
0.688800 0.192800 0.000000
0.083200 0.193600 0.000000
0.383200 0.193600 0.000000
0.487200 0.193600 0.000000
0.504000 0.193600 0.000000
0.517600 0.193600 0.000000
0.567200 0.193600 0.000000
0.581600 0.193600 0.000000
0.594400 0.193600 0.000000
0.752000 0.193600 0.000000
0.092800 0.194400 0.000000
0.308800 0.194400 0.000000
0.343200 0.194400 0.000000
0.452800 0.194400 0.000000
0.617600 0.194400 0.000000
0.036800 0.195200 0.000000
0.322400 0.195200 0.000000
0.365600 0.195200 0.000000
0.401600 0.195200 0.000000
0.413600 0.195200 0.000000
0.422400 0.195200 0.000000
0.436000 0.195200 0.000000
0.469600 0.195200 0.000000
0.604800 0.196000 0.000000
0.263200 0.207200 0.000000
0.272000 0.207200 0.000000
0.188800 0.218400 0.000000
0.129600 0.219200 0.000000
0.172000 0.219200 0.000000
0.204000 0.219200 0.000000
0.232800 0.220000 0.000000
0.250400 0.220000 0.000000
0.272800 0.220000 0.000000
0.435200 0.220000 0.000000
0.736000 0.220000 0.000000
0.824000 0.220000 0.000000
0.833600 0.220000 0.000000
0.155200 0.220800 0.000000
0.293600 0.220800 0.000000
0.498400 0.220800 0.000000
0.516800 0.220800 0.000000
0.657600 0.220800 0.000000
0.810400 0.220800 0.000000
0.048800 0.221600 0.000000
0.309600 0.221600 0.000000
0.450400 0.221600 0.000000
0.638400 0.221600 0.000000
0.677600 0.221600 0.000000
0.699200 0.221600 0.000000
0.720000 0.221600 0.000000
0.756000 0.221600 0.000000
0.772800 0.221600 0.000000
0.795200 0.221600 0.000000
0.851200 0.221600 0.000000
0.033600 0.222400 0.000000
0.064000 0.222400 0.000000
0.080800 0.222400 0.000000
0.111200 0.222400 0.000000
0.328800 0.222400 0.000000
0.343200 0.222400 0.000000
0.364000 0.222400 0.000000
0.382400 0.222400 0.000000
0.416000 0.222400 0.000000
0.480000 0.222400 0.000000
0.532800 0.222400 0.000000
0.090400 0.223200 0.000000
0.101600 0.223200 0.000000
0.397600 0.223200 0.000000
0.465600 0.223200 0.000000
0.544000 0.223200 0.000000
0.562400 0.223200 0.000000
0.622400 0.223200 0.000000
0.874400 0.223200 0.000000
0.023200 0.224000 0.000000
0.598400 0.224000 0.000000
0.611200 0.224000 0.000000
0.581600 0.224800 0.000000
0.177600 0.246400 0.000000
0.084000 0.247200 0.000000
0.160000 0.247200 0.000000
0.195200 0.247200 0.000000
0.212800 0.247200 0.000000
0.229600 0.247200 0.000000
0.263200 0.247200 0.000000
0.050400 0.248000 0.000000
0.067200 0.248000 0.000000
0.132800 0.248000 0.000000
0.244800 0.248800 0.000000
0.284000 0.248800 0.000000
0.300000 0.248800 0.000000
0.357600 0.248800 0.000000
0.031200 0.249600 0.000000
0.377600 0.249600 0.000000
0.563200 0.249600 0.000000
0.830400 0.249600 0.000000
0.580800 0.250400 0.000000
0.639200 0.250400 0.000000
0.656000 0.250400 0.000000
0.810400 0.250400 0.000000
0.848800 0.250400 0.000000
0.316800 0.251200 0.000000
0.336000 0.251200 0.000000
0.392800 0.251200 0.000000
0.407200 0.251200 0.000000
0.530400 0.251200 0.000000
0.544800 0.251200 0.000000
0.619200 0.251200 0.000000
0.698400 0.251200 0.000000
0.720800 0.251200 0.000000
0.869600 0.251200 0.000000
0.444800 0.252000 0.000000
0.464800 0.252000 0.000000
0.492000 0.252000 0.000000
0.511200 0.252000 0.000000
0.602400 0.252000 0.000000
0.676800 0.252000 0.000000
0.746400 0.252000 0.000000
0.788800 0.252000 0.000000
0.428800 0.252800 0.000000
0.771200 0.252800 0.000000
0.908000 0.252800 0.000000
0.926400 0.252800 0.000000
0.942400 0.252800 0.000000
0.504000 0.309600 0.000000
0.516000 0.309600 0.000000
0.558400 0.309600 0.000000
0.431200 0.310400 0.000000
0.444000 0.310400 0.000000
0.482400 0.310400 0.000000
0.529600 0.310400 0.000000
0.416000 0.311200 0.000000
0.456000 0.311200 0.000000
0.572800 0.311200 0.000000
0.586400 0.311200 0.000000
0.400000 0.312000 0.000000
0.468800 0.312000 0.000000
0.543200 0.312000 0.000000
0.382400 0.312800 0.000000
0.364800 0.313600 0.000000
0.287386 0.208731 0.000000
0.278815 0.205874 0.000000
0.461672 0.103589 0.000000
