199 205
210 214
299 301
132 133
343 344
362 366
73 74
173 179
376 377
225 226
273 275
74 75
181 439
122 124
317 318
166 167
174 180
247 250
226 227
96 99
206 221
350 351
48 49
442 443
372 375
351 352
383 384
402 406
81 82
361 365
324 325
384 385
416 417
233 234
346 349
236 239
394 398
357 358
166 171
417 418
247 254
335 339
266 267
258 263
59 63
147 148
269 272
390 391
210 213
320 323
129 136
331 332
391 392
321 324
424 425
214 215
206 211
327 330
306 307
128 130
298 303
58 62
220 222
427 435
268 271
280 282
153 159
431 432
383 392
162 164
364 369
146 156
165 169
14 18
143 150
346 348
28 29
409 413
29 30
101 107
80 84
401 405
110 112
94 95
154 155
202 204
397 398
35 36
116 119
338 339
135 150
9 11
187 188
430 431
117 120
279 280
160 161
128 138
419 421
209 221
98 106
69 70
101 102
142 149
153 158
372 373
420 422
404 405
102 103
313 314
361 363
305 310
426 429
64 67
202 208
43 44
146 155
302 304
49 51
76 77
308 311
109 111
368 371
379 380
260 261
50 61
98 110
312 317
39 42
393 400
205 209
326 328
13 17
382 390
353 354
385 395
286 291
386 387
9 10
186 191
241 243
90 92
249 265
260 265
60 69
242 244
274 276
75 76
123 125
334 336
252 257
64 66
323 326
237 241
86 90
68 72
389 393
79 87
42 47
82 83
190 192
422 426
334 340
13 16
175 176
93 97
24 25
267 268
116 117
396 400
145 162
359 360
167 168
57 58
19 22
30 31
197 208
200 201
322 325
362 370
52 55
134 143
60 68
31 32
355 367
215 216
85 88
296 299
344 348
307 308
5 6
428 436
86 89
118 121
297 300
248 258
270 273
163 165
211 223
433 434
363 366
34 38
144 160
196 198
374 375
137 148
67 71
407 408
248 253
406 412
207 212
251 255
262 264
440 441
111 113
343 347
381 382
4 5
432 433
37 38
173 438
85 87
147 156
78 84
199 203
0 3
11 12
129 135
251 259
163 164
410 413
255 256
295 301
144 159
288 289
96 97
136 151
188 189
170 171
40 43
92 99
140 157
181 185
14 17
254 264
95 100
217 224
195 196
365 369
177 178
306 310
115 441
269 270
118 119
228 229
77 78
169 170
380 381
10 15
151 152
33 35
51 52
103 108
287 292
387 388
328 329
420 421
261 266
313 322
353 358
397 401
246 250
176 182
354 359
187 191
198 200
427 428
312 316
183 189
283 285
394 399
386 395
227 231
109 114
335 340
368 374
168 172
228 232
352 356
423 425
62 65
224 225
183 184
175 180
32 33
275 276
294 298
127 130
216 217
327 331
6 7
197 203
139 140
419 423
21 23
341 342
309 319
360 364
39 40
282 283
131 132
54 56
131 141
434 435
294 302
145 161
256 257
408 409
289 290
249 263
309 314
349 350
20 22
134 142
2 4
290 291
231 232
315 320
396 403
407 412
57 61
356 357
71 72
333 337
104 105
83 91
411 414
355 370
345 347
45 55
105 106
367 371
46 56
138 139
218 229
79 80
201 204
341 345
20 21
414 415
190 194
112 113
152 158
53 54
45 50
296 297
288 293
193 195
315 319
388 389
237 238
318 321
329 330
178 179
300 303
8 15
27 28
259 262
238 239
100 107
292 295
271 272
222 230
274 277
133 149
1 2
123 126
212 213
34 36
244 245
93 94
37 41
304 305
336 337
245 246
277 278
59 65
126 127
218 219
429 430
278 279
281 284
240 243
12 16
81 88
44 48
104 108
141 157
403 404
252 253
122 125
193 194
436 437
89 91
377 378
0 1
207 223
63 66
399 402
234 442
410 411
41 47
311 316
233 235
373 376
7 8
