0.723278 0.068884 0.005938
0.733967 0.068884 0.007126
0.757720 0.068884 0.005938
0.767221 0.068884 0.004751
0.809976 0.068884 0.007126
0.819477 0.068884 0.004751
0.865796 0.068884 0.008314
0.876485 0.068884 0.008314
0.882423 0.068884 0.010689
0.580760 0.070071 0.007126
0.656770 0.070071 0.010689
0.678147 0.070071 0.008314
0.688836 0.070071 0.011876
0.695962 0.070071 0.005938
0.705463 0.070071 0.005938
0.716152 0.070071 0.005938
0.744656 0.070071 0.008314
0.775534 0.070071 0.004751
0.783848 0.070071 0.008314
0.799287 0.070071 0.008314
0.833729 0.070071 0.007126
0.855107 0.070071 0.005938
0.599762 0.071259 0.008314
0.610451 0.071259 0.004751
0.617577 0.071259 0.009501
0.629454 0.071259 0.007126
0.665083 0.071259 0.005938
0.845606 0.071259 0.007126
0.591449 0.072447 0.007126
0.641330 0.072447 0.008314
0.520190 0.073634 0.011876
0.540380 0.073634 0.007126
0.561758 0.073634 0.005938
0.570071 0.073634 0.005938
0.489311 0.074822 0.008314
0.500000 0.074822 0.008314
0.511876 0.074822 0.004751
0.528504 0.074822 0.005938
0.549881 0.074822 0.007126
0.422803 0.076010 0.008314
0.435867 0.076010 0.008314
0.458432 0.076010 0.008314
0.472684 0.076010 0.007126
0.480998 0.076010 0.004751
0.399050 0.077197 0.008314
0.409739 0.077197 0.008314
0.382423 0.078385 0.005938
0.391924 0.078385 0.004751
0.444181 0.078385 0.007126
0.371734 0.079572 0.007126
0.283848 0.080760 0.008314
0.333729 0.080760 0.004751
0.351544 0.080760 0.004751
0.361045 0.080760 0.008314
0.773159 0.080760 0.008314
0.790974 0.080760 0.005938
0.252969 0.081948 0.007126
0.305226 0.081948 0.008314
0.317102 0.081948 0.005938
0.325416 0.081948 0.004751
0.342043 0.081948 0.008314
0.738717 0.081948 0.007126
0.760095 0.081948 0.007126
0.781473 0.081948 0.005938
0.813539 0.081948 0.007126
0.825416 0.081948 0.005938
0.833729 0.081948 0.004751
0.843230 0.081948 0.005938
0.882423 0.081948 0.007126
0.241093 0.083135 0.008314
0.263658 0.083135 0.008314
0.269596 0.083135 0.009501
0.686461 0.083135 0.007126
0.723278 0.083135 0.004751
0.749406 0.083135 0.005938
0.804038 0.083135 0.005938
0.853919 0.083135 0.005938
0.871734 0.083135 0.004751
0.633017 0.084323 0.005938
0.649644 0.084323 0.010689
0.657957 0.084323 0.005938
0.669834 0.084323 0.008314
0.698337 0.084323 0.005938
0.707838 0.084323 0.005938
0.862233 0.084323 0.005938
0.216152 0.085511 0.005938
0.574822 0.085511 0.007126
0.593824 0.085511 0.007126
0.603325 0.085511 0.007126
0.612827 0.085511 0.007126
0.623515 0.085511 0.004751
0.642518 0.085511 0.005938
0.714964 0.085511 0.004751
0.175772 0.086698 0.004751
0.190024 0.086698 0.010689
0.204276 0.086698 0.007126
0.585511 0.086698 0.004751
0.161520 0.087886 0.010689
0.168646 0.087886 0.004751
0.228029 0.087886 0.008314
0.501188 0.087886 0.008314
0.514252 0.087886 0.007126
0.558195 0.087886 0.008314
0.149644 0.089074 0.008314
0.488124 0.089074 0.004751
0.523753 0.089074 0.007126
0.534442 0.089074 0.007126
0.545131 0.089074 0.007126
0.131829 0.090261 0.011876
0.140143 0.090261 0.004751
0.432304 0.090261 0.004751
0.452494 0.090261 0.007126
0.476247 0.090261 0.008314
0.423990 0.091449 0.004751
0.442993 0.091449 0.007126
0.463183 0.091449 0.007126
0.121140 0.092637 0.007126
0.414489 0.092637 0.007126
0.369359 0.093824 0.007126
0.378860 0.093824 0.004751
0.399050 0.093824 0.007126
0.792162 0.093824 0.005938
0.839667 0.093824 0.005938
0.349169 0.095012 0.004751
0.357482 0.095012 0.005938
0.387173 0.095012 0.007126
0.782660 0.095012 0.004751
0.802850 0.095012 0.005938
0.812352 0.095012 0.007126
0.826603 0.095012 0.008314
0.850356 0.095012 0.007126
0.871734 0.095012 0.005938
0.880048 0.095012 0.008314
0.280285 0.096200 0.005938
0.289786 0.096200 0.005938
0.312352 0.096200 0.007126
0.338480 0.096200 0.005938
0.744656 0.096200 0.004751
0.775534 0.096200 0.008314
0.862233 0.096200 0.005938
0.239905 0.097387 0.005938
0.269596 0.097387 0.005938
0.301663 0.097387 0.007126
0.321853 0.097387 0.004751
0.330166 0.097387 0.004751
0.688836 0.097387 0.008314
0.699525 0.097387 0.004751
0.706651 0.097387 0.004751
0.720903 0.097387 0.005938
0.733967 0.097387 0.008314
0.751781 0.097387 0.008314
0.763658 0.097387 0.007126
0.232779 0.098575 0.004751
0.248219 0.098575 0.007126
0.261283 0.098575 0.008314
0.674584 0.098575 0.007126
0.216152 0.099762 0.007126
0.224466 0.099762 0.005938
0.636580 0.099762 0.005938
0.644893 0.099762 0.004751
0.655582 0.099762 0.007126
0.666271 0.099762 0.004751
0.174584 0.100950 0.007126
0.185273 0.100950 0.004751
0.194774 0.100950 0.007126
0.205463 0.100950 0.005938
0.521378 0.100950 0.005938
0.561758 0.100950 0.005938
0.580760 0.100950 0.004751
0.589074 0.100950 0.005938
0.604513 0.100950 0.008314
0.616390 0.100950 0.007126
0.627078 0.100950 0.004751
0.163895 0.102138 0.007126
0.497625 0.102138 0.008314
0.508314 0.102138 0.005938
0.529691 0.102138 0.004751
0.541568 0.102138 0.007126
0.552257 0.102138 0.005938
0.570071 0.102138 0.008314
0.154394 0.103325 0.005938
0.458432 0.104513 0.007126
0.469121 0.104513 0.007126
0.482185 0.104513 0.008314
0.127078 0.105701 0.010689
0.396675 0.105701 0.007126
0.423990 0.105701 0.005938
0.432304 0.105701 0.008314
0.445368 0.105701 0.007126
0.143705 0.106888 0.007126
0.384798 0.106888 0.004751
0.404988 0.106888 0.004751
0.412114 0.106888 0.008314
0.118765 0.108076 0.005938
0.338480 0.108076 0.008314
0.349169 0.108076 0.007126
0.361045 0.108076 0.007126
0.376485 0.108076 0.007126
0.882423 0.108076 0.005938
0.273159 0.109264 0.007126
0.320665 0.109264 0.008314
0.327791 0.109264 0.004751
0.805226 0.109264 0.007126
0.817102 0.109264 0.007126
0.827791 0.109264 0.007126
0.847981 0.109264 0.007126
0.857482 0.109264 0.004751
0.874109 0.109264 0.007126
0.282660 0.110451 0.007126
0.300475 0.110451 0.011876
0.308789 0.110451 0.004751
0.706651 0.110451 0.008314
0.723278 0.110451 0.008314
0.773159 0.110451 0.008314
0.781473 0.110451 0.005938
0.792162 0.110451 0.007126
0.837292 0.110451 0.008314
0.254157 0.111639 0.005938
0.263658 0.111639 0.005938
0.623515 0.111639 0.007126
0.641330 0.111639 0.008314
0.730404 0.111639 0.004751
0.737530 0.111639 0.004751
0.748219 0.111639 0.007126
0.760095 0.111639 0.007126
0.225653 0.112827 0.007126
0.233967 0.112827 0.005938
0.243468 0.112827 0.005938
0.617577 0.112827 0.004751
0.631829 0.112827 0.004751
0.655582 0.112827 0.008314
0.195962 0.114014 0.004751
0.213777 0.114014 0.007126
0.604513 0.114014 0.008314
0.187648 0.115202 0.004751
0.201900 0.115202 0.008314
0.519002 0.115202 0.008314
0.528504 0.115202 0.007126
0.539192 0.115202 0.004751
0.578385 0.115202 0.004751
0.585511 0.115202 0.004751
0.595012 0.115202 0.005938
0.162708 0.116390 0.004751
0.169834 0.116390 0.008314
0.179335 0.116390 0.008314
0.560570 0.116390 0.005938
0.570071 0.116390 0.005938
0.153207 0.117577 0.005938
0.549881 0.117577 0.008314
0.488124 0.118765 0.005938
0.497625 0.118765 0.007126
0.507126 0.118765 0.005938
0.130641 0.119952 0.005938
0.142518 0.119952 0.008314
0.477435 0.119952 0.008314
0.121140 0.121140 0.007126
0.442993 0.121140 0.009501
0.460808 0.121140 0.008314
0.869359 0.121140 0.004751
0.877672 0.121140 0.007126
0.389549 0.122328 0.005938
0.400238 0.122328 0.007126
0.413302 0.122328 0.007126
0.429929 0.122328 0.008314
0.845606 0.122328 0.004751
0.852732 0.122328 0.004751
0.862233 0.122328 0.008314
0.358670 0.123515 0.007126
0.371734 0.123515 0.008314
0.818290 0.123515 0.005938
0.839667 0.123515 0.004751
0.347981 0.124703 0.005938
0.725653 0.124703 0.008314
0.743468 0.124703 0.005938
0.783848 0.124703 0.007126
0.794537 0.124703 0.008314
0.811164 0.124703 0.004751
0.831354 0.124703 0.008314
0.331354 0.125891 0.010689
0.339667 0.125891 0.004751
0.735154 0.125891 0.005938
0.804038 0.125891 0.004751
0.258907 0.127078 0.008314
0.270784 0.127078 0.007126
0.281473 0.127078 0.008314
0.635392 0.127078 0.008314
0.644893 0.127078 0.005938
0.659145 0.127078 0.009501
0.752969 0.127078 0.007126
0.762470 0.127078 0.005938
0.773159 0.127078 0.007126
0.241093 0.128266 0.007126
0.250594 0.128266 0.004751
0.652019 0.128266 0.011876
0.192399 0.129454 0.005938
0.201900 0.129454 0.005938
0.210214 0.129454 0.008314
0.228029 0.129454 0.009501
0.608076 0.129454 0.007126
0.616390 0.129454 0.004751
0.623515 0.129454 0.004751
0.547506 0.130641 0.007126
0.584323 0.130641 0.008314
0.596200 0.130641 0.007126
0.165083 0.131829 0.005938
0.173397 0.131829 0.004751
0.181710 0.131829 0.005938
0.535629 0.131829 0.005938
0.560570 0.131829 0.008314
0.572447 0.131829 0.004751
0.119952 0.133017 0.005938
0.150831 0.133017 0.008314
0.503563 0.133017 0.008314
0.527316 0.133017 0.013064
0.885986 0.133017 0.009501
0.129454 0.134204 0.007126
0.140143 0.134204 0.005938
0.489311 0.134204 0.008314
0.516627 0.134204 0.008314
0.402613 0.135392 0.008314
0.418052 0.135392 0.007126
0.428741 0.135392 0.005938
0.441805 0.135392 0.008314
0.450119 0.135392 0.004751
0.470309 0.135392 0.007126
0.479810 0.135392 0.005938
0.875297 0.135392 0.008314
0.395487 0.136580 0.004751
0.385986 0.137767 0.007126
0.855107 0.137767 0.007126
0.864608 0.137767 0.004751
0.334917 0.138955 0.008314
0.347981 0.138955 0.007126
0.358670 0.138955 0.007126
0.366983 0.138955 0.004751
0.375297 0.138955 0.007126
0.845606 0.138955 0.005938
0.285036 0.140143 0.007126
0.836105 0.140143 0.007126
0.274347 0.141330 0.007126
0.789786 0.141330 0.004751
0.798100 0.141330 0.005938
0.807601 0.141330 0.005938
0.242280 0.142518 0.008314
0.250594 0.142518 0.007126
0.262470 0.142518 0.008314
0.725653 0.142518 0.010689
0.742280 0.142518 0.004751
0.748219 0.142518 0.008314
0.760095 0.142518 0.007126
0.770784 0.142518 0.005938
0.781473 0.142518 0.005938
0.824228 0.142518 0.005938
0.198337 0.143705 0.005938
0.209026 0.143705 0.005938
0.219715 0.143705 0.005938
0.616390 0.143705 0.005938
0.711401 0.143705 0.008314
0.732779 0.143705 0.011876
0.165083 0.144893 0.004751
0.174584 0.144893 0.007126
0.188836 0.144893 0.007126
0.230404 0.144893 0.008314
0.608076 0.144893 0.004751
0.625891 0.144893 0.008314
0.636580 0.144893 0.005938
0.644893 0.144893 0.005938
0.655582 0.144893 0.008314
0.156770 0.146081 0.005938
0.600950 0.146081 0.008314
0.118765 0.147268 0.008314
0.131829 0.147268 0.005938
0.140143 0.147268 0.004751
0.148456 0.147268 0.007126
0.542755 0.147268 0.010689
0.558195 0.147268 0.008314
0.567696 0.147268 0.004751
0.587886 0.147268 0.007126
0.491686 0.148456 0.004751
0.533254 0.148456 0.005938
0.577197 0.148456 0.008314
0.470309 0.149644 0.008314
0.483373 0.149644 0.005938
0.500000 0.149644 0.005938
0.510689 0.149644 0.005938
0.524941 0.149644 0.008314
0.444181 0.150831 0.005938
0.456057 0.150831 0.007126
0.877672 0.150831 0.009501
0.406176 0.152019 0.008314
0.419240 0.152019 0.008314
0.435867 0.152019 0.005938
0.857482 0.152019 0.008314
0.864608 0.152019 0.004751
0.395487 0.153207 0.007126
0.338480 0.154394 0.010689
0.346793 0.154394 0.005938
0.356295 0.154394 0.007126
0.368171 0.154394 0.007126
0.377672 0.154394 0.004751
0.384798 0.154394 0.008314
0.780285 0.154394 0.007126
0.819477 0.154394 0.004751
0.832542 0.154394 0.008314
0.845606 0.154394 0.009501
0.748219 0.155582 0.008314
0.755344 0.155582 0.008314
0.790974 0.155582 0.004751
0.798100 0.155582 0.004751
0.807601 0.155582 0.008314
0.188836 0.156770 0.004751
0.209026 0.156770 0.007126
0.225653 0.156770 0.004751
0.279097 0.156770 0.009501
0.737530 0.156770 0.004751
0.766033 0.156770 0.009501
0.159145 0.157957 0.008314
0.169834 0.157957 0.008314
0.180523 0.157957 0.004751
0.197150 0.157957 0.008314
0.217340 0.157957 0.011876
0.244656 0.157957 0.007126
0.267221 0.157957 0.008314
0.719715 0.157957 0.007126
0.729216 0.157957 0.005938
0.257720 0.159145 0.007126
0.630641 0.159145 0.008314
0.650831 0.159145 0.007126
0.709026 0.159145 0.007126
0.612827 0.160333 0.008314
0.621140 0.160333 0.004751
0.600950 0.161520 0.007126
0.118765 0.162708 0.008314
0.535629 0.162708 0.008314
0.572447 0.162708 0.007126
0.583135 0.162708 0.004751
0.507126 0.163895 0.005938
0.516627 0.163895 0.005938
0.524941 0.163895 0.004751
0.541568 0.163895 0.004751
0.551069 0.163895 0.005938
0.560570 0.163895 0.007126
0.494062 0.165083 0.008314
0.880048 0.165083 0.003563
0.889549 0.165083 0.008314
0.431116 0.166271 0.005938
0.441805 0.166271 0.008314
0.452494 0.166271 0.007126
0.461995 0.166271 0.005938
0.471496 0.166271 0.004751
0.479810 0.166271 0.010689
0.872922 0.166271 0.008314
0.422803 0.167458 0.004751
0.862233 0.167458 0.007126
0.366983 0.168646 0.008314
0.388361 0.168646 0.004751
0.402613 0.168646 0.007126
0.843230 0.168646 0.005938
0.281473 0.169834 0.008314
0.337292 0.169834 0.007126
0.346793 0.169834 0.005938
0.355107 0.169834 0.007126
0.381235 0.169834 0.010689
0.414489 0.169834 0.008314
0.832542 0.169834 0.008314
0.851544 0.169834 0.004751
0.261283 0.171021 0.008314
0.273159 0.171021 0.004751
0.766033 0.171021 0.007126
0.776722 0.171021 0.007126
0.786223 0.171021 0.004751
0.820665 0.171021 0.008314
0.738717 0.172209 0.008314
0.756532 0.172209 0.005938
0.795724 0.172209 0.005938
0.805226 0.172209 0.005938
0.147268 0.173397 0.005938
0.162708 0.173397 0.004751
0.169834 0.173397 0.008314
0.194774 0.173397 0.007126
0.203088 0.173397 0.004751
0.213777 0.173397 0.005938
0.222090 0.173397 0.004751
0.242280 0.173397 0.010689
0.701900 0.173397 0.008314
0.713777 0.173397 0.004751
0.748219 0.173397 0.005938
0.130641 0.174584 0.004751
0.155582 0.174584 0.004751
0.181710 0.174584 0.008314
0.250594 0.174584 0.005938
0.650831 0.174584 0.007126
0.668646 0.174584 0.005938
0.722090 0.174584 0.005938
0.730404 0.174584 0.004751
0.118765 0.175772 0.008314
0.586698 0.175772 0.007126
0.606888 0.175772 0.004751
0.615202 0.175772 0.004751
0.622328 0.175772 0.004751
0.641330 0.175772 0.007126
0.629454 0.176960 0.005938
0.520190 0.178147 0.007126
0.555819 0.178147 0.007126
0.568884 0.178147 0.008314
0.501188 0.179335 0.008314
0.507126 0.179335 0.008314
0.530879 0.179335 0.007126
0.542755 0.179335 0.008314
0.595012 0.179335 0.008314
0.888361 0.179335 0.004751
0.475059 0.180523 0.007126
0.488124 0.180523 0.008314
0.882423 0.180523 0.010689
0.456057 0.181710 0.005938
0.464371 0.181710 0.005938
0.856295 0.181710 0.004751
0.864608 0.181710 0.005938
0.872922 0.181710 0.005938
0.372922 0.182898 0.004751
0.415677 0.182898 0.008314
0.438242 0.182898 0.007126
0.447743 0.182898 0.004751
0.363420 0.184086 0.008314
0.387173 0.184086 0.005938
0.397862 0.184086 0.007126
0.407363 0.184086 0.005938
0.426366 0.184086 0.007126
0.845606 0.184086 0.008314
0.330166 0.185273 0.011876
0.347981 0.185273 0.007126
0.820665 0.185273 0.004751
0.838480 0.185273 0.004751
0.223278 0.186461 0.008314
0.252969 0.186461 0.008314
0.267221 0.186461 0.005938
0.338480 0.186461 0.005938
0.811164 0.186461 0.005938
0.826603 0.186461 0.004751
0.150831 0.187648 0.005938
0.161520 0.187648 0.008314
0.200713 0.187648 0.008314
0.211401 0.187648 0.008314
0.771971 0.187648 0.008314
0.783848 0.187648 0.004751
0.804038 0.187648 0.005938
0.134204 0.188836 0.004751
0.142518 0.188836 0.004751
0.171021 0.188836 0.007126
0.180523 0.188836 0.005938
0.191211 0.188836 0.005938
0.235154 0.188836 0.004751
0.649644 0.188836 0.005938
0.665083 0.188836 0.009501
0.725653 0.188836 0.008314
0.735154 0.188836 0.004751
0.743468 0.188836 0.004751
0.794537 0.188836 0.007126
0.117577 0.190024 0.005938
0.125891 0.190024 0.004751
0.627078 0.190024 0.005938
0.641330 0.190024 0.010689
0.710214 0.190024 0.009501
0.749406 0.190024 0.004751
0.756532 0.190024 0.010689
0.596200 0.191211 0.004751
0.615202 0.191211 0.008314
0.676960 0.191211 0.008314
0.686461 0.191211 0.007126
0.586698 0.192399 0.005938
0.604513 0.192399 0.005938
0.698337 0.192399 0.009501
0.500000 0.193587 0.005938
0.511876 0.193587 0.008314
0.524941 0.193587 0.005938
0.542755 0.193587 0.010689
0.557007 0.193587 0.004751
0.565321 0.193587 0.007126
0.576010 0.193587 0.008314
0.884798 0.193587 0.007126
0.534442 0.194774 0.004751
0.548694 0.194774 0.004751
0.862233 0.194774 0.005938
0.870546 0.194774 0.004751
0.876485 0.194774 0.004751
0.432304 0.195962 0.008314
0.450119 0.195962 0.005938
0.459620 0.195962 0.005938
0.490499 0.195962 0.008314
0.851544 0.195962 0.008314
0.364608 0.197150 0.004751
0.440618 0.197150 0.007126
0.469121 0.197150 0.004751
0.478622 0.197150 0.007126
0.843230 0.197150 0.008314
0.356295 0.198337 0.007126
0.263658 0.199525 0.005938
0.301663 0.199525 0.008314
0.319477 0.199525 0.005938
0.345606 0.199525 0.004751
0.371734 0.199525 0.008314
0.410926 0.199525 0.008314
0.820665 0.199525 0.008314
0.831354 0.199525 0.007126
0.127078 0.200713 0.004751
0.247031 0.200713 0.004751
0.255344 0.200713 0.005938
0.326603 0.200713 0.008314
0.336105 0.200713 0.005938
0.400238 0.200713 0.007126
0.808789 0.200713 0.004751
0.142518 0.201900 0.005938
0.150831 0.201900 0.004751
0.190024 0.201900 0.005938
0.206651 0.201900 0.008314
0.218527 0.201900 0.005938
0.777910 0.201900 0.010689
0.785036 0.201900 0.004751
0.800475 0.201900 0.004751
0.115202 0.203088 0.008314
0.159145 0.203088 0.005938
0.168646 0.203088 0.005938
0.179335 0.203088 0.007126
0.198337 0.203088 0.004751
0.731591 0.204276 0.005938
0.766033 0.204276 0.008314
0.709026 0.205463 0.004751
0.718527 0.205463 0.008314
0.741093 0.205463 0.007126
0.752969 0.205463 0.005938
0.612827 0.206651 0.007126
0.634204 0.206651 0.007126
0.643705 0.206651 0.008314
0.654394 0.206651 0.007126
0.665083 0.206651 0.005938
0.678147 0.206651 0.007126
0.527316 0.207838 0.005938
0.536817 0.207838 0.008314
0.549881 0.207838 0.005938
0.600950 0.207838 0.007126
0.622328 0.207838 0.004751
0.694774 0.207838 0.008314
0.515439 0.209026 0.008314
0.558195 0.209026 0.004751
0.567696 0.209026 0.007126
0.578385 0.209026 0.005938
0.880048 0.209026 0.004751
0.503563 0.210214 0.008314
0.589074 0.210214 0.005938
0.871734 0.210214 0.005938
0.484561 0.211401 0.005938
0.494062 0.211401 0.005938
0.853919 0.211401 0.007126
0.863420 0.211401 0.004751
0.350356 0.212589 0.008314
0.422803 0.212589 0.007126
0.475059 0.212589 0.005938
0.843230 0.212589 0.007126
0.251781 0.213777 0.008314
0.319477 0.213777 0.005938
0.362233 0.213777 0.004751
0.371734 0.213777 0.011876
0.378860 0.213777 0.013064
0.388361 0.213777 0.004751
0.409739 0.213777 0.007126
0.433492 0.213777 0.007126
0.444181 0.213777 0.007126
0.454869 0.213777 0.005938
0.465558 0.213777 0.005938
0.819477 0.213777 0.004751
0.832542 0.213777 0.004751
0.148456 0.214964 0.005938
0.261283 0.214964 0.007126
0.271971 0.214964 0.004751
0.305226 0.214964 0.004751
0.327791 0.214964 0.010689
0.342043 0.214964 0.005938
0.399050 0.214964 0.008314
0.156770 0.216152 0.005938
0.168646 0.216152 0.007126
0.198337 0.216152 0.007126
0.210214 0.216152 0.008314
0.228029 0.216152 0.005938
0.237530 0.216152 0.007126
0.279097 0.216152 0.010689
0.295724 0.216152 0.008314
0.788599 0.216152 0.005938
0.811164 0.216152 0.005938
0.116390 0.217340 0.008314
0.130641 0.217340 0.010689
0.138955 0.217340 0.005938
0.188836 0.217340 0.004751
0.217340 0.217340 0.008314
0.773159 0.217340 0.004751
0.800475 0.217340 0.007126
0.179335 0.218527 0.005938
0.729216 0.218527 0.005938
0.741093 0.218527 0.008314
0.764846 0.218527 0.007126
0.684086 0.219715 0.008314
0.749406 0.219715 0.011876
0.627078 0.220903 0.008314
0.636580 0.220903 0.004751
0.646081 0.220903 0.008314
0.673397 0.220903 0.010689
0.701900 0.220903 0.008314
0.711401 0.220903 0.005938
0.720903 0.220903 0.005938
0.616390 0.222090 0.008314
0.562945 0.223278 0.008314
0.606888 0.223278 0.007126
0.548694 0.224466 0.007126
0.577197 0.224466 0.008314
0.591449 0.224466 0.010689
0.451306 0.225653 0.005938
0.505938 0.225653 0.008314
0.528504 0.225653 0.005938
0.538005 0.225653 0.007126
0.408551 0.226841 0.007126
0.460808 0.226841 0.004751
0.469121 0.226841 0.008314
0.480998 0.226841 0.008314
0.494062 0.226841 0.004751
0.517815 0.226841 0.008314
0.395487 0.228029 0.009501
0.418052 0.228029 0.007126
0.429929 0.228029 0.008314
0.441805 0.228029 0.005938
0.197150 0.229216 0.011876
0.345606 0.229216 0.008314
0.356295 0.229216 0.008314
0.366983 0.229216 0.008314
0.224466 0.230404 0.004751
0.254157 0.230404 0.007126
0.264846 0.230404 0.007126
0.275534 0.230404 0.005938
0.283848 0.230404 0.008314
0.336105 0.230404 0.005938
0.388361 0.230404 0.008314
0.134204 0.231591 0.004751
0.142518 0.231591 0.008314
0.152019 0.231591 0.007126
0.162708 0.231591 0.007126
0.182898 0.231591 0.004751
0.205463 0.231591 0.007126
0.214964 0.231591 0.005938
0.294537 0.231591 0.007126
0.112827 0.232779 0.007126
0.124703 0.232779 0.008314
0.172209 0.232779 0.007126
0.242280 0.232779 0.008314
0.305226 0.232779 0.008314
0.318290 0.232779 0.008314
0.688836 0.235154 0.010689
