0.657957 0.068884 0.008314
0.680523 0.068884 0.008314
0.725653 0.068884 0.008314
0.736342 0.068884 0.008314
0.618765 0.070071 0.007126
0.636580 0.070071 0.013064
0.646081 0.070071 0.007126
0.668646 0.070071 0.005938
0.695962 0.070071 0.008314
0.825416 0.070071 0.005938
0.855107 0.070071 0.010689
0.868171 0.070071 0.007126
0.878860 0.070071 0.005938
0.597387 0.071259 0.008314
0.606888 0.071259 0.005938
0.629454 0.071259 0.004751
0.706651 0.071259 0.004751
0.717340 0.071259 0.008314
0.751781 0.071259 0.008314
0.762470 0.071259 0.005938
0.771971 0.071259 0.007126
0.801663 0.071259 0.008314
0.814727 0.071259 0.008314
0.834917 0.071259 0.004751
0.849169 0.071259 0.004751
0.540380 0.072447 0.005938
0.549881 0.072447 0.004751
0.559382 0.072447 0.007126
0.567696 0.072447 0.008314
0.782660 0.072447 0.007126
0.792162 0.072447 0.005938
0.497625 0.073634 0.005938
0.507126 0.073634 0.005938
0.515439 0.073634 0.004751
0.528504 0.073634 0.008314
0.579572 0.073634 0.008314
0.421615 0.074822 0.008314
0.452494 0.074822 0.010689
0.469121 0.074822 0.007126
0.486936 0.074822 0.007126
0.412114 0.076010 0.004751
0.476247 0.076010 0.008314
0.319477 0.077197 0.005938
0.358670 0.077197 0.013064
0.382423 0.077197 0.004751
0.402613 0.077197 0.007126
0.437055 0.077197 0.009501
0.458432 0.077197 0.008314
0.289786 0.078385 0.008314
0.302850 0.078385 0.010689
0.311164 0.078385 0.004751
0.340855 0.078385 0.008314
0.350356 0.078385 0.005938
0.371734 0.078385 0.008314
0.390736 0.078385 0.008314
0.269596 0.079572 0.007126
0.205463 0.080760 0.008314
0.225653 0.080760 0.013064
0.238717 0.080760 0.008314
0.248219 0.080760 0.007126
0.258907 0.080760 0.007126
0.279097 0.080760 0.004751
0.327791 0.080760 0.009501
0.191211 0.081948 0.007126
0.217340 0.081948 0.004751
0.163895 0.083135 0.008314
0.175772 0.083135 0.008314
0.152019 0.084323 0.005938
0.641330 0.084323 0.004751
0.662708 0.084323 0.007126
0.685273 0.084323 0.007126
0.694774 0.084323 0.005938
0.815914 0.084323 0.008314
0.877672 0.084323 0.008314
0.142518 0.085511 0.007126
0.614014 0.085511 0.008314
0.649644 0.085511 0.007126
0.703088 0.085511 0.005938
0.716152 0.085511 0.008314
0.737530 0.085511 0.005938
0.761283 0.085511 0.005938
0.769596 0.085511 0.004751
0.779097 0.085511 0.007126
0.793349 0.085511 0.007126
0.826603 0.085511 0.005938
0.844418 0.085511 0.004751
0.855107 0.085511 0.008314
0.866983 0.085511 0.008314
0.119952 0.086698 0.008314
0.130641 0.086698 0.005938
0.539192 0.086698 0.007126
0.625891 0.086698 0.008314
0.635392 0.086698 0.004751
0.726841 0.086698 0.008314
0.751781 0.086698 0.008314
0.804038 0.086698 0.004751
0.837292 0.086698 0.008314
0.520190 0.087886 0.008314
0.548694 0.087886 0.008314
0.560570 0.087886 0.005938
0.592637 0.087886 0.007126
0.600950 0.087886 0.007126
0.497625 0.089074 0.008314
0.509501 0.089074 0.008314
0.529691 0.089074 0.004751
0.572447 0.089074 0.008314
0.581948 0.089074 0.007126
0.469121 0.090261 0.005938
0.420428 0.091449 0.007126
0.432304 0.091449 0.007126
0.450119 0.091449 0.005938
0.460808 0.091449 0.005938
0.482185 0.091449 0.008314
0.407363 0.092637 0.005938
0.440618 0.092637 0.005938
0.320665 0.093824 0.004751
0.330166 0.093824 0.008314
0.346793 0.093824 0.007126
0.370546 0.093824 0.005938
0.388361 0.093824 0.005938
0.397862 0.093824 0.005938
0.219715 0.095012 0.004751
0.273159 0.095012 0.008314
0.285036 0.095012 0.010689
0.301663 0.095012 0.008314
0.358670 0.095012 0.008314
0.378860 0.095012 0.008314
0.176960 0.096200 0.008314
0.188836 0.096200 0.004751
0.198337 0.096200 0.007126
0.211401 0.096200 0.010689
0.228029 0.096200 0.005938
0.261283 0.096200 0.008314
0.168646 0.097387 0.009501
0.243468 0.097387 0.007126
0.154394 0.098575 0.005938
0.162708 0.098575 0.004751
0.135392 0.099762 0.004751
0.144893 0.099762 0.007126
0.661520 0.099762 0.005938
0.671021 0.099762 0.004751
0.680523 0.099762 0.005938
0.698337 0.099762 0.004751
0.838480 0.099762 0.010689
0.846793 0.099762 0.004751
0.872922 0.099762 0.007126
0.882423 0.099762 0.007126
0.705463 0.100950 0.011876
0.717340 0.100950 0.007126
0.729216 0.100950 0.007126
0.795724 0.100950 0.010689
0.809976 0.100950 0.007126
0.853919 0.100950 0.005938
0.863420 0.100950 0.004751
0.116390 0.102138 0.008314
0.640143 0.102138 0.005938
0.650831 0.102138 0.007126
0.687648 0.102138 0.011876
0.737530 0.102138 0.005938
0.747031 0.102138 0.008314
0.760095 0.102138 0.008314
0.775534 0.102138 0.008314
0.787411 0.102138 0.004751
0.824228 0.102138 0.009501
0.612827 0.103325 0.005938
0.621140 0.103325 0.008314
0.631829 0.103325 0.005938
0.592637 0.104513 0.004751
0.602138 0.104513 0.008314
0.488124 0.105701 0.007126
0.507126 0.105701 0.005938
0.516627 0.105701 0.005938
0.547506 0.105701 0.005938
0.567696 0.105701 0.007126
0.580760 0.105701 0.008314
0.463183 0.106888 0.008314
0.473872 0.106888 0.008314
0.496437 0.106888 0.005938
0.527316 0.106888 0.008314
0.539192 0.106888 0.008314
0.558195 0.106888 0.008314
0.403800 0.108076 0.011876
0.412114 0.108076 0.005938
0.422803 0.108076 0.007126
0.434679 0.108076 0.008314
0.448931 0.108076 0.008314
0.336105 0.109264 0.011876
0.343230 0.109264 0.005938
0.368171 0.109264 0.008314
0.380048 0.109264 0.008314
0.391924 0.109264 0.007126
0.216152 0.110451 0.007126
0.228029 0.110451 0.008314
0.239905 0.110451 0.005938
0.248219 0.110451 0.005938
0.267221 0.110451 0.004751
0.283848 0.110451 0.008314
0.311164 0.110451 0.007126
0.320665 0.110451 0.008314
0.352732 0.110451 0.008314
0.199525 0.111639 0.008314
0.258907 0.111639 0.005938
0.296912 0.111639 0.008314
0.169834 0.112827 0.007126
0.182898 0.112827 0.009501
0.157957 0.114014 0.009501
0.866983 0.114014 0.008314
0.853919 0.115202 0.010689
0.859857 0.115202 0.010689
0.878860 0.115202 0.008314
0.142518 0.116390 0.005938
0.657957 0.116390 0.013064
0.760095 0.116390 0.005938
0.770784 0.116390 0.008314
0.844418 0.116390 0.008314
0.116390 0.117577 0.008314
0.134204 0.117577 0.004751
0.627078 0.117577 0.008314
0.637767 0.117577 0.005938
0.718527 0.117577 0.008314
0.729216 0.117577 0.008314
0.750594 0.117577 0.005938
0.785036 0.117577 0.008314
0.796912 0.117577 0.005938
0.805226 0.117577 0.005938
0.815914 0.117577 0.005938
0.825416 0.117577 0.004751
0.832542 0.117577 0.008314
0.647268 0.118765 0.008314
0.707838 0.118765 0.008314
0.741093 0.118765 0.005938
0.598575 0.119952 0.008314
0.609264 0.119952 0.008314
0.542755 0.121140 0.008314
0.566508 0.121140 0.008314
0.576010 0.121140 0.005938
0.587886 0.121140 0.007126
0.412114 0.122328 0.005938
0.533254 0.122328 0.005938
0.554632 0.122328 0.005938
0.402613 0.123515 0.005938
0.446556 0.123515 0.008314
0.457245 0.123515 0.005938
0.478622 0.123515 0.008314
0.489311 0.123515 0.007126
0.500000 0.123515 0.008314
0.513064 0.123515 0.008314
0.523753 0.123515 0.007126
0.391924 0.124703 0.008314
0.421615 0.124703 0.008314
0.467933 0.124703 0.008314
0.269596 0.125891 0.004751
0.356295 0.125891 0.008314
0.368171 0.125891 0.007126
0.377672 0.125891 0.007126
0.434679 0.125891 0.008314
0.252969 0.127078 0.010689
0.277910 0.127078 0.011876
0.203088 0.128266 0.008314
0.217340 0.128266 0.008314
0.228029 0.128266 0.008314
0.236342 0.128266 0.011876
0.172209 0.129454 0.008314
0.185273 0.129454 0.008314
0.193587 0.129454 0.004751
0.150831 0.130641 0.005938
0.160333 0.130641 0.004751
0.140143 0.131829 0.008314
0.813539 0.131829 0.007126
0.844418 0.131829 0.007126
0.127078 0.133017 0.007126
0.781473 0.133017 0.008314
0.792162 0.133017 0.007126
0.802850 0.133017 0.008314
0.825416 0.133017 0.008314
0.832542 0.133017 0.004751
0.855107 0.133017 0.004751
0.863420 0.133017 0.008314
0.872922 0.133017 0.004751
0.726841 0.134204 0.008314
0.714964 0.135392 0.008314
0.735154 0.135392 0.005938
0.744656 0.135392 0.005938
0.755344 0.135392 0.005938
0.766033 0.135392 0.008314
0.115202 0.136580 0.008314
0.622328 0.136580 0.008314
0.630641 0.136580 0.005938
0.653207 0.136580 0.009501
0.612827 0.137767 0.004751
0.641330 0.137767 0.008314
0.571259 0.138955 0.005938
0.394299 0.140143 0.005938
0.539192 0.140143 0.005938
0.551069 0.140143 0.007126
0.561758 0.140143 0.005938
0.578385 0.140143 0.008314
0.589074 0.140143 0.007126
0.602138 0.140143 0.008314
0.403800 0.141330 0.005938
0.412114 0.141330 0.004751
0.426366 0.141330 0.008314
0.440618 0.141330 0.008314
0.497625 0.141330 0.005938
0.508314 0.141330 0.007126
0.517815 0.141330 0.004751
0.527316 0.141330 0.007126
0.454869 0.142518 0.008314
0.478622 0.142518 0.007126
0.488124 0.142518 0.005938
0.884798 0.142518 0.008314
0.276722 0.143705 0.005938
0.339667 0.143705 0.008314
0.349169 0.143705 0.005938
0.378860 0.143705 0.010689
0.384798 0.143705 0.010689
0.466746 0.143705 0.007126
0.874109 0.143705 0.008314
0.201900 0.144893 0.005938
0.220903 0.144893 0.007126
0.231591 0.144893 0.005938
0.242280 0.144893 0.005938
0.263658 0.144893 0.007126
0.358670 0.144893 0.005938
0.366983 0.144893 0.007126
0.863420 0.144893 0.005938
0.117577 0.146081 0.017815
0.191211 0.146081 0.008314
0.210214 0.146081 0.008314
0.252969 0.146081 0.007126
0.163895 0.147268 0.007126
0.175772 0.147268 0.008314
0.843230 0.147268 0.008314
0.852732 0.147268 0.008314
0.152019 0.148456 0.007126
0.777910 0.148456 0.005938
0.817102 0.148456 0.007126
0.826603 0.148456 0.008314
0.833729 0.148456 0.011876
0.129454 0.149644 0.008314
0.141330 0.149644 0.005938
0.733967 0.149644 0.005938
0.742280 0.149644 0.005938
0.750594 0.149644 0.004751
0.768409 0.149644 0.005938
0.789786 0.149644 0.004751
0.796912 0.149644 0.008314
0.806413 0.149644 0.005938
0.714964 0.150831 0.008314
0.725653 0.150831 0.008314
0.757720 0.150831 0.008314
0.611639 0.152019 0.007126
0.623515 0.152019 0.007126
0.633017 0.152019 0.005938
0.642518 0.152019 0.007126
0.654394 0.152019 0.007126
0.532067 0.154394 0.008314
0.555819 0.154394 0.007126
0.568884 0.154394 0.008314
0.590261 0.154394 0.004751
0.599762 0.154394 0.005938
0.503563 0.155582 0.004751
0.516627 0.155582 0.008314
0.580760 0.155582 0.007126
0.282660 0.156770 0.013064
0.403800 0.156770 0.007126
0.484561 0.156770 0.008314
0.496437 0.156770 0.008314
0.542755 0.156770 0.007126
0.357482 0.157957 0.007126
0.369359 0.157957 0.005938
0.378860 0.157957 0.007126
0.391924 0.157957 0.008314
0.418052 0.157957 0.008314
0.432304 0.157957 0.008314
0.445368 0.157957 0.007126
0.464371 0.157957 0.004751
0.472684 0.157957 0.005938
0.347981 0.159145 0.008314
0.456057 0.159145 0.005938
0.229216 0.160333 0.009501
0.243468 0.160333 0.008314
0.251781 0.160333 0.004751
0.260095 0.160333 0.008314
0.271971 0.160333 0.005938
0.337292 0.160333 0.008314
0.859857 0.161520 0.004751
0.870546 0.161520 0.007126
0.880048 0.161520 0.008314
0.168646 0.162708 0.005938
0.179335 0.162708 0.008314
0.190024 0.162708 0.005938
0.203088 0.162708 0.008314
0.216152 0.162708 0.007126
0.838480 0.162708 0.004751
0.160333 0.163895 0.008314
0.745843 0.163895 0.008314
0.756532 0.163895 0.004751
0.789786 0.163895 0.008314
0.828979 0.163895 0.007126
0.852732 0.163895 0.004751
0.150831 0.165083 0.005938
0.729216 0.165083 0.005938
0.770784 0.165083 0.005938
0.780285 0.165083 0.004751
0.799287 0.165083 0.007126
0.809976 0.165083 0.005938
0.819477 0.165083 0.007126
0.638955 0.166271 0.008314
0.710214 0.166271 0.005938
0.720903 0.166271 0.007126
0.123515 0.167458 0.007126
0.137767 0.167458 0.007126
0.649644 0.167458 0.004751
0.656770 0.167458 0.004751
0.663895 0.167458 0.010689
0.114014 0.168646 0.007126
0.598575 0.168646 0.008314
0.609264 0.168646 0.008314
0.621140 0.168646 0.008314
0.629454 0.168646 0.004751
0.555819 0.169834 0.008314
0.565321 0.169834 0.005938
0.515439 0.171021 0.004751
0.533254 0.171021 0.008314
0.545131 0.171021 0.005938
0.578385 0.171021 0.008314
0.366983 0.172209 0.007126
0.400238 0.172209 0.007126
0.409739 0.172209 0.005938
0.421615 0.172209 0.007126
0.457245 0.172209 0.008314
0.475059 0.172209 0.010689
0.482185 0.172209 0.004751
0.522565 0.172209 0.010689
0.585511 0.172209 0.008314
0.332542 0.173397 0.008314
0.355107 0.173397 0.008314
0.377672 0.173397 0.007126
0.431116 0.173397 0.008314
0.446556 0.173397 0.005938
0.491686 0.173397 0.008314
0.504751 0.173397 0.008314
0.344418 0.174584 0.005938
0.388361 0.174584 0.008314
0.252969 0.175772 0.007126
0.263658 0.175772 0.007126
0.273159 0.175772 0.007126
0.283848 0.175772 0.008314
0.206651 0.176960 0.007126
0.872922 0.176960 0.010689
0.880048 0.176960 0.009501
0.179335 0.178147 0.005938
0.187648 0.178147 0.004751
0.197150 0.178147 0.007126
0.219715 0.178147 0.008314
0.232779 0.178147 0.007126
0.244656 0.178147 0.008314
0.156770 0.179335 0.005938
0.168646 0.179335 0.008314
0.834917 0.179335 0.004751
0.850356 0.179335 0.008314
0.127078 0.180523 0.007126
0.137767 0.180523 0.005938
0.147268 0.180523 0.005938
0.819477 0.180523 0.004751
0.826603 0.180523 0.010689
0.769596 0.181710 0.008314
0.809976 0.181710 0.005938
0.641330 0.182898 0.007126
0.707838 0.182898 0.005938
0.741093 0.182898 0.010689
0.754157 0.182898 0.010689
0.783848 0.182898 0.007126
0.794537 0.182898 0.004751
0.801663 0.182898 0.004751
0.112827 0.184086 0.008314
0.650831 0.184086 0.005938
0.662708 0.184086 0.008314
0.672209 0.184086 0.008314
0.682898 0.184086 0.008314
0.718527 0.184086 0.008314
0.730404 0.184086 0.008314
0.579572 0.186461 0.004751
0.623515 0.186461 0.008314
0.630641 0.186461 0.008314
0.562945 0.187648 0.004751
0.571259 0.187648 0.005938
0.590261 0.187648 0.007126
0.598575 0.187648 0.009501
0.611639 0.187648 0.005938
0.421615 0.188836 0.005938
0.432304 0.188836 0.007126
0.445368 0.188836 0.008314
0.460808 0.188836 0.008314
0.488124 0.188836 0.008314
0.501188 0.188836 0.007126
0.554632 0.188836 0.005938
0.369359 0.190024 0.008314
0.381235 0.190024 0.005938
0.393112 0.190024 0.007126
0.404988 0.190024 0.005938
0.413302 0.190024 0.005938
0.473872 0.190024 0.008314
0.510689 0.190024 0.004751
0.519002 0.190024 0.004751
0.526128 0.190024 0.004751
0.535629 0.190024 0.004751
0.543943 0.190024 0.008314
0.332542 0.191211 0.014252
0.340855 0.192399 0.007126
0.356295 0.192399 0.008314
0.869359 0.192399 0.005938
0.877672 0.192399 0.008314
0.207838 0.193587 0.008314
0.218527 0.193587 0.007126
0.288599 0.193587 0.008314
0.321853 0.193587 0.008314
0.847981 0.193587 0.008314
0.858670 0.193587 0.004751
0.195962 0.194774 0.007126
0.229216 0.194774 0.008314
0.241093 0.194774 0.005938
0.250594 0.194774 0.004751
0.257720 0.194774 0.004751
0.266033 0.194774 0.004751
0.279097 0.194774 0.008314
0.825416 0.194774 0.010689
0.838480 0.194774 0.005938
0.185273 0.195962 0.005938
0.307601 0.195962 0.008314
0.801663 0.195962 0.004751
0.818290 0.195962 0.004751
0.130641 0.197150 0.007126
0.162708 0.197150 0.005938
0.173397 0.197150 0.007126
0.299287 0.197150 0.005938
0.768409 0.197150 0.007126
0.779097 0.197150 0.005938
0.787411 0.197150 0.007126
0.809976 0.197150 0.005938
0.111639 0.198337 0.007126
0.140143 0.198337 0.005938
0.150831 0.198337 0.007126
0.729216 0.198337 0.005938
0.757720 0.198337 0.008314
0.122328 0.199525 0.005938
0.698337 0.199525 0.007126
0.707838 0.199525 0.008314
0.718527 0.199525 0.007126
0.741093 0.199525 0.008314
0.611639 0.200713 0.004751
0.656770 0.200713 0.010689
0.676960 0.200713 0.004751
0.684086 0.200713 0.005938
0.603325 0.201900 0.008314
0.628266 0.201900 0.008314
0.641330 0.201900 0.007126
0.667458 0.201900 0.007126
0.591449 0.203088 0.008314
0.581948 0.204276 0.007126
0.384798 0.205463 0.005938
0.394299 0.205463 0.004751
0.401425 0.205463 0.011876
0.437055 0.205463 0.004751
0.453682 0.205463 0.005938
0.461995 0.205463 0.005938
0.471496 0.205463 0.005938
0.491686 0.205463 0.007126
0.501188 0.205463 0.005938
0.543943 0.205463 0.008314
0.560570 0.205463 0.008314
0.371734 0.206651 0.009501
0.410926 0.206651 0.005938
0.420428 0.206651 0.004751
0.427553 0.206651 0.010689
0.480998 0.206651 0.007126
0.511876 0.206651 0.007126
0.522565 0.206651 0.007126
0.533254 0.206651 0.004751
0.572447 0.206651 0.008314
0.349169 0.207838 0.007126
0.442993 0.207838 0.008314
0.888361 0.207838 0.009501
0.338480 0.209026 0.008314
0.359857 0.209026 0.008314
0.197150 0.210214 0.008314
0.248219 0.210214 0.005938
0.256532 0.210214 0.005938
0.268409 0.210214 0.008314
0.279097 0.210214 0.007126
0.287411 0.210214 0.004751
0.323040 0.210214 0.009501
0.871734 0.210214 0.008314
0.168646 0.211401 0.007126
0.187648 0.211401 0.005938
0.211401 0.211401 0.007126
0.220903 0.211401 0.005938
0.230404 0.211401 0.005938
0.238717 0.211401 0.005938
0.300475 0.211401 0.011876
0.308789 0.211401 0.010689
0.845606 0.211401 0.008314
0.855107 0.211401 0.013064
0.862233 0.211401 0.004751
0.129454 0.212589 0.005938
0.137767 0.212589 0.004751
0.144893 0.212589 0.008314
0.154394 0.212589 0.008314
0.179335 0.212589 0.008314
0.110451 0.213777 0.005938
0.119952 0.213777 0.005938
0.805226 0.213777 0.004751
0.814727 0.213777 0.005938
0.836105 0.213777 0.007126
0.786223 0.214964 0.005938
0.796912 0.214964 0.005938
0.825416 0.214964 0.005938
0.769596 0.216152 0.004751
0.777910 0.216152 0.005938
0.724466 0.217340 0.005938
0.735154 0.217340 0.007126
0.755344 0.217340 0.004751
0.761283 0.217340 0.004751
0.637767 0.218527 0.007126
0.654394 0.218527 0.010689
0.685273 0.218527 0.008314
0.709026 0.218527 0.004751
0.745843 0.218527 0.005938
0.610451 0.219715 0.011876
0.627078 0.219715 0.005938
0.647268 0.219715 0.004751
0.666271 0.219715 0.005938
0.676960 0.219715 0.008314
0.699525 0.219715 0.008314
0.543943 0.220903 0.008314
0.570071 0.220903 0.005938
0.580760 0.220903 0.008314
0.587886 0.220903 0.004751
0.598575 0.220903 0.008314
0.467933 0.222090 0.005938
0.476247 0.222090 0.007126
0.486936 0.222090 0.008314
0.514252 0.222090 0.008314
0.523753 0.222090 0.004751
0.530879 0.222090 0.010689
0.557007 0.222090 0.008314
0.408551 0.223278 0.008314
0.418052 0.223278 0.005938
0.427553 0.223278 0.004751
0.458432 0.223278 0.005938
0.500000 0.223278 0.008314
0.372922 0.224466 0.008314
0.385986 0.224466 0.008314
0.397862 0.224466 0.009501
0.446556 0.224466 0.008314
0.363420 0.225653 0.004751
0.110451 0.226841 0.005938
0.118765 0.226841 0.004751
0.129454 0.226841 0.007126
0.161520 0.226841 0.008314
0.248219 0.226841 0.005938
0.299287 0.226841 0.005938
0.308789 0.226841 0.005938
0.355107 0.226841 0.013064
0.140143 0.228029 0.007126
0.150831 0.228029 0.008314
0.174584 0.228029 0.007126
0.186461 0.228029 0.008314
0.198337 0.228029 0.007126
0.209026 0.228029 0.007126
0.219715 0.228029 0.005938
0.229216 0.228029 0.008314
0.238717 0.228029 0.005938
0.258907 0.228029 0.007126
0.268409 0.228029 0.008314
0.281473 0.228029 0.013064
0.289786 0.228029 0.014252
0.344418 0.228029 0.008314
