0.941805 0.002375 0.019002
0.656770 0.007126 0.024941
0.780285 0.007126 0.028504
0.668646 0.008314 0.020190
0.771971 0.008314 0.027316
0.851544 0.008314 0.020190
0.755344 0.010689 0.020190
0.878860 0.010689 0.013064
0.817102 0.011876 0.011876
0.693587 0.014252 0.013064
0.309976 0.021378 0.013064
0.374109 0.021378 0.013064
0.184086 0.023753 0.013064
0.214964 0.023753 0.020190
0.248219 0.023753 0.019002
0.275534 0.023753 0.020190
0.122328 0.026128 0.013064
0.148456 0.026128 0.020190
0.826603 0.036817 0.007126
0.804038 0.038005 0.008314
0.818290 0.038005 0.004751
0.839667 0.038005 0.008314
0.850356 0.038005 0.008314
0.781473 0.039192 0.005938
0.811164 0.039192 0.004751
0.864608 0.039192 0.005938
0.884798 0.039192 0.008314
0.294537 0.040380 0.004751
0.300475 0.040380 0.005938
0.308789 0.040380 0.004751
0.744656 0.040380 0.005938
0.752969 0.040380 0.004751
0.761283 0.040380 0.005938
0.770784 0.040380 0.005938
0.792162 0.040380 0.008314
0.615202 0.041568 0.009501
0.621140 0.041568 0.004751
0.631829 0.041568 0.008314
0.643705 0.041568 0.004751
0.650831 0.041568 0.005938
0.659145 0.041568 0.005938
0.668646 0.041568 0.005938
0.680523 0.041568 0.009501
0.716152 0.041568 0.008314
0.735154 0.041568 0.007126
0.874109 0.041568 0.007126
0.600950 0.042755 0.005938
0.687648 0.042755 0.013064
0.703088 0.042755 0.007126
0.726841 0.042755 0.008314
0.560570 0.043943 0.008314
0.590261 0.043943 0.007126
0.529691 0.045131 0.005938
0.568884 0.045131 0.004751
0.579572 0.045131 0.008314
0.500000 0.046318 0.013064
0.540380 0.046318 0.005938
0.549881 0.046318 0.007126
0.473872 0.047506 0.004751
0.491686 0.047506 0.005938
0.517815 0.047506 0.008314
0.279097 0.048694 0.008314
0.331354 0.048694 0.004751
0.416865 0.048694 0.008314
0.447743 0.048694 0.007126
0.458432 0.048694 0.005938
0.466746 0.048694 0.004751
0.482185 0.048694 0.005938
0.248219 0.049881 0.008314
0.258907 0.049881 0.004751
0.267221 0.049881 0.005938
0.313539 0.049881 0.007126
0.358670 0.049881 0.004751
0.395487 0.049881 0.009501
0.406176 0.049881 0.008314
0.437055 0.049881 0.007126
0.187648 0.051069 0.007126
0.204276 0.051069 0.004751
0.211401 0.051069 0.008314
0.223278 0.051069 0.008314
0.323040 0.051069 0.007126
0.338480 0.051069 0.010689
0.349169 0.051069 0.005938
0.159145 0.052257 0.008314
0.176960 0.052257 0.004751
0.197150 0.052257 0.005938
0.235154 0.052257 0.007126
0.292162 0.052257 0.007126
0.301663 0.052257 0.005938
0.875297 0.052257 0.004751
0.881235 0.052257 0.008314
0.168646 0.053444 0.005938
0.840855 0.053444 0.008314
0.852732 0.053444 0.008314
0.866983 0.053444 0.008314
0.764846 0.054632 0.007126
0.776722 0.054632 0.008314
0.789786 0.054632 0.007126
0.800475 0.054632 0.008314
0.813539 0.054632 0.008314
0.823040 0.054632 0.008314
0.128266 0.055819 0.005938
0.137767 0.055819 0.004751
0.147268 0.055819 0.007126
0.634204 0.055819 0.004751
0.642518 0.055819 0.007126
0.748219 0.055819 0.010689
0.654394 0.057007 0.004751
0.668646 0.057007 0.005938
0.678147 0.057007 0.005938
0.687648 0.057007 0.008314
0.755344 0.057007 0.005938
0.615202 0.058195 0.005938
0.624703 0.058195 0.007126
0.726841 0.058195 0.008314
0.737530 0.058195 0.008314
0.573634 0.059382 0.004751
0.589074 0.059382 0.004751
0.596200 0.059382 0.010689
0.606888 0.059382 0.005938
0.713777 0.059382 0.004751
0.546318 0.060570 0.004751
0.564133 0.060570 0.007126
0.579572 0.060570 0.008314
0.700713 0.060570 0.005938
0.439430 0.061758 0.008314
0.504751 0.061758 0.007126
0.526128 0.061758 0.007126
0.536817 0.061758 0.007126
0.553444 0.061758 0.007126
0.397862 0.062945 0.005938
0.406176 0.062945 0.004751
0.426366 0.062945 0.007126
0.453682 0.062945 0.009501
0.482185 0.062945 0.008314
0.494062 0.062945 0.008314
0.515439 0.062945 0.008314
0.279097 0.064133 0.005938
0.312352 0.064133 0.005938
0.357482 0.064133 0.007126
0.368171 0.064133 0.005938
0.388361 0.064133 0.004751
0.413302 0.064133 0.005938
0.459620 0.064133 0.007126
0.470309 0.064133 0.007126
0.179335 0.065321 0.005938
0.195962 0.065321 0.004751
0.212589 0.065321 0.005938
0.223278 0.065321 0.005938
0.232779 0.065321 0.005938
0.242280 0.065321 0.007126
0.255344 0.065321 0.008314
0.268409 0.065321 0.005938
0.289786 0.065321 0.005938
0.302850 0.065321 0.007126
0.347981 0.065321 0.004751
0.378860 0.065321 0.005938
0.876485 0.065321 0.004751
0.187648 0.066508 0.005938
0.203088 0.066508 0.005938
0.321853 0.066508 0.005938
0.330166 0.066508 0.004751
0.339667 0.066508 0.005938
0.839667 0.066508 0.004751
0.868171 0.066508 0.008314
0.129454 0.067696 0.007126
0.789786 0.067696 0.008314
0.819477 0.067696 0.007126
0.831354 0.067696 0.005938
0.847981 0.067696 0.007126
0.857482 0.067696 0.008314
0.144893 0.068884 0.008314
0.157957 0.068884 0.004751
0.168646 0.068884 0.007126
0.686461 0.068884 0.008314
0.776722 0.068884 0.004751
0.800475 0.068884 0.005938
0.809976 0.068884 0.004751
0.669834 0.070071 0.008314
0.725653 0.070071 0.005938
0.735154 0.070071 0.005938
0.744656 0.070071 0.005938
0.757720 0.070071 0.007126
0.768409 0.070071 0.008314
0.646081 0.071259 0.007126
0.656770 0.071259 0.008314
0.676960 0.071259 0.008314
0.699525 0.071259 0.005938
0.706651 0.071259 0.005938
0.617577 0.072447 0.007126
0.625891 0.072447 0.004751
0.634204 0.072447 0.010689
0.577197 0.073634 0.008314
0.596200 0.073634 0.004751
0.605701 0.073634 0.007126
0.542755 0.074822 0.005938
0.552257 0.074822 0.004751
0.565321 0.074822 0.004751
0.587886 0.074822 0.008314
0.533254 0.076010 0.005938
0.429929 0.077197 0.005938
0.439430 0.077197 0.008314
0.461995 0.077197 0.005938
0.473872 0.077197 0.007126
0.485748 0.077197 0.007126
0.498812 0.077197 0.007126
0.509501 0.077197 0.005938
0.521378 0.077197 0.007126
0.394299 0.078385 0.008314
0.420428 0.078385 0.005938
0.451306 0.078385 0.005938
0.191211 0.079572 0.004751
0.276722 0.079572 0.005938
0.295724 0.079572 0.005938
0.308789 0.079572 0.007126
0.318290 0.079572 0.008314
0.349169 0.079572 0.008314
0.368171 0.079572 0.007126
0.410926 0.079572 0.005938
0.162708 0.080760 0.005938
0.173397 0.080760 0.005938
0.181710 0.080760 0.005938
0.198337 0.080760 0.004751
0.207838 0.080760 0.007126
0.218527 0.080760 0.005938
0.236342 0.080760 0.004751
0.247031 0.080760 0.008314
0.258907 0.080760 0.005938
0.267221 0.080760 0.005938
0.285036 0.080760 0.007126
0.330166 0.080760 0.004751
0.338480 0.080760 0.005938
0.359857 0.080760 0.008314
0.384798 0.080760 0.008314
0.871734 0.080760 0.004751
0.880048 0.080760 0.010689
0.128266 0.081948 0.007126
0.140143 0.081948 0.007126
0.152019 0.081948 0.005938
0.228029 0.081948 0.005938
0.819477 0.081948 0.007126
0.842043 0.081948 0.008314
0.852732 0.081948 0.004751
0.863420 0.081948 0.007126
0.795724 0.083135 0.009501
0.806413 0.083135 0.008314
0.827791 0.083135 0.004751
0.834917 0.083135 0.004751
0.744656 0.084323 0.007126
0.781473 0.084323 0.005938
0.789786 0.084323 0.004751
0.771971 0.085511 0.005938
0.661520 0.086698 0.007126
0.668646 0.086698 0.010689
0.724466 0.086698 0.004751
0.760095 0.086698 0.009501
0.605701 0.087886 0.008314
0.615202 0.087886 0.005938
0.622328 0.087886 0.004751
0.650831 0.087886 0.007126
0.714964 0.087886 0.008314
0.733967 0.087886 0.013064
0.562945 0.089074 0.008314
0.577197 0.089074 0.007126
0.586698 0.089074 0.004751
0.595012 0.089074 0.005938
0.630641 0.089074 0.005938
0.641330 0.089074 0.007126
0.549881 0.090261 0.005938
0.292162 0.091449 0.004751
0.432304 0.091449 0.005938
0.539192 0.091449 0.007126
0.172209 0.092637 0.007126
0.182898 0.092637 0.004751
0.267221 0.092637 0.007126
0.282660 0.092637 0.008314
0.389549 0.092637 0.004751
0.399050 0.092637 0.005938
0.421615 0.092637 0.007126
0.450119 0.092637 0.005938
0.458432 0.092637 0.005938
0.467933 0.092637 0.005938
0.482185 0.092637 0.005938
0.509501 0.092637 0.005938
0.520190 0.092637 0.005938
0.528504 0.092637 0.004751
0.154394 0.093824 0.004751
0.192399 0.093824 0.005938
0.203088 0.093824 0.007126
0.213777 0.093824 0.007126
0.235154 0.093824 0.004751
0.254157 0.093824 0.005938
0.339667 0.093824 0.007126
0.376485 0.093824 0.004751
0.409739 0.093824 0.008314
0.439430 0.093824 0.008314
0.495249 0.093824 0.008314
0.136580 0.095012 0.004751
0.143705 0.095012 0.005938
0.162708 0.095012 0.005938
0.225653 0.095012 0.005938
0.243468 0.095012 0.005938
0.350356 0.095012 0.008314
0.366983 0.095012 0.008314
0.881235 0.095012 0.010689
0.127078 0.096200 0.007126
0.356295 0.096200 0.008314
0.874109 0.096200 0.011876
0.865796 0.097387 0.007126
0.842043 0.098575 0.009501
0.855107 0.098575 0.007126
0.806413 0.099762 0.005938
0.814727 0.099762 0.004751
0.652019 0.102138 0.005938
0.781473 0.102138 0.007126
0.792162 0.102138 0.008314
0.567696 0.103325 0.005938
0.577197 0.103325 0.004751
0.589074 0.103325 0.008314
0.630641 0.103325 0.007126
0.642518 0.103325 0.005938
0.662708 0.103325 0.008314
0.720903 0.103325 0.008314
0.741093 0.103325 0.005938
0.760095 0.103325 0.005938
0.769596 0.103325 0.008314
0.239905 0.104513 0.007126
0.547506 0.104513 0.004751
0.557007 0.104513 0.008314
0.600950 0.104513 0.008314
0.612827 0.104513 0.005938
0.621140 0.104513 0.005938
0.732779 0.104513 0.007126
0.750594 0.104513 0.007126
0.173397 0.106888 0.004751
0.180523 0.106888 0.008314
0.199525 0.106888 0.007126
0.210214 0.106888 0.007126
0.231591 0.106888 0.004751
0.282660 0.106888 0.005938
0.528504 0.106888 0.004751
0.538005 0.106888 0.005938
0.143705 0.108076 0.008314
0.162708 0.108076 0.005938
0.190024 0.108076 0.005938
0.220903 0.108076 0.007126
0.255344 0.108076 0.008314
0.266033 0.108076 0.005938
0.274347 0.108076 0.005938
0.451306 0.108076 0.008314
0.496437 0.108076 0.008314
0.508314 0.108076 0.005938
0.519002 0.108076 0.007126
0.153207 0.109264 0.005938
0.463183 0.109264 0.008314
0.483373 0.109264 0.010689
0.880048 0.109264 0.008314
0.127078 0.110451 0.011876
0.135392 0.110451 0.004751
0.342043 0.110451 0.008314
0.352732 0.110451 0.004751
0.372922 0.110451 0.007126
0.399050 0.110451 0.007126
0.408551 0.110451 0.005938
0.428741 0.110451 0.004751
0.438242 0.110451 0.007126
0.361045 0.111639 0.007126
0.419240 0.111639 0.007126
0.863420 0.111639 0.004751
0.844418 0.112827 0.007126
0.855107 0.112827 0.005938
0.871734 0.112827 0.007126
0.809976 0.114014 0.008314
0.834917 0.114014 0.007126
0.824228 0.115202 0.008314
0.798100 0.116390 0.005938
0.776722 0.117577 0.004751
0.788599 0.117577 0.007126
0.667458 0.118765 0.007126
0.716152 0.118765 0.008314
0.729216 0.118765 0.008314
0.741093 0.118765 0.008314
0.755344 0.118765 0.005938
0.767221 0.118765 0.007126
0.635392 0.119952 0.008314
0.200713 0.121140 0.007126
0.222090 0.121140 0.004751
0.545131 0.121140 0.009501
0.572447 0.121140 0.007126
0.585511 0.121140 0.009501
0.610451 0.121140 0.007126
0.622328 0.121140 0.008314
0.646081 0.121140 0.009501
0.157957 0.122328 0.004751
0.179335 0.122328 0.007126
0.190024 0.122328 0.008314
0.212589 0.122328 0.008314
0.244656 0.122328 0.005938
0.511876 0.122328 0.008314
0.527316 0.122328 0.004751
0.561758 0.122328 0.007126
0.600950 0.122328 0.008314
0.165083 0.123515 0.010689
0.228029 0.123515 0.010689
0.437055 0.123515 0.005938
0.447743 0.123515 0.007126
0.486936 0.123515 0.008314
0.501188 0.123515 0.008314
0.519002 0.123515 0.004751
0.149644 0.124703 0.004751
0.273159 0.124703 0.005938
0.353919 0.124703 0.009501
0.372922 0.124703 0.008314
0.387173 0.124703 0.008314
0.399050 0.124703 0.008314
0.458432 0.124703 0.007126
0.469121 0.124703 0.005938
0.477435 0.124703 0.005938
0.880048 0.124703 0.008314
0.142518 0.125891 0.008314
0.261283 0.125891 0.009501
0.412114 0.125891 0.007126
0.422803 0.125891 0.008314
0.871734 0.125891 0.007126
0.340855 0.127078 0.008314
0.849169 0.127078 0.007126
0.859857 0.127078 0.007126
0.127078 0.128266 0.008314
0.836105 0.128266 0.008314
0.828979 0.129454 0.004751
0.801663 0.130641 0.007126
0.811164 0.130641 0.004751
0.819477 0.130641 0.008314
0.711401 0.133017 0.011876
0.748219 0.133017 0.008314
0.760095 0.133017 0.007126
0.771971 0.133017 0.007126
0.787411 0.133017 0.009501
0.732779 0.134204 0.009501
0.671021 0.135392 0.005938
0.718527 0.135392 0.009501
0.584323 0.136580 0.010689
0.592637 0.136580 0.004751
0.598575 0.136580 0.008314
0.608076 0.136580 0.005938
0.617577 0.136580 0.009501
0.640143 0.136580 0.004751
0.661520 0.136580 0.008314
0.205463 0.137767 0.007126
0.218527 0.137767 0.007126
0.236342 0.137767 0.005938
0.526128 0.137767 0.007126
0.545131 0.137767 0.007126
0.554632 0.137767 0.009501
0.570071 0.137767 0.008314
0.578385 0.137767 0.010689
0.631829 0.137767 0.007126
0.650831 0.137767 0.008314
0.194774 0.138955 0.008314
0.226841 0.138955 0.005938
0.247031 0.138955 0.007126
0.267221 0.138955 0.007126
0.473872 0.138955 0.007126
0.485748 0.138955 0.007126
0.516627 0.138955 0.005938
0.535629 0.138955 0.005938
0.162708 0.140143 0.004751
0.172209 0.140143 0.008314
0.184086 0.140143 0.005938
0.257720 0.140143 0.005938
0.388361 0.140143 0.010689
0.444181 0.140143 0.010689
0.463183 0.140143 0.005938
0.498812 0.140143 0.005938
0.507126 0.140143 0.004751
0.880048 0.140143 0.005938
0.124703 0.141330 0.007126
0.135392 0.141330 0.004751
0.143705 0.141330 0.005938
0.154394 0.141330 0.008314
0.350356 0.141330 0.007126
0.358670 0.141330 0.010689
0.395487 0.141330 0.004751
0.402613 0.141330 0.004751
0.865796 0.141330 0.008314
0.340855 0.142518 0.005938
0.420428 0.142518 0.008314
0.852732 0.142518 0.007126
0.843230 0.143705 0.007126
0.823040 0.144893 0.005938
0.830166 0.144893 0.005938
0.796912 0.146081 0.004751
0.804038 0.146081 0.005938
0.812352 0.146081 0.007126
0.750594 0.147268 0.008314
0.769596 0.147268 0.007126
0.780285 0.147268 0.005938
0.788599 0.147268 0.004751
0.732779 0.148456 0.004751
0.739905 0.148456 0.008314
0.723278 0.149644 0.004751
0.700713 0.150831 0.008314
0.713777 0.150831 0.008314
0.273159 0.152019 0.007126
0.602138 0.152019 0.005938
0.676960 0.152019 0.008314
0.218527 0.153207 0.005938
0.228029 0.153207 0.004751
0.261283 0.153207 0.008314
0.545131 0.153207 0.005938
0.554632 0.153207 0.005938
0.591449 0.153207 0.008314
0.611639 0.153207 0.004751
0.619952 0.153207 0.008314
0.638955 0.153207 0.008314
0.653207 0.153207 0.007126
0.665083 0.153207 0.007126
0.134204 0.154394 0.004751
0.206651 0.154394 0.007126
0.236342 0.154394 0.008314
0.247031 0.154394 0.007126
0.294537 0.154394 0.007126
0.482185 0.154394 0.007126
0.494062 0.154394 0.007126
0.503563 0.154394 0.005938
0.513064 0.154394 0.007126
0.521378 0.154394 0.005938
0.533254 0.154394 0.008314
0.564133 0.154394 0.004751
0.571259 0.154394 0.004751
0.579572 0.154394 0.008314
0.864608 0.154394 0.005938
0.872922 0.154394 0.005938
0.123515 0.155582 0.005938
0.184086 0.155582 0.007126
0.195962 0.155582 0.005938
0.332542 0.155582 0.007126
0.340855 0.155582 0.004751
0.467933 0.155582 0.008314
0.856295 0.155582 0.007126
0.142518 0.156770 0.005938
0.152019 0.156770 0.005938
0.163895 0.156770 0.005938
0.172209 0.156770 0.005938
0.349169 0.156770 0.010689
0.377672 0.156770 0.008314
0.388361 0.156770 0.005938
0.414489 0.156770 0.005938
0.426366 0.156770 0.007126
0.438242 0.156770 0.007126
0.451306 0.156770 0.008314
0.838480 0.156770 0.007126
0.845606 0.156770 0.004751
0.370546 0.157957 0.004751
0.397862 0.157957 0.004751
0.406176 0.157957 0.004751
0.821853 0.157957 0.008314
0.827791 0.157957 0.004751
0.362233 0.159145 0.005938
0.806413 0.159145 0.008314
0.812352 0.159145 0.004751
0.768409 0.160333 0.007126
0.779097 0.160333 0.007126
0.789786 0.160333 0.004751
0.795724 0.160333 0.008314
0.751781 0.161520 0.004751
0.757720 0.161520 0.004751
0.732779 0.162708 0.005938
0.742280 0.162708 0.005938
0.722090 0.163895 0.007126
0.699525 0.165083 0.008314
0.712589 0.165083 0.007126
0.185273 0.166271 0.005938
0.652019 0.166271 0.008314
0.659145 0.166271 0.004751
0.666271 0.166271 0.004751
0.675772 0.166271 0.005938
0.685273 0.166271 0.007126
0.130641 0.167458 0.005938
0.142518 0.167458 0.005938
0.195962 0.167458 0.005938
0.218527 0.167458 0.007126
0.241093 0.167458 0.004751
0.250594 0.167458 0.005938
0.258907 0.167458 0.004751
0.268409 0.167458 0.005938
0.287411 0.167458 0.005938
0.535629 0.167458 0.007126
0.547506 0.167458 0.007126
0.558195 0.167458 0.007126
0.570071 0.167458 0.008314
0.584323 0.167458 0.005938
0.629454 0.167458 0.005938
0.638955 0.167458 0.005938
0.866983 0.167458 0.007126
0.876485 0.167458 0.007126
0.121140 0.168646 0.007126
0.153207 0.168646 0.004751
0.162708 0.168646 0.005938
0.171021 0.168646 0.007126
0.206651 0.168646 0.007126
0.230404 0.168646 0.007126
0.277910 0.168646 0.005938
0.296912 0.168646 0.005938
0.307601 0.168646 0.008314
0.315914 0.168646 0.004751
0.323040 0.168646 0.004751
0.384798 0.168646 0.004751
0.488124 0.168646 0.005938
0.497625 0.168646 0.008314
0.508314 0.168646 0.007126
0.517815 0.168646 0.007126
0.528504 0.168646 0.004751
0.577197 0.168646 0.004751
0.595012 0.168646 0.005938
0.604513 0.168646 0.004751
0.611639 0.168646 0.004751
0.619952 0.168646 0.005938
0.857482 0.168646 0.005938
0.408551 0.169834 0.008314
0.420428 0.169834 0.007126
0.440618 0.169834 0.007126
0.451306 0.169834 0.007126
0.464371 0.169834 0.008314
0.479810 0.169834 0.005938
0.846793 0.169834 0.004751
0.334917 0.171021 0.008314
0.352732 0.171021 0.007126
0.394299 0.171021 0.005938
0.429929 0.171021 0.004751
0.830166 0.171021 0.005938
0.839667 0.171021 0.004751
0.809976 0.172209 0.005938
0.819477 0.172209 0.007126
0.788599 0.173397 0.007126
0.796912 0.173397 0.005938
0.762470 0.174584 0.008314
0.771971 0.175772 0.004751
0.779097 0.175772 0.008314
0.739905 0.176960 0.008314
0.728029 0.178147 0.005938
0.631829 0.179335 0.005938
0.692399 0.179335 0.005938
0.701900 0.179335 0.004751
0.718527 0.179335 0.005938
0.876485 0.179335 0.008314
0.133017 0.180523 0.007126
0.144893 0.180523 0.005938
0.154394 0.180523 0.005938
0.174584 0.180523 0.005938
0.187648 0.180523 0.005938
0.197150 0.180523 0.005938
0.206651 0.180523 0.004751
0.226841 0.180523 0.007126
0.237530 0.180523 0.004751
0.245843 0.180523 0.005938
0.255344 0.180523 0.004751
0.589074 0.180523 0.004751
0.621140 0.180523 0.005938
0.641330 0.180523 0.007126
0.652019 0.180523 0.007126
0.665083 0.180523 0.008314
0.671021 0.180523 0.008314
0.709026 0.180523 0.005938
0.868171 0.180523 0.005938
0.122328 0.181710 0.005938
0.163895 0.181710 0.004751
0.214964 0.181710 0.004751
0.264846 0.181710 0.007126
0.293349 0.181710 0.005938
0.323040 0.181710 0.007126
0.332542 0.181710 0.007126
0.344418 0.181710 0.007126
0.399050 0.181710 0.004751
0.434679 0.181710 0.004751
0.458432 0.181710 0.005938
0.522565 0.181710 0.008314
0.530879 0.181710 0.005938
0.540380 0.181710 0.007126
0.551069 0.181710 0.007126
0.560570 0.181710 0.007126
0.570071 0.181710 0.005938
0.579572 0.181710 0.005938
0.596200 0.181710 0.004751
0.305226 0.182898 0.007126
0.314727 0.182898 0.004751
0.358670 0.182898 0.007126
0.390736 0.182898 0.005938
0.416865 0.182898 0.005938
0.425178 0.182898 0.005938
0.447743 0.182898 0.005938
0.469121 0.182898 0.004751
0.477435 0.182898 0.004751
0.485748 0.182898 0.005938
0.510689 0.182898 0.007126
0.609264 0.182898 0.008314
0.846793 0.182898 0.008314
0.857482 0.182898 0.007126
0.406176 0.184086 0.005938
0.497625 0.184086 0.007126
0.836105 0.184086 0.008314
0.818290 0.185273 0.008314
0.827791 0.186461 0.014252
0.807601 0.187648 0.007126
0.767221 0.188836 0.005938
0.776722 0.188836 0.008314
0.783848 0.188836 0.008314
0.795724 0.188836 0.008314
0.119952 0.191211 0.005938
0.142518 0.191211 0.005938
0.187648 0.191211 0.008314
0.750594 0.191211 0.004751
0.131829 0.192399 0.007126
0.154394 0.192399 0.007126
0.165083 0.192399 0.005938
0.176960 0.192399 0.007126
0.203088 0.192399 0.007126
0.712589 0.192399 0.008314
0.723278 0.192399 0.005938
0.731591 0.192399 0.004751
0.741093 0.192399 0.005938
0.213777 0.193587 0.007126
0.225653 0.193587 0.007126
0.241093 0.193587 0.009501
0.266033 0.193587 0.005938
0.304038 0.193587 0.004751
0.698337 0.193587 0.008314
0.254157 0.194774 0.008314
0.275534 0.194774 0.005938
0.283848 0.194774 0.004751
0.672209 0.194774 0.007126
0.684086 0.194774 0.008314
0.312352 0.195962 0.005938
0.321853 0.195962 0.005938
0.331354 0.195962 0.007126
0.339667 0.195962 0.005938
0.353919 0.195962 0.008314
0.403800 0.195962 0.005938
0.422803 0.195962 0.007126
0.450119 0.195962 0.008314
0.459620 0.195962 0.004751
0.467933 0.195962 0.005938
0.479810 0.195962 0.007126
0.570071 0.195962 0.005938
0.578385 0.195962 0.004751
0.587886 0.195962 0.007126
0.598575 0.195962 0.005938
0.608076 0.195962 0.007126
0.618765 0.195962 0.005938
0.629454 0.195962 0.007126
0.640143 0.195962 0.008314
0.652019 0.195962 0.007126
0.661520 0.195962 0.007126
0.374109 0.197150 0.008314
0.383610 0.197150 0.005938
0.393112 0.197150 0.005938
0.413302 0.197150 0.005938
0.432304 0.197150 0.005938
0.488124 0.197150 0.007126
0.500000 0.197150 0.005938
0.508314 0.197150 0.004751
0.516627 0.197150 0.005938
0.529691 0.197150 0.007126
0.539192 0.197150 0.005938
0.549881 0.197150 0.007126
0.559382 0.197150 0.007126
