0.942993 0.001188 0.030879
0.638955 0.033254 0.007126
0.652019 0.033254 0.008314
0.672209 0.033254 0.008314
0.609264 0.034442 0.005938
0.617577 0.034442 0.005938
0.628266 0.034442 0.008314
0.661520 0.034442 0.004751
0.751781 0.034442 0.005938
0.796912 0.034442 0.004751
0.813539 0.034442 0.008314
0.837292 0.034442 0.007126
0.846793 0.034442 0.004751
0.539192 0.035629 0.005938
0.547506 0.035629 0.004751
0.554632 0.035629 0.004751
0.565321 0.035629 0.005938
0.583135 0.035629 0.004751
0.592637 0.035629 0.005938
0.600950 0.035629 0.005938
0.680523 0.035629 0.004751
0.690024 0.035629 0.005938
0.700713 0.035629 0.005938
0.709026 0.035629 0.004751
0.719715 0.035629 0.007126
0.729216 0.035629 0.007126
0.741093 0.035629 0.008314
0.777910 0.035629 0.007126
0.787411 0.035629 0.005938
0.804038 0.035629 0.011876
0.828979 0.035629 0.013064
0.855107 0.035629 0.008314
0.866983 0.035629 0.004751
0.528504 0.036817 0.007126
0.576010 0.036817 0.004751
0.762470 0.036817 0.009501
0.874109 0.036817 0.011876
0.882423 0.036817 0.004751
0.409739 0.038005 0.005938
0.418052 0.038005 0.013064
0.476247 0.038005 0.007126
0.488124 0.038005 0.010689
0.495249 0.038005 0.004751
0.504751 0.038005 0.005938
0.515439 0.038005 0.007126
0.889549 0.038005 0.004751
0.390736 0.039192 0.007126
0.401425 0.039192 0.008314
0.428741 0.039192 0.005938
0.438242 0.039192 0.007126
0.448931 0.039192 0.008314
0.456057 0.039192 0.013064
0.466746 0.039192 0.007126
0.671021 0.039192 0.004751
0.283848 0.040380 0.007126
0.295724 0.040380 0.007126
0.368171 0.040380 0.004751
0.377672 0.040380 0.005938
0.201900 0.041568 0.007126
0.213777 0.041568 0.007126
0.223278 0.041568 0.005938
0.241093 0.041568 0.004751
0.249406 0.041568 0.004751
0.256532 0.041568 0.005938
0.269596 0.041568 0.008314
0.306413 0.041568 0.008314
0.319477 0.041568 0.007126
0.328979 0.041568 0.005938
0.350356 0.041568 0.008314
0.359857 0.041568 0.005938
0.232779 0.042755 0.005938
0.338480 0.042755 0.004751
0.175772 0.043943 0.008314
0.186461 0.043943 0.009501
0.150831 0.045131 0.005938
0.163895 0.045131 0.008314
0.140143 0.046318 0.007126
0.123515 0.047506 0.004751
0.131829 0.047506 0.004751
0.681710 0.047506 0.007126
0.574822 0.048694 0.005938
0.584323 0.048694 0.004751
0.636580 0.048694 0.004751
0.644893 0.048694 0.005938
0.653207 0.048694 0.004751
0.662708 0.048694 0.005938
0.672209 0.048694 0.004751
0.787411 0.048694 0.005938
0.840855 0.048694 0.009501
0.852732 0.048694 0.004751
0.548694 0.049881 0.005938
0.558195 0.049881 0.004751
0.565321 0.049881 0.008314
0.609264 0.049881 0.005938
0.627078 0.049881 0.005938
0.698337 0.049881 0.008314
0.709026 0.049881 0.008314
0.717340 0.049881 0.004751
0.777910 0.049881 0.005938
0.798100 0.049881 0.007126
0.877672 0.049881 0.005938
0.515439 0.051069 0.007126
0.540380 0.051069 0.005938
0.599762 0.051069 0.007126
0.617577 0.051069 0.007126
0.728029 0.051069 0.007126
0.737530 0.051069 0.004751
0.749406 0.051069 0.008314
0.757720 0.051069 0.005938
0.767221 0.051069 0.004751
0.808789 0.051069 0.007126
0.859857 0.051069 0.004751
0.868171 0.051069 0.008314
0.412114 0.052257 0.007126
0.422803 0.052257 0.005938
0.433492 0.052257 0.007126
0.485748 0.052257 0.005938
0.495249 0.052257 0.005938
0.504751 0.052257 0.005938
0.527316 0.052257 0.008314
0.381235 0.053444 0.007126
0.390736 0.053444 0.005938
0.400238 0.053444 0.005938
0.444181 0.053444 0.010689
0.467933 0.053444 0.004751
0.475059 0.053444 0.005938
0.243468 0.054632 0.004751
0.252969 0.054632 0.008314
0.268409 0.054632 0.007126
0.279097 0.054632 0.007126
0.350356 0.054632 0.008314
0.361045 0.054632 0.005938
0.371734 0.054632 0.005938
0.452494 0.054632 0.004751
0.459620 0.054632 0.004751
0.200713 0.055819 0.007126
0.211401 0.055819 0.005938
0.223278 0.055819 0.008314
0.233967 0.055819 0.005938
0.290974 0.055819 0.008314
0.299287 0.055819 0.004751
0.307601 0.055819 0.008314
0.320665 0.055819 0.007126
0.339667 0.055819 0.005938
0.169834 0.057007 0.007126
0.181710 0.057007 0.005938
0.190024 0.057007 0.005938
0.331354 0.057007 0.005938
0.157957 0.058195 0.007126
0.119952 0.060570 0.010689
0.127078 0.060570 0.004751
0.136580 0.060570 0.005938
0.146081 0.060570 0.007126
0.589074 0.062945 0.004751
0.635392 0.062945 0.004751
0.643705 0.062945 0.005938
0.655582 0.062945 0.007126
0.665083 0.062945 0.007126
0.568884 0.064133 0.007126
0.598575 0.064133 0.005938
0.606888 0.064133 0.005938
0.628266 0.064133 0.004751
0.675772 0.064133 0.008314
0.698337 0.064133 0.007126
0.707838 0.064133 0.004751
0.713777 0.064133 0.008314
0.748219 0.064133 0.007126
0.773159 0.064133 0.004751
0.790974 0.064133 0.005938
0.801663 0.064133 0.005938
0.540380 0.065321 0.005938
0.559382 0.065321 0.004751
0.578385 0.065321 0.007126
0.615202 0.065321 0.004751
0.685273 0.065321 0.007126
0.725653 0.065321 0.007126
0.737530 0.065321 0.007126
0.763658 0.065321 0.008314
0.780285 0.065321 0.008314
0.809976 0.065321 0.008314
0.826603 0.065321 0.008314
0.833729 0.065321 0.004751
0.862233 0.065321 0.005938
0.871734 0.065321 0.004751
0.887173 0.065321 0.004751
0.426366 0.066508 0.008314
0.494062 0.066508 0.004751
0.501188 0.066508 0.004751
0.509501 0.066508 0.004751
0.526128 0.066508 0.008314
0.551069 0.066508 0.007126
0.842043 0.066508 0.005938
0.852732 0.066508 0.005938
0.391924 0.067696 0.004751
0.416865 0.067696 0.004751
0.452494 0.067696 0.007126
0.464371 0.067696 0.005938
0.472684 0.067696 0.007126
0.484561 0.067696 0.007126
0.515439 0.067696 0.008314
0.251781 0.068884 0.005938
0.289786 0.068884 0.004751
0.333729 0.068884 0.004751
0.358670 0.068884 0.005938
0.368171 0.068884 0.008314
0.383610 0.068884 0.005938
0.399050 0.068884 0.004751
0.407363 0.068884 0.005938
0.439430 0.068884 0.007126
0.220903 0.070071 0.008314
0.232779 0.070071 0.008314
0.241093 0.070071 0.007126
0.263658 0.070071 0.008314
0.276722 0.070071 0.008314
0.296912 0.070071 0.007126
0.307601 0.070071 0.008314
0.324228 0.070071 0.008314
0.347981 0.070071 0.007126
0.193587 0.071259 0.008314
0.207838 0.071259 0.008314
0.181710 0.072447 0.009501
0.117577 0.074822 0.007126
0.131829 0.074822 0.007126
0.143705 0.074822 0.007126
0.155582 0.074822 0.008314
0.167458 0.074822 0.008314
0.724466 0.077197 0.005938
0.641330 0.078385 0.008314
0.650831 0.078385 0.005938
0.659145 0.078385 0.004751
0.667458 0.078385 0.010689
0.706651 0.078385 0.008314
0.736342 0.078385 0.005938
0.747031 0.078385 0.007126
0.851544 0.078385 0.008314
0.584323 0.079572 0.007126
0.629454 0.079572 0.007126
0.714964 0.079572 0.005938
0.755344 0.079572 0.008314
0.766033 0.079572 0.008314
0.774347 0.079572 0.008314
0.786223 0.079572 0.007126
0.795724 0.079572 0.007126
0.804038 0.079572 0.004751
0.823040 0.079572 0.008314
0.839667 0.079572 0.007126
0.858670 0.079572 0.004751
0.874109 0.079572 0.010689
0.882423 0.079572 0.003563
0.566508 0.080760 0.004751
0.572447 0.080760 0.008314
0.600950 0.080760 0.010689
0.619952 0.080760 0.005938
0.811164 0.080760 0.008314
0.828979 0.080760 0.010689
0.865796 0.080760 0.004751
0.559382 0.081948 0.004751
0.610451 0.081948 0.008314
0.395487 0.083135 0.007126
0.418052 0.083135 0.008314
0.431116 0.083135 0.008314
0.444181 0.083135 0.008314
0.456057 0.083135 0.008314
0.472684 0.083135 0.007126
0.483373 0.083135 0.008314
0.490499 0.083135 0.004751
0.510689 0.083135 0.007126
0.522565 0.083135 0.008314
0.530879 0.083135 0.005938
0.542755 0.083135 0.007126
0.552257 0.083135 0.004751
0.282660 0.084323 0.007126
0.374109 0.084323 0.008314
0.384798 0.084323 0.007126
0.406176 0.084323 0.008314
0.498812 0.084323 0.008314
0.225653 0.085511 0.004751
0.251781 0.085511 0.005938
0.261283 0.085511 0.005938
0.270784 0.085511 0.005938
0.361045 0.085511 0.007126
0.218527 0.086698 0.008314
0.235154 0.086698 0.011876
0.242280 0.086698 0.008314
0.293349 0.086698 0.008314
0.340855 0.086698 0.004751
0.350356 0.086698 0.008314
0.172209 0.087886 0.005938
0.184086 0.087886 0.005938
0.195962 0.087886 0.007126
0.207838 0.087886 0.007126
0.332542 0.087886 0.011876
0.140143 0.089074 0.004751
0.163895 0.089074 0.005938
0.117577 0.090261 0.008314
0.130641 0.090261 0.007126
0.149644 0.090261 0.008314
0.823040 0.092637 0.008314
0.888361 0.092637 0.005938
0.804038 0.093824 0.004751
0.814727 0.093824 0.008314
0.726841 0.095012 0.004751
0.736342 0.095012 0.008314
0.749406 0.095012 0.008314
0.757720 0.095012 0.008314
0.771971 0.095012 0.007126
0.785036 0.095012 0.008314
0.794537 0.095012 0.005938
0.836105 0.095012 0.008314
0.843230 0.095012 0.005938
0.851544 0.095012 0.004751
0.861045 0.095012 0.007126
0.875297 0.095012 0.005938
0.578385 0.096200 0.007126
0.638955 0.096200 0.008314
0.649644 0.096200 0.005938
0.657957 0.096200 0.011876
0.718527 0.096200 0.010689
0.516627 0.097387 0.008314
0.538005 0.097387 0.004751
0.555819 0.097387 0.008314
0.568884 0.097387 0.004751
0.589074 0.097387 0.007126
0.602138 0.097387 0.007126
0.630641 0.097387 0.005938
0.497625 0.098575 0.007126
0.508314 0.098575 0.005938
0.530879 0.098575 0.008314
0.546318 0.098575 0.005938
0.612827 0.098575 0.005938
0.622328 0.098575 0.005938
0.257720 0.099762 0.005938
0.279097 0.099762 0.008314
0.372922 0.099762 0.007126
0.389549 0.099762 0.008314
0.401425 0.099762 0.005938
0.409739 0.099762 0.004751
0.456057 0.099762 0.008314
0.466746 0.099762 0.007126
0.476247 0.099762 0.004751
0.485748 0.099762 0.008314
0.248219 0.100950 0.007126
0.269596 0.100950 0.007126
0.340855 0.100950 0.007126
0.352732 0.100950 0.005938
0.363420 0.100950 0.005938
0.420428 0.100950 0.008314
0.439430 0.100950 0.005938
0.216152 0.102138 0.008314
0.228029 0.102138 0.005938
0.237530 0.102138 0.005938
0.428741 0.102138 0.007126
0.127078 0.103325 0.005938
0.193587 0.103325 0.004751
0.201900 0.103325 0.005938
0.116390 0.104513 0.008314
0.137767 0.104513 0.007126
0.148456 0.104513 0.005938
0.157957 0.104513 0.010689
0.165083 0.104513 0.004751
0.173397 0.104513 0.007126
0.184086 0.104513 0.007126
0.865796 0.106888 0.004751
0.872922 0.106888 0.004751
0.880048 0.106888 0.004751
0.852732 0.108076 0.005938
0.747031 0.109264 0.004751
0.781473 0.109264 0.008314
0.792162 0.109264 0.007126
0.823040 0.109264 0.008314
0.840855 0.109264 0.008314
0.755344 0.110451 0.007126
0.768409 0.110451 0.008314
0.802850 0.110451 0.004751
0.813539 0.110451 0.008314
0.640143 0.111639 0.008314
0.650831 0.111639 0.004751
0.661520 0.111639 0.007126
0.716152 0.111639 0.010689
0.726841 0.111639 0.008314
0.737530 0.111639 0.008314
0.630641 0.112827 0.007126
0.090261 0.114014 0.004751
0.288599 0.114014 0.011876
0.389549 0.114014 0.007126
0.400238 0.114014 0.007126
0.444181 0.114014 0.007126
0.452494 0.114014 0.005938
0.517815 0.114014 0.005938
0.527316 0.114014 0.004751
0.534442 0.114014 0.004751
0.549881 0.114014 0.004751
0.559382 0.114014 0.008314
0.573634 0.114014 0.008314
0.583135 0.114014 0.007126
0.593824 0.114014 0.005938
0.604513 0.114014 0.008314
0.618765 0.114014 0.008314
0.262470 0.115202 0.004751
0.269596 0.115202 0.008314
0.339667 0.115202 0.008314
0.351544 0.115202 0.008314
0.363420 0.115202 0.010689
0.370546 0.115202 0.004751
0.378860 0.115202 0.011876
0.412114 0.115202 0.008314
0.423990 0.115202 0.008314
0.433492 0.115202 0.008314
0.464371 0.115202 0.008314
0.477435 0.115202 0.008314
0.488124 0.115202 0.004751
0.509501 0.115202 0.004751
0.250594 0.116390 0.007126
0.280285 0.116390 0.013064
0.501188 0.116390 0.010689
0.216152 0.117577 0.008314
0.225653 0.117577 0.007126
0.172209 0.118765 0.004751
0.181710 0.118765 0.007126
0.192399 0.118765 0.008314
0.204276 0.118765 0.008314
0.238717 0.118765 0.008314
0.128266 0.119952 0.008314
0.140143 0.119952 0.008314
0.153207 0.119952 0.007126
0.163895 0.119952 0.008314
0.115202 0.121140 0.007126
0.090261 0.122328 0.004751
0.878860 0.122328 0.004751
0.840855 0.123515 0.011876
0.871734 0.123515 0.004751
0.811164 0.124703 0.004751
0.862233 0.124703 0.010689
0.793349 0.125891 0.008314
0.819477 0.125891 0.005938
0.763658 0.127078 0.005938
0.774347 0.127078 0.008314
0.782660 0.127078 0.004751
0.653207 0.128266 0.005938
0.661520 0.128266 0.011876
0.710214 0.128266 0.008314
0.718527 0.128266 0.007126
0.731591 0.128266 0.007126
0.743468 0.128266 0.008314
0.752969 0.128266 0.008314
0.595012 0.129454 0.008314
0.642518 0.129454 0.008314
0.427553 0.130641 0.004751
0.614014 0.130641 0.005938
0.622328 0.130641 0.004751
0.629454 0.130641 0.010689
0.435867 0.131829 0.007126
0.447743 0.131829 0.007126
0.457245 0.131829 0.004751
0.465558 0.131829 0.005938
0.475059 0.131829 0.008314
0.502375 0.131829 0.005938
0.511876 0.131829 0.008314
0.530879 0.131829 0.005938
0.584323 0.131829 0.004751
0.604513 0.131829 0.005938
0.282660 0.133017 0.007126
0.353919 0.133017 0.008314
0.374109 0.133017 0.005938
0.416865 0.133017 0.007126
0.489311 0.133017 0.007126
0.521378 0.133017 0.005938
0.540380 0.133017 0.007126
0.553444 0.133017 0.008314
0.565321 0.133017 0.007126
0.574822 0.133017 0.005938
0.270784 0.134204 0.007126
0.339667 0.134204 0.008314
0.363420 0.134204 0.007126
0.382423 0.134204 0.008314
0.397862 0.134204 0.011876
0.114014 0.135392 0.008314
0.152019 0.135392 0.008314
0.184086 0.135392 0.004751
0.197150 0.135392 0.009501
0.214964 0.135392 0.005938
0.233967 0.135392 0.005938
0.247031 0.135392 0.008314
0.260095 0.135392 0.007126
0.404988 0.135392 0.008314
0.127078 0.136580 0.008314
0.138955 0.136580 0.008314
0.163895 0.136580 0.005938
0.173397 0.136580 0.007126
0.224466 0.136580 0.007126
0.869359 0.138955 0.005938
0.855107 0.140143 0.008314
0.862233 0.140143 0.005938
0.813539 0.141330 0.008314
0.824228 0.141330 0.005938
0.787411 0.142518 0.008314
0.800475 0.142518 0.008314
0.703088 0.143705 0.007126
0.712589 0.143705 0.007126
0.737530 0.143705 0.008314
0.767221 0.143705 0.005938
0.776722 0.143705 0.004751
0.669834 0.144893 0.008314
0.725653 0.144893 0.008314
0.748219 0.144893 0.005938
0.757720 0.144893 0.005938
0.483373 0.146081 0.007126
0.657957 0.146081 0.010689
0.380048 0.147268 0.007126
0.425178 0.147268 0.004751
0.440618 0.147268 0.004751
0.450119 0.147268 0.005938
0.519002 0.147268 0.005938
0.528504 0.147268 0.005938
0.536817 0.147268 0.004751
0.545131 0.147268 0.004751
0.570071 0.147268 0.005938
0.591449 0.147268 0.005938
0.615202 0.147268 0.008314
0.636580 0.147268 0.008314
0.644893 0.147268 0.004751
0.361045 0.148456 0.005938
0.370546 0.148456 0.007126
0.406176 0.148456 0.005938
0.416865 0.148456 0.005938
0.432304 0.148456 0.011876
0.457245 0.148456 0.009501
0.471496 0.148456 0.008314
0.495249 0.148456 0.009501
0.509501 0.148456 0.008314
0.553444 0.148456 0.005938
0.562945 0.148456 0.005938
0.580760 0.148456 0.007126
0.604513 0.148456 0.008314
0.625891 0.148456 0.005938
0.228029 0.149644 0.008314
0.280285 0.149644 0.005938
0.324228 0.149644 0.008314
0.337292 0.149644 0.008314
0.350356 0.149644 0.008314
0.389549 0.149644 0.005938
0.397862 0.149644 0.004751
0.182898 0.150831 0.008314
0.192399 0.150831 0.005938
0.238717 0.150831 0.007126
0.250594 0.150831 0.008314
0.288599 0.150831 0.013064
0.116390 0.152019 0.007126
0.125891 0.152019 0.005938
0.134204 0.152019 0.007126
0.146081 0.152019 0.007126
0.157957 0.152019 0.008314
0.171021 0.152019 0.008314
0.201900 0.152019 0.005938
0.213777 0.152019 0.008314
0.262470 0.152019 0.013064
0.269596 0.152019 0.013064
0.296912 0.152019 0.008314
0.888361 0.152019 0.008314
0.880048 0.153207 0.004751
0.864608 0.154394 0.009501
0.871734 0.154394 0.004751
0.828979 0.155582 0.005938
0.850356 0.155582 0.008314
0.818290 0.156770 0.007126
0.744656 0.157957 0.008314
0.762470 0.157957 0.008314
0.779097 0.157957 0.004751
0.695962 0.159145 0.004751
0.723278 0.159145 0.005938
0.731591 0.159145 0.007126
0.751781 0.159145 0.005938
0.790974 0.159145 0.007126
0.687648 0.160333 0.007126
0.711401 0.160333 0.008314
0.656770 0.161520 0.004751
0.674584 0.161520 0.008314
0.605701 0.162708 0.008314
0.647268 0.162708 0.007126
0.665083 0.162708 0.005938
0.368171 0.163895 0.007126
0.414489 0.163895 0.005938
0.423990 0.163895 0.007126
0.434679 0.163895 0.005938
0.505938 0.163895 0.005938
0.516627 0.163895 0.005938
0.527316 0.163895 0.005938
0.535629 0.163895 0.005938
0.547506 0.163895 0.007126
0.558195 0.163895 0.005938
0.568884 0.163895 0.005938
0.621140 0.163895 0.008314
0.629454 0.163895 0.004751
0.637767 0.163895 0.005938
0.207838 0.165083 0.007126
0.323040 0.165083 0.007126
0.343230 0.165083 0.005938
0.351544 0.165083 0.010689
0.395487 0.165083 0.005938
0.404988 0.165083 0.005938
0.448931 0.165083 0.008314
0.460808 0.165083 0.007126
0.472684 0.165083 0.005938
0.482185 0.165083 0.005938
0.490499 0.165083 0.004751
0.583135 0.165083 0.010689
0.116390 0.166271 0.007126
0.141330 0.166271 0.007126
0.161520 0.166271 0.005938
0.172209 0.166271 0.005938
0.181710 0.166271 0.004751
0.192399 0.166271 0.007126
0.219715 0.166271 0.005938
0.229216 0.166271 0.005938
0.239905 0.166271 0.007126
0.279097 0.166271 0.005938
0.288599 0.166271 0.004751
0.298100 0.166271 0.007126
0.311164 0.166271 0.008314
0.333729 0.166271 0.005938
0.382423 0.166271 0.008314
0.128266 0.167458 0.007126
0.152019 0.167458 0.005938
0.255344 0.167458 0.007126
0.268409 0.167458 0.005938
0.836105 0.167458 0.008314
0.855107 0.167458 0.005938
0.862233 0.167458 0.004751
0.868171 0.167458 0.004751
0.875297 0.167458 0.004751
0.823040 0.168646 0.005938
0.770784 0.171021 0.007126
0.758907 0.172209 0.008314
0.779097 0.172209 0.005938
0.787411 0.172209 0.005938
0.705463 0.173397 0.004751
0.728029 0.173397 0.007126
0.739905 0.173397 0.008314
0.749406 0.173397 0.007126
0.695962 0.174584 0.007126
0.714964 0.174584 0.007126
0.560570 0.175772 0.007126
0.684086 0.175772 0.007126
0.538005 0.176960 0.008314
0.549881 0.176960 0.008314
0.573634 0.176960 0.005938
0.621140 0.176960 0.007126
0.646081 0.176960 0.004751
0.655582 0.176960 0.005938
0.663895 0.176960 0.005938
0.674584 0.176960 0.005938
0.140143 0.178147 0.007126
0.161520 0.178147 0.007126
0.173397 0.178147 0.005938
0.181710 0.178147 0.004751
0.191211 0.178147 0.007126
0.216152 0.178147 0.005938
0.229216 0.178147 0.007126
0.239905 0.178147 0.007126
0.250594 0.178147 0.007126
0.404988 0.178147 0.007126
0.414489 0.178147 0.005938
0.434679 0.178147 0.005938
0.472684 0.178147 0.008314
0.485748 0.178147 0.007126
0.495249 0.178147 0.005938
0.504751 0.178147 0.007126
0.516627 0.178147 0.005938
0.523753 0.178147 0.008314
0.592637 0.178147 0.005938
0.602138 0.178147 0.004751
0.609264 0.178147 0.004751
0.631829 0.178147 0.007126
0.115202 0.179335 0.007126
0.127078 0.179335 0.007126
0.149644 0.179335 0.005938
0.205463 0.179335 0.005938
0.262470 0.179335 0.005938
0.276722 0.179335 0.008314
0.289786 0.179335 0.007126
0.301663 0.179335 0.005938
0.332542 0.179335 0.007126
0.355107 0.179335 0.008314
0.368171 0.179335 0.007126
0.377672 0.179335 0.005938
0.389549 0.179335 0.008314
0.423990 0.179335 0.005938
0.445368 0.179335 0.007126
0.882423 0.179335 0.008314
0.311164 0.180523 0.005938
0.320665 0.180523 0.007126
0.343230 0.180523 0.005938
0.456057 0.180523 0.008314
0.871734 0.180523 0.008314
0.863420 0.181710 0.008314
0.790974 0.182898 0.004751
0.771971 0.185273 0.004751
0.761283 0.186461 0.007126
0.722090 0.187648 0.011876
0.737530 0.187648 0.007126
0.748219 0.188836 0.008314
0.232779 0.190024 0.004751
0.571259 0.190024 0.004751
0.688836 0.190024 0.008314
0.701900 0.190024 0.008314
0.709026 0.190024 0.011876
0.173397 0.191211 0.005938
0.562945 0.191211 0.004751
0.592637 0.191211 0.007126
0.638955 0.191211 0.008314
0.650831 0.191211 0.008314
0.663895 0.191211 0.008314
0.676960 0.191211 0.008314
0.111639 0.192399 0.008314
0.121140 0.192399 0.008314
0.131829 0.192399 0.007126
0.155582 0.192399 0.008314
0.165083 0.192399 0.005938
0.186461 0.192399 0.008314
0.201900 0.192399 0.008314
0.248219 0.192399 0.005938
0.351544 0.192399 0.004751
0.388361 0.192399 0.005938
0.401425 0.192399 0.008314
0.412114 0.192399 0.005938
0.422803 0.192399 0.007126
0.533254 0.192399 0.004751
0.541568 0.192399 0.007126
0.554632 0.192399 0.005938
0.602138 0.192399 0.005938
0.611639 0.192399 0.008314
0.623515 0.192399 0.007126
0.141330 0.193587 0.008314
0.239905 0.193587 0.013064
0.257720 0.193587 0.008314
0.267221 0.193587 0.007126
0.277910 0.193587 0.008314
0.342043 0.193587 0.007126
0.358670 0.193587 0.010689
0.370546 0.193587 0.008314
0.377672 0.193587 0.005938
0.435867 0.193587 0.007126
0.445368 0.193587 0.005938
0.495249 0.193587 0.007126
0.504751 0.193587 0.005938
0.513064 0.193587 0.008314
0.523753 0.193587 0.007126
0.290974 0.194774 0.008314
0.301663 0.194774 0.008314
0.313539 0.194774 0.007126
0.324228 0.194774 0.005938
0.333729 0.194774 0.004751
0.456057 0.194774 0.007126
0.465558 0.194774 0.007126
0.476247 0.194774 0.007126
0.485748 0.194774 0.005938
