0.941805 0.002375 0.020190
0.782660 0.008314 0.020190
0.849169 0.008314 0.022565
0.768409 0.009501 0.022565
0.755344 0.010689 0.019002
0.818290 0.010689 0.013064
0.880048 0.011876 0.013064
0.543943 0.036817 0.008314
0.562945 0.036817 0.004751
0.572447 0.036817 0.005938
0.587886 0.036817 0.004751
0.611639 0.036817 0.008314
0.622328 0.036817 0.005938
0.633017 0.036817 0.007126
0.642518 0.036817 0.004751
0.509501 0.038005 0.008314
0.523753 0.038005 0.007126
0.533254 0.038005 0.004751
0.553444 0.038005 0.007126
0.579572 0.038005 0.011876
0.599762 0.038005 0.008314
0.662708 0.038005 0.007126
0.742280 0.038005 0.007126
0.762470 0.038005 0.008314
0.771971 0.038005 0.004751
0.780285 0.038005 0.005938
0.788599 0.038005 0.005938
0.796912 0.038005 0.004751
0.824228 0.038005 0.008314
0.838480 0.038005 0.008314
0.404988 0.039192 0.005938
0.413302 0.039192 0.005938
0.421615 0.039192 0.008314
0.445368 0.039192 0.011876
0.453682 0.039192 0.004751
0.469121 0.039192 0.005938
0.478622 0.039192 0.005938
0.489311 0.039192 0.008314
0.497625 0.039192 0.007126
0.652019 0.039192 0.008314
0.672209 0.039192 0.007126
0.681710 0.039192 0.004751
0.700713 0.039192 0.005938
0.710214 0.039192 0.004751
0.751781 0.039192 0.005938
0.802850 0.039192 0.008314
0.813539 0.039192 0.005938
0.851544 0.039192 0.008314
0.371734 0.040380 0.004751
0.381235 0.040380 0.008314
0.395487 0.040380 0.005938
0.432304 0.040380 0.004751
0.460808 0.040380 0.004751
0.718527 0.040380 0.004751
0.729216 0.040380 0.007126
0.258907 0.041568 0.004751
0.280285 0.041568 0.008314
0.288599 0.041568 0.004751
0.296912 0.041568 0.004751
0.305226 0.041568 0.011876
0.343230 0.041568 0.004751
0.351544 0.041568 0.004751
0.363420 0.041568 0.008314
0.862233 0.041568 0.007126
0.871734 0.041568 0.004751
0.250594 0.042755 0.007126
0.267221 0.042755 0.008314
0.334917 0.042755 0.005938
0.187648 0.043943 0.007126
0.201900 0.043943 0.008314
0.213777 0.043943 0.008314
0.226841 0.043943 0.008314
0.238717 0.043943 0.008314
0.324228 0.043943 0.008314
0.176960 0.045131 0.005938
0.129454 0.046318 0.011876
0.150831 0.046318 0.008314
0.160333 0.046318 0.004751
0.167458 0.046318 0.004751
0.121140 0.047506 0.005938
0.637767 0.051069 0.005938
0.681710 0.051069 0.005938
0.691211 0.051069 0.004751
0.769596 0.051069 0.004751
0.779097 0.051069 0.005938
0.787411 0.051069 0.004751
0.800475 0.051069 0.005938
0.809976 0.051069 0.004751
0.546318 0.052257 0.005938
0.557007 0.052257 0.005938
0.566508 0.052257 0.007126
0.576010 0.052257 0.004751
0.593824 0.052257 0.008314
0.621140 0.052257 0.004751
0.628266 0.052257 0.004751
0.648456 0.052257 0.008314
0.655582 0.052257 0.004751
0.669834 0.052257 0.007126
0.714964 0.052257 0.008314
0.728029 0.052257 0.005938
0.736342 0.052257 0.004751
0.761283 0.052257 0.004751
0.826603 0.052257 0.008314
0.836105 0.052257 0.005938
0.845606 0.052257 0.004751
0.484561 0.053444 0.005938
0.514252 0.053444 0.005938
0.524941 0.053444 0.005938
0.534442 0.053444 0.005938
0.583135 0.053444 0.004751
0.703088 0.053444 0.007126
0.754157 0.053444 0.008314
0.852732 0.053444 0.004751
0.868171 0.053444 0.005938
0.876485 0.053444 0.005938
0.390736 0.054632 0.007126
0.429929 0.054632 0.008314
0.475059 0.054632 0.005938
0.492874 0.054632 0.004751
0.501188 0.054632 0.008314
0.612827 0.054632 0.005938
0.353919 0.055819 0.007126
0.363420 0.055819 0.004751
0.371734 0.055819 0.004751
0.382423 0.055819 0.008314
0.402613 0.055819 0.008314
0.442993 0.055819 0.005938
0.454869 0.055819 0.007126
0.466746 0.055819 0.005938
0.195962 0.057007 0.005938
0.205463 0.057007 0.004751
0.254157 0.057007 0.004751
0.263658 0.057007 0.005938
0.271971 0.057007 0.005938
0.281473 0.057007 0.005938
0.295724 0.057007 0.008314
0.305226 0.057007 0.007126
0.327791 0.057007 0.007126
0.415677 0.057007 0.008314
0.168646 0.058195 0.005938
0.176960 0.058195 0.005938
0.186461 0.058195 0.005938
0.216152 0.058195 0.007126
0.228029 0.058195 0.004751
0.235154 0.058195 0.007126
0.245843 0.058195 0.004751
0.317102 0.058195 0.005938
0.340855 0.058195 0.007126
0.149644 0.059382 0.005938
0.159145 0.059382 0.005938
0.118765 0.060570 0.005938
0.130641 0.060570 0.005938
0.140143 0.060570 0.004751
0.701900 0.064133 0.007126
0.800475 0.064133 0.007126
0.814727 0.064133 0.008314
0.823040 0.064133 0.004751
0.842043 0.064133 0.004751
0.878860 0.064133 0.005938
0.656770 0.065321 0.007126
0.667458 0.065321 0.007126
0.679335 0.065321 0.008314
0.687648 0.065321 0.008314
0.711401 0.065321 0.004751
0.724466 0.065321 0.008314
0.735154 0.065321 0.005938
0.771971 0.065321 0.007126
0.789786 0.065321 0.008314
0.832542 0.065321 0.005938
0.856295 0.065321 0.005938
0.864608 0.065321 0.004751
0.870546 0.065321 0.008314
0.543943 0.066508 0.004751
0.561758 0.066508 0.007126
0.570071 0.066508 0.004751
0.576010 0.066508 0.009501
0.590261 0.066508 0.007126
0.598575 0.066508 0.004751
0.610451 0.066508 0.007126
0.637767 0.066508 0.004751
0.646081 0.066508 0.005938
0.745843 0.066508 0.005938
0.754157 0.066508 0.005938
0.763658 0.066508 0.004751
0.514252 0.067696 0.004751
0.522565 0.067696 0.008314
0.534442 0.067696 0.007126
0.623515 0.067696 0.008314
0.200713 0.068884 0.005938
0.211401 0.068884 0.005938
0.225653 0.068884 0.007126
0.251781 0.068884 0.008314
0.262470 0.068884 0.005938
0.281473 0.068884 0.004751
0.288599 0.068884 0.005938
0.311164 0.068884 0.007126
0.357482 0.068884 0.007126
0.368171 0.068884 0.005938
0.387173 0.068884 0.005938
0.399050 0.068884 0.005938
0.407363 0.068884 0.004751
0.415677 0.068884 0.004751
0.427553 0.068884 0.007126
0.497625 0.068884 0.004751
0.505938 0.068884 0.005938
0.181710 0.070071 0.005938
0.191211 0.070071 0.005938
0.233967 0.070071 0.007126
0.244656 0.070071 0.004751
0.271971 0.070071 0.005938
0.299287 0.070071 0.005938
0.323040 0.070071 0.005938
0.375297 0.070071 0.007126
0.438242 0.070071 0.005938
0.448931 0.070071 0.005938
0.457245 0.070071 0.005938
0.467933 0.070071 0.008314
0.479810 0.070071 0.007126
0.489311 0.070071 0.008314
0.150831 0.071259 0.005938
0.162708 0.071259 0.007126
0.173397 0.071259 0.004751
0.332542 0.071259 0.007126
0.344418 0.071259 0.007126
0.142518 0.072447 0.004751
0.117577 0.073634 0.009501
0.133017 0.073634 0.007126
0.847981 0.078385 0.008314
0.786223 0.079572 0.008314
0.801663 0.079572 0.008314
0.813539 0.079572 0.008314
0.821853 0.079572 0.007126
0.832542 0.079572 0.005938
0.839667 0.079572 0.004751
0.861045 0.079572 0.010689
0.868171 0.079572 0.004751
0.876485 0.079572 0.011876
0.654394 0.080760 0.004751
0.662708 0.080760 0.011876
0.710214 0.080760 0.010689
0.723278 0.080760 0.008314
0.733967 0.080760 0.007126
0.745843 0.080760 0.008314
0.773159 0.080760 0.008314
0.520190 0.081948 0.004751
0.530879 0.081948 0.007126
0.543943 0.081948 0.007126
0.561758 0.081948 0.007126
0.571259 0.081948 0.004751
0.599762 0.081948 0.008314
0.610451 0.081948 0.008314
0.621140 0.081948 0.005938
0.629454 0.081948 0.004751
0.636580 0.081948 0.004751
0.644893 0.081948 0.005938
0.717340 0.081948 0.004751
0.752969 0.081948 0.004751
0.761283 0.081948 0.008314
0.199525 0.083135 0.007126
0.207838 0.083135 0.004751
0.214964 0.083135 0.008314
0.236342 0.083135 0.005938
0.289786 0.083135 0.007126
0.368171 0.083135 0.008314
0.378860 0.083135 0.004751
0.387173 0.083135 0.004751
0.396675 0.083135 0.005938
0.407363 0.083135 0.005938
0.416865 0.083135 0.004751
0.425178 0.083135 0.008314
0.435867 0.083135 0.007126
0.581948 0.083135 0.008314
0.172209 0.084323 0.004751
0.187648 0.084323 0.005938
0.225653 0.084323 0.005938
0.245843 0.084323 0.004751
0.254157 0.084323 0.005938
0.264846 0.084323 0.005938
0.280285 0.084323 0.005938
0.350356 0.084323 0.005938
0.358670 0.084323 0.004751
0.445368 0.084323 0.005938
0.456057 0.084323 0.007126
0.464371 0.084323 0.004751
0.471496 0.084323 0.007126
0.482185 0.084323 0.005938
0.492874 0.084323 0.005938
0.502375 0.084323 0.004751
0.511876 0.084323 0.005938
0.587886 0.084323 0.008314
0.340855 0.085511 0.005938
0.157957 0.086698 0.004751
0.330166 0.086698 0.007126
0.141330 0.087886 0.004751
0.149644 0.087886 0.005938
0.131829 0.089074 0.007126
0.117577 0.090261 0.008314
0.831354 0.091449 0.008314
0.839667 0.093824 0.007126
0.282660 0.095012 0.008314
0.805226 0.095012 0.008314
0.814727 0.095012 0.008314
0.849169 0.095012 0.005938
0.858670 0.095012 0.005938
0.271971 0.096200 0.008314
0.542755 0.096200 0.007126
0.572447 0.096200 0.008314
0.590261 0.096200 0.004751
0.660333 0.096200 0.005938
0.751781 0.096200 0.005938
0.761283 0.096200 0.005938
0.781473 0.096200 0.007126
0.793349 0.096200 0.008314
0.866983 0.096200 0.004751
0.213777 0.097387 0.008314
0.233967 0.097387 0.007126
0.245843 0.097387 0.008314
0.258907 0.097387 0.008314
0.353919 0.097387 0.007126
0.387173 0.097387 0.007126
0.437055 0.097387 0.007126
0.464371 0.097387 0.005938
0.482185 0.097387 0.007126
0.513064 0.097387 0.005938
0.522565 0.097387 0.007126
0.532067 0.097387 0.005938
0.558195 0.097387 0.009501
0.583135 0.097387 0.005938
0.606888 0.097387 0.004751
0.624703 0.097387 0.005938
0.633017 0.097387 0.005938
0.641330 0.097387 0.004751
0.712589 0.097387 0.010689
0.725653 0.097387 0.008314
0.742280 0.097387 0.008314
0.771971 0.097387 0.007126
0.178147 0.098575 0.005938
0.195962 0.098575 0.004751
0.204276 0.098575 0.011876
0.222090 0.098575 0.010689
0.338480 0.098575 0.008314
0.363420 0.098575 0.007126
0.372922 0.098575 0.010689
0.397862 0.098575 0.005938
0.408551 0.098575 0.005938
0.418052 0.098575 0.008314
0.425178 0.098575 0.008314
0.450119 0.098575 0.008314
0.472684 0.098575 0.004751
0.494062 0.098575 0.008314
0.503563 0.098575 0.007126
0.597387 0.098575 0.010689
0.615202 0.098575 0.007126
0.649644 0.098575 0.008314
0.733967 0.098575 0.005938
0.163895 0.099762 0.008314
0.187648 0.099762 0.008314
0.146081 0.100950 0.007126
0.155582 0.100950 0.004751
0.134204 0.103325 0.009501
0.128266 0.104513 0.004751
0.117577 0.105701 0.007126
0.834917 0.110451 0.007126
0.846793 0.110451 0.007126
0.782660 0.111639 0.008314
0.799287 0.111639 0.008314
0.809976 0.111639 0.007126
0.818290 0.111639 0.004751
0.826603 0.111639 0.005938
0.857482 0.111639 0.005938
0.868171 0.111639 0.005938
0.876485 0.111639 0.004751
0.500000 0.112827 0.008314
0.741093 0.112827 0.005938
0.750594 0.112827 0.007126
0.771971 0.112827 0.007126
0.788599 0.112827 0.008314
0.222090 0.114014 0.007126
0.404988 0.114014 0.009501
0.467933 0.114014 0.008314
0.478622 0.114014 0.007126
0.489311 0.114014 0.007126
0.508314 0.114014 0.013064
0.516627 0.114014 0.005938
0.526128 0.114014 0.004751
0.533254 0.114014 0.011876
0.561758 0.114014 0.005938
0.580760 0.114014 0.004751
0.587886 0.114014 0.011876
0.596200 0.114014 0.004751
0.661520 0.114014 0.005938
0.714964 0.114014 0.005938
0.733967 0.114014 0.008314
0.762470 0.114014 0.008314
0.167458 0.115202 0.008314
0.212589 0.115202 0.007126
0.232779 0.115202 0.010689
0.239905 0.115202 0.004751
0.248219 0.115202 0.005938
0.256532 0.115202 0.007126
0.363420 0.115202 0.008314
0.416865 0.115202 0.008314
0.426366 0.115202 0.011876
0.542755 0.115202 0.007126
0.553444 0.115202 0.013064
0.571259 0.115202 0.008314
0.603325 0.115202 0.010689
0.643705 0.115202 0.004751
0.652019 0.115202 0.005938
0.722090 0.115202 0.010689
0.176960 0.116390 0.004751
0.192399 0.116390 0.005938
0.201900 0.116390 0.005938
0.269596 0.116390 0.008314
0.279097 0.116390 0.010689
0.343230 0.116390 0.005938
0.352732 0.116390 0.008314
0.371734 0.116390 0.005938
0.380048 0.116390 0.005938
0.391924 0.116390 0.008314
0.445368 0.116390 0.007126
0.456057 0.116390 0.008314
0.612827 0.116390 0.004751
0.634204 0.116390 0.007126
0.138955 0.117577 0.008314
0.153207 0.117577 0.008314
0.622328 0.117577 0.007126
0.119952 0.118765 0.007126
0.130641 0.118765 0.005938
0.875297 0.125891 0.008314
0.752969 0.127078 0.005938
0.818290 0.127078 0.005938
0.858670 0.127078 0.004751
0.744656 0.128266 0.011876
0.761283 0.128266 0.004751
0.779097 0.128266 0.008314
0.826603 0.128266 0.004751
0.833729 0.128266 0.010689
0.849169 0.128266 0.008314
0.649644 0.129454 0.005938
0.659145 0.129454 0.005938
0.667458 0.129454 0.011876
0.719715 0.129454 0.004751
0.768409 0.129454 0.005938
0.793349 0.129454 0.008314
0.806413 0.129454 0.008314
0.285036 0.130641 0.010689
0.488124 0.130641 0.009501
0.502375 0.130641 0.008314
0.523753 0.130641 0.008314
0.532067 0.130641 0.008314
0.548694 0.130641 0.004751
0.570071 0.130641 0.007126
0.581948 0.130641 0.008314
0.596200 0.130641 0.005938
0.608076 0.130641 0.008314
0.623515 0.130641 0.007126
0.635392 0.130641 0.008314
0.710214 0.130641 0.007126
0.728029 0.130641 0.008314
0.737530 0.130641 0.013064
0.238717 0.131829 0.011876
0.247031 0.131829 0.007126
0.268409 0.131829 0.005938
0.277910 0.131829 0.004751
0.349169 0.131829 0.007126
0.368171 0.131829 0.005938
0.463183 0.131829 0.008314
0.475059 0.131829 0.008314
0.510689 0.131829 0.005938
0.542755 0.131829 0.004751
0.558195 0.131829 0.005938
0.201900 0.133017 0.005938
0.212589 0.133017 0.007126
0.222090 0.133017 0.008314
0.231591 0.133017 0.005938
0.258907 0.133017 0.008314
0.358670 0.133017 0.005938
0.378860 0.133017 0.005938
0.389549 0.133017 0.007126
0.400238 0.133017 0.007126
0.409739 0.133017 0.005938
0.419240 0.133017 0.005938
0.429929 0.133017 0.007126
0.440618 0.133017 0.007126
0.453682 0.133017 0.005938
0.116390 0.134204 0.005938
0.127078 0.134204 0.007126
0.166271 0.134204 0.008314
0.179335 0.134204 0.007126
0.191211 0.134204 0.007126
0.137767 0.135392 0.008314
0.152019 0.136580 0.008314
0.864608 0.143705 0.005938
0.874109 0.143705 0.008314
0.768409 0.144893 0.004751
0.783848 0.144893 0.005938
0.794537 0.144893 0.008314
0.813539 0.144893 0.010689
0.846793 0.144893 0.010689
0.855107 0.144893 0.004751
0.641330 0.146081 0.005938
0.776722 0.146081 0.004751
0.823040 0.146081 0.008314
0.833729 0.146081 0.007126
0.522565 0.147268 0.005938
0.610451 0.147268 0.007126
0.619952 0.147268 0.005938
0.629454 0.147268 0.008314
0.650831 0.147268 0.005938
0.662708 0.147268 0.007126
0.720903 0.147268 0.004751
0.733967 0.147268 0.005938
0.755344 0.147268 0.004751
0.228029 0.148456 0.004751
0.235154 0.148456 0.004751
0.244656 0.148456 0.005938
0.254157 0.148456 0.007126
0.383610 0.148456 0.005938
0.393112 0.148456 0.008314
0.435867 0.148456 0.005938
0.444181 0.148456 0.004751
0.469121 0.148456 0.005938
0.478622 0.148456 0.008314
0.494062 0.148456 0.007126
0.504751 0.148456 0.005938
0.514252 0.148456 0.005938
0.535629 0.148456 0.008314
0.546318 0.148456 0.007126
0.554632 0.148456 0.004751
0.573634 0.148456 0.007126
0.580760 0.148456 0.008314
0.592637 0.148456 0.007126
0.600950 0.148456 0.005938
0.673397 0.148456 0.007126
0.682898 0.148456 0.007126
0.692399 0.148456 0.004751
0.745843 0.148456 0.008314
0.118765 0.149644 0.008314
0.191211 0.149644 0.008314
0.218527 0.149644 0.005938
0.270784 0.149644 0.007126
0.281473 0.149644 0.005938
0.289786 0.149644 0.004751
0.298100 0.149644 0.005938
0.374109 0.149644 0.007126
0.406176 0.149644 0.007126
0.415677 0.149644 0.005938
0.425178 0.149644 0.005938
0.459620 0.149644 0.005938
0.703088 0.149644 0.007126
0.711401 0.149644 0.007126
0.129454 0.150831 0.004751
0.178147 0.150831 0.007126
0.200713 0.150831 0.007126
0.210214 0.150831 0.004751
0.333729 0.150831 0.008314
0.347981 0.150831 0.004751
0.356295 0.150831 0.011876
0.136580 0.152019 0.004751
0.144893 0.152019 0.004751
0.155582 0.152019 0.008314
0.167458 0.152019 0.007126
0.308789 0.152019 0.007126
0.319477 0.152019 0.007126
0.261283 0.153207 0.005938
0.865796 0.159145 0.007126
0.805226 0.160333 0.008314
0.817102 0.160333 0.005938
0.771971 0.161520 0.008314
0.787411 0.161520 0.009501
0.826603 0.161520 0.008314
0.840855 0.161520 0.008314
0.852732 0.161520 0.007126
0.513064 0.162708 0.007126
0.541568 0.162708 0.004751
0.573634 0.162708 0.007126
0.583135 0.162708 0.005938
0.592637 0.162708 0.004751
0.599762 0.162708 0.004751
0.606888 0.162708 0.005938
0.619952 0.162708 0.008314
0.643705 0.162708 0.005938
0.653207 0.162708 0.008314
0.666271 0.162708 0.007126
0.674584 0.162708 0.004751
0.705463 0.162708 0.009501
0.717340 0.162708 0.008314
0.736342 0.162708 0.008314
0.394299 0.163895 0.004751
0.437055 0.163895 0.013064
0.446556 0.163895 0.004751
0.454869 0.163895 0.004751
0.472684 0.163895 0.005938
0.480998 0.163895 0.004751
0.488124 0.163895 0.010689
0.497625 0.163895 0.010689
0.524941 0.163895 0.008314
0.533254 0.163895 0.005938
0.549881 0.163895 0.007126
0.562945 0.163895 0.005938
0.633017 0.163895 0.007126
0.690024 0.163895 0.005938
0.698337 0.163895 0.004751
0.745843 0.163895 0.005938
0.119952 0.165083 0.008314
0.315914 0.165083 0.007126
0.378860 0.165083 0.005938
0.387173 0.165083 0.004751
0.402613 0.165083 0.005938
0.410926 0.165083 0.005938
0.419240 0.165083 0.004751
0.428741 0.165083 0.005938
0.463183 0.165083 0.005938
0.680523 0.165083 0.010689
0.128266 0.166271 0.005938
0.136580 0.166271 0.005938
0.146081 0.166271 0.005938
0.162708 0.166271 0.004751
0.172209 0.166271 0.004751
0.179335 0.166271 0.011876
0.188836 0.166271 0.005938
0.217340 0.166271 0.008314
0.230404 0.166271 0.005938
0.260095 0.166271 0.005938
0.326603 0.166271 0.008314
0.346793 0.166271 0.005938
0.356295 0.166271 0.007126
0.369359 0.166271 0.007126
0.199525 0.167458 0.007126
0.239905 0.167458 0.005938
0.249406 0.167458 0.005938
0.268409 0.167458 0.007126
0.283848 0.167458 0.004751
0.295724 0.167458 0.004751
0.301663 0.167458 0.004751
0.154394 0.168646 0.005938
0.872922 0.171021 0.007126
0.851544 0.173397 0.004751
0.862233 0.173397 0.007126
0.776722 0.174584 0.005938
0.786223 0.174584 0.007126
0.842043 0.174584 0.005938
0.666271 0.175772 0.004751
0.748219 0.175772 0.004751
0.756532 0.175772 0.005938
0.766033 0.175772 0.005938
0.806413 0.175772 0.004751
0.814727 0.175772 0.008314
0.824228 0.175772 0.005938
0.833729 0.175772 0.004751
0.559382 0.176960 0.005938
0.580760 0.176960 0.007126
0.603325 0.176960 0.008314
0.615202 0.176960 0.005938
0.624703 0.176960 0.005938
0.634204 0.176960 0.005938
0.644893 0.176960 0.008314
0.657957 0.176960 0.005938
0.695962 0.176960 0.007126
0.709026 0.176960 0.007126
0.719715 0.176960 0.007126
0.728029 0.176960 0.005938
0.738717 0.176960 0.005938
0.115202 0.178147 0.005938
0.123515 0.178147 0.004751
0.541568 0.178147 0.004751
0.548694 0.178147 0.005938
0.568884 0.178147 0.005938
0.590261 0.178147 0.005938
0.673397 0.178147 0.008314
0.682898 0.178147 0.004751
0.133017 0.179335 0.004751
0.141330 0.179335 0.004751
0.376485 0.179335 0.008314
0.444181 0.179335 0.007126
0.454869 0.179335 0.004751
0.464371 0.179335 0.005938
0.473872 0.179335 0.005938
0.483373 0.179335 0.004751
0.491686 0.179335 0.007126
0.502375 0.179335 0.004751
0.511876 0.179335 0.005938
0.523753 0.179335 0.004751
0.532067 0.179335 0.005938
0.148456 0.180523 0.004751
0.155582 0.180523 0.004751
0.172209 0.180523 0.004751
0.181710 0.180523 0.004751
0.198337 0.180523 0.005938
0.207838 0.180523 0.005938
0.217340 0.180523 0.004751
0.349169 0.180523 0.008314
0.364608 0.180523 0.008314
0.383610 0.180523 0.004751
0.393112 0.180523 0.005938
0.423990 0.180523 0.007126
0.162708 0.181710 0.005938
0.188836 0.181710 0.004751
0.252969 0.181710 0.004751
0.275534 0.181710 0.005938
0.340855 0.181710 0.005938
0.402613 0.181710 0.007126
0.414489 0.181710 0.005938
0.237530 0.182898 0.005938
0.263658 0.182898 0.007126
0.283848 0.182898 0.005938
0.293349 0.182898 0.004751
0.299287 0.182898 0.004751
0.309976 0.182898 0.005938
0.319477 0.182898 0.004751
0.328979 0.182898 0.007126
0.875297 0.185273 0.005938
0.844418 0.186461 0.008314
0.857482 0.186461 0.004751
0.864608 0.186461 0.004751
0.811164 0.187648 0.005938
0.826603 0.187648 0.005938
0.834917 0.187648 0.004751
0.760095 0.188836 0.008314
0.774347 0.188836 0.007126
0.783848 0.188836 0.008314
0.793349 0.188836 0.004751
0.801663 0.188836 0.005938
0.122328 0.190024 0.004751
0.131829 0.190024 0.005938
0.690024 0.190024 0.007126
0.701900 0.190024 0.007126
0.713777 0.190024 0.007126
0.735154 0.190024 0.005938
0.114014 0.191211 0.005938
0.165083 0.191211 0.005938
0.523753 0.191211 0.008314
0.552257 0.191211 0.008314
0.561758 0.191211 0.004751
0.570071 0.191211 0.005938
0.578385 0.191211 0.004751
0.600950 0.191211 0.009501
0.615202 0.191211 0.008314
0.642518 0.191211 0.011876
0.650831 0.191211 0.004751
0.669834 0.191211 0.007126
0.680523 0.191211 0.007126
0.725653 0.191211 0.008314
0.745843 0.191211 0.008314
0.143705 0.192399 0.005938
0.154394 0.192399 0.007126
0.173397 0.192399 0.005938
0.192399 0.192399 0.005938
0.201900 0.192399 0.005938
0.214964 0.192399 0.008314
0.274347 0.192399 0.005938
0.415677 0.192399 0.007126
0.463183 0.192399 0.004751
0.478622 0.192399 0.005938
0.488124 0.192399 0.010689
0.502375 0.192399 0.005938
0.513064 0.192399 0.007126
0.532067 0.192399 0.005938
0.540380 0.192399 0.008314
0.586698 0.192399 0.008314
0.659145 0.192399 0.007126
0.182898 0.193587 0.005938
0.287411 0.193587 0.005938
0.362233 0.193587 0.004751
0.407363 0.193587 0.004751
0.426366 0.193587 0.007126
0.434679 0.193587 0.005938
0.456057 0.193587 0.008314
0.629454 0.193587 0.008314
0.228029 0.194774 0.008314
0.241093 0.194774 0.008314
0.251781 0.194774 0.005938
0.261283 0.194774 0.007126
0.295724 0.194774 0.004751
0.345606 0.194774 0.008314
0.355107 0.194774 0.004751
0.378860 0.194774 0.008314
0.388361 0.194774 0.005938
0.396675 0.194774 0.007126
0.445368 0.194774 0.008314
0.306413 0.195962 0.008314
0.319477 0.195962 0.007126
0.331354 0.197150 0.007126
