0.941805 0.003563 0.019002
0.782660 0.005938 0.023753
0.849169 0.008314 0.020190
0.754157 0.010689 0.020190
0.817102 0.011876 0.013064
0.880048 0.011876 0.016627
0.217340 0.033254 0.005938
0.615202 0.035629 0.008314
0.687648 0.035629 0.008314
0.566508 0.036817 0.008314
0.596200 0.036817 0.004751
0.623515 0.036817 0.004751
0.630641 0.036817 0.004751
0.678147 0.036817 0.004751
0.710214 0.036817 0.008314
0.750594 0.036817 0.004751
0.757720 0.036817 0.004751
0.536817 0.038005 0.008314
0.548694 0.038005 0.008314
0.557007 0.038005 0.004751
0.578385 0.038005 0.007126
0.587886 0.038005 0.005938
0.602138 0.038005 0.008314
0.638955 0.038005 0.004751
0.646081 0.038005 0.005938
0.726841 0.038005 0.011876
0.735154 0.038005 0.004751
0.743468 0.038005 0.004751
0.793349 0.038005 0.008314
0.805226 0.038005 0.005938
0.813539 0.038005 0.004751
0.447743 0.039192 0.005938
0.459620 0.039192 0.005938
0.469121 0.039192 0.008314
0.514252 0.039192 0.004751
0.523753 0.039192 0.007126
0.671021 0.039192 0.004751
0.698337 0.039192 0.007126
0.771971 0.039192 0.007126
0.781473 0.039192 0.005938
0.406176 0.040380 0.004751
0.415677 0.040380 0.004751
0.423990 0.040380 0.005938
0.432304 0.040380 0.004751
0.439430 0.040380 0.004751
0.479810 0.040380 0.008314
0.492874 0.040380 0.007126
0.505938 0.040380 0.005938
0.663895 0.040380 0.011876
0.823040 0.040380 0.005938
0.833729 0.040380 0.005938
0.843230 0.040380 0.005938
0.850356 0.040380 0.004751
0.859857 0.040380 0.008314
0.870546 0.040380 0.005938
0.878860 0.040380 0.004751
0.381235 0.041568 0.007126
0.390736 0.041568 0.005938
0.399050 0.041568 0.004751
0.271971 0.042755 0.007126
0.285036 0.042755 0.005938
0.332542 0.042755 0.004751
0.340855 0.042755 0.005938
0.350356 0.042755 0.005938
0.361045 0.042755 0.007126
0.231591 0.043943 0.007126
0.249406 0.043943 0.004751
0.263658 0.043943 0.005938
0.292162 0.043943 0.005938
0.300475 0.043943 0.004751
0.321853 0.043943 0.008314
0.194774 0.045131 0.004751
0.210214 0.045131 0.008314
0.220903 0.045131 0.005938
0.242280 0.045131 0.004751
0.256532 0.045131 0.004751
0.162708 0.046318 0.008314
0.187648 0.046318 0.004751
0.309976 0.046318 0.005938
0.144893 0.047506 0.010689
0.175772 0.047506 0.007126
0.153207 0.048694 0.007126
0.129454 0.049881 0.010689
0.598575 0.049881 0.003563
0.614014 0.049881 0.007126
0.627078 0.049881 0.007126
0.637767 0.049881 0.005938
0.738717 0.049881 0.005938
0.748219 0.049881 0.008314
0.121140 0.051069 0.005938
0.578385 0.051069 0.007126
0.591449 0.051069 0.008314
0.605701 0.051069 0.005938
0.646081 0.051069 0.007126
0.656770 0.051069 0.007126
0.674584 0.051069 0.007126
0.685273 0.051069 0.005938
0.546318 0.052257 0.004751
0.557007 0.052257 0.007126
0.567696 0.052257 0.005938
0.695962 0.052257 0.008314
0.701900 0.052257 0.004751
0.714964 0.052257 0.009501
0.729216 0.052257 0.005938
0.762470 0.052257 0.004751
0.775534 0.052257 0.004751
0.781473 0.052257 0.004751
0.794537 0.052257 0.008314
0.407363 0.053444 0.010689
0.458432 0.053444 0.005938
0.467933 0.053444 0.005938
0.508314 0.053444 0.005938
0.516627 0.053444 0.004751
0.523753 0.053444 0.004751
0.532067 0.053444 0.004751
0.768409 0.053444 0.004751
0.805226 0.053444 0.005938
0.813539 0.053444 0.004751
0.821853 0.053444 0.005938
0.852732 0.053444 0.005938
0.414489 0.054632 0.007126
0.427553 0.054632 0.007126
0.448931 0.054632 0.007126
0.479810 0.054632 0.005938
0.488124 0.054632 0.004751
0.831354 0.054632 0.007126
0.843230 0.054632 0.005938
0.859857 0.054632 0.004751
0.869359 0.054632 0.004751
0.876485 0.054632 0.004751
0.888361 0.054632 0.008314
0.382423 0.055819 0.004751
0.437055 0.055819 0.007126
0.497625 0.055819 0.005938
0.389549 0.057007 0.008314
0.298100 0.058195 0.005938
0.307601 0.058195 0.004751
0.356295 0.058195 0.005938
0.186461 0.059382 0.008314
0.198337 0.059382 0.007126
0.209026 0.059382 0.004751
0.218527 0.059382 0.005938
0.226841 0.059382 0.005938
0.236342 0.059382 0.004751
0.243468 0.059382 0.004751
0.254157 0.059382 0.005938
0.263658 0.059382 0.005938
0.275534 0.059382 0.007126
0.287411 0.059382 0.008314
0.324228 0.059382 0.005938
0.337292 0.059382 0.007126
0.345606 0.059382 0.004751
0.169834 0.060570 0.008314
0.143705 0.061758 0.004751
0.150831 0.061758 0.004751
0.157957 0.061758 0.004751
0.133017 0.062945 0.007126
0.121140 0.064133 0.007126
0.647268 0.064133 0.008314
0.654394 0.064133 0.004751
0.667458 0.064133 0.008314
0.680523 0.064133 0.010689
0.687648 0.064133 0.004751
0.540380 0.065321 0.007126
0.551069 0.065321 0.007126
0.576010 0.065321 0.008314
0.587886 0.065321 0.008314
0.600950 0.065321 0.007126
0.611639 0.065321 0.005938
0.619952 0.065321 0.008314
0.698337 0.065321 0.007126
0.731591 0.065321 0.005938
0.747031 0.065321 0.008314
0.758907 0.065321 0.005938
0.767221 0.065321 0.004751
0.498812 0.066508 0.005938
0.516627 0.066508 0.008314
0.530879 0.066508 0.004751
0.564133 0.066508 0.008314
0.709026 0.066508 0.007126
0.719715 0.066508 0.007126
0.739905 0.066508 0.004751
0.774347 0.066508 0.005938
0.781473 0.066508 0.007126
0.790974 0.066508 0.004751
0.802850 0.066508 0.004751
0.862233 0.066508 0.007126
0.871734 0.066508 0.007126
0.457245 0.067696 0.005938
0.466746 0.067696 0.008314
0.486936 0.067696 0.007126
0.507126 0.067696 0.005938
0.634204 0.067696 0.007126
0.818290 0.067696 0.005938
0.826603 0.067696 0.004751
0.883610 0.067696 0.007126
0.356295 0.068884 0.005938
0.371734 0.068884 0.008314
0.387173 0.068884 0.007126
0.396675 0.068884 0.004751
0.425178 0.068884 0.005938
0.435867 0.068884 0.007126
0.447743 0.068884 0.007126
0.839667 0.068884 0.008314
0.850356 0.068884 0.007126
0.345606 0.070071 0.005938
0.404988 0.070071 0.005938
0.415677 0.070071 0.007126
0.239905 0.071259 0.008314
0.258907 0.071259 0.007126
0.305226 0.071259 0.005938
0.334917 0.071259 0.005938
0.363420 0.071259 0.004751
0.185273 0.072447 0.004751
0.268409 0.072447 0.007126
0.283848 0.072447 0.004751
0.296912 0.072447 0.004751
0.313539 0.072447 0.004751
0.325416 0.072447 0.007126
0.166271 0.073634 0.007126
0.176960 0.073634 0.007126
0.192399 0.073634 0.008314
0.205463 0.073634 0.007126
0.214964 0.073634 0.005938
0.224466 0.073634 0.007126
0.153207 0.074822 0.005938
0.143705 0.076010 0.007126
0.119952 0.077197 0.008314
0.133017 0.077197 0.005938
0.618765 0.078385 0.004751
0.598575 0.079572 0.007126
0.610451 0.079572 0.005938
0.633017 0.079572 0.009501
0.648456 0.079572 0.005938
0.743468 0.079572 0.007126
0.767221 0.079572 0.007126
0.777910 0.079572 0.005938
0.787411 0.079572 0.008314
0.798100 0.079572 0.008314
0.808789 0.079572 0.005938
0.818290 0.079572 0.005938
0.576010 0.080760 0.005938
0.586698 0.080760 0.005938
0.657957 0.080760 0.005938
0.666271 0.080760 0.011876
0.755344 0.080760 0.008314
0.828979 0.080760 0.005938
0.882423 0.080760 0.008314
0.454869 0.081948 0.007126
0.505938 0.081948 0.004751
0.514252 0.081948 0.005938
0.524941 0.081948 0.007126
0.535629 0.081948 0.008314
0.547506 0.081948 0.008314
0.555819 0.081948 0.005938
0.566508 0.081948 0.007126
0.722090 0.081948 0.005938
0.731591 0.081948 0.005938
0.839667 0.081948 0.005938
0.847981 0.081948 0.004751
0.855107 0.081948 0.008314
0.868171 0.081948 0.007126
0.444181 0.083135 0.005938
0.477435 0.083135 0.005938
0.486936 0.083135 0.004751
0.496437 0.083135 0.005938
0.375297 0.084323 0.007126
0.394299 0.084323 0.004751
0.467933 0.084323 0.007126
0.207838 0.085511 0.004751
0.245843 0.085511 0.007126
0.260095 0.085511 0.008314
0.270784 0.085511 0.008314
0.295724 0.085511 0.005938
0.353919 0.085511 0.005938
0.362233 0.085511 0.010689
0.406176 0.085511 0.008314
0.416865 0.085511 0.005938
0.423990 0.085511 0.008314
0.434679 0.085511 0.005938
0.200713 0.086698 0.010689
0.217340 0.086698 0.007126
0.226841 0.086698 0.005938
0.333729 0.086698 0.008314
0.345606 0.086698 0.005938
0.166271 0.087886 0.004751
0.178147 0.087886 0.008314
0.191211 0.087886 0.008314
0.235154 0.087886 0.008314
0.159145 0.089074 0.004751
0.150831 0.090261 0.005938
0.134204 0.091449 0.010689
0.141330 0.091449 0.004751
0.119952 0.092637 0.008314
0.650831 0.092637 0.008314
0.779097 0.092637 0.004751
0.659145 0.093824 0.004751
0.770784 0.093824 0.005938
0.786223 0.093824 0.005938
0.795724 0.093824 0.005938
0.830166 0.093824 0.008314
0.584323 0.095012 0.005938
0.593824 0.095012 0.005938
0.602138 0.095012 0.005938
0.611639 0.095012 0.007126
0.622328 0.095012 0.004751
0.640143 0.095012 0.004751
0.712589 0.095012 0.004751
0.723278 0.095012 0.007126
0.732779 0.095012 0.004751
0.805226 0.095012 0.007126
0.821853 0.095012 0.004751
0.846793 0.095012 0.005938
0.856295 0.095012 0.005938
0.866983 0.095012 0.005938
0.874109 0.095012 0.010689
0.502375 0.096200 0.008314
0.568884 0.096200 0.004751
0.576010 0.096200 0.005938
0.631829 0.096200 0.008314
0.741093 0.096200 0.005938
0.751781 0.096200 0.005938
0.761283 0.096200 0.004751
0.470309 0.097387 0.005938
0.488124 0.097387 0.004751
0.524941 0.097387 0.008314
0.533254 0.097387 0.004751
0.548694 0.097387 0.008314
0.559382 0.097387 0.005938
0.397862 0.098575 0.004751
0.406176 0.098575 0.004751
0.459620 0.098575 0.007126
0.478622 0.098575 0.008314
0.513064 0.098575 0.007126
0.540380 0.098575 0.004751
0.369359 0.099762 0.007126
0.414489 0.099762 0.005938
0.423990 0.099762 0.005938
0.434679 0.099762 0.007126
0.447743 0.099762 0.007126
0.243468 0.100950 0.004751
0.263658 0.100950 0.005938
0.274347 0.100950 0.005938
0.285036 0.100950 0.011876
0.349169 0.100950 0.005938
0.358670 0.100950 0.007126
0.226841 0.102138 0.007126
0.251781 0.102138 0.008314
0.339667 0.102138 0.007126
0.182898 0.103325 0.007126
0.193587 0.103325 0.007126
0.204276 0.103325 0.007126
0.216152 0.103325 0.007126
0.167458 0.104513 0.010689
0.173397 0.104513 0.011876
0.155582 0.106888 0.007126
0.118765 0.108076 0.008314
0.131829 0.108076 0.004751
0.142518 0.108076 0.007126
0.774347 0.108076 0.007126
0.787411 0.108076 0.007126
0.795724 0.108076 0.005938
0.827791 0.108076 0.008314
0.855107 0.108076 0.007126
0.868171 0.108076 0.005938
0.638955 0.109264 0.005938
0.714964 0.109264 0.005938
0.728029 0.109264 0.008314
0.745843 0.109264 0.004751
0.751781 0.109264 0.004751
0.762470 0.109264 0.007126
0.811164 0.109264 0.010689
0.839667 0.109264 0.008314
0.846793 0.109264 0.004751
0.570071 0.110451 0.005938
0.578385 0.110451 0.004751
0.585511 0.110451 0.010689
0.596200 0.110451 0.008314
0.617577 0.110451 0.004751
0.630641 0.110451 0.005938
0.738717 0.110451 0.009501
0.427553 0.111639 0.005938
0.551069 0.111639 0.004751
0.559382 0.111639 0.007126
0.413302 0.112827 0.007126
0.437055 0.112827 0.005938
0.446556 0.112827 0.005938
0.456057 0.112827 0.004751
0.461995 0.112827 0.004751
0.469121 0.112827 0.008314
0.479810 0.112827 0.007126
0.492874 0.112827 0.008314
0.503563 0.112827 0.007126
0.513064 0.112827 0.005938
0.524941 0.112827 0.005938
0.533254 0.112827 0.007126
0.543943 0.112827 0.004751
0.384798 0.114014 0.005938
0.264846 0.115202 0.005938
0.366983 0.115202 0.004751
0.374109 0.115202 0.005938
0.255344 0.116390 0.005938
0.273159 0.116390 0.005938
0.281473 0.116390 0.005938
0.352732 0.117577 0.005938
0.244656 0.118765 0.008314
0.165083 0.119952 0.005938
0.205463 0.119952 0.005938
0.214964 0.119952 0.008314
0.224466 0.119952 0.011876
0.147268 0.121140 0.004751
0.155582 0.121140 0.005938
0.194774 0.121140 0.008314
0.128266 0.122328 0.005938
0.137767 0.122328 0.008314
0.180523 0.122328 0.009501
0.856295 0.122328 0.007126
0.714964 0.123515 0.008314
0.741093 0.123515 0.007126
0.804038 0.123515 0.007126
0.814727 0.123515 0.008314
0.827791 0.123515 0.005938
0.847981 0.123515 0.008314
0.866983 0.123515 0.004751
0.876485 0.123515 0.008314
0.884798 0.123515 0.010689
0.118765 0.124703 0.007126
0.642518 0.124703 0.004751
0.770784 0.124703 0.008314
0.792162 0.124703 0.007126
0.836105 0.124703 0.007126
0.615202 0.125891 0.004751
0.623515 0.125891 0.005938
0.634204 0.125891 0.005938
0.729216 0.125891 0.008314
0.749406 0.125891 0.005938
0.780285 0.125891 0.008314
0.590261 0.127078 0.005938
0.598575 0.127078 0.008314
0.608076 0.127078 0.004751
0.413302 0.128266 0.011876
0.442993 0.128266 0.008314
0.454869 0.128266 0.007126
0.465558 0.128266 0.008314
0.494062 0.128266 0.007126
0.522565 0.128266 0.007126
0.534442 0.128266 0.008314
0.571259 0.128266 0.013064
0.578385 0.128266 0.011876
0.760095 0.128266 0.008314
0.421615 0.129454 0.008314
0.483373 0.129454 0.011876
0.503563 0.129454 0.005938
0.513064 0.129454 0.008314
0.546318 0.129454 0.010689
0.560570 0.129454 0.008314
0.403800 0.130641 0.005938
0.287411 0.133017 0.008314
0.390736 0.133017 0.008314
0.230404 0.134204 0.008314
0.150831 0.135392 0.007126
0.160333 0.135392 0.005938
0.168646 0.135392 0.008314
0.180523 0.135392 0.005938
0.188836 0.135392 0.007126
0.209026 0.135392 0.004751
0.218527 0.135392 0.008314
0.242280 0.135392 0.008314
0.256532 0.135392 0.005938
0.266033 0.135392 0.005938
0.276722 0.135392 0.008314
0.130641 0.136580 0.008314
0.200713 0.136580 0.005938
0.872922 0.137767 0.008314
0.884798 0.137767 0.007126
0.117577 0.138955 0.005938
0.710214 0.140143 0.007126
0.845606 0.140143 0.008314
0.853919 0.140143 0.004751
0.137767 0.141330 0.007126
0.722090 0.141330 0.004751
0.732779 0.141330 0.008314
0.756532 0.141330 0.007126
0.767221 0.141330 0.007126
0.780285 0.141330 0.007126
0.792162 0.141330 0.010689
0.799287 0.141330 0.005938
0.808789 0.141330 0.004751
0.820665 0.141330 0.008314
0.831354 0.141330 0.008314
0.624703 0.142518 0.007126
0.634204 0.142518 0.008314
0.649644 0.142518 0.009501
0.656770 0.142518 0.004751
0.666271 0.142518 0.007126
0.743468 0.142518 0.007126
0.603325 0.143705 0.007126
0.615202 0.143705 0.005938
0.441805 0.144893 0.004751
0.465558 0.144893 0.008314
0.478622 0.144893 0.007126
0.490499 0.144893 0.008314
0.528504 0.144893 0.008314
0.584323 0.144893 0.007126
0.593824 0.144893 0.005938
0.415677 0.146081 0.008314
0.423990 0.146081 0.005938
0.432304 0.146081 0.007126
0.457245 0.146081 0.005938
0.502375 0.146081 0.007126
0.513064 0.146081 0.004751
0.551069 0.146081 0.005938
0.562945 0.146081 0.008314
0.573634 0.146081 0.007126
0.401425 0.147268 0.008314
0.542755 0.147268 0.008314
0.391924 0.148456 0.004751
0.328979 0.149644 0.008314
0.358670 0.149644 0.008314
0.369359 0.149644 0.007126
0.381235 0.149644 0.007126
0.182898 0.150831 0.008314
0.218527 0.150831 0.007126
0.228029 0.150831 0.005938
0.236342 0.150831 0.005938
0.245843 0.150831 0.007126
0.256532 0.150831 0.008314
0.268409 0.150831 0.007126
0.279097 0.150831 0.008314
0.339667 0.150831 0.007126
0.195962 0.152019 0.005938
0.205463 0.152019 0.005938
0.349169 0.152019 0.007126
0.883610 0.152019 0.005938
0.117577 0.153207 0.005938
0.128266 0.153207 0.008314
0.148456 0.153207 0.004751
0.155582 0.153207 0.011876
0.166271 0.153207 0.008314
0.871734 0.153207 0.008314
0.138955 0.154394 0.005938
0.855107 0.154394 0.004751
0.862233 0.154394 0.004751
0.809976 0.155582 0.005938
0.826603 0.155582 0.008314
0.837292 0.155582 0.005938
0.846793 0.155582 0.005938
0.693587 0.156770 0.007126
0.704276 0.156770 0.007126
0.714964 0.156770 0.005938
0.725653 0.156770 0.005938
0.747031 0.156770 0.004751
0.757720 0.156770 0.008314
0.766033 0.156770 0.004751
0.775534 0.156770 0.007126
0.787411 0.156770 0.008314
0.800475 0.156770 0.007126
0.817102 0.156770 0.010689
0.616390 0.157957 0.007126
0.627078 0.157957 0.005938
0.635392 0.157957 0.005938
0.644893 0.157957 0.008314
0.735154 0.157957 0.007126
0.591449 0.159145 0.004751
0.659145 0.159145 0.005938
0.667458 0.159145 0.007126
0.680523 0.159145 0.007126
0.561758 0.160333 0.007126
0.571259 0.160333 0.004751
0.581948 0.160333 0.007126
0.603325 0.160333 0.008314
0.460808 0.161520 0.007126
0.473872 0.161520 0.008314
0.483373 0.161520 0.005938
0.495249 0.161520 0.008314
0.504751 0.161520 0.005938
0.551069 0.161520 0.008314
0.412114 0.162708 0.007126
0.422803 0.162708 0.004751
0.440618 0.162708 0.005938
0.450119 0.162708 0.007126
0.515439 0.162708 0.007126
0.528504 0.162708 0.010689
0.301663 0.163895 0.008314
0.320665 0.163895 0.007126
0.375297 0.163895 0.007126
0.385986 0.163895 0.010689
0.400238 0.163895 0.008314
0.431116 0.163895 0.008314
0.213777 0.165083 0.007126
0.224466 0.165083 0.008314
0.237530 0.165083 0.007126
0.248219 0.165083 0.007126
0.257720 0.165083 0.005938
0.266033 0.165083 0.005938
0.279097 0.165083 0.008314
0.292162 0.165083 0.008314
0.340855 0.165083 0.007126
0.351544 0.165083 0.008314
0.363420 0.165083 0.007126
0.180523 0.166271 0.008314
0.192399 0.166271 0.007126
0.204276 0.166271 0.005938
0.330166 0.166271 0.005938
0.881235 0.166271 0.009501
0.858670 0.167458 0.008314
0.871734 0.167458 0.005938
0.118765 0.168646 0.005938
0.136580 0.168646 0.007126
0.147268 0.168646 0.004751
0.166271 0.168646 0.005938
0.125891 0.169834 0.005938
0.809976 0.169834 0.007126
0.819477 0.169834 0.005938
0.833729 0.169834 0.008314
0.845606 0.169834 0.007126
0.731591 0.171021 0.007126
0.742280 0.171021 0.008314
0.775534 0.171021 0.007126
0.786223 0.171021 0.008314
0.798100 0.171021 0.005938
0.699525 0.172209 0.004751
0.755344 0.172209 0.004751
0.766033 0.172209 0.007126
0.641330 0.173397 0.011876
0.648456 0.173397 0.004751
0.667458 0.173397 0.007126
0.719715 0.173397 0.008314
0.596200 0.174584 0.008314
0.608076 0.174584 0.004751
0.616390 0.174584 0.005938
0.625891 0.174584 0.008314
0.657957 0.174584 0.005938
0.690024 0.174584 0.008314
0.707838 0.174584 0.008314
0.300475 0.175772 0.004751
0.551069 0.175772 0.007126
0.567696 0.175772 0.008314
0.578385 0.175772 0.005938
0.489311 0.176960 0.008314
0.523753 0.176960 0.008314
0.532067 0.176960 0.004751
0.559382 0.176960 0.004751
0.586698 0.176960 0.007126
0.361045 0.178147 0.007126
0.374109 0.178147 0.005938
0.382423 0.178147 0.004751
0.413302 0.178147 0.005938
0.431116 0.178147 0.005938
0.452494 0.178147 0.007126
0.465558 0.178147 0.008314
0.477435 0.178147 0.005938
0.502375 0.178147 0.007126
0.511876 0.178147 0.004751
0.119952 0.179335 0.005938
0.263658 0.179335 0.009501
0.307601 0.179335 0.007126
0.340855 0.179335 0.005938
0.349169 0.179335 0.005938
0.403800 0.179335 0.005938
0.421615 0.179335 0.004751
0.441805 0.179335 0.005938
0.890736 0.179335 0.008314
0.127078 0.180523 0.004751
0.185273 0.180523 0.007126
0.195962 0.180523 0.008314
0.212589 0.180523 0.007126
0.226841 0.180523 0.008314
0.280285 0.180523 0.008314
0.292162 0.180523 0.004751
0.328979 0.180523 0.007126
0.881235 0.180523 0.008314
0.140143 0.181710 0.007126
0.154394 0.181710 0.005938
0.165083 0.181710 0.005938
0.174584 0.181710 0.005938
0.235154 0.181710 0.005938
0.247031 0.181710 0.007126
0.315914 0.181710 0.005938
0.874109 0.181710 0.004751
0.866983 0.182898 0.007126
0.825416 0.184086 0.008314
0.845606 0.184086 0.007126
0.856295 0.184086 0.007126
0.792162 0.185273 0.008314
0.800475 0.185273 0.004751
0.808789 0.185273 0.010689
0.833729 0.185273 0.008314
0.777910 0.186461 0.008314
0.744656 0.187648 0.008314
0.763658 0.187648 0.008314
0.609264 0.188836 0.004751
0.625891 0.188836 0.005938
0.730404 0.188836 0.007126
0.457245 0.190024 0.009501
0.583135 0.190024 0.005938
0.592637 0.190024 0.007126
0.603325 0.190024 0.008314
0.616390 0.190024 0.004751
0.634204 0.190024 0.004751
0.647268 0.190024 0.004751
0.657957 0.190024 0.007126
0.705463 0.190024 0.008314
0.718527 0.190024 0.008314
0.486936 0.191211 0.008314
0.530879 0.191211 0.004751
0.572447 0.191211 0.007126
0.668646 0.191211 0.007126
0.681710 0.191211 0.008314
0.693587 0.191211 0.007126
0.279097 0.192399 0.005938
0.307601 0.192399 0.007126
0.374109 0.192399 0.004751
0.414489 0.192399 0.007126
0.472684 0.192399 0.007126
0.501188 0.192399 0.008314
0.510689 0.192399 0.004751
0.522565 0.192399 0.008314
0.562945 0.192399 0.007126
0.128266 0.193587 0.007126
0.168646 0.193587 0.007126
0.180523 0.193587 0.007126
0.190024 0.193587 0.005938
0.235154 0.193587 0.007126
0.261283 0.193587 0.007126
0.270784 0.193587 0.005938
0.289786 0.193587 0.007126
0.330166 0.193587 0.008314
0.338480 0.193587 0.005938
0.361045 0.193587 0.005938
0.382423 0.193587 0.010689
0.404988 0.193587 0.005938
0.425178 0.193587 0.005938
0.434679 0.193587 0.005938
0.445368 0.193587 0.007126
0.542755 0.193587 0.008314
0.553444 0.193587 0.007126
0.117577 0.194774 0.008314
0.137767 0.194774 0.008314
0.144893 0.194774 0.005938
0.154394 0.194774 0.010689
0.201900 0.194774 0.008314
0.212589 0.194774 0.007126
0.224466 0.194774 0.008314
0.247031 0.194774 0.007126
0.318290 0.194774 0.007126
0.350356 0.194774 0.008314
0.395487 0.195962 0.007126
