0.864608 0.068884 0.010689
0.624703 0.070071 0.007126
0.733967 0.070071 0.008314
0.766033 0.070071 0.008314
0.777910 0.070071 0.008314
0.799287 0.070071 0.007126
0.851544 0.070071 0.008314
0.703088 0.071259 0.008314
0.713777 0.071259 0.007126
0.724466 0.071259 0.007126
0.745843 0.071259 0.007126
0.756532 0.071259 0.007126
0.809976 0.071259 0.009501
0.826603 0.071259 0.008314
0.872922 0.071259 0.004751
0.656770 0.072447 0.010689
0.838480 0.072447 0.008314
0.442993 0.073634 0.013064
0.547506 0.073634 0.009501
0.598575 0.073634 0.005938
0.609264 0.073634 0.005938
0.633017 0.073634 0.005938
0.643705 0.073634 0.008314
0.672209 0.073634 0.008314
0.682898 0.073634 0.005938
0.691211 0.073634 0.004751
0.431116 0.074822 0.008314
0.480998 0.074822 0.005938
0.492874 0.074822 0.005938
0.534442 0.074822 0.008314
0.561758 0.074822 0.008314
0.460808 0.076010 0.005938
0.470309 0.076010 0.005938
0.500000 0.076010 0.004751
0.507126 0.076010 0.009501
0.522565 0.076010 0.008314
0.576010 0.076010 0.008314
0.587886 0.076010 0.007126
0.387173 0.077197 0.008314
0.450119 0.077197 0.004751
0.891924 0.077197 0.014252
0.902613 0.077197 0.022565
0.407363 0.078385 0.008314
0.419240 0.078385 0.005938
0.321853 0.079572 0.008314
0.353919 0.079572 0.008314
0.371734 0.079572 0.009501
0.396675 0.079572 0.005938
0.290974 0.080760 0.007126
0.306413 0.080760 0.005938
0.333729 0.080760 0.007126
0.344418 0.080760 0.005938
0.298100 0.081948 0.005938
0.237530 0.083135 0.005938
0.249406 0.083135 0.008314
0.271971 0.083135 0.004751
0.280285 0.083135 0.005938
0.179335 0.084323 0.005938
0.188836 0.084323 0.004751
0.197150 0.084323 0.005938
0.217340 0.084323 0.004751
0.225653 0.084323 0.007126
0.262470 0.084323 0.008314
0.756532 0.084323 0.007126
0.776722 0.084323 0.007126
0.844418 0.084323 0.007126
0.876485 0.084323 0.007126
0.153207 0.085511 0.004751
0.171021 0.085511 0.005938
0.207838 0.085511 0.007126
0.717340 0.085511 0.004751
0.728029 0.085511 0.007126
0.741093 0.085511 0.008314
0.767221 0.085511 0.004751
0.792162 0.085511 0.008314
0.831354 0.085511 0.007126
0.865796 0.085511 0.005938
0.137767 0.086698 0.004751
0.144893 0.086698 0.004751
0.160333 0.086698 0.008314
0.802850 0.086698 0.007126
0.813539 0.086698 0.004751
0.855107 0.086698 0.007126
0.119952 0.087886 0.008314
0.129454 0.087886 0.007126
0.453682 0.087886 0.005938
0.603325 0.087886 0.008314
0.614014 0.087886 0.011876
0.659145 0.087886 0.005938
0.709026 0.087886 0.005938
0.482185 0.089074 0.007126
0.494062 0.089074 0.008314
0.514252 0.089074 0.008314
0.571259 0.089074 0.004751
0.583135 0.089074 0.007126
0.591449 0.089074 0.004751
0.621140 0.089074 0.007126
0.642518 0.089074 0.007126
0.650831 0.089074 0.004751
0.669834 0.089074 0.008314
0.699525 0.089074 0.007126
0.463183 0.090261 0.005938
0.471496 0.090261 0.005938
0.502375 0.090261 0.004751
0.535629 0.090261 0.005938
0.546318 0.090261 0.007126
0.560570 0.090261 0.008314
0.631829 0.090261 0.007126
0.690024 0.090261 0.005938
0.356295 0.091449 0.007126
0.380048 0.091449 0.007126
0.390736 0.091449 0.005938
0.438242 0.091449 0.005938
0.524941 0.091449 0.007126
0.368171 0.092637 0.005938
0.429929 0.092637 0.005938
0.302850 0.093824 0.007126
0.313539 0.093824 0.007126
0.325416 0.093824 0.007126
0.336105 0.093824 0.005938
0.344418 0.093824 0.007126
0.406176 0.093824 0.008314
0.418052 0.093824 0.007126
0.292162 0.095012 0.007126
0.880048 0.095012 0.007126
0.281473 0.096200 0.005938
0.864608 0.096200 0.004751
0.218527 0.097387 0.007126
0.238717 0.097387 0.005938
0.247031 0.097387 0.005938
0.260095 0.097387 0.007126
0.273159 0.097387 0.007126
0.826603 0.097387 0.007126
0.163895 0.098575 0.007126
0.174584 0.098575 0.008314
0.180523 0.098575 0.008314
0.191211 0.098575 0.005938
0.203088 0.098575 0.008314
0.228029 0.098575 0.007126
0.790974 0.098575 0.007126
0.799287 0.098575 0.005938
0.812352 0.098575 0.008314
0.837292 0.098575 0.005938
0.845606 0.098575 0.004751
0.152019 0.099762 0.008314
0.757720 0.099762 0.009501
0.770784 0.099762 0.005938
0.780285 0.099762 0.004751
0.141330 0.100950 0.007126
0.724466 0.100950 0.007126
0.735154 0.100950 0.004751
0.744656 0.100950 0.005938
0.663895 0.102138 0.004751
0.693587 0.102138 0.004751
0.700713 0.102138 0.004751
0.714964 0.102138 0.005938
0.119952 0.103325 0.008314
0.130641 0.103325 0.005938
0.513064 0.103325 0.007126
0.590261 0.103325 0.008314
0.598575 0.103325 0.005938
0.646081 0.103325 0.005938
0.655582 0.103325 0.005938
0.676960 0.103325 0.005938
0.685273 0.103325 0.004751
0.489311 0.104513 0.005938
0.497625 0.104513 0.008314
0.521378 0.104513 0.008314
0.539192 0.104513 0.007126
0.548694 0.104513 0.007126
0.555819 0.104513 0.004751
0.562945 0.104513 0.008314
0.576010 0.104513 0.008314
0.609264 0.104513 0.007126
0.622328 0.104513 0.007126
0.633017 0.104513 0.007126
0.377672 0.105701 0.008314
0.390736 0.105701 0.007126
0.425178 0.105701 0.007126
0.438242 0.105701 0.007126
0.447743 0.105701 0.010689
0.464371 0.105701 0.008314
0.480998 0.105701 0.007126
0.296912 0.106888 0.008314
0.308789 0.106888 0.005938
0.319477 0.106888 0.005938
0.330166 0.106888 0.008314
0.336105 0.106888 0.010689
0.353919 0.106888 0.007126
0.363420 0.106888 0.005938
0.401425 0.106888 0.005938
0.413302 0.106888 0.007126
0.249406 0.109264 0.007126
0.282660 0.109264 0.007126
0.261283 0.110451 0.007126
0.271971 0.110451 0.007126
0.875297 0.110451 0.010689
0.213777 0.111639 0.008314
0.225653 0.111639 0.005938
0.237530 0.111639 0.007126
0.852732 0.111639 0.005938
0.862233 0.111639 0.008314
0.162708 0.112827 0.004751
0.179335 0.112827 0.005938
0.190024 0.112827 0.007126
0.199525 0.112827 0.007126
0.775534 0.112827 0.005938
0.785036 0.112827 0.004751
0.790974 0.112827 0.009501
0.806413 0.112827 0.004751
0.844418 0.112827 0.005938
0.168646 0.114014 0.008314
0.764846 0.114014 0.008314
0.815914 0.114014 0.005938
0.824228 0.114014 0.005938
0.833729 0.114014 0.007126
0.147268 0.115202 0.010689
0.155582 0.115202 0.004751
0.716152 0.115202 0.008314
0.744656 0.115202 0.010689
0.134204 0.116390 0.007126
0.704276 0.116390 0.004751
0.726841 0.116390 0.009501
0.752969 0.116390 0.004751
0.119952 0.117577 0.008314
0.534442 0.117577 0.005938
0.545131 0.117577 0.005938
0.554632 0.117577 0.004751
0.566508 0.117577 0.007126
0.578385 0.117577 0.005938
0.600950 0.117577 0.005938
0.609264 0.117577 0.005938
0.649644 0.117577 0.008314
0.660333 0.117577 0.010689
0.668646 0.117577 0.011876
0.472684 0.118765 0.007126
0.484561 0.118765 0.008314
0.496437 0.118765 0.005938
0.504751 0.118765 0.007126
0.515439 0.118765 0.007126
0.524941 0.118765 0.005938
0.590261 0.118765 0.007126
0.619952 0.118765 0.007126
0.372922 0.119952 0.008314
0.402613 0.119952 0.005938
0.410926 0.119952 0.005938
0.463183 0.119952 0.005938
0.633017 0.119952 0.008314
0.383610 0.121140 0.007126
0.393112 0.121140 0.005938
0.421615 0.121140 0.005938
0.433492 0.121140 0.005938
0.442993 0.121140 0.004751
0.452494 0.121140 0.007126
0.331354 0.122328 0.008314
0.344418 0.122328 0.010689
0.361045 0.122328 0.005938
0.214964 0.123515 0.005938
0.273159 0.123515 0.005938
0.282660 0.123515 0.005938
0.290974 0.123515 0.008314
0.352732 0.123515 0.004751
0.880048 0.123515 0.008314
0.190024 0.124703 0.008314
0.204276 0.124703 0.007126
0.226841 0.124703 0.005938
0.251781 0.124703 0.008314
0.264846 0.124703 0.005938
0.849169 0.124703 0.004751
0.856295 0.124703 0.003563
0.870546 0.124703 0.004751
0.168646 0.125891 0.005938
0.179335 0.125891 0.007126
0.817102 0.125891 0.008314
0.824228 0.125891 0.008314
0.842043 0.125891 0.004751
0.862233 0.125891 0.008314
0.156770 0.127078 0.007126
0.237530 0.127078 0.008314
0.795724 0.127078 0.007126
0.833729 0.127078 0.007126
0.785036 0.128266 0.010689
0.805226 0.128266 0.005938
0.777910 0.129454 0.004751
0.134204 0.130641 0.005938
0.143705 0.130641 0.007126
0.758907 0.130641 0.008314
0.769596 0.130641 0.007126
0.117577 0.131829 0.005938
0.125891 0.131829 0.004751
0.557007 0.131829 0.007126
0.567696 0.131829 0.005938
0.577197 0.131829 0.004751
0.586698 0.131829 0.005938
0.596200 0.131829 0.007126
0.659145 0.131829 0.003563
0.730404 0.131829 0.004751
0.747031 0.131829 0.007126
0.470309 0.133017 0.005938
0.492874 0.133017 0.007126
0.504751 0.133017 0.005938
0.513064 0.133017 0.007126
0.524941 0.133017 0.005938
0.536817 0.133017 0.008314
0.547506 0.133017 0.007126
0.604513 0.133017 0.005938
0.614014 0.133017 0.004751
0.634204 0.133017 0.005938
0.644893 0.133017 0.007126
0.710214 0.133017 0.008314
0.722090 0.133017 0.007126
0.480998 0.134204 0.008314
0.623515 0.134204 0.005938
0.361045 0.135392 0.005938
0.388361 0.135392 0.007126
0.399050 0.135392 0.007126
0.419240 0.135392 0.004751
0.429929 0.135392 0.008314
0.439430 0.135392 0.007126
0.450119 0.135392 0.005938
0.459620 0.135392 0.007126
0.263658 0.136580 0.008314
0.281473 0.136580 0.008314
0.332542 0.136580 0.004751
0.339667 0.136580 0.004751
0.347981 0.136580 0.008314
0.376485 0.136580 0.008314
0.409739 0.136580 0.008314
0.883610 0.136580 0.004751
0.868171 0.137767 0.005938
0.875297 0.137767 0.004751
0.249406 0.138955 0.008314
0.843230 0.138955 0.008314
0.849169 0.138955 0.004751
0.858670 0.138955 0.005938
0.190024 0.140143 0.007126
0.200713 0.140143 0.007126
0.236342 0.140143 0.005938
0.824228 0.140143 0.005938
0.832542 0.140143 0.004751
0.210214 0.141330 0.008314
0.224466 0.141330 0.007126
0.812352 0.141330 0.007126
0.168646 0.142518 0.004751
0.176960 0.142518 0.009501
0.801663 0.142518 0.007126
0.160333 0.143705 0.004751
0.789786 0.143705 0.005938
0.117577 0.144893 0.008314
0.127078 0.144893 0.007126
0.138955 0.144893 0.007126
0.149644 0.144893 0.007126
0.770784 0.144893 0.007126
0.781473 0.144893 0.007126
0.760095 0.146081 0.007126
0.591449 0.147268 0.008314
0.656770 0.147268 0.008314
0.663895 0.147268 0.005938
0.739905 0.147268 0.007126
0.749406 0.147268 0.005938
0.505938 0.148456 0.008314
0.522565 0.148456 0.005938
0.532067 0.148456 0.005938
0.543943 0.148456 0.008314
0.555819 0.148456 0.007126
0.565321 0.148456 0.007126
0.576010 0.148456 0.005938
0.600950 0.148456 0.007126
0.611639 0.148456 0.005938
0.621140 0.148456 0.008314
0.630641 0.148456 0.004751
0.637767 0.148456 0.004751
0.644893 0.148456 0.004751
0.725653 0.148456 0.009501
0.409739 0.149644 0.008314
0.423990 0.149644 0.007126
0.453682 0.149644 0.008314
0.466746 0.149644 0.008314
0.477435 0.149644 0.005938
0.485748 0.149644 0.004751
0.495249 0.149644 0.007126
0.712589 0.149644 0.008314
0.377672 0.150831 0.008314
0.397862 0.150831 0.005938
0.441805 0.150831 0.007126
0.885986 0.150831 0.011876
0.283848 0.152019 0.011876
0.363420 0.152019 0.004751
0.388361 0.152019 0.008314
0.266033 0.153207 0.007126
0.276722 0.153207 0.004751
0.353919 0.153207 0.005938
0.868171 0.153207 0.008314
0.876485 0.153207 0.005938
0.190024 0.154394 0.008314
0.231591 0.154394 0.007126
0.242280 0.154394 0.007126
0.254157 0.154394 0.005938
0.345606 0.154394 0.004751
0.856295 0.154394 0.008314
0.178147 0.155582 0.005938
0.203088 0.155582 0.005938
0.212589 0.155582 0.005938
0.844418 0.155582 0.009501
0.148456 0.156770 0.005938
0.157957 0.156770 0.004751
0.166271 0.156770 0.008314
0.830166 0.156770 0.004751
0.141330 0.157957 0.004751
0.820665 0.157957 0.008314
0.807601 0.159145 0.007126
0.133017 0.160333 0.008314
0.769596 0.160333 0.004751
0.776722 0.160333 0.004751
0.785036 0.160333 0.005938
0.795724 0.160333 0.007126
0.119952 0.161520 0.008314
0.662708 0.161520 0.009501
0.738717 0.161520 0.007126
0.749406 0.161520 0.004751
0.761283 0.161520 0.008314
0.572447 0.162708 0.007126
0.585511 0.162708 0.008314
0.633017 0.162708 0.008314
0.646081 0.162708 0.007126
0.712589 0.162708 0.009501
0.718527 0.162708 0.004751
0.728029 0.162708 0.005938
0.548694 0.163895 0.008314
0.561758 0.163895 0.004751
0.596200 0.163895 0.004751
0.617577 0.163895 0.007126
0.413302 0.165083 0.007126
0.425178 0.165083 0.008314
0.438242 0.165083 0.005938
0.446556 0.165083 0.004751
0.477435 0.165083 0.008314
0.486936 0.165083 0.005938
0.505938 0.165083 0.005938
0.514252 0.165083 0.008314
0.527316 0.165083 0.008314
0.538005 0.165083 0.005938
0.608076 0.165083 0.008314
0.404988 0.166271 0.005938
0.454869 0.166271 0.004751
0.496437 0.166271 0.005938
0.385986 0.167458 0.005938
0.396675 0.167458 0.005938
0.464371 0.167458 0.008314
0.889549 0.167458 0.005938
0.282660 0.168646 0.004751
0.334917 0.168646 0.008314
0.346793 0.168646 0.004751
0.368171 0.168646 0.007126
0.377672 0.168646 0.004751
0.874109 0.168646 0.004751
0.881235 0.168646 0.004751
0.254157 0.169834 0.005938
0.263658 0.169834 0.007126
0.274347 0.169834 0.005938
0.356295 0.169834 0.008314
0.861045 0.169834 0.004751
0.179335 0.171021 0.005938
0.187648 0.171021 0.007126
0.198337 0.171021 0.011876
0.214964 0.171021 0.008314
0.237530 0.171021 0.005938
0.245843 0.171021 0.011876
0.837292 0.171021 0.010689
0.852732 0.171021 0.005938
0.152019 0.172209 0.004751
0.160333 0.172209 0.005938
0.168646 0.172209 0.007126
0.228029 0.172209 0.007126
0.843230 0.172209 0.004751
0.123515 0.173397 0.005938
0.142518 0.173397 0.005938
0.815914 0.173397 0.004751
0.823040 0.173397 0.004751
0.115202 0.174584 0.008314
0.134204 0.174584 0.004751
0.789786 0.174584 0.005938
0.799287 0.174584 0.004751
0.806413 0.174584 0.004751
0.723278 0.175772 0.008314
0.735154 0.175772 0.007126
0.745843 0.175772 0.004751
0.761283 0.175772 0.007126
0.770784 0.175772 0.005938
0.780285 0.175772 0.005938
0.648456 0.176960 0.007126
0.709026 0.176960 0.007126
0.593824 0.178147 0.005938
0.603325 0.178147 0.004751
0.610451 0.178147 0.004751
0.629454 0.178147 0.007126
0.637767 0.178147 0.007126
0.657957 0.178147 0.008314
0.553444 0.179335 0.007126
0.576010 0.179335 0.008314
0.584323 0.179335 0.004751
0.618765 0.179335 0.005938
0.442993 0.180523 0.005938
0.452494 0.180523 0.008314
0.485748 0.180523 0.007126
0.496437 0.180523 0.007126
0.510689 0.180523 0.008314
0.522565 0.180523 0.007126
0.534442 0.180523 0.008314
0.543943 0.180523 0.013064
0.423990 0.181710 0.008314
0.433492 0.181710 0.007126
0.477435 0.181710 0.005938
0.564133 0.181710 0.008314
0.881235 0.181710 0.004751
0.377672 0.182898 0.005938
0.388361 0.182898 0.005938
0.399050 0.182898 0.005938
0.408551 0.182898 0.005938
0.467933 0.182898 0.005938
0.889549 0.182898 0.010689
0.275534 0.184086 0.004751
0.359857 0.184086 0.005938
0.369359 0.184086 0.005938
0.868171 0.184086 0.004751
0.875297 0.184086 0.004751
0.283848 0.185273 0.007126
0.824228 0.185273 0.010689
0.857482 0.185273 0.007126
0.224466 0.186461 0.004751
0.250594 0.186461 0.007126
0.262470 0.186461 0.007126
0.350356 0.186461 0.005938
0.832542 0.186461 0.004751
0.137767 0.187648 0.008314
0.165083 0.187648 0.007126
0.175772 0.187648 0.008314
0.186461 0.187648 0.008314
0.209026 0.187648 0.011876
0.241093 0.187648 0.007126
0.811164 0.187648 0.005938
0.840855 0.187648 0.005938
0.154394 0.188836 0.008314
0.198337 0.188836 0.008314
0.340855 0.188836 0.005938
0.782660 0.188836 0.004751
0.789786 0.188836 0.008314
0.800475 0.188836 0.004751
0.115202 0.190024 0.005938
0.124703 0.190024 0.008314
0.216152 0.190024 0.007126
0.711401 0.190024 0.005938
0.723278 0.190024 0.007126
0.731591 0.190024 0.004751
0.669834 0.191211 0.008314
0.678147 0.191211 0.004751
0.685273 0.191211 0.005938
0.700713 0.191211 0.007126
0.739905 0.191211 0.007126
0.750594 0.191211 0.007126
0.764846 0.191211 0.008314
0.773159 0.191211 0.005938
0.641330 0.192399 0.007126
0.657957 0.192399 0.008314
0.603325 0.193587 0.007126
0.631829 0.193587 0.005938
0.452494 0.194774 0.004751
0.581948 0.194774 0.007126
0.593824 0.194774 0.007126
0.614014 0.194774 0.005938
0.623515 0.194774 0.004751
0.441805 0.195962 0.008314
0.460808 0.195962 0.005938
0.473872 0.195962 0.008314
0.484561 0.195962 0.007126
0.495249 0.195962 0.004751
0.503563 0.195962 0.008314
0.515439 0.195962 0.005938
0.526128 0.195962 0.007126
0.541568 0.195962 0.007126
0.571259 0.195962 0.005938
0.880048 0.195962 0.008314
0.885986 0.195962 0.008314
0.391924 0.197150 0.008314
0.401425 0.197150 0.005938
0.410926 0.197150 0.005938
0.420428 0.197150 0.005938
0.429929 0.197150 0.007126
0.552257 0.197150 0.005938
0.561758 0.197150 0.004751
0.866983 0.197150 0.005938
0.857482 0.198337 0.005938
0.280285 0.199525 0.011876
0.295724 0.199525 0.005938
0.305226 0.199525 0.008314
0.321853 0.199525 0.008314
0.342043 0.199525 0.008314
0.362233 0.199525 0.004751
0.369359 0.199525 0.004751
0.378860 0.199525 0.007126
0.846793 0.199525 0.005938
0.271971 0.200713 0.005938
0.286223 0.200713 0.004751
0.330166 0.200713 0.004751
0.352732 0.200713 0.005938
0.811164 0.200713 0.004751
0.819477 0.200713 0.004751
0.827791 0.200713 0.007126
0.838480 0.200713 0.005938
0.230404 0.201900 0.004751
0.237530 0.201900 0.009501
0.249406 0.201900 0.008314
0.263658 0.201900 0.004751
0.796912 0.201900 0.005938
0.169834 0.203088 0.005938
0.180523 0.203088 0.005938
0.222090 0.203088 0.005938
0.780285 0.203088 0.010689
0.123515 0.204276 0.005938
0.135392 0.204276 0.008314
0.146081 0.204276 0.004751
0.154394 0.204276 0.005938
0.190024 0.204276 0.008314
0.200713 0.204276 0.004751
0.209026 0.204276 0.008314
0.638955 0.204276 0.007126
0.711401 0.204276 0.007126
0.720903 0.204276 0.005938
0.733967 0.204276 0.007126
0.747031 0.204276 0.007126
0.757720 0.204276 0.005938
0.766033 0.204276 0.004751
0.773159 0.204276 0.004751
0.789786 0.204276 0.008314
0.647268 0.205463 0.005938
0.655582 0.205463 0.005938
0.666271 0.205463 0.004751
0.678147 0.205463 0.008314
0.686461 0.205463 0.008314
0.115202 0.206651 0.008314
0.625891 0.206651 0.007126
0.699525 0.206651 0.007126
0.605701 0.207838 0.005938
0.614014 0.207838 0.005938
0.478622 0.209026 0.007126
0.490499 0.209026 0.007126
0.534442 0.209026 0.008314
0.574822 0.209026 0.005938
0.593824 0.209026 0.008314
0.451306 0.210214 0.008314
0.460808 0.210214 0.005938
0.467933 0.210214 0.005938
0.515439 0.210214 0.008314
0.526128 0.210214 0.004751
0.545131 0.210214 0.005938
0.554632 0.210214 0.004751
0.562945 0.210214 0.007126
0.581948 0.210214 0.009501
0.883610 0.210214 0.008314
0.889549 0.210214 0.004751
0.383610 0.211401 0.007126
0.394299 0.211401 0.005938
0.404988 0.211401 0.007126
0.423990 0.211401 0.004751
0.432304 0.211401 0.004751
0.440618 0.211401 0.005938
0.503563 0.211401 0.008314
0.857482 0.211401 0.004751
0.872922 0.211401 0.004751
0.362233 0.212589 0.004751
0.371734 0.212589 0.005938
0.416865 0.212589 0.010689
0.865796 0.212589 0.004751
0.307601 0.213777 0.008314
0.332542 0.213777 0.008314
0.343230 0.213777 0.004751
0.353919 0.213777 0.005938
0.847981 0.213777 0.005938
0.282660 0.214964 0.005938
0.293349 0.214964 0.007126
0.321853 0.214964 0.008314
0.147268 0.216152 0.007126
0.157957 0.216152 0.007126
0.169834 0.216152 0.005938
0.195962 0.216152 0.007126
0.267221 0.216152 0.004751
0.274347 0.216152 0.004751
0.136580 0.217340 0.005938
0.182898 0.217340 0.008314
0.209026 0.217340 0.005938
0.218527 0.217340 0.005938
0.258907 0.217340 0.005938
0.825416 0.217340 0.004751
0.838480 0.217340 0.010689
0.114014 0.218527 0.007126
0.125891 0.218527 0.007126
0.228029 0.218527 0.005938
0.236342 0.218527 0.004751
0.245843 0.218527 0.008314
0.782660 0.218527 0.004751
0.789786 0.218527 0.004751
0.798100 0.218527 0.004751
0.805226 0.218527 0.005938
0.817102 0.218527 0.008314
0.636580 0.219715 0.007126
0.731591 0.219715 0.008314
0.741093 0.219715 0.003563
0.755344 0.219715 0.005938
0.763658 0.219715 0.004751
0.773159 0.219715 0.005938
0.646081 0.220903 0.004751
0.699525 0.220903 0.007126
0.709026 0.220903 0.013064
0.720903 0.220903 0.008314
0.599762 0.222090 0.008314
0.616390 0.222090 0.004751
0.624703 0.222090 0.005938
0.666271 0.222090 0.007126
0.675772 0.222090 0.008314
0.685273 0.222090 0.008314
0.485748 0.223278 0.008314
0.590261 0.223278 0.011876
0.608076 0.223278 0.005938
0.469121 0.224466 0.005938
0.478622 0.224466 0.005938
0.497625 0.224466 0.005938
0.511876 0.224466 0.007126
0.534442 0.224466 0.004751
0.554632 0.224466 0.010689
0.572447 0.224466 0.007126
0.583135 0.224466 0.004751
0.428741 0.225653 0.005938
0.440618 0.225653 0.008314
0.450119 0.225653 0.005938
0.458432 0.225653 0.008314
0.524941 0.225653 0.007126
0.564133 0.225653 0.005938
0.340855 0.226841 0.005938
0.353919 0.226841 0.007126
0.418052 0.226841 0.007126
0.372922 0.228029 0.007126
0.384798 0.228029 0.007126
0.136580 0.229216 0.005938
0.304038 0.229216 0.007126
0.330166 0.229216 0.005938
0.364608 0.229216 0.005938
0.395487 0.229216 0.004751
0.111639 0.230404 0.008314
0.124703 0.230404 0.007126
0.146081 0.230404 0.004751
0.156770 0.230404 0.008314
0.178147 0.230404 0.007126
0.191211 0.230404 0.005938
0.201900 0.230404 0.005938
0.212589 0.230404 0.008314
0.258907 0.230404 0.008314
0.274347 0.230404 0.008314
0.283848 0.230404 0.007126
0.294537 0.230404 0.007126
0.317102 0.230404 0.008314
0.168646 0.231591 0.007126
0.222090 0.231591 0.004751
0.229216 0.231591 0.004751
0.249406 0.231591 0.005938
0.238717 0.232779 0.005938
