0.941805 0.004751 0.016627
0.726841 0.007126 0.020190
0.840855 0.008314 0.020190
0.653207 0.009501 0.027316
0.880048 0.010689 0.013064
0.766033 0.011876 0.024941
0.817102 0.011876 0.011876
0.692399 0.014252 0.013064
0.277910 0.020190 0.020190
0.216152 0.022565 0.019002
0.185273 0.023753 0.013064
0.248219 0.023753 0.016627
0.148456 0.026128 0.020190
0.122328 0.027316 0.013064
0.644893 0.042755 0.005938
0.662708 0.042755 0.005938
0.768409 0.042755 0.008314
0.624703 0.043943 0.008314
0.635392 0.043943 0.005938
0.653207 0.043943 0.004751
0.671021 0.043943 0.004751
0.733967 0.043943 0.004751
0.747031 0.043943 0.004751
0.756532 0.043943 0.007126
0.557007 0.045131 0.010689
0.566508 0.045131 0.007126
0.579572 0.045131 0.008314
0.603325 0.045131 0.005938
0.611639 0.045131 0.005938
0.679335 0.045131 0.005938
0.690024 0.045131 0.005938
0.699525 0.045131 0.007126
0.723278 0.045131 0.008314
0.781473 0.045131 0.008314
0.793349 0.045131 0.007126
0.807601 0.045131 0.008314
0.524941 0.046318 0.007126
0.541568 0.046318 0.008314
0.590261 0.046318 0.008314
0.821853 0.046318 0.008314
0.845606 0.046318 0.008314
0.502375 0.047506 0.008314
0.513064 0.047506 0.007126
0.833729 0.047506 0.007126
0.855107 0.047506 0.005938
0.461995 0.048694 0.005938
0.485748 0.048694 0.005938
0.494062 0.048694 0.005938
0.863420 0.048694 0.004751
0.212589 0.049881 0.008314
0.383610 0.049881 0.007126
0.393112 0.049881 0.005938
0.403800 0.049881 0.007126
0.413302 0.049881 0.005938
0.422803 0.049881 0.008314
0.434679 0.049881 0.008314
0.447743 0.049881 0.008314
0.472684 0.049881 0.008314
0.881235 0.049881 0.008314
0.224466 0.051069 0.007126
0.235154 0.051069 0.005938
0.256532 0.051069 0.005938
0.268409 0.051069 0.008314
0.280285 0.051069 0.007126
0.289786 0.051069 0.004751
0.298100 0.051069 0.007126
0.327791 0.051069 0.007126
0.338480 0.051069 0.009501
0.353919 0.051069 0.005938
0.372922 0.051069 0.004751
0.178147 0.052257 0.005938
0.188836 0.052257 0.007126
0.244656 0.052257 0.007126
0.309976 0.052257 0.007126
0.345606 0.052257 0.004751
0.363420 0.052257 0.005938
0.159145 0.053444 0.005938
0.168646 0.053444 0.004751
0.200713 0.053444 0.007126
0.317102 0.053444 0.013064
0.135392 0.054632 0.004751
0.144893 0.054632 0.008314
0.125891 0.055819 0.007126
0.557007 0.059382 0.005938
0.566508 0.059382 0.008314
0.704276 0.059382 0.007126
0.743468 0.059382 0.005938
0.776722 0.059382 0.004751
0.524941 0.060570 0.005938
0.533254 0.060570 0.007126
0.546318 0.060570 0.008314
0.602138 0.060570 0.007126
0.615202 0.060570 0.007126
0.624703 0.060570 0.005938
0.642518 0.060570 0.007126
0.654394 0.060570 0.005938
0.662708 0.060570 0.004751
0.676960 0.060570 0.010689
0.685273 0.060570 0.005938
0.693587 0.060570 0.007126
0.714964 0.060570 0.007126
0.735154 0.060570 0.007126
0.754157 0.060570 0.011876
0.769596 0.060570 0.004751
0.783848 0.060570 0.008314
0.794537 0.060570 0.005938
0.812352 0.060570 0.004751
0.823040 0.060570 0.007126
0.834917 0.060570 0.007126
0.517815 0.061758 0.004751
0.581948 0.061758 0.007126
0.592637 0.061758 0.004751
0.725653 0.061758 0.007126
0.804038 0.061758 0.005938
0.845606 0.061758 0.005938
0.855107 0.061758 0.005938
0.863420 0.061758 0.004751
0.874109 0.061758 0.008314
0.508314 0.062945 0.007126
0.267221 0.064133 0.005938
0.440618 0.064133 0.004751
0.448931 0.064133 0.005938
0.458432 0.064133 0.007126
0.490499 0.064133 0.008314
0.498812 0.064133 0.004751
0.219715 0.065321 0.007126
0.229216 0.065321 0.005938
0.238717 0.065321 0.008314
0.274347 0.065321 0.005938
0.283848 0.065321 0.004751
0.349169 0.065321 0.005938
0.357482 0.065321 0.004751
0.366983 0.065321 0.008314
0.378860 0.065321 0.005938
0.388361 0.065321 0.004751
0.395487 0.065321 0.004751
0.404988 0.065321 0.005938
0.414489 0.065321 0.005938
0.469121 0.065321 0.007126
0.479810 0.065321 0.007126
0.184086 0.066508 0.007126
0.195962 0.066508 0.008314
0.290974 0.066508 0.004751
0.299287 0.066508 0.008314
0.308789 0.066508 0.004751
0.338480 0.066508 0.007126
0.432304 0.066508 0.008314
0.144893 0.067696 0.004751
0.153207 0.067696 0.005938
0.163895 0.067696 0.005938
0.174584 0.067696 0.007126
0.209026 0.067696 0.007126
0.326603 0.067696 0.007126
0.135392 0.068884 0.005938
0.125891 0.070071 0.007126
0.553444 0.074822 0.008314
0.565321 0.074822 0.004751
0.622328 0.074822 0.004751
0.662708 0.074822 0.005938
0.673397 0.074822 0.007126
0.682898 0.074822 0.004751
0.690024 0.074822 0.005938
0.777910 0.074822 0.008314
0.790974 0.074822 0.008314
0.801663 0.074822 0.008314
0.809976 0.074822 0.010689
0.845606 0.074822 0.007126
0.880048 0.074822 0.008314
0.532067 0.076010 0.007126
0.541568 0.076010 0.007126
0.573634 0.076010 0.008314
0.583135 0.076010 0.005938
0.592637 0.076010 0.004751
0.600950 0.076010 0.005938
0.612827 0.076010 0.007126
0.633017 0.076010 0.007126
0.642518 0.076010 0.007126
0.653207 0.076010 0.007126
0.700713 0.076010 0.010689
0.755344 0.076010 0.008314
0.766033 0.076010 0.008314
0.824228 0.076010 0.007126
0.836105 0.076010 0.005938
0.855107 0.076010 0.007126
0.866983 0.076010 0.008314
0.520190 0.077197 0.007126
0.707838 0.077197 0.004751
0.716152 0.077197 0.007126
0.725653 0.077197 0.007126
0.736342 0.077197 0.007126
0.508314 0.078385 0.005938
0.225653 0.079572 0.007126
0.268409 0.079572 0.007126
0.358670 0.079572 0.007126
0.368171 0.079572 0.004751
0.422803 0.079572 0.007126
0.498812 0.079572 0.005938
0.180523 0.080760 0.005938
0.192399 0.080760 0.007126
0.238717 0.080760 0.008314
0.248219 0.080760 0.005938
0.257720 0.080760 0.004751
0.300475 0.080760 0.005938
0.309976 0.080760 0.011876
0.317102 0.080760 0.004751
0.328979 0.080760 0.007126
0.338480 0.080760 0.005938
0.388361 0.080760 0.008314
0.397862 0.080760 0.004751
0.404988 0.080760 0.004751
0.445368 0.080760 0.007126
0.454869 0.080760 0.004751
0.463183 0.080760 0.005938
0.477435 0.080760 0.008314
0.490499 0.080760 0.007126
0.152019 0.081948 0.005938
0.160333 0.081948 0.004751
0.172209 0.081948 0.008314
0.205463 0.081948 0.007126
0.216152 0.081948 0.004751
0.288599 0.081948 0.007126
0.376485 0.081948 0.008314
0.414489 0.081948 0.005938
0.434679 0.081948 0.007126
0.138955 0.083135 0.008314
0.277910 0.083135 0.007126
0.124703 0.084323 0.007126
0.635392 0.087886 0.008314
0.669834 0.089074 0.007126
0.875297 0.089074 0.008314
0.590261 0.090261 0.008314
0.623515 0.090261 0.008314
0.650831 0.090261 0.005938
0.659145 0.090261 0.004751
0.676960 0.090261 0.013064
0.763658 0.090261 0.007126
0.774347 0.090261 0.007126
0.843230 0.090261 0.008314
0.855107 0.090261 0.005938
0.863420 0.090261 0.004751
0.881235 0.090261 0.010689
0.600950 0.091449 0.007126
0.612827 0.091449 0.008314
0.723278 0.091449 0.005938
0.754157 0.091449 0.004751
0.785036 0.091449 0.007126
0.796912 0.091449 0.008314
0.809976 0.091449 0.007126
0.819477 0.091449 0.005938
0.828979 0.091449 0.007126
0.543943 0.092637 0.004751
0.551069 0.092637 0.010689
0.560570 0.092637 0.004751
0.567696 0.092637 0.008314
0.579572 0.092637 0.007126
0.711401 0.092637 0.008314
0.747031 0.092637 0.008314
0.174584 0.093824 0.004751
0.440618 0.093824 0.007126
0.527316 0.093824 0.007126
0.535629 0.093824 0.004751
0.736342 0.093824 0.008314
0.167458 0.095012 0.004751
0.245843 0.095012 0.007126
0.256532 0.095012 0.008314
0.277910 0.095012 0.004751
0.292162 0.095012 0.004751
0.299287 0.095012 0.009501
0.334917 0.095012 0.008314
0.344418 0.095012 0.008314
0.357482 0.095012 0.007126
0.395487 0.095012 0.008314
0.489311 0.095012 0.005938
0.496437 0.095012 0.004751
0.505938 0.095012 0.005938
0.516627 0.095012 0.008314
0.155582 0.096200 0.008314
0.181710 0.096200 0.010689
0.191211 0.096200 0.004751
0.198337 0.096200 0.004751
0.205463 0.096200 0.004751
0.213777 0.096200 0.005938
0.224466 0.096200 0.007126
0.236342 0.096200 0.007126
0.267221 0.096200 0.007126
0.286223 0.096200 0.004751
0.368171 0.096200 0.005938
0.376485 0.096200 0.004751
0.384798 0.096200 0.005938
0.408551 0.096200 0.005938
0.416865 0.096200 0.004751
0.427553 0.096200 0.008314
0.453682 0.096200 0.010689
0.461995 0.096200 0.004751
0.480998 0.096200 0.004751
0.125891 0.097387 0.007126
0.135392 0.097387 0.005938
0.147268 0.097387 0.010689
0.471496 0.097387 0.007126
0.836105 0.104513 0.007126
0.853919 0.104513 0.007126
0.868171 0.104513 0.008314
0.876485 0.104513 0.007126
0.766033 0.105701 0.008314
0.792162 0.105701 0.008314
0.805226 0.105701 0.005938
0.814727 0.105701 0.005938
0.823040 0.105701 0.007126
0.845606 0.105701 0.005938
0.885986 0.105701 0.008314
0.546318 0.106888 0.007126
0.675772 0.106888 0.007126
0.756532 0.106888 0.005938
0.777910 0.106888 0.008314
0.633017 0.108076 0.010689
0.640143 0.108076 0.004751
0.649644 0.108076 0.005938
0.713777 0.108076 0.008314
0.736342 0.108076 0.005938
0.747031 0.108076 0.007126
0.167458 0.109264 0.010689
0.195962 0.109264 0.007126
0.555819 0.109264 0.007126
0.564133 0.109264 0.008314
0.574822 0.109264 0.008314
0.610451 0.109264 0.007126
0.619952 0.109264 0.005938
0.663895 0.109264 0.010689
0.205463 0.110451 0.004751
0.212589 0.110451 0.004751
0.220903 0.110451 0.008314
0.267221 0.110451 0.005938
0.279097 0.110451 0.007126
0.290974 0.110451 0.008314
0.361045 0.110451 0.008314
0.370546 0.110451 0.008314
0.382423 0.110451 0.005938
0.391924 0.110451 0.008314
0.404988 0.110451 0.008314
0.415677 0.110451 0.008314
0.428741 0.110451 0.008314
0.483373 0.110451 0.005938
0.491686 0.110451 0.004751
0.500000 0.110451 0.005938
0.510689 0.110451 0.007126
0.534442 0.110451 0.008314
0.586698 0.110451 0.005938
0.122328 0.111639 0.005938
0.133017 0.111639 0.007126
0.142518 0.111639 0.004751
0.152019 0.111639 0.005938
0.176960 0.111639 0.005938
0.186461 0.111639 0.004751
0.251781 0.111639 0.009501
0.257720 0.111639 0.008314
0.339667 0.111639 0.008314
0.350356 0.111639 0.007126
0.438242 0.111639 0.007126
0.452494 0.111639 0.008314
0.475059 0.111639 0.005938
0.520190 0.111639 0.008314
0.598575 0.111639 0.008314
0.236342 0.112827 0.008314
0.464371 0.112827 0.007126
0.880048 0.118765 0.007126
0.838480 0.119952 0.008314
0.847981 0.119952 0.008314
0.859857 0.119952 0.005938
0.869359 0.119952 0.007126
0.799287 0.121140 0.005938
0.808789 0.121140 0.008314
0.818290 0.121140 0.004751
0.826603 0.122328 0.011876
0.771971 0.123515 0.008314
0.788599 0.123515 0.010689
0.185273 0.124703 0.008314
0.197150 0.124703 0.008314
0.204276 0.124703 0.004751
0.621140 0.124703 0.005938
0.631829 0.124703 0.007126
0.641330 0.124703 0.008314
0.650831 0.124703 0.005938
0.716152 0.124703 0.005938
0.762470 0.124703 0.007126
0.123515 0.125891 0.008314
0.135392 0.125891 0.005938
0.161520 0.125891 0.005938
0.171021 0.125891 0.007126
0.213777 0.125891 0.005938
0.262470 0.125891 0.004751
0.286223 0.125891 0.005938
0.574822 0.125891 0.004751
0.610451 0.125891 0.007126
0.725653 0.125891 0.005938
0.733967 0.125891 0.008314
0.146081 0.127078 0.008314
0.153207 0.127078 0.008314
0.222090 0.127078 0.004751
0.231591 0.127078 0.008314
0.243468 0.127078 0.007126
0.276722 0.127078 0.004751
0.340855 0.127078 0.008314
0.353919 0.127078 0.008314
0.361045 0.127078 0.004751
0.369359 0.127078 0.005938
0.378860 0.127078 0.008314
0.388361 0.127078 0.004751
0.395487 0.127078 0.004751
0.413302 0.127078 0.004751
0.477435 0.127078 0.008314
0.490499 0.127078 0.008314
0.501188 0.127078 0.005938
0.510689 0.127078 0.007126
0.520190 0.127078 0.008314
0.534442 0.127078 0.008314
0.546318 0.127078 0.005938
0.553444 0.127078 0.004751
0.562945 0.127078 0.007126
0.584323 0.127078 0.005938
0.252969 0.128266 0.007126
0.403800 0.128266 0.007126
0.419240 0.128266 0.004751
0.427553 0.128266 0.007126
0.439430 0.128266 0.005938
0.448931 0.128266 0.005938
0.460808 0.128266 0.007126
0.469121 0.128266 0.004751
0.597387 0.128266 0.008314
0.749406 0.128266 0.009501
0.093824 0.129454 0.004751
0.882423 0.135392 0.009501
0.889549 0.135392 0.004751
0.839667 0.136580 0.004751
0.812352 0.137767 0.007126
0.823040 0.137767 0.004751
0.830166 0.137767 0.005938
0.850356 0.137767 0.008314
0.122328 0.138955 0.008314
0.801663 0.138955 0.008314
0.133017 0.140143 0.007126
0.146081 0.140143 0.007126
0.656770 0.140143 0.007126
0.667458 0.140143 0.004751
0.713777 0.140143 0.009501
0.762470 0.140143 0.005938
0.770784 0.140143 0.005938
0.781473 0.140143 0.007126
0.790974 0.140143 0.004751
0.868171 0.140143 0.011876
0.155582 0.141330 0.008314
0.163895 0.141330 0.004751
0.171021 0.141330 0.004751
0.179335 0.141330 0.004751
0.187648 0.141330 0.005938
0.198337 0.141330 0.005938
0.527316 0.141330 0.005938
0.539192 0.141330 0.007126
0.549881 0.141330 0.008314
0.561758 0.141330 0.007126
0.635392 0.141330 0.004751
0.725653 0.141330 0.007126
0.206651 0.142518 0.005938
0.214964 0.142518 0.004751
0.223278 0.142518 0.008314
0.235154 0.142518 0.008314
0.249406 0.142518 0.007126
0.260095 0.142518 0.008314
0.274347 0.142518 0.010689
0.281473 0.142518 0.004751
0.358670 0.142518 0.008314
0.510689 0.142518 0.007126
0.519002 0.142518 0.004751
0.572447 0.142518 0.005938
0.581948 0.142518 0.008314
0.599762 0.142518 0.004751
0.609264 0.142518 0.007126
0.618765 0.142518 0.005938
0.628266 0.142518 0.011876
0.643705 0.142518 0.008314
0.733967 0.142518 0.004751
0.741093 0.142518 0.011876
0.752969 0.142518 0.005938
0.289786 0.143705 0.011876
0.346793 0.143705 0.005938
0.366983 0.143705 0.005938
0.427553 0.143705 0.008314
0.438242 0.143705 0.004751
0.460808 0.143705 0.008314
0.496437 0.143705 0.008314
0.591449 0.143705 0.005938
0.338480 0.144893 0.011876
0.378860 0.144893 0.008314
0.391924 0.144893 0.008314
0.406176 0.144893 0.007126
0.414489 0.144893 0.008314
0.448931 0.144893 0.007126
0.471496 0.144893 0.007126
0.482185 0.144893 0.007126
0.817102 0.154394 0.007126
0.825416 0.154394 0.005938
0.838480 0.154394 0.008314
0.847981 0.154394 0.005938
0.856295 0.154394 0.004751
0.868171 0.154394 0.008314
0.884798 0.154394 0.008314
0.122328 0.155582 0.008314
0.133017 0.155582 0.004751
0.178147 0.155582 0.008314
0.804038 0.155582 0.008314
0.876485 0.155582 0.004751
0.142518 0.156770 0.007126
0.160333 0.156770 0.004751
0.167458 0.156770 0.005938
0.193587 0.156770 0.008314
0.665083 0.156770 0.005938
0.675772 0.156770 0.008314
0.687648 0.156770 0.008314
0.698337 0.156770 0.007126
0.719715 0.156770 0.004751
0.790974 0.156770 0.008314
0.150831 0.157957 0.005938
0.501188 0.157957 0.007126
0.524941 0.157957 0.005938
0.534442 0.157957 0.004751
0.541568 0.157957 0.004751
0.549881 0.157957 0.004751
0.558195 0.157957 0.005938
0.568884 0.157957 0.007126
0.598575 0.157957 0.004751
0.606888 0.157957 0.005938
0.631829 0.157957 0.007126
0.641330 0.157957 0.007126
0.652019 0.157957 0.008314
0.707838 0.157957 0.008314
0.736342 0.157957 0.008314
0.749406 0.157957 0.005938
0.779097 0.157957 0.008314
0.205463 0.159145 0.005938
0.214964 0.159145 0.005938
0.225653 0.159145 0.007126
0.236342 0.159145 0.004751
0.244656 0.159145 0.007126
0.256532 0.159145 0.005938
0.302850 0.159145 0.007126
0.313539 0.159145 0.005938
0.393112 0.159145 0.005938
0.479810 0.159145 0.005938
0.490499 0.159145 0.007126
0.513064 0.159145 0.007126
0.578385 0.159145 0.005938
0.589074 0.159145 0.005938
0.616390 0.159145 0.010689
0.264846 0.160333 0.008314
0.277910 0.160333 0.008314
0.292162 0.160333 0.008314
0.323040 0.160333 0.007126
0.369359 0.160333 0.008314
0.381235 0.160333 0.007126
0.425178 0.160333 0.004751
0.432304 0.160333 0.011876
0.442993 0.160333 0.007126
0.451306 0.160333 0.005938
0.460808 0.160333 0.005938
0.470309 0.160333 0.004751
0.768409 0.160333 0.007126
0.352732 0.161520 0.008314
0.361045 0.161520 0.004751
0.408551 0.161520 0.008314
0.340855 0.162708 0.008314
0.889549 0.168646 0.008314
0.118765 0.169834 0.007126
0.833729 0.169834 0.008314
0.851544 0.169834 0.004751
0.859857 0.169834 0.005938
0.869359 0.169834 0.008314
0.878860 0.169834 0.004751
0.131829 0.171021 0.005938
0.138955 0.171021 0.004751
0.153207 0.171021 0.005938
0.161520 0.171021 0.008314
0.173397 0.171021 0.005938
0.509501 0.171021 0.007126
0.823040 0.171021 0.007126
0.842043 0.171021 0.005938
0.181710 0.172209 0.004751
0.190024 0.172209 0.005938
0.200713 0.172209 0.005938
0.207838 0.172209 0.004751
0.219715 0.172209 0.007126
0.228029 0.172209 0.005938
0.520190 0.172209 0.008314
0.532067 0.172209 0.005938
0.541568 0.172209 0.008314
0.686461 0.172209 0.007126
0.698337 0.172209 0.005938
0.813539 0.172209 0.007126
0.236342 0.173397 0.008314
0.262470 0.173397 0.007126
0.271971 0.173397 0.007126
0.281473 0.173397 0.004751
0.296912 0.173397 0.005938
0.307601 0.173397 0.007126
0.450119 0.173397 0.004751
0.492874 0.173397 0.005938
0.502375 0.173397 0.004751
0.548694 0.173397 0.007126
0.562945 0.173397 0.007126
0.584323 0.173397 0.005938
0.654394 0.173397 0.008314
0.667458 0.173397 0.005938
0.676960 0.173397 0.004751
0.705463 0.173397 0.005938
0.716152 0.173397 0.007126
0.729216 0.173397 0.008314
0.748219 0.173397 0.005938
0.761283 0.173397 0.004751
0.769596 0.173397 0.004751
0.789786 0.173397 0.005938
0.799287 0.173397 0.007126
0.248219 0.174584 0.007126
0.319477 0.174584 0.007126
0.363420 0.174584 0.005938
0.372922 0.174584 0.008314
0.387173 0.174584 0.005938
0.396675 0.174584 0.005938
0.419240 0.174584 0.007126
0.433492 0.174584 0.005938
0.441805 0.174584 0.004751
0.470309 0.174584 0.007126
0.480998 0.174584 0.007126
0.573634 0.174584 0.007126
0.591449 0.174584 0.010689
0.605701 0.174584 0.008314
0.625891 0.174584 0.005938
0.635392 0.174584 0.005938
0.646081 0.174584 0.005938
0.738717 0.174584 0.005938
0.331354 0.175772 0.005938
0.340855 0.175772 0.004751
0.407363 0.175772 0.007126
0.460808 0.175772 0.007126
0.615202 0.175772 0.007126
0.352732 0.176960 0.007126
0.850356 0.182898 0.007126
0.861045 0.182898 0.004751
0.881235 0.182898 0.005938
0.118765 0.184086 0.005938
0.127078 0.184086 0.005938
0.818290 0.184086 0.007126
0.828979 0.184086 0.005938
0.838480 0.184086 0.007126
0.138955 0.185273 0.007126
0.148456 0.185273 0.005938
0.157957 0.185273 0.005938
0.796912 0.185273 0.005938
0.808789 0.185273 0.005938
0.869359 0.185273 0.005938
0.169834 0.186461 0.005938
0.178147 0.186461 0.008314
0.190024 0.186461 0.004751
0.197150 0.186461 0.004751
0.204276 0.186461 0.009501
0.260095 0.186461 0.005938
0.320665 0.186461 0.005938
0.448931 0.186461 0.009501
0.703088 0.186461 0.007126
0.786223 0.186461 0.005938
0.214964 0.187648 0.005938
0.224466 0.187648 0.005938
0.235154 0.187648 0.007126
0.243468 0.187648 0.004751
0.251781 0.187648 0.004751
0.270784 0.187648 0.007126
0.280285 0.187648 0.004751
0.300475 0.187648 0.005938
0.311164 0.187648 0.005938
0.333729 0.187648 0.007126
0.461995 0.187648 0.004751
0.476247 0.187648 0.005938
0.521378 0.187648 0.008314
0.530879 0.187648 0.007126
0.543943 0.187648 0.005938
0.618765 0.187648 0.008314
0.646081 0.187648 0.005938
0.654394 0.187648 0.005938
0.666271 0.187648 0.007126
0.675772 0.187648 0.005938
0.691211 0.187648 0.008314
0.716152 0.187648 0.007126
0.726841 0.187648 0.008314
0.737530 0.187648 0.005938
0.747031 0.187648 0.005938
0.755344 0.187648 0.004751
0.766033 0.187648 0.007126
0.776722 0.187648 0.005938
0.288599 0.188836 0.008314
0.343230 0.188836 0.005938
0.364608 0.188836 0.007126
0.375297 0.188836 0.005938
0.383610 0.188836 0.004751
0.400238 0.188836 0.004751
0.426366 0.188836 0.007126
0.437055 0.188836 0.007126
0.507126 0.188836 0.008314
0.554632 0.188836 0.004751
0.561758 0.188836 0.007126
0.573634 0.188836 0.005938
0.583135 0.188836 0.005938
0.597387 0.188836 0.007126
0.627078 0.188836 0.005938
0.636580 0.188836 0.004751
0.352732 0.190024 0.007126
0.391924 0.190024 0.005938
0.413302 0.190024 0.007126
0.484561 0.190024 0.007126
0.495249 0.190024 0.007126
0.606888 0.190024 0.004751
0.901425 0.191211 0.015439
0.893112 0.192399 0.015439
0.882423 0.193587 0.007126
0.851544 0.195962 0.005938
0.129454 0.197150 0.004751
0.136580 0.197150 0.004751
0.155582 0.197150 0.007126
0.814727 0.197150 0.008314
0.823040 0.197150 0.004751
0.840855 0.197150 0.007126
0.862233 0.197150 0.005938
0.870546 0.197150 0.008314
0.121140 0.198337 0.011876
0.146081 0.198337 0.005938
0.179335 0.198337 0.005938
0.187648 0.198337 0.004751
0.771971 0.198337 0.008314
0.781473 0.198337 0.005938
0.792162 0.198337 0.007126
0.802850 0.198337 0.005938
0.168646 0.199525 0.008314
0.197150 0.199525 0.008314
0.238717 0.199525 0.013064
0.247031 0.199525 0.004751
0.255344 0.199525 0.004751
0.546318 0.199525 0.010689
0.757720 0.199525 0.007126
0.223278 0.200713 0.007126
0.263658 0.200713 0.004751
0.431116 0.200713 0.005938
0.440618 0.200713 0.005938
0.483373 0.200713 0.004751
0.554632 0.200713 0.004751
0.564133 0.200713 0.007126
0.630641 0.200713 0.007126
0.643705 0.200713 0.008314
0.676960 0.200713 0.008314
0.688836 0.200713 0.008314
0.698337 0.200713 0.004751
0.705463 0.200713 0.008314
0.725653 0.200713 0.004751
0.737530 0.200713 0.005938
0.747031 0.200713 0.007126
0.211401 0.201900 0.008314
0.274347 0.201900 0.008314
0.285036 0.201900 0.008314
0.299287 0.201900 0.005938
0.311164 0.201900 0.007126
0.320665 0.201900 0.005938
0.332542 0.201900 0.008314
0.399050 0.201900 0.008314
0.412114 0.201900 0.007126
0.422803 0.201900 0.004751
0.451306 0.201900 0.008314
0.459620 0.201900 0.004751
0.473872 0.201900 0.005938
0.492874 0.201900 0.005938
0.508314 0.201900 0.004751
0.521378 0.201900 0.004751
0.577197 0.201900 0.008314
0.589074 0.201900 0.005938
0.598575 0.201900 0.004751
0.653207 0.201900 0.008314
0.665083 0.201900 0.008314
0.344418 0.203088 0.007126
0.356295 0.203088 0.007126
0.366983 0.203088 0.004751
0.375297 0.203088 0.005938
0.385986 0.203088 0.008314
0.532067 0.203088 0.008314
0.606888 0.203088 0.008314
0.618765 0.203088 0.008314
0.716152 0.203088 0.008314
