0.756532 0.068884 0.008314
0.781473 0.068884 0.007126
0.648456 0.070071 0.005938
0.656770 0.070071 0.005938
0.665083 0.070071 0.013064
0.673397 0.070071 0.005938
0.703088 0.070071 0.007126
0.726841 0.070071 0.011876
0.735154 0.070071 0.004751
0.744656 0.070071 0.005938
0.763658 0.070071 0.004751
0.771971 0.070071 0.004751
0.790974 0.070071 0.005938
0.801663 0.070071 0.005938
0.855107 0.070071 0.007126
0.611639 0.071259 0.004751
0.619952 0.071259 0.005938
0.628266 0.071259 0.013064
0.682898 0.071259 0.005938
0.691211 0.071259 0.005938
0.809976 0.071259 0.005938
0.823040 0.071259 0.008314
0.836105 0.071259 0.008314
0.844418 0.071259 0.004751
0.863420 0.071259 0.007126
0.603325 0.072447 0.005938
0.637767 0.072447 0.008314
0.875297 0.072447 0.007126
0.884798 0.072447 0.008314
0.592637 0.073634 0.008314
0.484561 0.074822 0.007126
0.495249 0.074822 0.013064
0.535629 0.074822 0.007126
0.546318 0.074822 0.008314
0.554632 0.074822 0.004751
0.564133 0.074822 0.005938
0.446556 0.076010 0.008314
0.454869 0.076010 0.005938
0.472684 0.076010 0.008314
0.502375 0.076010 0.013064
0.514252 0.076010 0.007126
0.523753 0.076010 0.007126
0.573634 0.076010 0.014252
0.433492 0.077197 0.008314
0.464371 0.077197 0.004751
0.422803 0.078385 0.007126
0.388361 0.079572 0.008314
0.409739 0.079572 0.008314
0.359857 0.080760 0.005938
0.368171 0.080760 0.005938
0.377672 0.080760 0.005938
0.399050 0.080760 0.008314
0.769596 0.080760 0.004751
0.350356 0.081948 0.005938
0.300475 0.083135 0.011876
0.308789 0.083135 0.007126
0.321853 0.083135 0.007126
0.331354 0.083135 0.005938
0.340855 0.083135 0.004751
0.777910 0.083135 0.007126
0.800475 0.083135 0.007126
0.288599 0.084323 0.008314
0.699525 0.084323 0.007126
0.722090 0.084323 0.004751
0.732779 0.084323 0.007126
0.755344 0.084323 0.005938
0.863420 0.084323 0.007126
0.256532 0.085511 0.004751
0.266033 0.085511 0.007126
0.276722 0.085511 0.007126
0.692399 0.085511 0.004751
0.709026 0.085511 0.008314
0.744656 0.085511 0.007126
0.814727 0.085511 0.011876
0.844418 0.085511 0.004751
0.853919 0.085511 0.007126
0.872922 0.085511 0.004751
0.882423 0.085511 0.005938
0.239905 0.086698 0.005938
0.249406 0.086698 0.004751
0.638955 0.086698 0.008314
0.649644 0.086698 0.008314
0.660333 0.086698 0.008314
0.681710 0.086698 0.005938
0.789786 0.086698 0.007126
0.830166 0.086698 0.004751
0.226841 0.087886 0.007126
0.603325 0.087886 0.008314
0.611639 0.087886 0.004751
0.621140 0.087886 0.010689
0.823040 0.087886 0.004751
0.532067 0.089074 0.004751
0.541568 0.089074 0.005938
0.548694 0.089074 0.007126
0.559382 0.089074 0.007126
0.591449 0.089074 0.007126
0.171021 0.090261 0.008314
0.178147 0.090261 0.004751
0.187648 0.090261 0.005938
0.197150 0.090261 0.005938
0.206651 0.090261 0.004751
0.214964 0.090261 0.008314
0.517815 0.090261 0.008314
0.479810 0.091449 0.004751
0.488124 0.091449 0.004751
0.496437 0.091449 0.007126
0.571259 0.091449 0.007126
0.144893 0.092637 0.010689
0.152019 0.092637 0.005938
0.160333 0.092637 0.004751
0.435867 0.092637 0.005938
0.453682 0.092637 0.008314
0.464371 0.092637 0.004751
0.472684 0.092637 0.004751
0.507126 0.092637 0.007126
0.445368 0.093824 0.004751
0.387173 0.095012 0.005938
0.396675 0.095012 0.004751
0.406176 0.095012 0.007126
0.420428 0.095012 0.008314
0.118765 0.096200 0.008314
0.130641 0.096200 0.007126
0.321853 0.096200 0.004751
0.333729 0.096200 0.008314
0.366983 0.096200 0.004751
0.374109 0.096200 0.009501
0.887173 0.096200 0.007126
0.309976 0.097387 0.007126
0.356295 0.097387 0.008314
0.731591 0.097387 0.004751
0.762470 0.097387 0.008314
0.825416 0.097387 0.007126
0.836105 0.097387 0.007126
0.288599 0.098575 0.005938
0.298100 0.098575 0.005938
0.682898 0.098575 0.004751
0.723278 0.098575 0.005938
0.739905 0.098575 0.005938
0.749406 0.098575 0.005938
0.769596 0.098575 0.004751
0.846793 0.098575 0.005938
0.856295 0.098575 0.005938
0.875297 0.098575 0.005938
0.239905 0.099762 0.008314
0.249406 0.099762 0.007126
0.269596 0.099762 0.004751
0.277910 0.099762 0.005938
0.674584 0.099762 0.005938
0.691211 0.099762 0.005938
0.703088 0.099762 0.007126
0.711401 0.099762 0.008314
0.781473 0.099762 0.005938
0.796912 0.099762 0.004751
0.804038 0.099762 0.004751
0.814727 0.099762 0.008314
0.865796 0.099762 0.005938
0.225653 0.100950 0.008314
0.261283 0.100950 0.005938
0.656770 0.100950 0.004751
0.663895 0.100950 0.004751
0.789786 0.100950 0.004751
0.210214 0.102138 0.005938
0.217340 0.102138 0.004751
0.609264 0.102138 0.005938
0.627078 0.102138 0.005938
0.647268 0.102138 0.007126
0.197150 0.103325 0.005938
0.590261 0.103325 0.005938
0.599762 0.103325 0.005938
0.617577 0.103325 0.005938
0.636580 0.103325 0.007126
0.179335 0.104513 0.005938
0.188836 0.104513 0.004751
0.578385 0.104513 0.007126
0.161520 0.105701 0.005938
0.169834 0.105701 0.005938
0.440618 0.105701 0.007126
0.491686 0.105701 0.004751
0.521378 0.105701 0.008314
0.536817 0.105701 0.007126
0.549881 0.105701 0.007126
0.562945 0.105701 0.008314
0.142518 0.106888 0.008314
0.152019 0.106888 0.004751
0.459620 0.106888 0.005938
0.482185 0.106888 0.007126
0.498812 0.106888 0.005938
0.509501 0.106888 0.007126
0.400238 0.108076 0.005938
0.429929 0.108076 0.007126
0.450119 0.108076 0.005938
0.471496 0.108076 0.005938
0.306413 0.109264 0.008314
0.381235 0.109264 0.007126
0.390736 0.109264 0.007126
0.410926 0.109264 0.007126
0.421615 0.109264 0.005938
0.876485 0.110451 0.009501
0.884798 0.110451 0.004751
0.129454 0.111639 0.008314
0.318290 0.111639 0.008314
0.343230 0.111639 0.008314
0.353919 0.111639 0.007126
0.834917 0.111639 0.005938
0.118765 0.112827 0.007126
0.826603 0.112827 0.011876
0.844418 0.112827 0.004751
0.852732 0.112827 0.005938
0.863420 0.112827 0.008314
0.271971 0.114014 0.005938
0.282660 0.114014 0.007126
0.292162 0.114014 0.008314
0.712589 0.114014 0.007126
0.763658 0.114014 0.008314
0.818290 0.114014 0.005938
0.230404 0.115202 0.008314
0.262470 0.115202 0.005938
0.662708 0.115202 0.005938
0.726841 0.115202 0.007126
0.779097 0.115202 0.008314
0.790974 0.115202 0.007126
0.802850 0.115202 0.008314
0.217340 0.116390 0.008314
0.242280 0.116390 0.004751
0.251781 0.116390 0.007126
0.625891 0.116390 0.007126
0.636580 0.116390 0.005938
0.649644 0.116390 0.008314
0.578385 0.117577 0.008314
0.586698 0.117577 0.007126
0.600950 0.117577 0.008314
0.612827 0.117577 0.007126
0.738717 0.117577 0.019002
0.745843 0.117577 0.004751
0.754157 0.117577 0.017815
0.194774 0.118765 0.008314
0.205463 0.118765 0.004751
0.567696 0.118765 0.007126
0.184086 0.119952 0.007126
0.536817 0.119952 0.007126
0.547506 0.119952 0.005938
0.555819 0.119952 0.005938
0.466746 0.121140 0.008314
0.495249 0.121140 0.004751
0.523753 0.121140 0.004751
0.156770 0.122328 0.010689
0.167458 0.122328 0.008314
0.439430 0.122328 0.007126
0.475059 0.122328 0.008314
0.485748 0.122328 0.005938
0.503563 0.122328 0.007126
0.515439 0.122328 0.008314
0.376485 0.123515 0.008314
0.451306 0.123515 0.008314
0.129454 0.124703 0.007126
0.142518 0.124703 0.009501
0.391924 0.124703 0.008314
0.400238 0.124703 0.005938
0.409739 0.124703 0.004751
0.416865 0.124703 0.004751
0.426366 0.124703 0.007126
0.117577 0.125891 0.005938
0.364608 0.125891 0.005938
0.353919 0.127078 0.007126
0.248219 0.128266 0.005938
0.260095 0.128266 0.007126
0.276722 0.128266 0.007126
0.343230 0.128266 0.008314
0.707838 0.128266 0.013064
0.826603 0.128266 0.008314
0.226841 0.129454 0.005938
0.236342 0.129454 0.005938
0.286223 0.129454 0.008314
0.717340 0.129454 0.008314
0.726841 0.129454 0.004751
0.737530 0.129454 0.007126
0.790974 0.129454 0.007126
0.801663 0.129454 0.010689
0.808789 0.129454 0.010689
0.815914 0.129454 0.004751
0.834917 0.129454 0.005938
0.844418 0.129454 0.004751
0.853919 0.129454 0.005938
0.863420 0.129454 0.004751
0.219715 0.130641 0.005938
0.655582 0.130641 0.008314
0.661520 0.130641 0.011876
0.767221 0.130641 0.007126
0.869359 0.130641 0.010689
0.885986 0.130641 0.011876
0.210214 0.131829 0.008314
0.603325 0.131829 0.005938
0.616390 0.131829 0.008314
0.635392 0.131829 0.004751
0.643705 0.131829 0.005938
0.779097 0.131829 0.008314
0.878860 0.131829 0.013064
0.195962 0.133017 0.008314
0.561758 0.133017 0.007126
0.583135 0.133017 0.007126
0.593824 0.133017 0.005938
0.627078 0.133017 0.008314
0.187648 0.134204 0.005938
0.541568 0.134204 0.008314
0.549881 0.134204 0.008314
0.572447 0.134204 0.004751
0.167458 0.135392 0.007126
0.178147 0.135392 0.007126
0.524941 0.136580 0.010689
0.157957 0.137767 0.004751
0.460808 0.137767 0.005938
0.473872 0.137767 0.008314
0.483373 0.137767 0.004751
0.491686 0.137767 0.013064
0.501188 0.137767 0.008314
0.514252 0.137767 0.007126
0.149644 0.138955 0.005938
0.451306 0.138955 0.005938
0.141330 0.140143 0.005938
0.389549 0.140143 0.007126
0.401425 0.140143 0.007126
0.412114 0.140143 0.004751
0.419240 0.140143 0.010689
0.432304 0.140143 0.005938
0.441805 0.140143 0.008314
0.116390 0.141330 0.010689
0.124703 0.141330 0.004751
0.130641 0.141330 0.008314
0.266033 0.141330 0.007126
0.275534 0.141330 0.007126
0.366983 0.141330 0.005938
0.378860 0.141330 0.008314
0.254157 0.142518 0.005938
0.334917 0.142518 0.008314
0.344418 0.142518 0.008314
0.356295 0.142518 0.008314
0.836105 0.143705 0.005938
0.220903 0.144893 0.010689
0.236342 0.144893 0.005938
0.244656 0.144893 0.004751
0.736342 0.144893 0.008314
0.745843 0.144893 0.013064
0.757720 0.144893 0.007126
0.827791 0.144893 0.004751
0.887173 0.144893 0.007126
0.652019 0.146081 0.005938
0.660333 0.146081 0.010689
0.711401 0.146081 0.008314
0.726841 0.146081 0.008314
0.767221 0.146081 0.007126
0.777910 0.146081 0.007126
0.787411 0.146081 0.007126
0.818290 0.146081 0.010689
0.847981 0.146081 0.008314
0.868171 0.146081 0.005938
0.876485 0.146081 0.007126
0.213777 0.147268 0.004751
0.644893 0.147268 0.008314
0.804038 0.147268 0.009501
0.859857 0.147268 0.007126
0.633017 0.148456 0.008314
0.600950 0.149644 0.007126
0.611639 0.149644 0.004751
0.619952 0.149644 0.007126
0.176960 0.150831 0.004751
0.205463 0.150831 0.007126
0.591449 0.150831 0.007126
0.150831 0.152019 0.005938
0.160333 0.152019 0.004751
0.168646 0.152019 0.005938
0.184086 0.152019 0.004751
0.193587 0.152019 0.007126
0.566508 0.152019 0.008314
0.580760 0.152019 0.008314
0.142518 0.153207 0.005938
0.552257 0.153207 0.008314
0.116390 0.154394 0.005938
0.128266 0.154394 0.008314
0.134204 0.154394 0.004751
0.387173 0.155582 0.010689
0.467933 0.155582 0.010689
0.482185 0.155582 0.005938
0.491686 0.155582 0.005938
0.502375 0.155582 0.007126
0.513064 0.155582 0.007126
0.523753 0.155582 0.007126
0.533254 0.155582 0.007126
0.543943 0.155582 0.008314
0.403800 0.156770 0.005938
0.412114 0.156770 0.008314
0.442993 0.156770 0.007126
0.459620 0.156770 0.008314
0.343230 0.157957 0.005938
0.364608 0.157957 0.008314
0.890736 0.157957 0.008314
0.262470 0.159145 0.005938
0.274347 0.159145 0.008314
0.332542 0.159145 0.008314
0.352732 0.159145 0.005938
0.881235 0.159145 0.005938
0.252969 0.160333 0.004751
0.871734 0.160333 0.005938
0.233967 0.161520 0.005938
0.244656 0.161520 0.004751
0.757720 0.161520 0.005938
0.767221 0.161520 0.011876
0.773159 0.161520 0.011876
0.783848 0.161520 0.008314
0.795724 0.161520 0.008314
0.805226 0.161520 0.005938
0.813539 0.161520 0.004751
0.820665 0.161520 0.004751
0.862233 0.161520 0.007126
0.224466 0.162708 0.005938
0.840855 0.162708 0.004751
0.852732 0.162708 0.008314
0.216152 0.163895 0.011876
0.660333 0.163895 0.007126
0.707838 0.163895 0.005938
0.717340 0.163895 0.004751
0.729216 0.163895 0.009501
0.742280 0.163895 0.010689
0.831354 0.163895 0.008314
0.650831 0.165083 0.005938
0.193587 0.166271 0.008314
0.203088 0.166271 0.008314
0.180523 0.167458 0.011876
0.606888 0.167458 0.007126
0.616390 0.167458 0.005938
0.640143 0.167458 0.008314
0.153207 0.168646 0.004751
0.160333 0.168646 0.010689
0.172209 0.168646 0.005938
0.571259 0.168646 0.005938
0.583135 0.168646 0.008314
0.596200 0.168646 0.008314
0.625891 0.168646 0.011876
0.116390 0.169834 0.008314
0.137767 0.169834 0.005938
0.146081 0.169834 0.004751
0.547506 0.169834 0.008314
0.560570 0.169834 0.007126
0.127078 0.171021 0.008314
0.451306 0.171021 0.008314
0.464371 0.171021 0.007126
0.475059 0.172209 0.005938
0.486936 0.172209 0.007126
0.497625 0.172209 0.004751
0.536817 0.172209 0.005938
0.505938 0.173397 0.005938
0.527316 0.173397 0.008314
0.400238 0.174584 0.004751
0.413302 0.174584 0.004751
0.421615 0.174584 0.011876
0.516627 0.174584 0.008314
0.890736 0.174584 0.005938
0.363420 0.175772 0.007126
0.375297 0.175772 0.008314
0.874109 0.175772 0.004751
0.350356 0.176960 0.008314
0.839667 0.176960 0.005938
0.849169 0.176960 0.004751
0.866983 0.176960 0.005938
0.277910 0.178147 0.011876
0.342043 0.178147 0.008314
0.815914 0.178147 0.008314
0.827791 0.178147 0.008314
0.857482 0.178147 0.007126
0.261283 0.179335 0.005938
0.269596 0.179335 0.004751
0.332542 0.179335 0.007126
0.768409 0.179335 0.004751
0.795724 0.179335 0.005938
0.805226 0.179335 0.007126
0.242280 0.180523 0.005938
0.250594 0.180523 0.008314
0.760095 0.180523 0.007126
0.776722 0.180523 0.005938
0.786223 0.180523 0.007126
0.219715 0.181710 0.008314
0.231591 0.181710 0.007126
0.748219 0.181710 0.007126
0.206651 0.182898 0.007126
0.146081 0.184086 0.008314
0.185273 0.184086 0.005938
0.195962 0.184086 0.007126
0.663895 0.184086 0.007126
0.705463 0.184086 0.005938
0.729216 0.184086 0.010689
0.738717 0.184086 0.005938
0.112827 0.185273 0.007126
0.159145 0.185273 0.005938
0.168646 0.185273 0.005938
0.178147 0.185273 0.008314
0.629454 0.185273 0.008314
0.642518 0.185273 0.011876
0.650831 0.185273 0.008314
0.672209 0.185273 0.008314
0.682898 0.185273 0.008314
0.714964 0.185273 0.005938
0.723278 0.185273 0.004751
0.123515 0.186461 0.008314
0.618765 0.186461 0.008314
0.694774 0.186461 0.007126
0.577197 0.187648 0.005938
0.597387 0.187648 0.004751
0.606888 0.187648 0.008314
0.565321 0.188836 0.008314
0.587886 0.188836 0.007126
0.891924 0.188836 0.007126
0.461995 0.190024 0.013064
0.470309 0.190024 0.008314
0.480998 0.190024 0.007126
0.492874 0.190024 0.008314
0.865796 0.190024 0.008314
0.875297 0.190024 0.010689
0.504751 0.191211 0.008314
0.519002 0.191211 0.005938
0.530879 0.191211 0.007126
0.540380 0.191211 0.005938
0.549881 0.191211 0.008314
0.855107 0.191211 0.004751
0.420428 0.192399 0.008314
0.432304 0.192399 0.007126
0.442993 0.192399 0.010689
0.843230 0.192399 0.008314
0.366983 0.193587 0.008314
0.397862 0.193587 0.008314
0.409739 0.193587 0.005938
0.809976 0.193587 0.004751
0.833729 0.193587 0.005938
0.342043 0.194774 0.004751
0.352732 0.194774 0.008314
0.377672 0.194774 0.007126
0.388361 0.194774 0.007126
0.818290 0.194774 0.011876
0.824228 0.194774 0.011876
0.801663 0.195962 0.005938
0.261283 0.197150 0.007126
0.273159 0.197150 0.008314
0.281473 0.197150 0.007126
0.332542 0.197150 0.008314
0.783848 0.197150 0.005938
0.792162 0.197150 0.013064
0.229216 0.198337 0.005938
0.237530 0.198337 0.005938
0.248219 0.198337 0.008314
0.292162 0.198337 0.004751
0.762470 0.198337 0.007126
0.773159 0.198337 0.007126
0.218527 0.199525 0.008314
0.300475 0.199525 0.013064
0.320665 0.199525 0.007126
0.210214 0.200713 0.005938
0.308789 0.200713 0.005938
0.750594 0.200713 0.008314
0.133017 0.201900 0.005938
0.144893 0.201900 0.007126
0.187648 0.201900 0.007126
0.199525 0.201900 0.005938
0.680523 0.201900 0.007126
0.691211 0.201900 0.004751
0.704276 0.201900 0.004751
0.712589 0.201900 0.005938
0.112827 0.203088 0.007126
0.124703 0.203088 0.007126
0.155582 0.203088 0.007126
0.176960 0.203088 0.007126
0.634204 0.203088 0.007126
0.644893 0.203088 0.008314
0.660333 0.203088 0.005938
0.671021 0.203088 0.007126
0.723278 0.203088 0.008314
0.166271 0.204276 0.008314
0.579572 0.204276 0.004751
0.585511 0.204276 0.008314
0.595012 0.204276 0.007126
0.605701 0.204276 0.005938
0.621140 0.204276 0.005938
0.736342 0.204276 0.009501
0.564133 0.205463 0.008314
0.614014 0.205463 0.011876
0.465558 0.207838 0.007126
0.476247 0.207838 0.007126
0.486936 0.207838 0.008314
0.498812 0.207838 0.008314
0.516627 0.207838 0.008314
0.529691 0.207838 0.008314
0.540380 0.207838 0.004751
0.547506 0.207838 0.004751
0.554632 0.207838 0.004751
0.876485 0.207838 0.008314
0.885986 0.207838 0.007126
0.452494 0.209026 0.008314
0.507126 0.209026 0.004751
0.864608 0.209026 0.008314
0.416865 0.210214 0.008314
0.431116 0.210214 0.007126
0.441805 0.210214 0.004751
0.844418 0.210214 0.008314
0.390736 0.211401 0.008314
0.404988 0.211401 0.008314
0.832542 0.211401 0.004751
0.853919 0.211401 0.007126
0.366983 0.212589 0.004751
0.378860 0.212589 0.008314
0.811164 0.212589 0.008314
0.823040 0.212589 0.008314
0.235154 0.213777 0.008314
0.247031 0.213777 0.007126
0.257720 0.213777 0.007126
0.267221 0.213777 0.005938
0.276722 0.213777 0.007126
0.344418 0.213777 0.008314
0.357482 0.213777 0.007126
0.222090 0.214964 0.007126
0.288599 0.214964 0.005938
0.330166 0.214964 0.007126
0.802850 0.214964 0.007126
0.298100 0.216152 0.008314
0.306413 0.216152 0.007126
0.320665 0.216152 0.007126
0.792162 0.216152 0.008314
0.110451 0.217340 0.007126
0.181710 0.217340 0.004751
0.190024 0.217340 0.007126
0.211401 0.217340 0.008314
0.775534 0.217340 0.009501
0.121140 0.218527 0.005938
0.133017 0.218527 0.008314
0.144893 0.218527 0.005938
0.172209 0.218527 0.005938
0.201900 0.218527 0.008314
0.752969 0.218527 0.008314
0.762470 0.218527 0.008314
0.154394 0.219715 0.004751
0.723278 0.219715 0.013064
0.732779 0.219715 0.013064
0.741093 0.219715 0.005938
0.604513 0.220903 0.008314
0.615202 0.220903 0.008314
0.636580 0.220903 0.008314
0.646081 0.220903 0.005938
0.674584 0.220903 0.008314
0.684086 0.220903 0.005938
0.693587 0.220903 0.007126
0.557007 0.222090 0.004751
0.564133 0.222090 0.010689
0.574822 0.222090 0.005938
0.584323 0.222090 0.004751
0.591449 0.222090 0.004751
0.625891 0.222090 0.008314
0.660333 0.222090 0.010689
0.706651 0.222090 0.009501
0.458432 0.224466 0.013064
0.473872 0.224466 0.010689
0.488124 0.224466 0.008314
0.500000 0.224466 0.008314
0.527316 0.224466 0.005938
0.538005 0.224466 0.007126
0.548694 0.224466 0.005938
0.410926 0.225653 0.007126
0.422803 0.225653 0.008314
0.446556 0.225653 0.008314
0.466746 0.225653 0.004751
0.516627 0.225653 0.008314
0.433492 0.226841 0.008314
0.397862 0.228029 0.008314
0.339667 0.229216 0.005938
0.364608 0.229216 0.005938
0.376485 0.229216 0.008314
0.387173 0.229216 0.007126
0.251781 0.230404 0.008314
0.263658 0.230404 0.007126
0.273159 0.230404 0.004751
0.290974 0.230404 0.007126
0.330166 0.230404 0.004751
0.353919 0.230404 0.008314
0.224466 0.231591 0.004751
0.233967 0.231591 0.007126
0.243468 0.231591 0.004751
0.300475 0.231591 0.013064
0.117577 0.232779 0.008314
0.142518 0.232779 0.004751
0.152019 0.232779 0.007126
0.162708 0.232779 0.007126
0.173397 0.232779 0.008314
0.204276 0.232779 0.007126
0.213777 0.232779 0.008314
0.320665 0.232779 0.007126
0.109264 0.233967 0.007126
0.131829 0.233967 0.007126
0.190024 0.233967 0.009501
