0.941805 0.002375 0.021378
0.849169 0.007126 0.020190
0.880048 0.013064 0.015439
0.790974 0.035629 0.007126
0.714964 0.036817 0.007126
0.730404 0.036817 0.004751
0.781473 0.036817 0.008314
0.802850 0.036817 0.007126
0.813539 0.036817 0.007126
0.824228 0.036817 0.008314
0.832542 0.036817 0.004751
0.842043 0.036817 0.011876
0.849169 0.036817 0.004751
0.590261 0.038005 0.008314
0.602138 0.038005 0.008314
0.612827 0.038005 0.004751
0.625891 0.038005 0.008314
0.701900 0.038005 0.007126
0.723278 0.038005 0.004751
0.737530 0.038005 0.008314
0.748219 0.038005 0.007126
0.757720 0.038005 0.005938
0.767221 0.038005 0.005938
0.864608 0.038005 0.004751
0.871734 0.038005 0.004751
0.881235 0.038005 0.008314
0.564133 0.039192 0.005938
0.572447 0.039192 0.004751
0.635392 0.039192 0.004751
0.642518 0.039192 0.004751
0.659145 0.039192 0.004751
0.669834 0.039192 0.008314
0.676960 0.039192 0.004751
0.686461 0.039192 0.008314
0.532067 0.040380 0.005938
0.652019 0.040380 0.011876
0.444181 0.041568 0.008314
0.497625 0.041568 0.005938
0.505938 0.041568 0.005938
0.514252 0.041568 0.004751
0.522565 0.041568 0.005938
0.540380 0.041568 0.004751
0.549881 0.041568 0.008314
0.429929 0.042755 0.008314
0.472684 0.042755 0.007126
0.378860 0.043943 0.008314
0.391924 0.043943 0.008314
0.419240 0.043943 0.010689
0.453682 0.043943 0.005938
0.461995 0.043943 0.005938
0.485748 0.043943 0.007126
0.301663 0.045131 0.011876
0.345606 0.045131 0.008314
0.404988 0.045131 0.008314
0.249406 0.046318 0.007126
0.260095 0.046318 0.005938
0.274347 0.046318 0.008314
0.285036 0.046318 0.008314
0.293349 0.046318 0.004751
0.321853 0.046318 0.007126
0.333729 0.046318 0.005938
0.357482 0.046318 0.007126
0.366983 0.046318 0.005938
0.211401 0.047506 0.005938
0.220903 0.047506 0.004751
0.228029 0.047506 0.004751
0.237530 0.047506 0.008314
0.201900 0.048694 0.005938
0.155582 0.049881 0.014252
0.180523 0.049881 0.011876
0.718527 0.049881 0.004751
0.823040 0.049881 0.004751
0.166271 0.051069 0.008314
0.190024 0.051069 0.008314
0.705463 0.051069 0.007126
0.725653 0.051069 0.004751
0.732779 0.051069 0.004751
0.742280 0.051069 0.005938
0.754157 0.051069 0.005938
0.763658 0.051069 0.005938
0.774347 0.051069 0.007126
0.788599 0.051069 0.008314
0.800475 0.051069 0.007126
0.813539 0.051069 0.007126
0.832542 0.051069 0.007126
0.870546 0.051069 0.004751
0.881235 0.051069 0.007126
0.842043 0.052257 0.004751
0.849169 0.052257 0.004751
0.855107 0.052257 0.004751
0.863420 0.052257 0.004751
0.633017 0.053444 0.004751
0.653207 0.053444 0.004751
0.660333 0.053444 0.004751
0.668646 0.053444 0.004751
0.675772 0.053444 0.008314
0.685273 0.053444 0.005938
0.125891 0.054632 0.010689
0.565321 0.054632 0.008314
0.587886 0.054632 0.004751
0.598575 0.054632 0.008314
0.609264 0.054632 0.004751
0.616390 0.054632 0.005938
0.625891 0.054632 0.004751
0.643705 0.054632 0.007126
0.695962 0.054632 0.005938
0.479810 0.055819 0.007126
0.489311 0.055819 0.005938
0.497625 0.055819 0.004751
0.504751 0.055819 0.004751
0.513064 0.055819 0.008314
0.522565 0.055819 0.005938
0.540380 0.055819 0.010689
0.580760 0.055819 0.008314
0.447743 0.057007 0.007126
0.532067 0.057007 0.004751
0.554632 0.057007 0.007126
0.307601 0.058195 0.008314
0.459620 0.058195 0.010689
0.467933 0.058195 0.007126
0.277910 0.059382 0.007126
0.288599 0.059382 0.005938
0.299287 0.059382 0.004751
0.328979 0.059382 0.010689
0.337292 0.059382 0.005938
0.364608 0.059382 0.004751
0.408551 0.059382 0.004751
0.437055 0.059382 0.008314
0.250594 0.060570 0.004751
0.257720 0.060570 0.004751
0.268409 0.060570 0.007126
0.323040 0.060570 0.009501
0.357482 0.060570 0.005938
0.375297 0.060570 0.007126
0.385986 0.060570 0.008314
0.397862 0.060570 0.007126
0.220903 0.061758 0.007126
0.231591 0.061758 0.007126
0.242280 0.061758 0.005938
0.347981 0.061758 0.007126
0.422803 0.061758 0.009501
0.826603 0.062945 0.005938
0.206651 0.064133 0.007126
0.819477 0.064133 0.005938
0.195962 0.065321 0.005938
0.780285 0.065321 0.007126
0.834917 0.065321 0.005938
0.845606 0.065321 0.008314
0.857482 0.065321 0.005938
0.868171 0.065321 0.005938
0.882423 0.065321 0.008314
0.168646 0.066508 0.007126
0.179335 0.066508 0.004751
0.186461 0.066508 0.005938
0.719715 0.066508 0.005938
0.754157 0.066508 0.007126
0.766033 0.066508 0.008314
0.789786 0.066508 0.008314
0.802850 0.066508 0.007126
0.156770 0.067696 0.008314
0.618765 0.067696 0.007126
0.629454 0.067696 0.008314
0.655582 0.067696 0.007126
0.667458 0.067696 0.007126
0.678147 0.067696 0.004751
0.684086 0.067696 0.010689
0.699525 0.067696 0.007126
0.709026 0.067696 0.007126
0.133017 0.068884 0.004751
0.608076 0.068884 0.005938
0.644893 0.068884 0.007126
0.731591 0.068884 0.008314
0.742280 0.068884 0.008314
0.125891 0.070071 0.009501
0.503563 0.070071 0.007126
0.513064 0.070071 0.004751
0.521378 0.070071 0.010689
0.589074 0.070071 0.005938
0.598575 0.070071 0.005938
0.491686 0.071259 0.007126
0.535629 0.071259 0.007126
0.547506 0.071259 0.005938
0.570071 0.071259 0.007126
0.580760 0.071259 0.005938
0.287411 0.072447 0.008314
0.299287 0.072447 0.007126
0.480998 0.072447 0.008314
0.555819 0.072447 0.007126
0.275534 0.073634 0.007126
0.307601 0.073634 0.005938
0.378860 0.073634 0.008314
0.384798 0.073634 0.004751
0.403800 0.073634 0.005938
0.452494 0.073634 0.005938
0.471496 0.073634 0.005938
0.251781 0.074822 0.008314
0.262470 0.074822 0.007126
0.319477 0.074822 0.005938
0.330166 0.074822 0.007126
0.339667 0.074822 0.005938
0.347981 0.074822 0.005938
0.356295 0.074822 0.005938
0.365796 0.074822 0.005938
0.391924 0.074822 0.005938
0.413302 0.074822 0.004751
0.422803 0.074822 0.005938
0.433492 0.074822 0.005938
0.442993 0.074822 0.007126
0.461995 0.074822 0.007126
0.216152 0.077197 0.008314
0.231591 0.077197 0.004751
0.239905 0.077197 0.008314
0.882423 0.077197 0.005938
0.186461 0.078385 0.004751
0.195962 0.078385 0.005938
0.205463 0.078385 0.007126
0.817102 0.078385 0.005938
0.825416 0.078385 0.004751
0.838480 0.078385 0.005938
0.846793 0.078385 0.004751
0.856295 0.078385 0.008314
0.868171 0.078385 0.004751
0.178147 0.079572 0.005938
0.807601 0.079572 0.007126
0.161520 0.080760 0.004751
0.168646 0.080760 0.008314
0.754157 0.080760 0.005938
0.779097 0.080760 0.008314
0.792162 0.080760 0.008314
0.153207 0.081948 0.005938
0.671021 0.081948 0.010689
0.764846 0.081948 0.007126
0.134204 0.083135 0.008314
0.586698 0.083135 0.005938
0.636580 0.083135 0.010689
0.644893 0.083135 0.004751
0.654394 0.083135 0.005938
0.663895 0.083135 0.004751
0.722090 0.083135 0.007126
0.733967 0.083135 0.005938
0.744656 0.083135 0.005938
0.123515 0.084323 0.007126
0.578385 0.084323 0.007126
0.595012 0.084323 0.005938
0.603325 0.084323 0.004751
0.611639 0.084323 0.008314
0.622328 0.084323 0.005938
0.535629 0.085511 0.005938
0.547506 0.085511 0.008314
0.570071 0.085511 0.007126
0.710214 0.085511 0.008314
0.507126 0.086698 0.007126
0.517815 0.086698 0.004751
0.559382 0.086698 0.008314
0.463183 0.087886 0.005938
0.472684 0.087886 0.005938
0.486936 0.087886 0.008314
0.497625 0.087886 0.007126
0.399050 0.089074 0.007126
0.409739 0.089074 0.007126
0.421615 0.089074 0.005938
0.429929 0.089074 0.005938
0.442993 0.089074 0.007126
0.452494 0.089074 0.008314
0.271971 0.090261 0.010689
0.280285 0.090261 0.005938
0.347981 0.090261 0.007126
0.358670 0.090261 0.007126
0.368171 0.090261 0.007126
0.880048 0.090261 0.004751
0.210214 0.092637 0.008314
0.225653 0.092637 0.007126
0.235154 0.092637 0.005938
0.242280 0.092637 0.004751
0.251781 0.092637 0.010689
0.333729 0.092637 0.008314
0.843230 0.092637 0.007126
0.855107 0.092637 0.007126
0.871734 0.092637 0.010689
0.182898 0.093824 0.005938
0.201900 0.093824 0.005938
0.802850 0.093824 0.005938
0.812352 0.093824 0.008314
0.824228 0.093824 0.007126
0.834917 0.093824 0.004751
0.163895 0.095012 0.005938
0.172209 0.095012 0.005938
0.192399 0.095012 0.007126
0.767221 0.095012 0.010689
0.776722 0.095012 0.007126
0.794537 0.095012 0.004751
0.153207 0.096200 0.008314
0.752969 0.096200 0.005938
0.787411 0.096200 0.004751
0.130641 0.097387 0.004751
0.138955 0.097387 0.005938
0.663895 0.097387 0.013064
0.712589 0.097387 0.004751
0.720903 0.097387 0.005938
0.730404 0.097387 0.008314
0.738717 0.097387 0.010689
0.621140 0.098575 0.008314
0.631829 0.098575 0.011876
0.647268 0.098575 0.004751
0.655582 0.098575 0.005938
0.122328 0.099762 0.008314
0.638955 0.100950 0.005938
0.593824 0.102138 0.008314
0.603325 0.102138 0.008314
0.408551 0.103325 0.005938
0.457245 0.103325 0.008314
0.466746 0.103325 0.008314
0.488124 0.103325 0.004751
0.497625 0.103325 0.007126
0.508314 0.103325 0.008314
0.519002 0.103325 0.007126
0.529691 0.103325 0.005938
0.539192 0.103325 0.007126
0.548694 0.103325 0.004751
0.557007 0.103325 0.008314
0.567696 0.103325 0.005938
0.581948 0.103325 0.008314
0.382423 0.104513 0.008314
0.395487 0.104513 0.009501
0.419240 0.104513 0.008314
0.432304 0.104513 0.007126
0.442993 0.104513 0.005938
0.478622 0.104513 0.007126
0.290974 0.105701 0.008314
0.349169 0.105701 0.004751
0.357482 0.105701 0.007126
0.368171 0.105701 0.008314
0.882423 0.105701 0.004751
0.233967 0.106888 0.008314
0.250594 0.106888 0.007126
0.261283 0.106888 0.005938
0.270784 0.106888 0.008314
0.281473 0.106888 0.008314
0.336105 0.106888 0.008314
0.855107 0.106888 0.008314
0.864608 0.106888 0.005938
0.872922 0.106888 0.005938
0.156770 0.108076 0.004751
0.178147 0.108076 0.008314
0.190024 0.108076 0.008314
0.842043 0.108076 0.007126
0.165083 0.109264 0.005938
0.203088 0.109264 0.008314
0.212589 0.109264 0.008314
0.807601 0.109264 0.008314
0.818290 0.109264 0.007126
0.831354 0.109264 0.008314
0.220903 0.110451 0.011876
0.788599 0.110451 0.004751
0.799287 0.110451 0.007126
0.137767 0.111639 0.005938
0.147268 0.111639 0.007126
0.762470 0.111639 0.005938
0.773159 0.111639 0.005938
0.781473 0.111639 0.004751
0.642518 0.112827 0.008314
0.732779 0.112827 0.007126
0.750594 0.112827 0.007126
0.124703 0.114014 0.008314
0.719715 0.114014 0.008314
0.741093 0.114014 0.004751
0.611639 0.116390 0.008314
0.628266 0.116390 0.007126
0.571259 0.117577 0.004751
0.578385 0.117577 0.008314
0.590261 0.117577 0.008314
0.600950 0.117577 0.007126
0.441805 0.118765 0.007126
0.463183 0.118765 0.008314
0.473872 0.118765 0.004751
0.489311 0.118765 0.005938
0.503563 0.118765 0.008314
0.521378 0.118765 0.007126
0.541568 0.118765 0.005938
0.562945 0.118765 0.005938
0.431116 0.119952 0.008314
0.453682 0.119952 0.005938
0.513064 0.119952 0.005938
0.530879 0.119952 0.008314
0.553444 0.119952 0.008314
0.885986 0.119952 0.008314
0.260095 0.121140 0.009501
0.267221 0.121140 0.008314
0.280285 0.121140 0.004751
0.287411 0.121140 0.008314
0.337292 0.121140 0.008314
0.349169 0.121140 0.007126
0.357482 0.121140 0.005938
0.365796 0.121140 0.005938
0.376485 0.121140 0.005938
0.388361 0.121140 0.008314
0.400238 0.121140 0.010689
0.408551 0.121140 0.008314
0.419240 0.121140 0.008314
0.861045 0.121140 0.008314
0.229216 0.122328 0.008314
0.239905 0.122328 0.004751
0.249406 0.122328 0.005938
0.838480 0.122328 0.008314
0.868171 0.122328 0.004751
0.167458 0.123515 0.010689
0.808789 0.123515 0.004751
0.818290 0.123515 0.007126
0.826603 0.123515 0.004751
0.849169 0.123515 0.007126
0.156770 0.124703 0.008314
0.174584 0.124703 0.008314
0.184086 0.124703 0.008314
0.194774 0.124703 0.008314
0.206651 0.124703 0.007126
0.789786 0.124703 0.008314
0.801663 0.124703 0.008314
0.144893 0.125891 0.007126
0.774347 0.125891 0.007126
0.738717 0.127078 0.007126
0.121140 0.128266 0.008314
0.133017 0.128266 0.008314
0.630641 0.128266 0.007126
0.711401 0.128266 0.008314
0.720903 0.128266 0.005938
0.730404 0.128266 0.005938
0.762470 0.128266 0.004751
0.640143 0.129454 0.008314
0.655582 0.129454 0.007126
0.666271 0.129454 0.008314
0.748219 0.129454 0.008314
0.585511 0.130641 0.007126
0.599762 0.131829 0.008314
0.609264 0.131829 0.008314
0.619952 0.131829 0.007126
0.502375 0.133017 0.007126
0.557007 0.133017 0.007126
0.567696 0.133017 0.008314
0.453682 0.134204 0.004751
0.461995 0.134204 0.005938
0.480998 0.134204 0.005938
0.490499 0.134204 0.005938
0.511876 0.134204 0.005938
0.523753 0.134204 0.007126
0.547506 0.134204 0.004751
0.422803 0.135392 0.005938
0.433492 0.135392 0.005938
0.289786 0.136580 0.008314
0.347981 0.136580 0.008314
0.363420 0.136580 0.007126
0.374109 0.136580 0.008314
0.382423 0.136580 0.011876
0.400238 0.136580 0.005938
0.413302 0.136580 0.007126
0.444181 0.136580 0.008314
0.470309 0.136580 0.008314
0.881235 0.136580 0.008314
0.223278 0.137767 0.007126
0.258907 0.137767 0.007126
0.270784 0.137767 0.007126
0.279097 0.137767 0.004751
0.336105 0.137767 0.007126
0.852732 0.137767 0.008314
0.871734 0.137767 0.011876
0.187648 0.138955 0.007126
0.212589 0.138955 0.007126
0.235154 0.138955 0.008314
0.247031 0.138955 0.008314
0.838480 0.138955 0.007126
0.863420 0.138955 0.007126
0.168646 0.140143 0.007126
0.178147 0.140143 0.005938
0.200713 0.140143 0.007126
0.827791 0.140143 0.007126
0.146081 0.141330 0.007126
0.802850 0.141330 0.013064
0.811164 0.141330 0.004751
0.819477 0.141330 0.005938
0.121140 0.142518 0.009501
0.136580 0.142518 0.005938
0.757720 0.142518 0.007126
0.769596 0.142518 0.008314
0.781473 0.142518 0.007126
0.157957 0.143705 0.007126
0.792162 0.143705 0.007126
0.726841 0.144893 0.008314
0.745843 0.144893 0.007126
0.735154 0.146081 0.007126
0.644893 0.147268 0.007126
0.634204 0.148456 0.007126
0.655582 0.148456 0.007126
0.667458 0.148456 0.008314
0.700713 0.148456 0.007126
0.710214 0.148456 0.011876
0.547506 0.149644 0.004751
0.587886 0.149644 0.005938
0.679335 0.149644 0.008314
0.690024 0.149644 0.005938
0.488124 0.150831 0.008314
0.500000 0.150831 0.005938
0.510689 0.150831 0.008314
0.539192 0.150831 0.008314
0.557007 0.150831 0.007126
0.568884 0.150831 0.008314
0.577197 0.150831 0.007126
0.599762 0.150831 0.008314
0.608076 0.150831 0.004751
0.619952 0.150831 0.008314
0.419240 0.152019 0.008314
0.439430 0.152019 0.007126
0.450119 0.152019 0.008314
0.475059 0.152019 0.007126
0.524941 0.152019 0.008314
0.374109 0.153207 0.005938
0.383610 0.153207 0.007126
0.396675 0.153207 0.007126
0.408551 0.153207 0.004751
0.428741 0.153207 0.004751
0.463183 0.153207 0.008314
0.252969 0.154394 0.008314
0.267221 0.154394 0.008314
0.277910 0.154394 0.007126
0.318290 0.154394 0.008314
0.343230 0.154394 0.004751
0.352732 0.154394 0.007126
0.364608 0.154394 0.005938
0.877672 0.154394 0.004751
0.290974 0.155582 0.008314
0.334917 0.155582 0.010689
0.824228 0.155582 0.008314
0.185273 0.156770 0.007126
0.195962 0.156770 0.007126
0.217340 0.156770 0.007126
0.228029 0.156770 0.007126
0.239905 0.156770 0.005938
0.306413 0.156770 0.007126
0.836105 0.156770 0.007126
0.845606 0.156770 0.007126
0.870546 0.156770 0.010689
0.131829 0.157957 0.005938
0.147268 0.157957 0.005938
0.157957 0.157957 0.005938
0.166271 0.157957 0.004751
0.175772 0.157957 0.008314
0.206651 0.157957 0.007126
0.857482 0.157957 0.008314
0.802850 0.159145 0.007126
0.813539 0.159145 0.008314
0.118765 0.160333 0.009501
0.792162 0.160333 0.007126
0.775534 0.161520 0.008314
0.781473 0.161520 0.010689
0.735154 0.162708 0.004751
0.750594 0.162708 0.007126
0.763658 0.162708 0.008314
0.705463 0.165083 0.007126
0.587886 0.166271 0.010689
0.636580 0.166271 0.007126
0.646081 0.166271 0.007126
0.692399 0.166271 0.008314
0.716152 0.166271 0.013064
0.724466 0.166271 0.008314
0.603325 0.167458 0.011876
0.624703 0.167458 0.008314
0.672209 0.167458 0.008314
0.515439 0.168646 0.008314
0.559382 0.168646 0.008314
0.571259 0.168646 0.008314
0.610451 0.168646 0.005938
0.304038 0.169834 0.007126
0.361045 0.169834 0.007126
0.503563 0.169834 0.005938
0.527316 0.169834 0.008314
0.548694 0.169834 0.008314
0.239905 0.171021 0.005938
0.271971 0.171021 0.008314
0.294537 0.171021 0.005938
0.315914 0.171021 0.008314
0.328979 0.171021 0.008314
0.339667 0.171021 0.007126
0.349169 0.171021 0.007126
0.376485 0.171021 0.008314
0.387173 0.171021 0.005938
0.396675 0.171021 0.008314
0.429929 0.171021 0.004751
0.437055 0.171021 0.004751
0.446556 0.171021 0.007126
0.457245 0.171021 0.007126
0.485748 0.171021 0.011876
0.494062 0.171021 0.004751
0.536817 0.171021 0.008314
0.149644 0.172209 0.008314
0.162708 0.172209 0.007126
0.223278 0.172209 0.008314
0.260095 0.172209 0.008314
0.285036 0.172209 0.008314
0.409739 0.172209 0.008314
0.421615 0.172209 0.011876
0.470309 0.172209 0.008314
0.173397 0.173397 0.005938
0.186461 0.173397 0.009501
0.213777 0.173397 0.008314
0.248219 0.173397 0.008314
0.117577 0.174584 0.005938
0.125891 0.174584 0.007126
0.135392 0.174584 0.005938
0.201900 0.174584 0.007126
0.861045 0.175772 0.008314
0.846793 0.176960 0.005938
0.871734 0.176960 0.013064
0.887173 0.176960 0.011876
0.828979 0.178147 0.007126
0.838480 0.178147 0.014252
0.805226 0.180523 0.008314
0.818290 0.180523 0.008314
0.794537 0.181710 0.008314
0.719715 0.182898 0.008314
0.729216 0.182898 0.008314
0.743468 0.182898 0.007126
0.754157 0.182898 0.004751
0.766033 0.182898 0.015439
0.777910 0.182898 0.010689
0.652019 0.184086 0.005938
0.661520 0.184086 0.013064
0.704276 0.184086 0.007126
0.668646 0.185273 0.004751
0.678147 0.185273 0.007126
0.580760 0.186461 0.010689
0.596200 0.186461 0.008314
0.615202 0.186461 0.007126
0.627078 0.186461 0.008314
0.641330 0.186461 0.008314
0.693587 0.186461 0.013064
0.393112 0.187648 0.007126
0.403800 0.187648 0.004751
0.453682 0.187648 0.007126
0.465558 0.187648 0.008314
0.490499 0.187648 0.008314
0.539192 0.187648 0.005938
0.553444 0.187648 0.010689
0.566508 0.187648 0.008314
0.605701 0.187648 0.007126
0.180523 0.188836 0.004751
0.191211 0.188836 0.008314
0.210214 0.188836 0.007126
0.412114 0.188836 0.004751
0.429929 0.188836 0.005938
0.442993 0.188836 0.008314
0.476247 0.188836 0.005938
0.504751 0.188836 0.010689
0.517815 0.188836 0.008314
0.116390 0.190024 0.007126
0.127078 0.190024 0.004751
0.142518 0.190024 0.005938
0.153207 0.190024 0.007126
0.163895 0.190024 0.007126
0.173397 0.190024 0.004751
0.199525 0.190024 0.007126
0.219715 0.190024 0.008314
0.382423 0.190024 0.008314
0.419240 0.190024 0.011876
0.529691 0.190024 0.008314
0.230404 0.191211 0.008314
0.241093 0.191211 0.007126
0.252969 0.191211 0.007126
0.262470 0.191211 0.016627
0.274347 0.191211 0.008314
0.285036 0.191211 0.005938
0.317102 0.191211 0.007126
0.327791 0.191211 0.008314
0.343230 0.191211 0.007126
0.355107 0.191211 0.008314
0.370546 0.191211 0.008314
0.293349 0.192399 0.016627
0.306413 0.192399 0.008314
