0.941805 0.002375 0.021378
0.846793 0.008314 0.023753
0.754157 0.010689 0.013064
0.818290 0.011876 0.011876
0.880048 0.011876 0.013064
0.747031 0.038005 0.007126
0.779097 0.038005 0.008314
0.800475 0.038005 0.013064
0.820665 0.038005 0.010689
0.717340 0.039192 0.011876
0.725653 0.039192 0.004751
0.735154 0.039192 0.008314
0.755344 0.039192 0.007126
0.767221 0.039192 0.007126
0.788599 0.039192 0.008314
0.828979 0.039192 0.004751
0.837292 0.039192 0.008314
0.600950 0.040380 0.008314
0.669834 0.040380 0.005938
0.680523 0.040380 0.005938
0.690024 0.040380 0.005938
0.704276 0.040380 0.008314
0.846793 0.040380 0.005938
0.552257 0.041568 0.005938
0.561758 0.041568 0.005938
0.571259 0.041568 0.005938
0.591449 0.041568 0.007126
0.608076 0.041568 0.004751
0.615202 0.041568 0.010689
0.628266 0.041568 0.008314
0.640143 0.041568 0.004751
0.649644 0.041568 0.007126
0.659145 0.041568 0.007126
0.858670 0.041568 0.008314
0.871734 0.041568 0.005938
0.882423 0.041568 0.008314
0.517815 0.042755 0.007126
0.526128 0.042755 0.005938
0.534442 0.042755 0.013064
0.542755 0.042755 0.005938
0.579572 0.042755 0.008314
0.445368 0.043943 0.008314
0.454869 0.043943 0.007126
0.467933 0.043943 0.009501
0.489311 0.043943 0.010689
0.503563 0.043943 0.008314
0.422803 0.045131 0.007126
0.435867 0.045131 0.005938
0.369359 0.046318 0.005938
0.378860 0.046318 0.008314
0.401425 0.046318 0.005938
0.410926 0.046318 0.007126
0.236342 0.047506 0.007126
0.247031 0.047506 0.004751
0.256532 0.047506 0.005938
0.264846 0.047506 0.004751
0.328979 0.047506 0.007126
0.337292 0.047506 0.005938
0.389549 0.047506 0.007126
0.228029 0.048694 0.008314
0.273159 0.048694 0.011876
0.349169 0.048694 0.007126
0.359857 0.048694 0.007126
0.194774 0.049881 0.004751
0.169834 0.051069 0.008314
0.181710 0.051069 0.008314
0.200713 0.051069 0.004751
0.209026 0.051069 0.005938
0.216152 0.051069 0.008314
0.157957 0.052257 0.008314
0.127078 0.053444 0.005938
0.146081 0.053444 0.008314
0.671021 0.053444 0.004751
0.135392 0.054632 0.004751
0.679335 0.054632 0.004751
0.706651 0.054632 0.007126
0.716152 0.054632 0.005938
0.726841 0.054632 0.005938
0.735154 0.054632 0.005938
0.744656 0.054632 0.005938
0.754157 0.054632 0.005938
0.762470 0.054632 0.004751
0.781473 0.054632 0.004751
0.789786 0.054632 0.005938
0.798100 0.054632 0.004751
0.817102 0.054632 0.008314
0.827791 0.054632 0.007126
0.837292 0.054632 0.007126
0.849169 0.054632 0.007126
0.884798 0.054632 0.008314
0.638955 0.055819 0.007126
0.649644 0.055819 0.005938
0.657957 0.055819 0.005938
0.773159 0.055819 0.005938
0.806413 0.055819 0.008314
0.857482 0.055819 0.007126
0.878860 0.055819 0.004751
0.565321 0.057007 0.004751
0.573634 0.057007 0.008314
0.581948 0.057007 0.008314
0.619952 0.057007 0.007126
0.870546 0.057007 0.008314
0.554632 0.058195 0.007126
0.593824 0.058195 0.004751
0.600950 0.058195 0.004751
0.608076 0.058195 0.008314
0.630641 0.058195 0.007126
0.496437 0.059382 0.007126
0.507126 0.059382 0.008314
0.536817 0.059382 0.007126
0.546318 0.059382 0.005938
0.452494 0.060570 0.005938
0.476247 0.060570 0.008314
0.485748 0.060570 0.005938
0.519002 0.060570 0.005938
0.526128 0.060570 0.011876
0.334917 0.061758 0.004751
0.351544 0.061758 0.004751
0.358670 0.061758 0.004751
0.366983 0.061758 0.005938
0.399050 0.061758 0.008314
0.407363 0.061758 0.004751
0.421615 0.061758 0.010689
0.433492 0.061758 0.008314
0.444181 0.061758 0.008314
0.465558 0.061758 0.008314
0.263658 0.062945 0.004751
0.343230 0.062945 0.005938
0.376485 0.062945 0.004751
0.387173 0.062945 0.007126
0.199525 0.064133 0.005938
0.230404 0.064133 0.008314
0.255344 0.064133 0.008314
0.326603 0.064133 0.010689
0.144893 0.065321 0.004751
0.173397 0.065321 0.007126
0.209026 0.065321 0.008314
0.220903 0.065321 0.008314
0.243468 0.065321 0.007126
0.271971 0.065321 0.008314
0.283848 0.065321 0.005938
0.135392 0.066508 0.005938
0.154394 0.066508 0.005938
0.163895 0.066508 0.004751
0.185273 0.066508 0.008314
0.123515 0.067696 0.008314
0.703088 0.068884 0.008314
0.754157 0.068884 0.004751
0.782660 0.068884 0.004751
0.793349 0.068884 0.005938
0.801663 0.068884 0.004751
0.811164 0.068884 0.008314
0.882423 0.068884 0.008314
0.690024 0.070071 0.008314
0.713777 0.070071 0.005938
0.744656 0.070071 0.004751
0.774347 0.070071 0.008314
0.828979 0.070071 0.009501
0.837292 0.070071 0.004751
0.845606 0.070071 0.004751
0.875297 0.070071 0.007126
0.682898 0.071259 0.005938
0.728029 0.071259 0.011876
0.736342 0.071259 0.007126
0.764846 0.071259 0.008314
0.853919 0.071259 0.007126
0.863420 0.071259 0.005938
0.571259 0.072447 0.005938
0.593824 0.072447 0.008314
0.663895 0.072447 0.008314
0.673397 0.072447 0.008314
0.581948 0.073634 0.004751
0.604513 0.073634 0.007126
0.615202 0.073634 0.009501
0.629454 0.073634 0.004751
0.637767 0.073634 0.007126
0.652019 0.073634 0.008314
0.504751 0.074822 0.008314
0.516627 0.074822 0.008314
0.542755 0.074822 0.007126
0.553444 0.074822 0.008314
0.561758 0.074822 0.005938
0.621140 0.074822 0.004751
0.308789 0.076010 0.004751
0.314727 0.076010 0.009501
0.457245 0.076010 0.008314
0.485748 0.076010 0.005938
0.495249 0.076010 0.008314
0.529691 0.076010 0.008314
0.270784 0.077197 0.004751
0.326603 0.077197 0.004751
0.338480 0.077197 0.010689
0.355107 0.077197 0.005938
0.435867 0.077197 0.005938
0.445368 0.077197 0.004751
0.477435 0.077197 0.005938
0.195962 0.078385 0.008314
0.203088 0.078385 0.004751
0.252969 0.078385 0.005938
0.261283 0.078385 0.004751
0.344418 0.078385 0.008314
0.365796 0.078385 0.007126
0.389549 0.078385 0.005938
0.399050 0.078385 0.004751
0.409739 0.078385 0.007126
0.467933 0.078385 0.007126
0.211401 0.079572 0.008314
0.220903 0.079572 0.004751
0.230404 0.079572 0.007126
0.242280 0.079572 0.005938
0.422803 0.079572 0.008314
0.160333 0.080760 0.007126
0.172209 0.080760 0.005938
0.180523 0.080760 0.007126
0.137767 0.081948 0.010689
0.146081 0.081948 0.009501
0.875297 0.081948 0.009501
0.123515 0.083135 0.008314
0.863420 0.083135 0.007126
0.813539 0.084323 0.005938
0.824228 0.084323 0.008314
0.844418 0.084323 0.005938
0.855107 0.084323 0.005938
0.756532 0.085511 0.010689
0.793349 0.085511 0.004751
0.802850 0.085511 0.008314
0.837292 0.085511 0.004751
0.773159 0.086698 0.007126
0.783848 0.086698 0.008314
0.671021 0.087886 0.009501
0.713777 0.087886 0.008314
0.736342 0.087886 0.008314
0.744656 0.087886 0.005938
0.571259 0.089074 0.011876
0.659145 0.089074 0.004751
0.726841 0.089074 0.005938
0.445368 0.090261 0.007126
0.536817 0.090261 0.008314
0.548694 0.090261 0.004751
0.578385 0.090261 0.005938
0.585511 0.090261 0.004751
0.596200 0.090261 0.005938
0.604513 0.090261 0.004751
0.611639 0.090261 0.010689
0.622328 0.090261 0.005938
0.635392 0.090261 0.007126
0.644893 0.090261 0.011876
0.652019 0.090261 0.004751
0.433492 0.091449 0.005938
0.456057 0.091449 0.005938
0.508314 0.091449 0.007126
0.520190 0.091449 0.008314
0.528504 0.091449 0.005938
0.560570 0.091449 0.008314
0.274347 0.092637 0.008314
0.286223 0.092637 0.013064
0.294537 0.092637 0.013064
0.363420 0.092637 0.005938
0.372922 0.092637 0.005938
0.381235 0.092637 0.007126
0.425178 0.092637 0.005938
0.464371 0.092637 0.005938
0.475059 0.092637 0.007126
0.498812 0.092637 0.007126
0.336105 0.093824 0.005938
0.346793 0.093824 0.008314
0.353919 0.093824 0.004751
0.390736 0.093824 0.005938
0.401425 0.093824 0.007126
0.412114 0.093824 0.008314
0.489311 0.093824 0.008314
0.174584 0.095012 0.005938
0.130641 0.097387 0.004751
0.137767 0.097387 0.004751
0.165083 0.097387 0.005938
0.121140 0.098575 0.005938
0.146081 0.098575 0.005938
0.156770 0.098575 0.005938
0.819477 0.099762 0.007126
0.878860 0.099762 0.009501
0.850356 0.100950 0.004751
0.857482 0.100950 0.008314
0.868171 0.100950 0.004751
0.809976 0.102138 0.003563
0.619952 0.103325 0.005938
0.773159 0.103325 0.005938
0.783848 0.103325 0.005938
0.794537 0.103325 0.005938
0.802850 0.103325 0.004751
0.826603 0.103325 0.013064
0.834917 0.103325 0.004751
0.843230 0.103325 0.004751
0.587886 0.104513 0.008314
0.595012 0.104513 0.004751
0.637767 0.104513 0.005938
0.739905 0.104513 0.008314
0.760095 0.104513 0.008314
0.566508 0.105701 0.008314
0.577197 0.105701 0.007126
0.604513 0.105701 0.005938
0.628266 0.105701 0.007126
0.716152 0.105701 0.009501
0.729216 0.105701 0.007126
0.749406 0.105701 0.007126
0.519002 0.106888 0.005938
0.543943 0.106888 0.008314
0.554632 0.106888 0.007126
0.647268 0.106888 0.008314
0.092637 0.108076 0.005938
0.262470 0.108076 0.004751
0.453682 0.108076 0.007126
0.467933 0.108076 0.011876
0.477435 0.108076 0.004751
0.485748 0.108076 0.005938
0.504751 0.108076 0.008314
0.528504 0.108076 0.013064
0.244656 0.109264 0.004751
0.252969 0.109264 0.005938
0.403800 0.109264 0.013064
0.421615 0.109264 0.005938
0.444181 0.109264 0.008314
0.495249 0.109264 0.005938
0.204276 0.110451 0.005938
0.212589 0.110451 0.004751
0.230404 0.110451 0.004751
0.269596 0.110451 0.011876
0.279097 0.110451 0.005938
0.288599 0.110451 0.008314
0.362233 0.110451 0.008314
0.375297 0.110451 0.008314
0.385986 0.110451 0.008314
0.396675 0.110451 0.004751
0.413302 0.110451 0.013064
0.432304 0.110451 0.008314
0.194774 0.111639 0.008314
0.220903 0.111639 0.007126
0.343230 0.111639 0.008314
0.353919 0.111639 0.005938
0.133017 0.112827 0.007126
0.176960 0.112827 0.004751
0.185273 0.112827 0.005938
0.121140 0.114014 0.008314
0.143705 0.114014 0.008314
0.152019 0.114014 0.004751
0.160333 0.114014 0.004751
0.093824 0.118765 0.005938
0.863420 0.118765 0.004751
0.874109 0.118765 0.008314
0.825416 0.119952 0.007126
0.838480 0.119952 0.008314
0.849169 0.119952 0.010689
0.796912 0.121140 0.004751
0.805226 0.121140 0.004751
0.812352 0.121140 0.011876
0.633017 0.122328 0.008314
0.714964 0.122328 0.008314
0.732779 0.122328 0.004751
0.739905 0.122328 0.004751
0.758907 0.122328 0.004751
0.773159 0.122328 0.004751
0.780285 0.122328 0.004751
0.788599 0.122328 0.005938
0.646081 0.123515 0.008314
0.655582 0.123515 0.007126
0.665083 0.123515 0.008314
0.723278 0.123515 0.005938
0.766033 0.123515 0.004751
0.593824 0.124703 0.004751
0.611639 0.124703 0.004751
0.619952 0.124703 0.011876
0.488124 0.125891 0.004751
0.520190 0.125891 0.008314
0.557007 0.125891 0.005938
0.565321 0.125891 0.004751
0.573634 0.125891 0.007126
0.584323 0.125891 0.007126
0.602138 0.125891 0.008314
0.233967 0.127078 0.011876
0.248219 0.127078 0.007126
0.276722 0.127078 0.005938
0.285036 0.127078 0.011876
0.504751 0.127078 0.010689
0.542755 0.127078 0.009501
0.200713 0.128266 0.011876
0.214964 0.128266 0.007126
0.225653 0.128266 0.005938
0.258907 0.128266 0.007126
0.267221 0.128266 0.005938
0.426366 0.128266 0.008314
0.438242 0.128266 0.004751
0.447743 0.128266 0.008314
0.464371 0.128266 0.008314
0.473872 0.128266 0.011876
0.480998 0.128266 0.004751
0.171021 0.129454 0.007126
0.181710 0.129454 0.005938
0.192399 0.129454 0.004751
0.337292 0.129454 0.009501
0.350356 0.129454 0.015439
0.361045 0.129454 0.008314
0.393112 0.129454 0.008314
0.401425 0.129454 0.005938
0.410926 0.129454 0.004751
0.119952 0.130641 0.008314
0.133017 0.130641 0.004751
0.141330 0.130641 0.005938
0.157957 0.130641 0.005938
0.372922 0.130641 0.008314
0.148456 0.131829 0.013064
0.381235 0.131829 0.015439
0.871734 0.136580 0.004751
0.880048 0.136580 0.010689
0.842043 0.137767 0.008314
0.853919 0.137767 0.008314
0.864608 0.137767 0.011876
0.742280 0.138955 0.008314
0.788599 0.138955 0.007126
0.825416 0.138955 0.004751
0.731591 0.140143 0.005938
0.756532 0.140143 0.008314
0.777910 0.140143 0.004751
0.800475 0.140143 0.007126
0.811164 0.140143 0.008314
0.656770 0.141330 0.004751
0.722090 0.141330 0.007126
0.766033 0.141330 0.008314
0.609264 0.142518 0.011876
0.625891 0.142518 0.005938
0.635392 0.142518 0.005938
0.648456 0.142518 0.009501
0.712589 0.142518 0.007126
0.523753 0.143705 0.007126
0.583135 0.143705 0.008314
0.595012 0.143705 0.010689
0.617577 0.143705 0.004751
0.669834 0.143705 0.011876
0.190024 0.144893 0.004751
0.244656 0.144893 0.008314
0.266033 0.144893 0.005938
0.276722 0.144893 0.011876
0.496437 0.144893 0.004751
0.568884 0.144893 0.010689
0.574822 0.144893 0.013064
0.119952 0.146081 0.008314
0.130641 0.146081 0.004751
0.171021 0.146081 0.008314
0.179335 0.146081 0.008314
0.256532 0.146081 0.007126
0.283848 0.146081 0.004751
0.332542 0.146081 0.010689
0.345606 0.146081 0.004751
0.490499 0.146081 0.004751
0.503563 0.146081 0.008314
0.515439 0.146081 0.005938
0.532067 0.146081 0.005938
0.232779 0.147268 0.008314
0.375297 0.147268 0.007126
0.387173 0.147268 0.005938
0.439430 0.147268 0.008314
0.450119 0.147268 0.008314
0.459620 0.147268 0.007126
0.472684 0.147268 0.007126
0.542755 0.147268 0.008314
0.555819 0.147268 0.008314
0.353919 0.148456 0.011876
0.361045 0.148456 0.011876
0.400238 0.148456 0.009501
0.408551 0.148456 0.008314
0.420428 0.148456 0.007126
0.428741 0.148456 0.007126
0.482185 0.148456 0.005938
0.870546 0.152019 0.008314
0.882423 0.152019 0.007126
0.851544 0.153207 0.005938
0.858670 0.153207 0.004751
0.832542 0.154394 0.004751
0.842043 0.154394 0.005938
0.794537 0.155582 0.004751
0.801663 0.155582 0.004751
0.809976 0.155582 0.010689
0.825416 0.155582 0.008314
0.747031 0.156770 0.008314
0.758907 0.156770 0.008314
0.767221 0.156770 0.004751
0.779097 0.156770 0.008314
0.712589 0.157957 0.005938
0.723278 0.157957 0.005938
0.732779 0.157957 0.010689
0.637767 0.159145 0.004751
0.654394 0.159145 0.007126
0.673397 0.159145 0.005938
0.680523 0.159145 0.004751
0.693587 0.159145 0.004751
0.700713 0.159145 0.010689
0.618765 0.160333 0.004751
0.628266 0.160333 0.005938
0.663895 0.160333 0.005938
0.600950 0.161520 0.004751
0.610451 0.161520 0.005938
0.138955 0.162708 0.008314
0.581948 0.162708 0.005938
0.591449 0.162708 0.005938
0.128266 0.163895 0.005938
0.148456 0.163895 0.004751
0.156770 0.163895 0.004751
0.165083 0.163895 0.008314
0.184086 0.163895 0.004751
0.199525 0.163895 0.005938
0.460808 0.163895 0.008314
0.469121 0.163895 0.004751
0.476247 0.163895 0.004751
0.484561 0.163895 0.008314
0.495249 0.163895 0.007126
0.515439 0.163895 0.005938
0.529691 0.163895 0.005938
0.541568 0.163895 0.008314
0.553444 0.163895 0.005938
0.572447 0.163895 0.008314
0.117577 0.165083 0.005938
0.174584 0.165083 0.005938
0.216152 0.165083 0.007126
0.225653 0.165083 0.008314
0.261283 0.165083 0.005938
0.271971 0.165083 0.007126
0.280285 0.165083 0.013064
0.288599 0.165083 0.005938
0.299287 0.165083 0.005938
0.307601 0.165083 0.007126
0.393112 0.165083 0.005938
0.410926 0.165083 0.005938
0.426366 0.165083 0.005938
0.241093 0.166271 0.007126
0.250594 0.166271 0.007126
0.333729 0.166271 0.005938
0.343230 0.166271 0.005938
0.350356 0.166271 0.004751
0.370546 0.166271 0.008314
0.383610 0.166271 0.005938
0.401425 0.166271 0.004751
0.418052 0.166271 0.004751
0.434679 0.166271 0.004751
0.321853 0.167458 0.008314
0.359857 0.167458 0.005938
0.447743 0.167458 0.008314
0.643705 0.168646 0.005938
0.874109 0.168646 0.004751
0.882423 0.168646 0.008314
0.818290 0.169834 0.007126
0.827791 0.169834 0.007126
0.838480 0.169834 0.008314
0.853919 0.169834 0.005938
0.864608 0.169834 0.005938
0.805226 0.171021 0.008314
0.846793 0.171021 0.004751
0.781473 0.172209 0.007126
0.792162 0.172209 0.007126
0.716152 0.173397 0.007126
0.731591 0.173397 0.008314
0.743468 0.173397 0.007126
0.754157 0.173397 0.007126
0.764846 0.173397 0.010689
0.685273 0.174584 0.005938
0.695962 0.174584 0.005938
0.705463 0.174584 0.004751
0.652019 0.175772 0.004751
0.666271 0.175772 0.005938
0.675772 0.175772 0.005938
0.515439 0.176960 0.007126
0.623515 0.176960 0.007126
0.635392 0.176960 0.008314
0.125891 0.178147 0.004751
0.133017 0.178147 0.004751
0.149644 0.178147 0.007126
0.157957 0.178147 0.007126
0.180523 0.178147 0.004751
0.187648 0.178147 0.010689
0.203088 0.178147 0.008314
0.244656 0.178147 0.007126
0.502375 0.178147 0.005938
0.527316 0.178147 0.005938
0.540380 0.178147 0.007126
0.612827 0.178147 0.008314
0.116390 0.179335 0.007126
0.171021 0.179335 0.007126
0.421615 0.179335 0.008314
0.483373 0.179335 0.007126
0.491686 0.179335 0.007126
0.580760 0.179335 0.007126
0.591449 0.179335 0.005938
0.600950 0.179335 0.007126
0.214964 0.180523 0.009501
0.220903 0.180523 0.010689
0.252969 0.180523 0.008314
0.358670 0.180523 0.007126
0.394299 0.180523 0.005938
0.412114 0.180523 0.004751
0.432304 0.180523 0.010689
0.438242 0.180523 0.008314
0.463183 0.180523 0.008314
0.471496 0.180523 0.005938
0.555819 0.180523 0.008314
0.567696 0.180523 0.005938
0.267221 0.181710 0.007126
0.275534 0.181710 0.011876
0.283848 0.181710 0.004751
0.292162 0.181710 0.004751
0.299287 0.181710 0.009501
0.323040 0.181710 0.005938
0.369359 0.181710 0.007126
0.450119 0.181710 0.007126
0.312352 0.182898 0.005938
0.333729 0.182898 0.005938
0.342043 0.182898 0.004751
0.347981 0.184086 0.010689
0.856295 0.184086 0.009501
0.880048 0.184086 0.007126
0.844418 0.185273 0.005938
0.869359 0.185273 0.008314
0.780285 0.186461 0.005938
0.789786 0.186461 0.005938
0.802850 0.186461 0.008314
0.814727 0.186461 0.007126
0.823040 0.186461 0.005938
0.770784 0.187648 0.005938
0.834917 0.187648 0.007126
0.736342 0.188836 0.008314
0.723278 0.190024 0.008314
0.750594 0.190024 0.010689
0.761283 0.190024 0.007126
0.695962 0.191211 0.008314
0.704276 0.191211 0.005938
0.712589 0.191211 0.004751
0.643705 0.192399 0.004751
0.655582 0.192399 0.009501
0.667458 0.192399 0.008314
0.684086 0.192399 0.008314
0.125891 0.193587 0.005938
0.136580 0.193587 0.007126
0.146081 0.193587 0.004751
0.153207 0.193587 0.010689
0.478622 0.193587 0.007126
0.546318 0.193587 0.005938
0.555819 0.193587 0.005938
0.566508 0.193587 0.005938
0.606888 0.193587 0.005938
0.629454 0.193587 0.005938
0.637767 0.193587 0.011876
0.844418 0.193587 0.004751
0.115202 0.194774 0.008314
0.167458 0.194774 0.008314
0.190024 0.194774 0.008314
0.447743 0.194774 0.007126
0.467933 0.194774 0.007126
0.490499 0.194774 0.008314
0.498812 0.194774 0.005938
0.527316 0.194774 0.008314
0.538005 0.194774 0.005938
0.577197 0.194774 0.008314
0.589074 0.194774 0.013064
0.596200 0.194774 0.013064
0.618765 0.194774 0.007126
0.178147 0.195962 0.007126
0.199525 0.195962 0.005938
0.218527 0.195962 0.008314
0.237530 0.195962 0.008314
0.277910 0.195962 0.007126
0.289786 0.195962 0.007126
0.306413 0.195962 0.011876
0.420428 0.195962 0.004751
0.434679 0.195962 0.008314
0.513064 0.195962 0.009501
0.207838 0.197150 0.005938
0.226841 0.197150 0.005938
0.247031 0.197150 0.007126
0.266033 0.197150 0.008314
0.298100 0.197150 0.005938
0.412114 0.197150 0.010689
0.458432 0.197150 0.005938
0.257720 0.198337 0.005938
0.339667 0.199525 0.004751
0.363420 0.199525 0.008314
0.371734 0.199525 0.014252
0.400238 0.199525 0.005938
0.330166 0.200713 0.007126
0.349169 0.200713 0.008314
