0.688836 0.071259 0.010689
0.755344 0.071259 0.011876
0.770784 0.072447 0.004751
0.787411 0.072447 0.010689
0.868171 0.072447 0.008314
0.671021 0.073634 0.008314
0.761283 0.073634 0.007126
0.795724 0.073634 0.004751
0.825416 0.073634 0.008314
0.832542 0.073634 0.005938
0.843230 0.073634 0.007126
0.856295 0.073634 0.007126
0.621140 0.074822 0.008314
0.629454 0.074822 0.007126
0.644893 0.074822 0.009501
0.657957 0.074822 0.007126
0.710214 0.074822 0.004751
0.802850 0.074822 0.008314
0.813539 0.074822 0.008314
0.516627 0.076010 0.008314
0.583135 0.076010 0.008314
0.701900 0.076010 0.008314
0.718527 0.076010 0.010689
0.732779 0.076010 0.007126
0.742280 0.076010 0.004751
0.505938 0.077197 0.005938
0.530879 0.077197 0.010689
0.546318 0.077197 0.011876
0.570071 0.077197 0.009501
0.609264 0.077197 0.005938
0.397862 0.078385 0.007126
0.408551 0.078385 0.008314
0.421615 0.078385 0.007126
0.444181 0.078385 0.008314
0.479810 0.078385 0.005938
0.488124 0.078385 0.004751
0.496437 0.078385 0.008314
0.539192 0.078385 0.004751
0.597387 0.078385 0.008314
0.385986 0.079572 0.008314
0.434679 0.079572 0.005938
0.453682 0.079572 0.007126
0.466746 0.079572 0.008314
0.555819 0.079572 0.007126
0.327791 0.081948 0.008314
0.334917 0.081948 0.005938
0.364608 0.081948 0.005938
0.374109 0.081948 0.008314
0.344418 0.083135 0.007126
0.355107 0.083135 0.007126
0.257720 0.084323 0.008314
0.306413 0.084323 0.007126
0.315914 0.084323 0.007126
0.238717 0.085511 0.005938
0.268409 0.085511 0.008314
0.277910 0.085511 0.004751
0.287411 0.085511 0.007126
0.296912 0.085511 0.005938
0.213777 0.086698 0.007126
0.225653 0.086698 0.008314
0.248219 0.086698 0.005938
0.875297 0.086698 0.008314
0.162708 0.087886 0.004751
0.185273 0.087886 0.009501
0.199525 0.087886 0.008314
0.653207 0.087886 0.007126
0.845606 0.087886 0.008314
0.862233 0.087886 0.008314
0.171021 0.089074 0.005938
0.663895 0.089074 0.008314
0.675772 0.089074 0.008314
0.686461 0.089074 0.005938
0.762470 0.089074 0.004751
0.780285 0.089074 0.007126
0.788599 0.089074 0.005938
0.804038 0.089074 0.008314
0.814727 0.089074 0.007126
0.826603 0.089074 0.005938
0.836105 0.089074 0.005938
0.143705 0.090261 0.007126
0.153207 0.090261 0.005938
0.585511 0.090261 0.007126
0.640143 0.090261 0.005938
0.710214 0.090261 0.008314
0.720903 0.090261 0.008314
0.752969 0.090261 0.005938
0.121140 0.091449 0.007126
0.131829 0.091449 0.007126
0.577197 0.091449 0.004751
0.596200 0.091449 0.005938
0.606888 0.091449 0.008314
0.619952 0.091449 0.007126
0.631829 0.091449 0.008314
0.695962 0.091449 0.008314
0.732779 0.091449 0.007126
0.742280 0.091449 0.005938
0.412114 0.092637 0.005938
0.421615 0.092637 0.008314
0.524941 0.092637 0.005938
0.534442 0.092637 0.007126
0.545131 0.092637 0.005938
0.554632 0.092637 0.007126
0.567696 0.092637 0.005938
0.402613 0.093824 0.007126
0.432304 0.093824 0.010689
0.445368 0.093824 0.008314
0.453682 0.093824 0.005938
0.472684 0.093824 0.005938
0.480998 0.093824 0.004751
0.490499 0.093824 0.005938
0.502375 0.093824 0.008314
0.390736 0.095012 0.008314
0.461995 0.095012 0.004751
0.513064 0.095012 0.007126
0.338480 0.096200 0.005938
0.346793 0.096200 0.004751
0.365796 0.096200 0.007126
0.380048 0.096200 0.007126
0.326603 0.097387 0.007126
0.355107 0.097387 0.007126
0.313539 0.098575 0.010689
0.201900 0.099762 0.004751
0.241093 0.099762 0.008314
0.251781 0.099762 0.008314
0.258907 0.099762 0.007126
0.270784 0.099762 0.007126
0.285036 0.099762 0.007126
0.295724 0.099762 0.005938
0.305226 0.099762 0.004751
0.222090 0.100950 0.007126
0.233967 0.100950 0.010689
0.878860 0.100950 0.010689
0.174584 0.102138 0.005938
0.184086 0.102138 0.005938
0.192399 0.102138 0.004751
0.211401 0.102138 0.007126
0.863420 0.102138 0.010689
0.155582 0.103325 0.004751
0.852732 0.103325 0.005938
0.147268 0.104513 0.005938
0.669834 0.104513 0.007126
0.757720 0.104513 0.008314
0.770784 0.104513 0.008314
0.801663 0.104513 0.005938
0.809976 0.104513 0.005938
0.819477 0.104513 0.005938
0.830166 0.104513 0.007126
0.840855 0.104513 0.008314
0.136580 0.105701 0.007126
0.583135 0.105701 0.005938
0.593824 0.105701 0.007126
0.656770 0.105701 0.007126
0.679335 0.105701 0.005938
0.691211 0.105701 0.008314
0.704276 0.105701 0.007126
0.714964 0.105701 0.005938
0.724466 0.105701 0.005938
0.733967 0.105701 0.005938
0.745843 0.105701 0.008314
0.790974 0.105701 0.007126
0.122328 0.106888 0.008314
0.549881 0.106888 0.007126
0.560570 0.106888 0.008314
0.571259 0.106888 0.005938
0.603325 0.106888 0.005938
0.636580 0.106888 0.004751
0.646081 0.106888 0.005938
0.540380 0.108076 0.004751
0.616390 0.108076 0.008314
0.628266 0.108076 0.005938
0.438242 0.109264 0.008314
0.477435 0.109264 0.004751
0.486936 0.109264 0.008314
0.519002 0.109264 0.008314
0.530879 0.109264 0.008314
0.400238 0.110451 0.004751
0.469121 0.110451 0.010689
0.497625 0.110451 0.005938
0.507126 0.110451 0.005938
0.351544 0.111639 0.004751
0.359857 0.111639 0.005938
0.371734 0.111639 0.008314
0.382423 0.111639 0.007126
0.391924 0.111639 0.005938
0.409739 0.111639 0.007126
0.323040 0.112827 0.005938
0.332542 0.112827 0.005938
0.342043 0.112827 0.007126
0.420428 0.112827 0.008314
0.457245 0.112827 0.008314
0.273159 0.114014 0.005938
0.282660 0.114014 0.008314
0.294537 0.114014 0.005938
0.302850 0.114014 0.005938
0.312352 0.114014 0.005938
0.239905 0.115202 0.004751
0.251781 0.115202 0.004751
0.263658 0.115202 0.007126
0.212589 0.116390 0.004751
0.220903 0.116390 0.007126
0.231591 0.116390 0.004751
0.169834 0.117577 0.007126
0.180523 0.117577 0.005938
0.192399 0.117577 0.007126
0.203088 0.117577 0.005938
0.868171 0.117577 0.004751
0.159145 0.118765 0.007126
0.858670 0.118765 0.005938
0.136580 0.119952 0.008314
0.149644 0.119952 0.007126
0.591449 0.119952 0.004751
0.851544 0.119952 0.005938
0.121140 0.121140 0.009501
0.579572 0.121140 0.009501
0.600950 0.121140 0.007126
0.611639 0.121140 0.004751
0.619952 0.121140 0.005938
0.630641 0.121140 0.005938
0.643705 0.121140 0.008314
0.654394 0.121140 0.005938
0.662708 0.121140 0.011876
0.709026 0.121140 0.007126
0.726841 0.121140 0.004751
0.760095 0.121140 0.005938
0.562945 0.122328 0.007126
0.717340 0.122328 0.011876
0.735154 0.122328 0.008314
0.748219 0.122328 0.008314
0.768409 0.122328 0.010689
0.795724 0.122328 0.005938
0.805226 0.122328 0.008314
0.815914 0.122328 0.008314
0.825416 0.122328 0.010689
0.840855 0.122328 0.007126
0.543943 0.123515 0.008314
0.553444 0.123515 0.005938
0.785036 0.123515 0.008314
0.527316 0.124703 0.008314
0.400238 0.125891 0.008314
0.428741 0.125891 0.008314
0.446556 0.125891 0.008314
0.459620 0.125891 0.007126
0.470309 0.125891 0.005938
0.482185 0.125891 0.007126
0.490499 0.125891 0.004751
0.498812 0.125891 0.004751
0.507126 0.125891 0.005938
0.516627 0.125891 0.005938
0.332542 0.127078 0.008314
0.350356 0.127078 0.009501
0.387173 0.127078 0.008314
0.410926 0.127078 0.005938
0.419240 0.127078 0.004751
0.209026 0.128266 0.005938
0.363420 0.128266 0.007126
0.374109 0.128266 0.008314
0.260095 0.129454 0.008314
0.288599 0.129454 0.008314
0.277910 0.130641 0.008314
0.217340 0.131829 0.009501
0.229216 0.131829 0.008314
0.238717 0.131829 0.008314
0.168646 0.133017 0.008314
0.181710 0.133017 0.005938
0.200713 0.133017 0.007126
0.191211 0.134204 0.005938
0.143705 0.135392 0.008314
0.156770 0.135392 0.008314
0.131829 0.136580 0.004751
0.624703 0.136580 0.008314
0.634204 0.136580 0.007126
0.646081 0.136580 0.004751
0.655582 0.136580 0.010689
0.711401 0.136580 0.008314
0.731591 0.136580 0.008314
0.756532 0.136580 0.008314
0.852732 0.136580 0.010689
0.865796 0.136580 0.008314
0.875297 0.136580 0.007126
0.119952 0.137767 0.007126
0.593824 0.137767 0.008314
0.602138 0.137767 0.008314
0.614014 0.137767 0.008314
0.720903 0.137767 0.007126
0.739905 0.137767 0.004751
0.767221 0.137767 0.005938
0.779097 0.137767 0.007126
0.787411 0.137767 0.005938
0.823040 0.137767 0.008314
0.580760 0.138955 0.008314
0.796912 0.138955 0.005938
0.812352 0.138955 0.008314
0.832542 0.138955 0.007126
0.842043 0.138955 0.005938
0.465558 0.140143 0.009501
0.557007 0.140143 0.008314
0.568884 0.140143 0.008314
0.448931 0.141330 0.007126
0.478622 0.141330 0.008314
0.494062 0.141330 0.008314
0.504751 0.141330 0.007126
0.514252 0.141330 0.004751
0.522565 0.141330 0.008314
0.539192 0.141330 0.008314
0.549881 0.141330 0.011876
0.431116 0.142518 0.011876
0.387173 0.143705 0.004751
0.438242 0.143705 0.005938
0.345606 0.144893 0.007126
0.356295 0.144893 0.007126
0.369359 0.144893 0.007126
0.378860 0.144893 0.005938
0.403800 0.144893 0.007126
0.414489 0.144893 0.008314
0.336105 0.146081 0.005938
0.271971 0.147268 0.010689
0.281473 0.147268 0.008314
0.131829 0.149644 0.008314
0.206651 0.149644 0.007126
0.231591 0.149644 0.008314
0.243468 0.149644 0.005938
0.254157 0.149644 0.008314
0.877672 0.149644 0.010689
0.142518 0.150831 0.005938
0.162708 0.150831 0.005938
0.186461 0.150831 0.008314
0.195962 0.150831 0.008314
0.217340 0.150831 0.007126
0.121140 0.152019 0.008314
0.173397 0.152019 0.008314
0.665083 0.152019 0.011876
0.748219 0.152019 0.007126
0.862233 0.152019 0.004751
0.152019 0.153207 0.008314
0.635392 0.153207 0.004751
0.643705 0.153207 0.011876
0.657957 0.153207 0.008314
0.757720 0.153207 0.005938
0.767221 0.153207 0.007126
0.840855 0.153207 0.005938
0.618765 0.154394 0.005938
0.628266 0.154394 0.004751
0.710214 0.154394 0.005938
0.720903 0.154394 0.005938
0.738717 0.154394 0.007126
0.800475 0.154394 0.008314
0.809976 0.154394 0.008314
0.586698 0.155582 0.007126
0.598575 0.155582 0.007126
0.729216 0.155582 0.007126
0.776722 0.155582 0.005938
0.820665 0.155582 0.005938
0.828979 0.155582 0.005938
0.852732 0.155582 0.007126
0.578385 0.156770 0.004751
0.609264 0.156770 0.007126
0.526128 0.157957 0.008314
0.548694 0.157957 0.007126
0.560570 0.157957 0.008314
0.570071 0.157957 0.008314
0.399050 0.159145 0.008314
0.410926 0.159145 0.005938
0.420428 0.159145 0.008314
0.433492 0.159145 0.008314
0.454869 0.159145 0.005938
0.475059 0.159145 0.008314
0.488124 0.159145 0.007126
0.500000 0.159145 0.008314
0.513064 0.159145 0.008314
0.536817 0.159145 0.008314
0.445368 0.160333 0.008314
0.463183 0.160333 0.005938
0.368171 0.161520 0.010689
0.275534 0.163895 0.008314
0.197150 0.165083 0.004751
0.263658 0.165083 0.008314
0.881235 0.165083 0.005938
0.124703 0.166271 0.004751
0.131829 0.166271 0.010689
0.146081 0.166271 0.007126
0.157957 0.166271 0.004751
0.173397 0.166271 0.007126
0.241093 0.166271 0.004751
0.252969 0.166271 0.008314
0.872922 0.166271 0.005938
0.116390 0.167458 0.005938
0.188836 0.167458 0.005938
0.231591 0.167458 0.011876
0.857482 0.167458 0.010689
0.865796 0.167458 0.004751
0.217340 0.168646 0.008314
0.844418 0.168646 0.008314
0.767221 0.169834 0.004751
0.795724 0.169834 0.004751
0.801663 0.169834 0.004751
0.748219 0.171021 0.004751
0.757720 0.171021 0.007126
0.786223 0.171021 0.007126
0.821853 0.171021 0.007126
0.831354 0.171021 0.008314
0.583135 0.172209 0.008314
0.592637 0.172209 0.008314
0.605701 0.172209 0.007126
0.616390 0.172209 0.008314
0.628266 0.172209 0.008314
0.641330 0.172209 0.008314
0.706651 0.172209 0.008314
0.774347 0.172209 0.008314
0.573634 0.173397 0.005938
0.723278 0.173397 0.009501
0.737530 0.173397 0.008314
0.529691 0.174584 0.007126
0.542755 0.174584 0.008314
0.562945 0.174584 0.007126
0.479810 0.175772 0.007126
0.488124 0.175772 0.005938
0.496437 0.175772 0.004751
0.509501 0.175772 0.008314
0.519002 0.175772 0.007126
0.552257 0.175772 0.007126
0.431116 0.176960 0.005938
0.448931 0.176960 0.005938
0.469121 0.176960 0.007126
0.388361 0.178147 0.008314
0.421615 0.178147 0.007126
0.458432 0.178147 0.008314
0.362233 0.179335 0.004751
0.377672 0.179335 0.007126
0.399050 0.179335 0.008314
0.410926 0.179335 0.007126
0.438242 0.179335 0.008314
0.355107 0.180523 0.004751
0.880048 0.180523 0.008314
0.281473 0.181710 0.013064
0.331354 0.181710 0.008314
0.343230 0.181710 0.008314
0.890736 0.181710 0.007126
0.182898 0.182898 0.005938
0.192399 0.182898 0.007126
0.204276 0.182898 0.008314
0.231591 0.182898 0.005938
0.262470 0.182898 0.008314
0.271971 0.182898 0.004751
0.859857 0.182898 0.005938
0.868171 0.182898 0.008314
0.124703 0.184086 0.005938
0.148456 0.184086 0.007126
0.159145 0.184086 0.004751
0.172209 0.184086 0.005938
0.241093 0.184086 0.004751
0.249406 0.184086 0.005938
0.115202 0.185273 0.005938
0.833729 0.185273 0.008314
0.844418 0.185273 0.010689
0.850356 0.185273 0.010689
0.706651 0.186461 0.007126
0.646081 0.187648 0.005938
0.655582 0.187648 0.007126
0.682898 0.187648 0.008314
0.695962 0.187648 0.007126
0.732779 0.187648 0.004751
0.762470 0.187648 0.008314
0.774347 0.187648 0.007126
0.785036 0.187648 0.005938
0.794537 0.187648 0.007126
0.809976 0.187648 0.007126
0.819477 0.187648 0.005938
0.489311 0.188836 0.007126
0.571259 0.188836 0.007126
0.584323 0.188836 0.005938
0.593824 0.188836 0.007126
0.605701 0.188836 0.007126
0.617577 0.188836 0.005938
0.627078 0.188836 0.005938
0.637767 0.188836 0.005938
0.665083 0.188836 0.005938
0.673397 0.188836 0.004751
0.716152 0.188836 0.005938
0.725653 0.188836 0.004751
0.741093 0.188836 0.005938
0.752969 0.188836 0.007126
0.559382 0.190024 0.005938
0.479810 0.191211 0.007126
0.508314 0.191211 0.007126
0.517815 0.191211 0.004751
0.527316 0.191211 0.005938
0.535629 0.191211 0.004751
0.551069 0.191211 0.008314
0.469121 0.192399 0.007126
0.497625 0.192399 0.007126
0.541568 0.192399 0.010689
0.457245 0.193587 0.007126
0.439430 0.194774 0.005938
0.448931 0.194774 0.004751
0.374109 0.195962 0.004751
0.383610 0.195962 0.008314
0.395487 0.195962 0.004751
0.404988 0.195962 0.007126
0.419240 0.195962 0.007126
0.428741 0.195962 0.007126
0.190024 0.197150 0.005938
0.204276 0.197150 0.009501
0.216152 0.197150 0.007126
0.260095 0.197150 0.005938
0.277910 0.197150 0.007126
0.287411 0.197150 0.004751
0.323040 0.197150 0.007126
0.353919 0.197150 0.007126
0.364608 0.197150 0.005938
0.861045 0.197150 0.008314
0.876485 0.197150 0.004751
0.147268 0.198337 0.009501
0.179335 0.198337 0.008314
0.229216 0.198337 0.008314
0.269596 0.198337 0.005938
0.300475 0.198337 0.004751
0.333729 0.198337 0.007126
0.344418 0.198337 0.005938
0.850356 0.198337 0.008314
0.153207 0.199525 0.004751
0.248219 0.199525 0.008314
0.309976 0.199525 0.008314
0.834917 0.199525 0.008314
0.167458 0.200713 0.010689
0.785036 0.200713 0.005938
0.799287 0.200713 0.008314
0.809976 0.200713 0.004751
0.825416 0.200713 0.007126
0.114014 0.201900 0.010689
0.706651 0.201900 0.005938
0.624703 0.203088 0.004751
0.633017 0.203088 0.007126
0.646081 0.203088 0.007126
0.655582 0.203088 0.005938
0.663895 0.203088 0.005938
0.716152 0.203088 0.005938
0.726841 0.203088 0.007126
0.733967 0.203088 0.004751
0.750594 0.203088 0.007126
0.762470 0.203088 0.008314
0.773159 0.203088 0.007126
0.596200 0.204276 0.007126
0.606888 0.204276 0.008314
0.674584 0.204276 0.007126
0.684086 0.204276 0.005938
0.695962 0.204276 0.007126
0.129454 0.205463 0.009501
0.573634 0.205463 0.005938
0.584323 0.205463 0.008314
0.502375 0.206651 0.009501
0.509501 0.206651 0.005938
0.532067 0.206651 0.004751
0.539192 0.206651 0.008314
0.564133 0.206651 0.005938
0.453682 0.207838 0.009501
0.479810 0.207838 0.004751
0.486936 0.207838 0.008314
0.519002 0.207838 0.008314
0.551069 0.207838 0.008314
0.401425 0.209026 0.008314
0.419240 0.209026 0.008314
0.431116 0.209026 0.008314
0.469121 0.209026 0.007126
0.393112 0.210214 0.005938
0.865796 0.210214 0.005938
0.875297 0.210214 0.011876
0.277910 0.211401 0.005938
0.382423 0.211401 0.007126
0.194774 0.212589 0.008314
0.257720 0.212589 0.008314
0.267221 0.212589 0.007126
0.286223 0.212589 0.007126
0.343230 0.212589 0.005938
0.352732 0.212589 0.008314
0.370546 0.212589 0.007126
0.204276 0.213777 0.005938
0.213777 0.213777 0.004751
0.231591 0.213777 0.008314
0.296912 0.213777 0.007126
0.307601 0.213777 0.007126
0.325416 0.213777 0.008314
0.333729 0.213777 0.004751
0.804038 0.213777 0.008314
0.817102 0.213777 0.005938
0.827791 0.213777 0.005938
0.851544 0.213777 0.009501
0.152019 0.214964 0.008314
0.162708 0.214964 0.004751
0.180523 0.214964 0.005938
0.222090 0.214964 0.007126
0.793349 0.214964 0.007126
0.839667 0.214964 0.008314
0.122328 0.216152 0.005938
0.143705 0.216152 0.005938
0.171021 0.216152 0.005938
0.724466 0.216152 0.007126
0.736342 0.216152 0.008314
0.748219 0.216152 0.005938
0.757720 0.216152 0.005938
0.769596 0.216152 0.008314
0.781473 0.216152 0.008314
0.112827 0.217340 0.007126
0.685273 0.217340 0.008314
0.666271 0.218527 0.007126
0.676960 0.218527 0.008314
0.699525 0.218527 0.008314
0.710214 0.218527 0.010689
0.573634 0.219715 0.007126
0.584323 0.219715 0.007126
0.635392 0.219715 0.005938
0.643705 0.219715 0.008314
0.655582 0.219715 0.008314
0.548694 0.220903 0.008314
0.610451 0.220903 0.008314
0.625891 0.220903 0.008314
0.485748 0.222090 0.005938
0.494062 0.222090 0.013064
0.513064 0.222090 0.008314
0.536817 0.222090 0.008314
0.561758 0.222090 0.005938
0.597387 0.222090 0.008314
0.426366 0.223278 0.005938
0.456057 0.223278 0.007126
0.466746 0.223278 0.008314
0.475059 0.223278 0.007126
0.502375 0.223278 0.004751
0.522565 0.223278 0.008314
0.403800 0.224466 0.008314
0.415677 0.224466 0.007126
0.435867 0.224466 0.007126
0.445368 0.224466 0.005938
0.393112 0.225653 0.005938
0.282660 0.226841 0.004751
0.334917 0.226841 0.005938
0.343230 0.226841 0.004751
0.353919 0.226841 0.007126
0.363420 0.226841 0.004751
0.372922 0.226841 0.007126
0.383610 0.226841 0.005938
0.185273 0.228029 0.004751
0.193587 0.228029 0.011876
0.211401 0.228029 0.004751
0.229216 0.228029 0.007126
0.239905 0.228029 0.008314
0.273159 0.228029 0.013064
0.290974 0.228029 0.005938
0.321853 0.228029 0.008314
0.159145 0.229216 0.005938
0.178147 0.229216 0.008314
0.203088 0.229216 0.007126
0.218527 0.229216 0.011876
0.264846 0.229216 0.007126
0.302850 0.229216 0.010689
0.149644 0.230404 0.007126
0.167458 0.230404 0.005938
0.254157 0.230404 0.007126
0.111639 0.231591 0.008314
0.124703 0.231591 0.005938
0.133017 0.231591 0.004751
