0.941805 0.002375 0.024941
0.847981 0.007126 0.020190
0.818290 0.009501 0.013064
0.881235 0.013064 0.019002
0.615202 0.034442 0.010689
0.709026 0.035629 0.008314
0.781473 0.035629 0.008314
0.625891 0.036817 0.008314
0.637767 0.036817 0.007126
0.646081 0.036817 0.004751
0.653207 0.036817 0.004751
0.671021 0.036817 0.007126
0.681710 0.036817 0.007126
0.695962 0.036817 0.008314
0.730404 0.036817 0.004751
0.749406 0.036817 0.005938
0.762470 0.036817 0.008314
0.771971 0.036817 0.005938
0.806413 0.036817 0.008314
0.600950 0.038005 0.007126
0.661520 0.038005 0.004751
0.720903 0.038005 0.005938
0.739905 0.038005 0.007126
0.793349 0.038005 0.008314
0.818290 0.038005 0.005938
0.826603 0.038005 0.005938
0.836105 0.038005 0.005938
0.845606 0.038005 0.004751
0.580760 0.039192 0.007126
0.590261 0.039192 0.007126
0.863420 0.039192 0.008314
0.564133 0.040380 0.007126
0.875297 0.040380 0.005938
0.543943 0.041568 0.010689
0.553444 0.041568 0.008314
0.422803 0.042755 0.004751
0.432304 0.042755 0.005938
0.478622 0.042755 0.005938
0.488124 0.042755 0.008314
0.500000 0.042755 0.004751
0.508314 0.042755 0.005938
0.529691 0.042755 0.007126
0.363420 0.043943 0.005938
0.372922 0.043943 0.008314
0.382423 0.043943 0.007126
0.413302 0.043943 0.008314
0.444181 0.043943 0.008314
0.456057 0.043943 0.007126
0.466746 0.043943 0.007126
0.519002 0.043943 0.007126
0.266033 0.045131 0.008314
0.277910 0.045131 0.007126
0.293349 0.045131 0.011876
0.351544 0.045131 0.008314
0.399050 0.045131 0.010689
0.210214 0.046318 0.004751
0.218527 0.046318 0.005938
0.228029 0.046318 0.005938
0.236342 0.046318 0.004751
0.243468 0.046318 0.010689
0.254157 0.046318 0.004751
0.302850 0.046318 0.005938
0.321853 0.046318 0.008314
0.338480 0.046318 0.008314
0.168646 0.047506 0.007126
0.187648 0.047506 0.005938
0.199525 0.047506 0.007126
0.311164 0.047506 0.004751
0.327791 0.047506 0.011876
0.178147 0.048694 0.005938
0.142518 0.049881 0.004751
0.157957 0.049881 0.004751
0.148456 0.051069 0.008314
0.710214 0.051069 0.008314
0.742280 0.051069 0.004751
0.752969 0.051069 0.007126
0.763658 0.051069 0.007126
0.776722 0.051069 0.007126
0.124703 0.052257 0.010689
0.610451 0.052257 0.008314
0.681710 0.052257 0.008314
0.720903 0.052257 0.007126
0.732779 0.052257 0.008314
0.787411 0.052257 0.008314
0.807601 0.052257 0.008314
0.875297 0.052257 0.008314
0.597387 0.053444 0.007126
0.649644 0.053444 0.008314
0.660333 0.053444 0.007126
0.671021 0.053444 0.007126
0.695962 0.053444 0.008314
0.818290 0.053444 0.007126
0.830166 0.053444 0.008314
0.838480 0.053444 0.005938
0.846793 0.053444 0.004751
0.855107 0.053444 0.005938
0.864608 0.053444 0.004751
0.577197 0.054632 0.008314
0.586698 0.054632 0.007126
0.619952 0.054632 0.008314
0.564133 0.055819 0.007126
0.444181 0.057007 0.007126
0.456057 0.057007 0.005938
0.494062 0.057007 0.008314
0.505938 0.057007 0.008314
0.522565 0.057007 0.004751
0.293349 0.058195 0.004751
0.432304 0.058195 0.008314
0.465558 0.058195 0.004751
0.472684 0.058195 0.005938
0.482185 0.058195 0.005938
0.513064 0.058195 0.008314
0.545131 0.058195 0.008314
0.554632 0.058195 0.005938
0.244656 0.059382 0.004751
0.264846 0.059382 0.007126
0.274347 0.059382 0.007126
0.283848 0.059382 0.005938
0.301663 0.059382 0.004751
0.342043 0.059382 0.007126
0.361045 0.059382 0.004751
0.419240 0.059382 0.007126
0.224466 0.060570 0.007126
0.236342 0.060570 0.005938
0.307601 0.060570 0.009501
0.321853 0.060570 0.007126
0.333729 0.060570 0.005938
0.352732 0.060570 0.008314
0.368171 0.060570 0.008314
0.377672 0.060570 0.010689
0.391924 0.060570 0.008314
0.403800 0.060570 0.007126
0.529691 0.060570 0.009501
0.197150 0.061758 0.008314
0.212589 0.061758 0.007126
0.185273 0.062945 0.008314
0.142518 0.064133 0.007126
0.160333 0.064133 0.005938
0.168646 0.064133 0.010689
0.790974 0.065321 0.008314
0.807601 0.065321 0.005938
0.876485 0.065321 0.004751
0.883610 0.065321 0.010689
0.781473 0.066508 0.004751
0.799287 0.066508 0.007126
0.817102 0.066508 0.004751
0.836105 0.066508 0.005938
0.847981 0.066508 0.007126
0.859857 0.066508 0.007126
0.869359 0.066508 0.010689
0.125891 0.067696 0.007126
0.659145 0.067696 0.008314
0.698337 0.067696 0.008314
0.732779 0.067696 0.007126
0.741093 0.067696 0.005938
0.750594 0.067696 0.007126
0.761283 0.067696 0.005938
0.770784 0.067696 0.007126
0.603325 0.068884 0.007126
0.612827 0.068884 0.007126
0.623515 0.068884 0.005938
0.634204 0.068884 0.007126
0.667458 0.068884 0.007126
0.678147 0.068884 0.011876
0.709026 0.068884 0.004751
0.714964 0.068884 0.010689
0.724466 0.068884 0.005938
0.593824 0.070071 0.004751
0.646081 0.070071 0.008314
0.573634 0.071259 0.008314
0.585511 0.071259 0.008314
0.434679 0.072447 0.008314
0.461995 0.072447 0.008314
0.471496 0.072447 0.007126
0.521378 0.072447 0.005938
0.555819 0.072447 0.005938
0.564133 0.072447 0.004751
0.289786 0.073634 0.008314
0.300475 0.073634 0.005938
0.422803 0.073634 0.008314
0.448931 0.073634 0.004751
0.483373 0.073634 0.008314
0.492874 0.073634 0.005938
0.502375 0.073634 0.004751
0.528504 0.073634 0.008314
0.545131 0.073634 0.008314
0.222090 0.074822 0.008314
0.232779 0.074822 0.007126
0.255344 0.074822 0.005938
0.266033 0.074822 0.005938
0.279097 0.074822 0.007126
0.309976 0.074822 0.007126
0.323040 0.074822 0.007126
0.336105 0.074822 0.007126
0.346793 0.074822 0.007126
0.357482 0.074822 0.008314
0.399050 0.074822 0.008314
0.409739 0.074822 0.008314
0.510689 0.074822 0.007126
0.179335 0.076010 0.007126
0.206651 0.076010 0.008314
0.384798 0.076010 0.005938
0.191211 0.077197 0.007126
0.171021 0.078385 0.007126
0.123515 0.079572 0.008314
0.134204 0.079572 0.005938
0.146081 0.079572 0.007126
0.159145 0.079572 0.008314
0.881235 0.079572 0.004751
0.889549 0.079572 0.010689
0.863420 0.080760 0.005938
0.809976 0.081948 0.008314
0.820665 0.081948 0.008314
0.834917 0.081948 0.007126
0.844418 0.081948 0.004751
0.852732 0.081948 0.005938
0.872922 0.081948 0.005938
0.666271 0.083135 0.008314
0.707838 0.083135 0.007126
0.758907 0.083135 0.011876
0.776722 0.083135 0.005938
0.786223 0.083135 0.005938
0.654394 0.084323 0.007126
0.719715 0.084323 0.008314
0.731591 0.084323 0.008314
0.743468 0.084323 0.008314
0.766033 0.084323 0.008314
0.795724 0.084323 0.008314
0.625891 0.085511 0.008314
0.634204 0.085511 0.007126
0.643705 0.085511 0.007126
0.602138 0.086698 0.008314
0.615202 0.086698 0.008314
0.262470 0.087886 0.008314
0.273159 0.087886 0.007126
0.577197 0.087886 0.005938
0.249406 0.089074 0.008314
0.282660 0.089074 0.007126
0.497625 0.089074 0.008314
0.511876 0.089074 0.007126
0.533254 0.089074 0.005938
0.542755 0.089074 0.008314
0.554632 0.089074 0.008314
0.567696 0.089074 0.007126
0.587886 0.089074 0.008314
0.236342 0.090261 0.007126
0.339667 0.090261 0.008314
0.351544 0.090261 0.008314
0.467933 0.090261 0.007126
0.477435 0.090261 0.005938
0.485748 0.090261 0.008314
0.523753 0.090261 0.005938
0.203088 0.091449 0.008314
0.214964 0.091449 0.008314
0.225653 0.091449 0.005938
0.364608 0.091449 0.007126
0.374109 0.091449 0.010689
0.387173 0.091449 0.009501
0.400238 0.091449 0.007126
0.410926 0.091449 0.007126
0.422803 0.091449 0.008314
0.435867 0.091449 0.005938
0.450119 0.091449 0.010689
0.457245 0.091449 0.007126
0.149644 0.092637 0.007126
0.172209 0.092637 0.007126
0.182898 0.092637 0.013064
0.159145 0.095012 0.007126
0.123515 0.096200 0.004751
0.883610 0.096200 0.005938
0.890736 0.096200 0.009501
0.843230 0.097387 0.008314
0.853919 0.097387 0.008314
0.866983 0.097387 0.005938
0.875297 0.097387 0.013064
0.762470 0.098575 0.013064
0.833729 0.098575 0.005938
0.771971 0.099762 0.008314
0.788599 0.099762 0.007126
0.811164 0.099762 0.008314
0.821853 0.099762 0.007126
0.660333 0.100950 0.011876
0.799287 0.100950 0.005938
0.652019 0.102138 0.005938
0.714964 0.102138 0.008314
0.726841 0.102138 0.005938
0.735154 0.102138 0.005938
0.744656 0.102138 0.008314
0.273159 0.104513 0.008314
0.283848 0.104513 0.008314
0.604513 0.104513 0.008314
0.619952 0.104513 0.008314
0.631829 0.104513 0.007126
0.641330 0.104513 0.005938
0.236342 0.105701 0.008314
0.248219 0.105701 0.008314
0.261283 0.105701 0.007126
0.339667 0.105701 0.008314
0.351544 0.105701 0.008314
0.441805 0.105701 0.008314
0.484561 0.105701 0.008314
0.497625 0.105701 0.008314
0.510689 0.105701 0.008314
0.523753 0.105701 0.008314
0.580760 0.105701 0.008314
0.595012 0.105701 0.007126
0.363420 0.106888 0.008314
0.374109 0.106888 0.005938
0.383610 0.106888 0.005938
0.406176 0.106888 0.008314
0.418052 0.106888 0.007126
0.427553 0.106888 0.008314
0.457245 0.106888 0.008314
0.472684 0.106888 0.008314
0.535629 0.106888 0.005938
0.543943 0.106888 0.011876
0.555819 0.106888 0.007126
0.565321 0.106888 0.008314
0.199525 0.108076 0.007126
0.219715 0.108076 0.005938
0.394299 0.108076 0.008314
0.210214 0.109264 0.008314
0.187648 0.110451 0.008314
0.131829 0.111639 0.005938
0.166271 0.111639 0.008314
0.179335 0.111639 0.007126
0.122328 0.112827 0.007126
0.141330 0.112827 0.008314
0.877672 0.114014 0.004751
0.842043 0.115202 0.004751
0.869359 0.115202 0.007126
0.823040 0.116390 0.007126
0.833729 0.116390 0.007126
0.858670 0.116390 0.007126
0.650831 0.117577 0.005938
0.774347 0.117577 0.007126
0.787411 0.117577 0.008314
0.799287 0.117577 0.008314
0.811164 0.117577 0.008314
0.847981 0.117577 0.010689
0.634204 0.118765 0.008314
0.660333 0.118765 0.005938
0.716152 0.118765 0.008314
0.737530 0.118765 0.005938
0.763658 0.118765 0.007126
0.611639 0.119952 0.007126
0.623515 0.119952 0.007126
0.726841 0.119952 0.007126
0.749406 0.119952 0.008314
0.580760 0.121140 0.008314
0.598575 0.121140 0.008314
0.538005 0.122328 0.005938
0.548694 0.122328 0.007126
0.558195 0.122328 0.008314
0.570071 0.122328 0.008314
0.285036 0.123515 0.007126
0.395487 0.123515 0.007126
0.406176 0.123515 0.007126
0.419240 0.123515 0.008314
0.428741 0.123515 0.010689
0.458432 0.123515 0.008314
0.469121 0.123515 0.007126
0.480998 0.123515 0.008314
0.492874 0.123515 0.005938
0.513064 0.123515 0.011876
0.527316 0.123515 0.007126
0.204276 0.124703 0.011876
0.275534 0.124703 0.007126
0.384798 0.124703 0.008314
0.442993 0.124703 0.008314
0.502375 0.124703 0.008314
0.223278 0.125891 0.008314
0.237530 0.125891 0.009501
0.251781 0.125891 0.008314
0.263658 0.125891 0.008314
0.352732 0.125891 0.007126
0.362233 0.125891 0.005938
0.371734 0.125891 0.005938
0.135392 0.128266 0.007126
0.147268 0.128266 0.007126
0.155582 0.128266 0.005938
0.166271 0.128266 0.007126
0.191211 0.128266 0.010689
0.122328 0.129454 0.007126
0.178147 0.130641 0.008314
0.875297 0.130641 0.004751
0.868171 0.131829 0.009501
0.887173 0.131829 0.009501
0.856295 0.133017 0.008314
0.769596 0.134204 0.005938
0.777910 0.134204 0.005938
0.785036 0.134204 0.005938
0.796912 0.134204 0.008314
0.806413 0.134204 0.005938
0.819477 0.134204 0.008314
0.833729 0.134204 0.008314
0.845606 0.134204 0.007126
0.631829 0.135392 0.007126
0.642518 0.135392 0.004751
0.709026 0.135392 0.008314
0.736342 0.135392 0.008314
0.747031 0.135392 0.007126
0.622328 0.136580 0.007126
0.652019 0.136580 0.005938
0.662708 0.136580 0.007126
0.722090 0.136580 0.008314
0.756532 0.136580 0.008314
0.597387 0.137767 0.008314
0.609264 0.137767 0.007126
0.554632 0.138955 0.008314
0.565321 0.138955 0.008314
0.576010 0.138955 0.005938
0.585511 0.138955 0.007126
0.491686 0.140143 0.008314
0.504751 0.140143 0.007126
0.515439 0.140143 0.004751
0.522565 0.140143 0.005938
0.533254 0.140143 0.005938
0.542755 0.140143 0.005938
0.479810 0.141330 0.005938
0.237530 0.142518 0.007126
0.249406 0.142518 0.007126
0.280285 0.142518 0.008314
0.331354 0.142518 0.005938
0.344418 0.142518 0.008314
0.353919 0.142518 0.005938
0.388361 0.142518 0.008314
0.402613 0.142518 0.010689
0.418052 0.142518 0.008314
0.446556 0.142518 0.008314
0.457245 0.142518 0.008314
0.469121 0.142518 0.007126
0.150831 0.143705 0.007126
0.207838 0.143705 0.010689
0.258907 0.143705 0.007126
0.271971 0.143705 0.005938
0.364608 0.143705 0.008314
0.376485 0.143705 0.008314
0.433492 0.143705 0.008314
0.162708 0.144893 0.007126
0.174584 0.144893 0.005938
0.184086 0.144893 0.004751
0.195962 0.144893 0.008314
0.214964 0.144893 0.005938
0.122328 0.146081 0.007126
0.133017 0.146081 0.004751
0.224466 0.146081 0.007126
0.865796 0.147268 0.005938
0.883610 0.147268 0.008314
0.809976 0.148456 0.005938
0.874109 0.148456 0.007126
0.802850 0.149644 0.010689
0.818290 0.149644 0.004751
0.827791 0.149644 0.008314
0.852732 0.149644 0.008314
0.660333 0.150831 0.008314
0.789786 0.150831 0.004751
0.840855 0.150831 0.009501
0.637767 0.152019 0.008314
0.648456 0.152019 0.005938
0.671021 0.152019 0.004751
0.679335 0.152019 0.011876
0.687648 0.152019 0.004751
0.705463 0.152019 0.008314
0.711401 0.152019 0.011876
0.720903 0.152019 0.005938
0.730404 0.152019 0.007126
0.742280 0.152019 0.008314
0.749406 0.152019 0.004751
0.757720 0.152019 0.004751
0.768409 0.152019 0.008314
0.781473 0.152019 0.009501
0.576010 0.153207 0.010689
0.595012 0.153207 0.008314
0.605701 0.153207 0.005938
0.615202 0.153207 0.007126
0.695962 0.153207 0.007126
0.546318 0.154394 0.008314
0.558195 0.154394 0.007126
0.570071 0.154394 0.008314
0.584323 0.154394 0.007126
0.624703 0.154394 0.008314
0.500000 0.155582 0.008314
0.513064 0.155582 0.008314
0.535629 0.155582 0.007126
0.274347 0.156770 0.008314
0.323040 0.156770 0.007126
0.347981 0.156770 0.008314
0.524941 0.156770 0.007126
0.166271 0.157957 0.007126
0.175772 0.157957 0.005938
0.223278 0.157957 0.008314
0.236342 0.157957 0.008314
0.248219 0.157957 0.008314
0.263658 0.157957 0.007126
0.286223 0.157957 0.005938
0.294537 0.157957 0.004751
0.311164 0.157957 0.007126
0.333729 0.157957 0.007126
0.357482 0.157957 0.005938
0.368171 0.157957 0.007126
0.447743 0.157957 0.008314
0.466746 0.157957 0.007126
0.483373 0.157957 0.010689
0.134204 0.159145 0.005938
0.143705 0.159145 0.004751
0.153207 0.159145 0.005938
0.184086 0.159145 0.004751
0.200713 0.159145 0.005938
0.211401 0.159145 0.008314
0.381235 0.159145 0.008314
0.393112 0.159145 0.007126
0.422803 0.159145 0.008314
0.454869 0.159145 0.005938
0.121140 0.160333 0.008314
0.403800 0.160333 0.008314
0.415677 0.160333 0.008314
0.434679 0.160333 0.008314
0.885986 0.161520 0.009501
0.868171 0.163895 0.004751
0.880048 0.163895 0.004751
0.789786 0.165083 0.007126
0.837292 0.165083 0.004751
0.856295 0.165083 0.008314
0.735154 0.166271 0.005938
0.745843 0.166271 0.005938
0.754157 0.166271 0.008314
0.773159 0.166271 0.004751
0.780285 0.166271 0.008314
0.805226 0.166271 0.008314
0.818290 0.166271 0.008314
0.828979 0.166271 0.004751
0.724466 0.167458 0.007126
0.844418 0.167458 0.007126
0.656770 0.168646 0.004751
0.667458 0.168646 0.008314
0.528504 0.169834 0.008314
0.630641 0.169834 0.007126
0.640143 0.169834 0.008314
0.647268 0.169834 0.011876
0.679335 0.169834 0.008314
0.704276 0.169834 0.005938
0.713777 0.169834 0.005938
0.548694 0.171021 0.008314
0.561758 0.171021 0.007126
0.572447 0.171021 0.008314
0.587886 0.171021 0.007126
0.693587 0.171021 0.008314
0.465558 0.172209 0.007126
0.476247 0.172209 0.008314
0.488124 0.172209 0.007126
0.503563 0.172209 0.008314
0.216152 0.173397 0.008314
0.266033 0.173397 0.008314
0.444181 0.173397 0.007126
0.453682 0.173397 0.007126
0.514252 0.173397 0.007126
0.128266 0.174584 0.007126
0.142518 0.174584 0.008314
0.166271 0.174584 0.005938
0.185273 0.174584 0.007126
0.195962 0.174584 0.005938
0.205463 0.174584 0.007126
0.229216 0.174584 0.008314
0.242280 0.174584 0.007126
0.254157 0.174584 0.008314
0.276722 0.174584 0.007126
0.287411 0.174584 0.007126
0.327791 0.174584 0.005938
0.340855 0.174584 0.008314
0.350356 0.174584 0.007126
0.404988 0.174584 0.005938
0.415677 0.174584 0.005938
0.434679 0.174584 0.005938
0.118765 0.175772 0.007126
0.153207 0.175772 0.008314
0.173397 0.175772 0.008314
0.301663 0.175772 0.008314
0.319477 0.175772 0.005938
0.363420 0.175772 0.007126
0.374109 0.175772 0.004751
0.381235 0.175772 0.008314
0.393112 0.175772 0.007126
0.425178 0.175772 0.005938
0.870546 0.175772 0.008314
0.880048 0.175772 0.004751
0.309976 0.176960 0.005938
0.850356 0.178147 0.004751
0.805226 0.180523 0.003563
0.820665 0.180523 0.004751
0.830166 0.180523 0.007126
0.842043 0.180523 0.005938
0.798100 0.181710 0.016627
0.764846 0.182898 0.008314
0.775534 0.182898 0.008314
0.788599 0.182898 0.008314
0.678147 0.184086 0.005938
0.713777 0.184086 0.005938
0.724466 0.184086 0.008314
0.736342 0.184086 0.008314
0.750594 0.184086 0.009501
0.549881 0.185273 0.007126
0.640143 0.185273 0.008314
0.649644 0.185273 0.004751
0.659145 0.185273 0.008314
0.669834 0.185273 0.010689
0.687648 0.185273 0.008314
0.699525 0.185273 0.008314
0.138955 0.186461 0.005938
0.528504 0.186461 0.007126
0.536817 0.186461 0.017815
0.615202 0.186461 0.007126
0.627078 0.186461 0.005938
0.507126 0.187648 0.010689
0.562945 0.187648 0.008314
0.573634 0.187648 0.013064
0.590261 0.187648 0.008314
0.181710 0.188836 0.007126
0.192399 0.188836 0.007126
0.249406 0.188836 0.008314
0.298100 0.188836 0.007126
0.397862 0.188836 0.004751
0.404988 0.188836 0.008314
0.418052 0.188836 0.008314
0.428741 0.188836 0.005938
0.437055 0.188836 0.004751
0.480998 0.188836 0.008314
0.492874 0.188836 0.007126
0.116390 0.190024 0.008314
0.162708 0.190024 0.013064
0.200713 0.190024 0.004751
0.263658 0.190024 0.007126
0.345606 0.190024 0.007126
0.355107 0.190024 0.008314
0.380048 0.190024 0.005938
0.389549 0.190024 0.013064
0.456057 0.190024 0.008314
0.467933 0.190024 0.008314
0.604513 0.190024 0.008314
0.129454 0.191211 0.007126
0.154394 0.191211 0.008314
0.238717 0.191211 0.008314
0.286223 0.191211 0.008314
0.309976 0.191211 0.008314
0.317102 0.191211 0.004751
0.327791 0.191211 0.008314
0.369359 0.191211 0.008314
0.209026 0.192399 0.011876
0.225653 0.192399 0.009501
