0.941805 0.004751 0.022565
0.846793 0.008314 0.020190
0.880048 0.013064 0.013064
0.745843 0.034442 0.011876
0.592637 0.036817 0.008314
0.631829 0.036817 0.008314
0.641330 0.036817 0.004751
0.661520 0.036817 0.007126
0.694774 0.036817 0.008314
0.738717 0.036817 0.004751
0.478622 0.038005 0.008314
0.606888 0.038005 0.007126
0.619952 0.038005 0.007126
0.650831 0.038005 0.008314
0.672209 0.038005 0.004751
0.682898 0.038005 0.007126
0.711401 0.038005 0.008314
0.723278 0.038005 0.005938
0.731591 0.038005 0.004751
0.762470 0.038005 0.005938
0.771971 0.038005 0.004751
0.782660 0.038005 0.007126
0.790974 0.038005 0.004751
0.812352 0.038005 0.008314
0.823040 0.038005 0.007126
0.878860 0.038005 0.008314
0.884798 0.038005 0.011876
0.519002 0.039192 0.008314
0.566508 0.039192 0.008314
0.799287 0.039192 0.008314
0.833729 0.039192 0.007126
0.844418 0.039192 0.008314
0.856295 0.039192 0.008314
0.866983 0.039192 0.007126
0.505938 0.040380 0.008314
0.533254 0.040380 0.008314
0.542755 0.040380 0.004751
0.553444 0.040380 0.007126
0.578385 0.040380 0.008314
0.440618 0.041568 0.008314
0.450119 0.041568 0.007126
0.463183 0.041568 0.008314
0.492874 0.041568 0.008314
0.428741 0.042755 0.008314
0.401425 0.043943 0.008314
0.413302 0.043943 0.007126
0.359857 0.046318 0.007126
0.370546 0.046318 0.005938
0.378860 0.046318 0.004751
0.387173 0.046318 0.005938
0.271971 0.047506 0.005938
0.281473 0.047506 0.005938
0.299287 0.047506 0.008314
0.309976 0.047506 0.007126
0.328979 0.047506 0.008314
0.340855 0.047506 0.005938
0.349169 0.047506 0.005938
0.206651 0.048694 0.008314
0.216152 0.048694 0.005938
0.233967 0.048694 0.008314
0.250594 0.048694 0.008314
0.261283 0.048694 0.007126
0.292162 0.048694 0.005938
0.224466 0.049881 0.008314
0.751781 0.049881 0.010689
0.148456 0.051069 0.013064
0.156770 0.051069 0.005938
0.165083 0.051069 0.004751
0.173397 0.051069 0.005938
0.184086 0.051069 0.004751
0.192399 0.051069 0.007126
0.761283 0.051069 0.005938
0.140143 0.052257 0.004751
0.662708 0.052257 0.005938
0.672209 0.052257 0.008314
0.686461 0.052257 0.010689
0.770784 0.052257 0.005938
0.780285 0.052257 0.007126
0.130641 0.053444 0.005938
0.600950 0.053444 0.008314
0.612827 0.053444 0.007126
0.622328 0.053444 0.007126
0.634204 0.053444 0.005938
0.642518 0.053444 0.004751
0.693587 0.053444 0.008314
0.707838 0.053444 0.008314
0.719715 0.053444 0.005938
0.738717 0.053444 0.005938
0.790974 0.053444 0.005938
0.800475 0.053444 0.005938
0.809976 0.053444 0.005938
0.825416 0.053444 0.008314
0.839667 0.053444 0.007126
0.121140 0.054632 0.008314
0.564133 0.054632 0.008314
0.577197 0.054632 0.005938
0.652019 0.054632 0.007126
0.728029 0.054632 0.007126
0.851544 0.054632 0.008314
0.865796 0.054632 0.008314
0.880048 0.054632 0.008314
0.524941 0.055819 0.005938
0.535629 0.055819 0.007126
0.549881 0.055819 0.008314
0.585511 0.055819 0.008314
0.452494 0.057007 0.007126
0.464371 0.057007 0.005938
0.484561 0.057007 0.007126
0.497625 0.057007 0.008314
0.514252 0.057007 0.008314
0.404988 0.058195 0.008314
0.415677 0.058195 0.007126
0.432304 0.058195 0.008314
0.442993 0.058195 0.007126
0.475059 0.058195 0.005938
0.381235 0.059382 0.004751
0.393112 0.059382 0.008314
0.306413 0.060570 0.004751
0.312352 0.060570 0.009501
0.343230 0.060570 0.007126
0.353919 0.060570 0.005938
0.362233 0.060570 0.004751
0.374109 0.060570 0.008314
0.235154 0.061758 0.008314
0.248219 0.061758 0.007126
0.282660 0.061758 0.007126
0.293349 0.061758 0.008314
0.325416 0.061758 0.008314
0.332542 0.061758 0.004751
0.195962 0.062945 0.004751
0.205463 0.062945 0.008314
0.217340 0.062945 0.005938
0.226841 0.062945 0.004751
0.258907 0.062945 0.005938
0.168646 0.064133 0.008314
0.185273 0.064133 0.007126
0.269596 0.064133 0.007126
0.157957 0.065321 0.005938
0.150831 0.066508 0.011876
0.141330 0.067696 0.005938
0.656770 0.067696 0.004751
0.663895 0.067696 0.008314
0.599762 0.068884 0.008314
0.608076 0.068884 0.005938
0.618765 0.068884 0.007126
0.643705 0.068884 0.008314
0.678147 0.068884 0.007126
0.687648 0.068884 0.008314
0.706651 0.068884 0.008314
0.718527 0.068884 0.007126
0.756532 0.068884 0.008314
0.767221 0.068884 0.005938
0.776722 0.068884 0.008314
0.801663 0.068884 0.005938
0.868171 0.068884 0.009501
0.881235 0.068884 0.009501
0.119952 0.070071 0.005938
0.129454 0.070071 0.007126
0.571259 0.070071 0.008314
0.586698 0.070071 0.009501
0.630641 0.070071 0.008314
0.731591 0.070071 0.008314
0.747031 0.070071 0.007126
0.790974 0.070071 0.008314
0.809976 0.070071 0.007126
0.820665 0.070071 0.008314
0.832542 0.070071 0.008314
0.846793 0.070071 0.007126
0.858670 0.070071 0.008314
0.459620 0.071259 0.008314
0.497625 0.071259 0.007126
0.511876 0.071259 0.007126
0.532067 0.071259 0.007126
0.540380 0.071259 0.005938
0.553444 0.071259 0.008314
0.393112 0.072447 0.007126
0.448931 0.072447 0.007126
0.485748 0.072447 0.008314
0.522565 0.072447 0.005938
0.350356 0.073634 0.007126
0.410926 0.073634 0.010689
0.420428 0.073634 0.005938
0.429929 0.073634 0.004751
0.437055 0.073634 0.008314
0.471496 0.073634 0.008314
0.294537 0.074822 0.007126
0.314727 0.074822 0.005938
0.339667 0.074822 0.008314
0.359857 0.074822 0.005938
0.371734 0.074822 0.008314
0.381235 0.074822 0.008314
0.231591 0.076010 0.008314
0.251781 0.076010 0.007126
0.261283 0.076010 0.005938
0.270784 0.076010 0.005938
0.281473 0.076010 0.008314
0.333729 0.076010 0.008314
0.214964 0.077197 0.008314
0.224466 0.077197 0.004751
0.241093 0.077197 0.005938
0.324228 0.077197 0.004751
0.180523 0.078385 0.005938
0.188836 0.078385 0.008314
0.201900 0.078385 0.007126
0.168646 0.079572 0.005938
0.152019 0.080760 0.005938
0.160333 0.080760 0.004751
0.137767 0.081948 0.008314
0.638955 0.083135 0.004751
0.662708 0.083135 0.008314
0.118765 0.084323 0.010689
0.127078 0.084323 0.004751
0.630641 0.084323 0.007126
0.674584 0.084323 0.008314
0.710214 0.084323 0.011876
0.718527 0.084323 0.005938
0.739905 0.084323 0.007126
0.807601 0.084323 0.008314
0.882423 0.084323 0.008314
0.598575 0.085511 0.005938
0.606888 0.085511 0.010689
0.621140 0.085511 0.008314
0.647268 0.085511 0.010689
0.728029 0.085511 0.008314
0.752969 0.085511 0.008314
0.761283 0.085511 0.007126
0.770784 0.085511 0.007126
0.781473 0.085511 0.005938
0.789786 0.085511 0.010689
0.815914 0.085511 0.007126
0.828979 0.085511 0.008314
0.871734 0.085511 0.004751
0.889549 0.085511 0.009501
0.520190 0.086698 0.004751
0.528504 0.086698 0.005938
0.538005 0.086698 0.005938
0.546318 0.086698 0.007126
0.567696 0.086698 0.008314
0.579572 0.086698 0.008314
0.589074 0.086698 0.005938
0.840855 0.086698 0.008314
0.853919 0.086698 0.007126
0.863420 0.086698 0.005938
0.485748 0.087886 0.008314
0.497625 0.087886 0.005938
0.509501 0.087886 0.008314
0.557007 0.087886 0.005938
0.401425 0.089074 0.013064
0.434679 0.089074 0.008314
0.447743 0.089074 0.007126
0.458432 0.089074 0.008314
0.469121 0.089074 0.004751
0.477435 0.089074 0.005938
0.283848 0.090261 0.005938
0.344418 0.090261 0.008314
0.356295 0.090261 0.004751
0.375297 0.090261 0.008314
0.409739 0.090261 0.004751
0.418052 0.090261 0.005938
0.426366 0.090261 0.004751
0.218527 0.091449 0.005938
0.228029 0.091449 0.004751
0.261283 0.091449 0.011876
0.333729 0.091449 0.008314
0.365796 0.091449 0.007126
0.388361 0.091449 0.008314
0.198337 0.092637 0.005938
0.206651 0.092637 0.007126
0.243468 0.092637 0.005938
0.252969 0.092637 0.008314
0.179335 0.093824 0.008314
0.188836 0.093824 0.005938
0.160333 0.095012 0.004751
0.167458 0.095012 0.009501
0.127078 0.097387 0.007126
0.140143 0.097387 0.008314
0.153207 0.097387 0.009501
0.117577 0.099762 0.008314
0.770784 0.099762 0.010689
0.777910 0.099762 0.004751
0.788599 0.099762 0.007126
0.800475 0.099762 0.007126
0.864608 0.099762 0.004751
0.871734 0.099762 0.010689
0.882423 0.099762 0.007126
0.747031 0.100950 0.011876
0.756532 0.100950 0.004751
0.809976 0.100950 0.005938
0.821853 0.100950 0.007126
0.833729 0.100950 0.007126
0.843230 0.100950 0.005938
0.855107 0.100950 0.007126
0.561758 0.102138 0.008314
0.583135 0.102138 0.004751
0.627078 0.102138 0.007126
0.635392 0.102138 0.004751
0.646081 0.102138 0.008314
0.661520 0.102138 0.007126
0.716152 0.102138 0.008314
0.536817 0.103325 0.008314
0.546318 0.103325 0.008314
0.573634 0.103325 0.007126
0.592637 0.103325 0.008314
0.604513 0.103325 0.008314
0.616390 0.103325 0.007126
0.729216 0.103325 0.009501
0.523753 0.104513 0.008314
0.290974 0.105701 0.011876
0.466746 0.105701 0.004751
0.515439 0.105701 0.008314
0.222090 0.106888 0.008314
0.231591 0.106888 0.008314
0.243468 0.106888 0.005938
0.273159 0.106888 0.005938
0.283848 0.106888 0.013064
0.357482 0.106888 0.008314
0.426366 0.106888 0.007126
0.447743 0.106888 0.005938
0.459620 0.106888 0.008314
0.479810 0.106888 0.004751
0.491686 0.106888 0.007126
0.503563 0.106888 0.008314
0.211401 0.108076 0.007126
0.338480 0.108076 0.005938
0.347981 0.108076 0.007126
0.370546 0.108076 0.008314
0.416865 0.108076 0.005938
0.438242 0.108076 0.008314
0.195962 0.109264 0.004751
0.382423 0.109264 0.008314
0.397862 0.109264 0.007126
0.407363 0.109264 0.005938
0.168646 0.110451 0.008314
0.180523 0.110451 0.007126
0.188836 0.110451 0.004751
0.154394 0.111639 0.007126
0.143705 0.112827 0.007126
0.124703 0.114014 0.005938
0.134204 0.114014 0.004751
0.116390 0.115202 0.008314
0.779097 0.116390 0.008314
0.795724 0.116390 0.008314
0.807601 0.116390 0.005938
0.817102 0.116390 0.004751
0.857482 0.116390 0.004751
0.877672 0.116390 0.004751
0.884798 0.116390 0.004751
0.758907 0.117577 0.008314
0.767221 0.117577 0.008314
0.838480 0.117577 0.005938
0.849169 0.117577 0.007126
0.866983 0.117577 0.008314
0.572447 0.118765 0.008314
0.583135 0.118765 0.005938
0.612827 0.118765 0.007126
0.624703 0.118765 0.007126
0.635392 0.118765 0.007126
0.660333 0.118765 0.011876
0.736342 0.118765 0.005938
0.747031 0.118765 0.005938
0.530879 0.119952 0.005938
0.546318 0.119952 0.009501
0.560570 0.119952 0.007126
0.593824 0.119952 0.008314
0.604513 0.119952 0.005938
0.647268 0.119952 0.009501
0.717340 0.119952 0.007126
0.726841 0.119952 0.005938
0.295724 0.121140 0.007126
0.489311 0.121140 0.005938
0.498812 0.121140 0.005938
0.508314 0.121140 0.005938
0.521378 0.121140 0.008314
0.458432 0.122328 0.007126
0.343230 0.123515 0.008314
0.364608 0.123515 0.008314
0.375297 0.123515 0.005938
0.418052 0.123515 0.007126
0.434679 0.123515 0.010689
0.447743 0.123515 0.008314
0.830166 0.123515 0.005938
0.353919 0.124703 0.008314
0.384798 0.124703 0.005938
0.394299 0.124703 0.007126
0.406176 0.124703 0.008314
0.471496 0.124703 0.013064
0.226841 0.125891 0.007126
0.188836 0.127078 0.011876
0.195962 0.127078 0.004751
0.205463 0.127078 0.005938
0.214964 0.127078 0.008314
0.247031 0.127078 0.013064
0.156770 0.128266 0.005938
0.167458 0.128266 0.004751
0.176960 0.128266 0.008314
0.238717 0.128266 0.008314
0.146081 0.129454 0.005938
0.134204 0.130641 0.005938
0.125891 0.131829 0.004751
0.870546 0.131829 0.004751
0.877672 0.131829 0.004751
0.887173 0.131829 0.007126
0.802850 0.133017 0.010689
0.842043 0.133017 0.008314
0.852732 0.133017 0.007126
0.863420 0.133017 0.004751
0.117577 0.134204 0.011876
0.758907 0.134204 0.004751
0.767221 0.134204 0.004751
0.776722 0.134204 0.008314
0.792162 0.134204 0.008314
0.820665 0.134204 0.007126
0.830166 0.134204 0.005938
0.750594 0.135392 0.004751
0.615202 0.136580 0.008314
0.625891 0.136580 0.008314
0.650831 0.136580 0.007126
0.732779 0.136580 0.004751
0.739905 0.136580 0.008314
0.636580 0.137767 0.008314
0.671021 0.137767 0.007126
0.707838 0.137767 0.005938
0.716152 0.137767 0.004751
0.553444 0.138955 0.007126
0.562945 0.138955 0.007126
0.584323 0.138955 0.008314
0.596200 0.138955 0.010689
0.603325 0.138955 0.004751
0.661520 0.138955 0.008314
0.520190 0.140143 0.005938
0.529691 0.140143 0.007126
0.541568 0.140143 0.008314
0.572447 0.140143 0.007126
0.374109 0.141330 0.010689
0.478622 0.141330 0.008314
0.490499 0.141330 0.004751
0.498812 0.141330 0.005938
0.509501 0.141330 0.007126
0.273159 0.142518 0.014252
0.334917 0.142518 0.008314
0.344418 0.142518 0.007126
0.352732 0.142518 0.010689
0.366983 0.142518 0.008314
0.389549 0.142518 0.007126
0.400238 0.142518 0.007126
0.410926 0.142518 0.008314
0.419240 0.142518 0.005938
0.461995 0.142518 0.010689
0.469121 0.142518 0.004751
0.263658 0.143705 0.005938
0.428741 0.143705 0.008314
0.438242 0.143705 0.007126
0.245843 0.144893 0.005938
0.254157 0.144893 0.013064
0.286223 0.144893 0.004751
0.451306 0.144893 0.007126
0.182898 0.146081 0.007126
0.192399 0.146081 0.007126
0.201900 0.146081 0.005938
0.225653 0.146081 0.008314
0.236342 0.146081 0.007126
0.887173 0.146081 0.007126
0.213777 0.147268 0.008314
0.868171 0.147268 0.005938
0.876485 0.147268 0.004751
0.172209 0.148456 0.008314
0.856295 0.148456 0.008314
0.161520 0.149644 0.008314
0.830166 0.149644 0.008314
0.844418 0.149644 0.008314
0.137767 0.150831 0.008314
0.776722 0.150831 0.005938
0.785036 0.150831 0.004751
0.795724 0.150831 0.007126
0.116390 0.152019 0.007126
0.128266 0.152019 0.007126
0.149644 0.152019 0.008314
0.754157 0.152019 0.005938
0.764846 0.152019 0.008314
0.819477 0.152019 0.008314
0.611639 0.153207 0.009501
0.726841 0.153207 0.004751
0.744656 0.153207 0.007126
0.808789 0.153207 0.008314
0.597387 0.154394 0.008314
0.627078 0.154394 0.007126
0.648456 0.154394 0.007126
0.716152 0.154394 0.007126
0.733967 0.154394 0.011876
0.524941 0.155582 0.008314
0.536817 0.155582 0.008314
0.637767 0.155582 0.005938
0.660333 0.155582 0.007126
0.669834 0.155582 0.007126
0.694774 0.155582 0.008314
0.705463 0.155582 0.005938
0.483373 0.156770 0.005938
0.491686 0.156770 0.008314
0.513064 0.156770 0.007126
0.545131 0.156770 0.004751
0.554632 0.156770 0.007126
0.566508 0.156770 0.007126
0.574822 0.156770 0.004751
0.584323 0.156770 0.007126
0.680523 0.156770 0.007126
0.317102 0.157957 0.014252
0.501188 0.157957 0.007126
0.325416 0.159145 0.007126
0.347981 0.159145 0.004751
0.353919 0.159145 0.010689
0.363420 0.159145 0.005938
0.376485 0.159145 0.008314
0.387173 0.159145 0.008314
0.412114 0.159145 0.008314
0.425178 0.159145 0.007126
0.437055 0.159145 0.008314
0.447743 0.159145 0.007126
0.473872 0.159145 0.008314
0.401425 0.160333 0.009501
0.460808 0.160333 0.008314
0.338480 0.162708 0.008314
0.876485 0.162708 0.005938
0.884798 0.162708 0.004751
0.855107 0.163895 0.007126
0.866983 0.163895 0.008314
0.181710 0.165083 0.007126
0.193587 0.165083 0.008314
0.206651 0.165083 0.005938
0.172209 0.166271 0.007126
0.216152 0.166271 0.005938
0.833729 0.166271 0.005938
0.843230 0.166271 0.005938
0.144893 0.167458 0.005938
0.153207 0.167458 0.004751
0.161520 0.167458 0.005938
0.777910 0.167458 0.009501
0.790974 0.167458 0.010689
0.825416 0.167458 0.004751
0.115202 0.168646 0.008314
0.130641 0.168646 0.009501
0.714964 0.168646 0.008314
0.766033 0.168646 0.004751
0.807601 0.168646 0.007126
0.817102 0.168646 0.005938
0.592637 0.169834 0.007126
0.602138 0.169834 0.004751
0.609264 0.169834 0.011876
0.619952 0.169834 0.013064
0.628266 0.169834 0.005938
0.648456 0.169834 0.007126
0.660333 0.169834 0.007126
0.669834 0.169834 0.005938
0.722090 0.169834 0.004751
0.733967 0.169834 0.007126
0.757720 0.169834 0.010689
0.562945 0.171021 0.005938
0.571259 0.171021 0.005938
0.581948 0.171021 0.007126
0.637767 0.171021 0.007126
0.679335 0.171021 0.007126
0.691211 0.171021 0.007126
0.744656 0.171021 0.008314
0.541568 0.172209 0.007126
0.549881 0.172209 0.008314
0.704276 0.172209 0.008314
0.321853 0.173397 0.009501
0.491686 0.173397 0.007126
0.502375 0.173397 0.007126
0.513064 0.173397 0.005938
0.532067 0.173397 0.007126
0.428741 0.174584 0.007126
0.438242 0.174584 0.005938
0.479810 0.174584 0.007126
0.521378 0.174584 0.007126
0.332542 0.175772 0.007126
0.362233 0.175772 0.005938
0.407363 0.175772 0.008314
0.418052 0.175772 0.007126
0.448931 0.175772 0.007126
0.469121 0.175772 0.004751
0.258907 0.176960 0.008314
0.306413 0.176960 0.008314
0.343230 0.176960 0.004751
0.372922 0.176960 0.007126
0.384798 0.176960 0.005938
0.394299 0.176960 0.007126
0.460808 0.176960 0.005938
0.866983 0.176960 0.007126
0.876485 0.176960 0.008314
0.273159 0.178147 0.008314
0.283848 0.178147 0.005938
0.295724 0.178147 0.007126
0.350356 0.178147 0.008314
0.858670 0.178147 0.010689
0.830166 0.179335 0.007126
0.840855 0.179335 0.007126
0.114014 0.180523 0.005938
0.144893 0.180523 0.007126
0.160333 0.180523 0.007126
0.184086 0.180523 0.004751
0.192399 0.180523 0.004751
0.212589 0.180523 0.007126
0.233967 0.180523 0.007126
0.245843 0.180523 0.007126
0.125891 0.181710 0.007126
0.136580 0.181710 0.005938
0.173397 0.181710 0.007126
0.200713 0.181710 0.007126
0.222090 0.181710 0.005938
0.773159 0.181710 0.010689
0.780285 0.181710 0.004751
0.818290 0.181710 0.008314
0.762470 0.182898 0.008314
0.792162 0.182898 0.008314
0.801663 0.182898 0.004751
0.720903 0.184086 0.007126
0.636580 0.185273 0.007126
0.647268 0.185273 0.005938
0.676960 0.185273 0.008314
0.690024 0.185273 0.007126
0.730404 0.185273 0.011876
0.737530 0.185273 0.005938
0.748219 0.185273 0.005938
0.593824 0.186461 0.013064
0.624703 0.186461 0.007126
0.656770 0.186461 0.007126
0.700713 0.186461 0.005938
0.710214 0.186461 0.004751
0.581948 0.187648 0.008314
0.600950 0.187648 0.004751
0.614014 0.187648 0.008314
0.666271 0.187648 0.007126
0.467933 0.188836 0.007126
0.488124 0.188836 0.005938
0.540380 0.188836 0.008314
0.553444 0.188836 0.008314
0.564133 0.188836 0.013064
0.572447 0.188836 0.005938
0.457245 0.190024 0.005938
0.478622 0.190024 0.007126
0.497625 0.190024 0.004751
0.507126 0.190024 0.007126
0.527316 0.190024 0.007126
0.282660 0.191211 0.008314
0.362233 0.191211 0.007126
0.371734 0.191211 0.007126
0.381235 0.191211 0.008314
0.444181 0.191211 0.008314
0.519002 0.191211 0.008314
0.238717 0.192399 0.007126
0.252969 0.192399 0.007126
0.331354 0.192399 0.007126
0.342043 0.192399 0.005938
0.391924 0.192399 0.008314
0.403800 0.192399 0.007126
0.413302 0.192399 0.008314
0.423990 0.192399 0.004751
0.431116 0.192399 0.010689
0.111639 0.193587 0.008314
0.122328 0.193587 0.004751
0.154394 0.193587 0.007126
0.165083 0.193587 0.004751
0.214964 0.193587 0.005938
0.225653 0.193587 0.007126
0.268409 0.193587 0.010689
0.293349 0.193587 0.008314
0.307601 0.193587 0.010689
0.321853 0.193587 0.005938
0.349169 0.193587 0.011876
0.129454 0.194774 0.004751
0.142518 0.194774 0.008314
0.174584 0.194774 0.007126
0.186461 0.194774 0.007126
0.195962 0.194774 0.007126
0.206651 0.194774 0.005938
