0.714964 0.067696 0.007126
0.728029 0.067696 0.008314
0.701900 0.068884 0.008314
0.739905 0.068884 0.005938
0.751781 0.068884 0.008314
0.780285 0.068884 0.005938
0.815914 0.068884 0.005938
0.580760 0.070071 0.005938
0.599762 0.070071 0.007126
0.611639 0.070071 0.007126
0.653207 0.070071 0.007126
0.663895 0.070071 0.005938
0.672209 0.070071 0.005938
0.681710 0.070071 0.005938
0.690024 0.070071 0.004751
0.767221 0.070071 0.008314
0.789786 0.070071 0.004751
0.796912 0.070071 0.004751
0.805226 0.070071 0.005938
0.826603 0.070071 0.008314
0.834917 0.070071 0.004751
0.850356 0.070071 0.005938
0.865796 0.070071 0.004751
0.571259 0.071259 0.004751
0.591449 0.071259 0.005938
0.622328 0.071259 0.007126
0.636580 0.071259 0.008314
0.858670 0.071259 0.004751
0.535629 0.072447 0.008314
0.542755 0.072447 0.013064
0.553444 0.072447 0.005938
0.562945 0.072447 0.005938
0.492874 0.073634 0.008314
0.505938 0.073634 0.005938
0.516627 0.073634 0.005938
0.524941 0.073634 0.007126
0.383610 0.074822 0.008314
0.396675 0.074822 0.008314
0.409739 0.074822 0.008314
0.447743 0.074822 0.007126
0.456057 0.074822 0.007126
0.467933 0.074822 0.008314
0.476247 0.074822 0.008314
0.298100 0.076010 0.008314
0.313539 0.076010 0.013064
0.321853 0.076010 0.008314
0.334917 0.076010 0.008314
0.344418 0.076010 0.008314
0.352732 0.076010 0.008314
0.369359 0.076010 0.009501
0.422803 0.076010 0.008314
0.435867 0.076010 0.008314
0.255344 0.077197 0.011876
0.205463 0.078385 0.008314
0.214964 0.078385 0.005938
0.228029 0.078385 0.008314
0.238717 0.078385 0.008314
0.262470 0.078385 0.013064
0.273159 0.078385 0.007126
0.285036 0.078385 0.008314
0.179335 0.080760 0.008314
0.192399 0.080760 0.007126
0.743468 0.080760 0.008314
0.754157 0.081948 0.008314
0.761283 0.081948 0.004751
0.156770 0.083135 0.008314
0.166271 0.083135 0.008314
0.768409 0.083135 0.004751
0.775534 0.083135 0.007126
0.578385 0.084323 0.007126
0.586698 0.084323 0.004751
0.619952 0.084323 0.007126
0.630641 0.084323 0.005938
0.641330 0.084323 0.007126
0.652019 0.084323 0.005938
0.662708 0.084323 0.007126
0.674584 0.084323 0.007126
0.682898 0.084323 0.008314
0.694774 0.084323 0.005938
0.705463 0.084323 0.007126
0.716152 0.084323 0.007126
0.728029 0.084323 0.008314
0.871734 0.084323 0.007126
0.545131 0.085511 0.008314
0.786223 0.085511 0.005938
0.794537 0.085511 0.005938
0.805226 0.085511 0.008314
0.817102 0.085511 0.010689
0.825416 0.085511 0.005938
0.851544 0.085511 0.004751
0.859857 0.085511 0.005938
0.142518 0.086698 0.008314
0.567696 0.086698 0.005938
0.606888 0.086698 0.009501
0.843230 0.086698 0.011876
0.130641 0.087886 0.007126
0.528504 0.087886 0.008314
0.557007 0.087886 0.008314
0.501188 0.089074 0.004751
0.509501 0.089074 0.007126
0.519002 0.089074 0.005938
0.119952 0.090261 0.007126
0.442993 0.090261 0.004751
0.453682 0.090261 0.007126
0.476247 0.090261 0.008314
0.491686 0.090261 0.007126
0.366983 0.091449 0.004751
0.376485 0.091449 0.007126
0.387173 0.091449 0.005938
0.397862 0.091449 0.008314
0.413302 0.091449 0.007126
0.423990 0.091449 0.005938
0.464371 0.091449 0.007126
0.210214 0.092637 0.007126
0.232779 0.092637 0.007126
0.257720 0.092637 0.004751
0.275534 0.092637 0.007126
0.285036 0.092637 0.004751
0.317102 0.092637 0.004751
0.324228 0.092637 0.004751
0.336105 0.092637 0.008314
0.345606 0.092637 0.005938
0.355107 0.092637 0.005938
0.434679 0.092637 0.007126
0.199525 0.093824 0.005938
0.220903 0.093824 0.007126
0.248219 0.093824 0.007126
0.264846 0.093824 0.004751
0.296912 0.093824 0.008314
0.308789 0.093824 0.004751
0.190024 0.096200 0.005938
0.869359 0.097387 0.007126
0.172209 0.098575 0.004751
0.179335 0.098575 0.008314
0.859857 0.098575 0.007126
0.876485 0.098575 0.009501
0.162708 0.099762 0.007126
0.622328 0.099762 0.011876
0.665083 0.099762 0.008314
0.748219 0.099762 0.008314
0.762470 0.099762 0.005938
0.775534 0.099762 0.008314
0.794537 0.099762 0.007126
0.804038 0.099762 0.004751
0.817102 0.099762 0.008314
0.828979 0.099762 0.007126
0.838480 0.099762 0.005938
0.850356 0.099762 0.007126
0.148456 0.100950 0.008314
0.612827 0.100950 0.005938
0.630641 0.100950 0.008314
0.641330 0.100950 0.007126
0.675772 0.100950 0.007126
0.687648 0.100950 0.008314
0.699525 0.100950 0.005938
0.707838 0.100950 0.004751
0.737530 0.100950 0.005938
0.785036 0.100950 0.007126
0.131829 0.102138 0.005938
0.570071 0.102138 0.007126
0.602138 0.102138 0.008314
0.652019 0.102138 0.008314
0.716152 0.102138 0.010689
0.728029 0.102138 0.005938
0.121140 0.103325 0.008314
0.511876 0.104513 0.008314
0.523753 0.104513 0.005938
0.533254 0.104513 0.004751
0.558195 0.104513 0.008314
0.585511 0.104513 0.010689
0.311164 0.105701 0.007126
0.421615 0.105701 0.007126
0.498812 0.105701 0.008314
0.546318 0.105701 0.009501
0.250594 0.106888 0.007126
0.271971 0.106888 0.005938
0.282660 0.106888 0.005938
0.290974 0.106888 0.005938
0.301663 0.106888 0.007126
0.326603 0.106888 0.004751
0.355107 0.106888 0.013064
0.408551 0.106888 0.007126
0.431116 0.106888 0.004751
0.442993 0.106888 0.007126
0.454869 0.106888 0.008314
0.465558 0.106888 0.008314
0.477435 0.106888 0.008314
0.488124 0.106888 0.007126
0.231591 0.108076 0.013064
0.383610 0.108076 0.007126
0.397862 0.108076 0.008314
0.204276 0.109264 0.004751
0.213777 0.109264 0.011876
0.241093 0.109264 0.005938
0.262470 0.109264 0.007126
0.333729 0.109264 0.005938
0.370546 0.109264 0.008314
0.193587 0.110451 0.005938
0.178147 0.112827 0.007126
0.876485 0.112827 0.007126
0.157957 0.114014 0.005938
0.168646 0.114014 0.007126
0.850356 0.114014 0.007126
0.349169 0.115202 0.004751
0.792162 0.115202 0.008314
0.806413 0.115202 0.005938
0.815914 0.115202 0.004751
0.825416 0.115202 0.008314
0.836105 0.115202 0.007126
0.864608 0.115202 0.008314
0.739905 0.116390 0.005938
0.748219 0.116390 0.004751
0.773159 0.116390 0.005938
0.782660 0.116390 0.004751
0.135392 0.117577 0.008314
0.147268 0.117577 0.007126
0.640143 0.117577 0.008314
0.650831 0.117577 0.007126
0.661520 0.117577 0.005938
0.719715 0.117577 0.004751
0.730404 0.117577 0.007126
0.764846 0.117577 0.005938
0.605701 0.118765 0.013064
0.616390 0.118765 0.007126
0.627078 0.118765 0.007126
0.709026 0.118765 0.008314
0.119952 0.119952 0.008314
0.598575 0.119952 0.008314
0.558195 0.121140 0.004751
0.586698 0.121140 0.007126
0.552257 0.122328 0.004751
0.564133 0.122328 0.004751
0.574822 0.122328 0.008314
0.369359 0.123515 0.008314
0.394299 0.123515 0.007126
0.404988 0.123515 0.007126
0.415677 0.123515 0.005938
0.423990 0.123515 0.008314
0.434679 0.123515 0.007126
0.454869 0.123515 0.005938
0.507126 0.123515 0.007126
0.519002 0.123515 0.007126
0.528504 0.123515 0.005938
0.538005 0.123515 0.008314
0.338480 0.124703 0.005938
0.380048 0.124703 0.008314
0.444181 0.124703 0.004751
0.464371 0.124703 0.004751
0.471496 0.124703 0.008314
0.483373 0.124703 0.005938
0.494062 0.124703 0.007126
0.199525 0.125891 0.005938
0.212589 0.125891 0.008314
0.328979 0.125891 0.007126
0.347981 0.125891 0.007126
0.220903 0.127078 0.005938
0.875297 0.127078 0.008314
0.185273 0.128266 0.008314
0.866983 0.128266 0.007126
0.172209 0.129454 0.008314
0.780285 0.129454 0.008314
0.844418 0.129454 0.008314
0.856295 0.129454 0.008314
0.163895 0.130641 0.004751
0.788599 0.130641 0.005938
0.809976 0.130641 0.007126
0.820665 0.130641 0.007126
0.830166 0.130641 0.008314
0.154394 0.131829 0.007126
0.762470 0.131829 0.008314
0.773159 0.131829 0.008314
0.798100 0.131829 0.008314
0.138955 0.133017 0.010689
0.719715 0.133017 0.011876
0.725653 0.133017 0.009501
0.750594 0.133017 0.004751
0.129454 0.134204 0.005938
0.144893 0.134204 0.010689
0.640143 0.134204 0.005938
0.649644 0.134204 0.005938
0.657957 0.134204 0.008314
0.711401 0.134204 0.008314
0.742280 0.134204 0.007126
0.118765 0.135392 0.007126
0.444181 0.135392 0.007126
0.599762 0.135392 0.007126
0.610451 0.135392 0.008314
0.621140 0.135392 0.007126
0.630641 0.135392 0.005938
0.453682 0.136580 0.005938
0.548694 0.136580 0.008314
0.568884 0.136580 0.005938
0.589074 0.136580 0.007126
0.404988 0.137767 0.007126
0.415677 0.137767 0.007126
0.427553 0.137767 0.007126
0.435867 0.137767 0.004751
0.465558 0.137767 0.007126
0.484561 0.137767 0.004751
0.505938 0.137767 0.007126
0.559382 0.137767 0.005938
0.578385 0.137767 0.005938
0.357482 0.138955 0.008314
0.375297 0.138955 0.008314
0.385986 0.138955 0.007126
0.395487 0.138955 0.005938
0.476247 0.138955 0.005938
0.494062 0.138955 0.007126
0.517815 0.138955 0.005938
0.526128 0.138955 0.005938
0.535629 0.138955 0.004751
0.345606 0.140143 0.005938
0.334917 0.141330 0.008314
0.218527 0.142518 0.008314
0.241093 0.142518 0.005938
0.250594 0.142518 0.007126
0.261283 0.142518 0.008314
0.870546 0.142518 0.004751
0.878860 0.142518 0.011876
0.230404 0.143705 0.008314
0.863420 0.143705 0.004751
0.853919 0.144893 0.005938
0.204276 0.146081 0.008314
0.793349 0.146081 0.005938
0.802850 0.146081 0.007126
0.814727 0.146081 0.008314
0.826603 0.146081 0.007126
0.836105 0.146081 0.005938
0.845606 0.146081 0.004751
0.171021 0.147268 0.008314
0.192399 0.147268 0.008314
0.767221 0.147268 0.009501
0.781473 0.147268 0.008314
0.161520 0.148456 0.004751
0.181710 0.148456 0.007126
0.736342 0.148456 0.011876
0.743468 0.148456 0.008314
0.755344 0.148456 0.008314
0.133017 0.149644 0.007126
0.142518 0.149644 0.007126
0.153207 0.149644 0.005938
0.646081 0.149644 0.008314
0.724466 0.149644 0.008314
0.117577 0.150831 0.008314
0.712589 0.150831 0.008314
0.560570 0.152019 0.008314
0.576010 0.152019 0.009501
0.611639 0.152019 0.008314
0.622328 0.152019 0.004751
0.635392 0.152019 0.008314
0.427553 0.153207 0.007126
0.450119 0.153207 0.008314
0.483373 0.153207 0.007126
0.534442 0.153207 0.007126
0.545131 0.153207 0.007126
0.415677 0.154394 0.008314
0.438242 0.154394 0.008314
0.461995 0.154394 0.008314
0.473872 0.154394 0.005938
0.494062 0.154394 0.004751
0.502375 0.154394 0.008314
0.522565 0.154394 0.007126
0.334917 0.155582 0.004751
0.344418 0.155582 0.007126
0.356295 0.155582 0.008314
0.365796 0.155582 0.007126
0.375297 0.155582 0.007126
0.396675 0.155582 0.004751
0.513064 0.155582 0.005938
0.597387 0.155582 0.009501
0.275534 0.156770 0.008314
0.387173 0.156770 0.007126
0.206651 0.157957 0.004751
0.241093 0.157957 0.005938
0.249406 0.157957 0.004751
0.257720 0.157957 0.004751
0.216152 0.159145 0.005938
0.229216 0.159145 0.008314
0.871734 0.159145 0.013064
0.880048 0.159145 0.005938
0.166271 0.161520 0.007126
0.174584 0.161520 0.005938
0.185273 0.161520 0.008314
0.198337 0.161520 0.005938
0.850356 0.161520 0.008314
0.862233 0.161520 0.008314
0.147268 0.162708 0.007126
0.156770 0.162708 0.007126
0.819477 0.162708 0.008314
0.800475 0.163895 0.008314
0.811164 0.163895 0.004751
0.830166 0.163895 0.004751
0.837292 0.163895 0.010689
0.135392 0.165083 0.007126
0.758907 0.165083 0.005938
0.767221 0.165083 0.008314
0.790974 0.165083 0.007126
0.115202 0.166271 0.007126
0.123515 0.166271 0.007126
0.779097 0.166271 0.008314
0.638955 0.167458 0.007126
0.649644 0.167458 0.008314
0.742280 0.167458 0.004751
0.749406 0.167458 0.010689
0.609264 0.168646 0.008314
0.621140 0.168646 0.005938
0.629454 0.168646 0.005938
0.709026 0.168646 0.007126
0.731591 0.168646 0.008314
0.394299 0.169834 0.008314
0.590261 0.169834 0.008314
0.598575 0.169834 0.004751
0.719715 0.169834 0.005938
0.334917 0.171021 0.008314
0.346793 0.171021 0.007126
0.357482 0.171021 0.007126
0.380048 0.171021 0.008314
0.402613 0.171021 0.005938
0.446556 0.171021 0.005938
0.466746 0.171021 0.008314
0.501188 0.171021 0.007126
0.511876 0.171021 0.007126
0.521378 0.171021 0.007126
0.532067 0.171021 0.007126
0.561758 0.171021 0.008314
0.567696 0.171021 0.008314
0.578385 0.171021 0.007126
0.366983 0.172209 0.007126
0.412114 0.172209 0.005938
0.420428 0.172209 0.004751
0.435867 0.172209 0.005938
0.456057 0.172209 0.008314
0.480998 0.172209 0.008314
0.490499 0.172209 0.008314
0.542755 0.172209 0.005938
0.552257 0.172209 0.008314
0.248219 0.174584 0.008314
0.214964 0.175772 0.007126
0.225653 0.175772 0.007126
0.237530 0.175772 0.007126
0.165083 0.176960 0.011876
0.184086 0.176960 0.008314
0.195962 0.176960 0.007126
0.205463 0.176960 0.004751
0.874109 0.176960 0.008314
0.146081 0.178147 0.007126
0.156770 0.178147 0.008314
0.830166 0.178147 0.004751
0.839667 0.178147 0.007126
0.865796 0.178147 0.008314
0.128266 0.179335 0.005938
0.135392 0.179335 0.004751
0.823040 0.179335 0.004751
0.850356 0.179335 0.008314
0.117577 0.180523 0.007126
0.808789 0.180523 0.008314
0.814727 0.180523 0.005938
0.794537 0.181710 0.005938
0.761283 0.182898 0.010689
0.776722 0.182898 0.005938
0.785036 0.182898 0.008314
0.648456 0.184086 0.007126
0.726841 0.184086 0.005938
0.737530 0.184086 0.008314
0.748219 0.184086 0.008314
0.612827 0.185273 0.004751
0.630641 0.185273 0.004751
0.657957 0.185273 0.005938
0.669834 0.185273 0.008314
0.680523 0.185273 0.008314
0.710214 0.185273 0.008314
0.719715 0.185273 0.008314
0.560570 0.186461 0.007126
0.571259 0.186461 0.008314
0.603325 0.186461 0.007126
0.621140 0.186461 0.011876
0.693587 0.186461 0.008314
0.528504 0.187648 0.004751
0.543943 0.187648 0.008314
0.593824 0.187648 0.007126
0.340855 0.188836 0.008314
0.501188 0.188836 0.005938
0.521378 0.188836 0.005938
0.581948 0.188836 0.008314
0.388361 0.190024 0.007126
0.399050 0.190024 0.005938
0.408551 0.190024 0.005938
0.435867 0.190024 0.005938
0.446556 0.190024 0.008314
0.460808 0.190024 0.011876
0.469121 0.190024 0.004751
0.477435 0.190024 0.005938
0.490499 0.190024 0.008314
0.511876 0.190024 0.008314
0.353919 0.191211 0.005938
0.366983 0.191211 0.008314
0.376485 0.191211 0.008314
0.423990 0.191211 0.008314
0.236342 0.192399 0.008314
0.264846 0.192399 0.007126
0.292162 0.192399 0.004751
0.323040 0.192399 0.009501
0.868171 0.192399 0.004751
0.876485 0.192399 0.010689
0.199525 0.193587 0.007126
0.211401 0.193587 0.008314
0.224466 0.193587 0.007126
0.248219 0.193587 0.013064
0.280285 0.193587 0.008314
0.300475 0.193587 0.004751
0.306413 0.193587 0.010689
0.856295 0.193587 0.004751
0.141330 0.194774 0.007126
0.150831 0.194774 0.007126
0.161520 0.194774 0.004751
0.171021 0.194774 0.007126
0.181710 0.194774 0.005938
0.190024 0.194774 0.004751
0.840855 0.194774 0.008314
0.847981 0.194774 0.005938
0.814727 0.195962 0.005938
0.821853 0.195962 0.005938
0.130641 0.197150 0.008314
0.830166 0.197150 0.013064
0.116390 0.198337 0.008314
0.802850 0.198337 0.008314
0.739905 0.199525 0.008314
0.749406 0.199525 0.007126
0.757720 0.199525 0.004751
0.777910 0.199525 0.008314
0.792162 0.199525 0.008314
0.714964 0.200713 0.010689
0.634204 0.201900 0.013064
0.667458 0.201900 0.008314
0.706651 0.201900 0.004751
0.730404 0.201900 0.005938
0.583135 0.203088 0.008314
0.593824 0.203088 0.008314
0.628266 0.203088 0.010689
0.643705 0.203088 0.008314
0.655582 0.203088 0.008314
0.680523 0.203088 0.008314
0.545131 0.204276 0.008314
0.565321 0.204276 0.008314
0.604513 0.204276 0.005938
0.614014 0.204276 0.008314
0.523753 0.205463 0.007126
0.534442 0.205463 0.008314
0.554632 0.205463 0.007126
0.383610 0.206651 0.007126
0.393112 0.206651 0.008314
0.404988 0.206651 0.004751
0.421615 0.206651 0.008314
0.494062 0.206651 0.005938
0.503563 0.206651 0.007126
0.514252 0.206651 0.005938
0.350356 0.207838 0.007126
0.365796 0.207838 0.008314
0.375297 0.207838 0.008314
0.434679 0.207838 0.008314
0.446556 0.207838 0.005938
0.476247 0.207838 0.004751
0.484561 0.207838 0.005938
0.229216 0.209026 0.007126
0.252969 0.209026 0.008314
0.268409 0.209026 0.008314
0.338480 0.209026 0.008314
0.457245 0.209026 0.008314
0.469121 0.209026 0.005938
0.159145 0.210214 0.007126
0.168646 0.210214 0.005938
0.176960 0.210214 0.004751
0.186461 0.210214 0.008314
0.199525 0.210214 0.007126
0.209026 0.210214 0.005938
0.218527 0.210214 0.005938
0.242280 0.210214 0.004751
0.279097 0.210214 0.005938
0.286223 0.210214 0.004751
0.299287 0.210214 0.010689
0.311164 0.210214 0.008314
0.324228 0.210214 0.008314
0.861045 0.210214 0.008314
0.875297 0.210214 0.008314
0.850356 0.211401 0.007126
0.135392 0.213777 0.007126
0.147268 0.213777 0.008314
0.824228 0.213777 0.008314
0.114014 0.214964 0.007126
0.123515 0.214964 0.008314
0.751781 0.214964 0.011876
0.838480 0.214964 0.009501
0.719715 0.216152 0.007126
0.733967 0.216152 0.008314
0.743468 0.216152 0.004751
0.766033 0.216152 0.007126
0.776722 0.216152 0.008314
0.794537 0.216152 0.004751
0.801663 0.216152 0.004751
0.809976 0.216152 0.011876
0.668646 0.217340 0.008314
0.704276 0.217340 0.004751
0.710214 0.217340 0.008314
0.659145 0.218527 0.005938
0.681710 0.218527 0.007126
0.504751 0.220903 0.008314
0.635392 0.220903 0.010689
0.643705 0.220903 0.011876
0.422803 0.222090 0.007126
0.432304 0.222090 0.007126
0.446556 0.222090 0.007126
0.457245 0.222090 0.005938
0.465558 0.222090 0.008314
0.522565 0.222090 0.008314
0.533254 0.222090 0.013064
0.541568 0.222090 0.004751
0.573634 0.222090 0.008314
0.586698 0.222090 0.007126
0.598575 0.222090 0.008314
0.610451 0.222090 0.007126
0.622328 0.222090 0.005938
0.228029 0.223278 0.008314
0.358670 0.223278 0.008314
0.369359 0.223278 0.005938
0.380048 0.223278 0.008314
0.395487 0.223278 0.007126
0.403800 0.223278 0.007126
0.549881 0.223278 0.005938
0.560570 0.223278 0.008314
0.171021 0.224466 0.007126
0.182898 0.224466 0.007126
0.241093 0.224466 0.008314
0.413302 0.224466 0.007126
0.160333 0.225653 0.007126
0.194774 0.225653 0.008314
0.206651 0.225653 0.007126
0.216152 0.225653 0.008314
0.254157 0.225653 0.008314
0.294537 0.225653 0.008314
0.336105 0.225653 0.005938
0.344418 0.225653 0.008314
0.133017 0.226841 0.005938
0.147268 0.226841 0.008314
0.264846 0.226841 0.007126
0.274347 0.226841 0.008314
0.307601 0.226841 0.008314
0.324228 0.226841 0.008314
0.124703 0.228029 0.004751
0.115202 0.229216 0.007126
