0.942993 0.004751 0.017815
0.787411 0.005938 0.023753
0.851544 0.007126 0.020190
0.755344 0.010689 0.010689
0.817102 0.011876 0.011876
0.880048 0.011876 0.011876
0.615202 0.035629 0.008314
0.652019 0.035629 0.004751
0.659145 0.035629 0.005938
0.694774 0.035629 0.008314
0.855107 0.035629 0.008314
0.564133 0.036817 0.004751
0.581948 0.036817 0.005938
0.590261 0.036817 0.004751
0.604513 0.036817 0.004751
0.630641 0.036817 0.008314
0.642518 0.036817 0.005938
0.667458 0.036817 0.004751
0.685273 0.036817 0.007126
0.716152 0.036817 0.005938
0.738717 0.036817 0.005938
0.756532 0.036817 0.004751
0.507126 0.038005 0.004751
0.516627 0.038005 0.007126
0.539192 0.038005 0.005938
0.547506 0.038005 0.004751
0.555819 0.038005 0.004751
0.571259 0.038005 0.008314
0.596200 0.038005 0.010689
0.706651 0.038005 0.004751
0.729216 0.038005 0.008314
0.747031 0.038005 0.005938
0.768409 0.038005 0.008314
0.781473 0.038005 0.008314
0.794537 0.038005 0.004751
0.808789 0.038005 0.004751
0.815914 0.038005 0.004751
0.826603 0.038005 0.007126
0.834917 0.038005 0.005938
0.843230 0.038005 0.004751
0.862233 0.038005 0.005938
0.881235 0.038005 0.008314
0.446556 0.039192 0.004751
0.472684 0.039192 0.007126
0.483373 0.039192 0.010689
0.490499 0.039192 0.004751
0.498812 0.039192 0.005938
0.872922 0.039192 0.005938
0.425178 0.040380 0.004751
0.438242 0.040380 0.010689
0.453682 0.040380 0.004751
0.463183 0.040380 0.007126
0.529691 0.040380 0.007126
0.380048 0.041568 0.007126
0.409739 0.041568 0.004751
0.418052 0.041568 0.004751
0.352732 0.042755 0.013064
0.362233 0.042755 0.011876
0.401425 0.042755 0.004751
0.263658 0.043943 0.005938
0.300475 0.043943 0.005938
0.309976 0.043943 0.004751
0.333729 0.043943 0.008314
0.390736 0.043943 0.008314
0.244656 0.045131 0.008314
0.251781 0.045131 0.007126
0.275534 0.045131 0.007126
0.285036 0.045131 0.010689
0.206651 0.046318 0.008314
0.232779 0.046318 0.008314
0.182898 0.047506 0.007126
0.194774 0.047506 0.008314
0.218527 0.047506 0.008314
0.716152 0.048694 0.005938
0.155582 0.049881 0.011876
0.163895 0.049881 0.004751
0.173397 0.049881 0.005938
0.653207 0.049881 0.004751
0.662708 0.049881 0.005938
0.671021 0.049881 0.008314
0.685273 0.049881 0.005938
0.700713 0.049881 0.010689
0.726841 0.049881 0.004751
0.792162 0.049881 0.008314
0.799287 0.049881 0.004751
0.809976 0.049881 0.007126
0.148456 0.051069 0.011876
0.557007 0.051069 0.008314
0.566508 0.051069 0.004751
0.573634 0.051069 0.004751
0.579572 0.051069 0.004751
0.587886 0.051069 0.004751
0.618765 0.051069 0.007126
0.628266 0.051069 0.005938
0.635392 0.051069 0.005938
0.644893 0.051069 0.005938
0.766033 0.051069 0.007126
0.777910 0.051069 0.008314
0.827791 0.051069 0.007126
0.871734 0.051069 0.004751
0.884798 0.051069 0.004751
0.136580 0.052257 0.005938
0.593824 0.052257 0.010689
0.602138 0.052257 0.004751
0.609264 0.052257 0.010689
0.735154 0.052257 0.005938
0.743468 0.052257 0.008314
0.754157 0.052257 0.008314
0.838480 0.052257 0.005938
0.847981 0.052257 0.004751
0.855107 0.052257 0.004751
0.864608 0.052257 0.008314
0.527316 0.053444 0.005938
0.536817 0.053444 0.008314
0.124703 0.054632 0.008314
0.445368 0.054632 0.007126
0.456057 0.054632 0.008314
0.467933 0.054632 0.004751
0.476247 0.054632 0.004751
0.486936 0.054632 0.007126
0.498812 0.054632 0.008314
0.511876 0.054632 0.008314
0.370546 0.055819 0.004751
0.378860 0.055819 0.005938
0.407363 0.055819 0.004751
0.415677 0.055819 0.004751
0.422803 0.055819 0.008314
0.433492 0.055819 0.007126
0.363420 0.057007 0.004751
0.391924 0.057007 0.005938
0.400238 0.057007 0.004751
0.289786 0.058195 0.005938
0.300475 0.058195 0.007126
0.309976 0.058195 0.007126
0.353919 0.058195 0.005938
0.249406 0.059382 0.008314
0.258907 0.059382 0.011876
0.267221 0.059382 0.004751
0.277910 0.059382 0.007126
0.325416 0.059382 0.008314
0.343230 0.059382 0.009501
0.237530 0.060570 0.007126
0.185273 0.061758 0.004751
0.656770 0.061758 0.007126
0.163895 0.062945 0.005938
0.173397 0.062945 0.004751
0.192399 0.062945 0.004751
0.200713 0.062945 0.004751
0.207838 0.062945 0.008314
0.218527 0.062945 0.004751
0.225653 0.062945 0.008314
0.637767 0.064133 0.004751
0.672209 0.064133 0.010689
0.680523 0.064133 0.008314
0.691211 0.064133 0.008314
0.773159 0.064133 0.005938
0.782660 0.064133 0.005938
0.798100 0.064133 0.008314
0.808789 0.064133 0.005938
0.817102 0.064133 0.004751
0.827791 0.064133 0.007126
0.152019 0.065321 0.008314
0.578385 0.065321 0.007126
0.587886 0.065321 0.004751
0.596200 0.065321 0.005938
0.608076 0.065321 0.008314
0.629454 0.065321 0.004751
0.701900 0.065321 0.007126
0.710214 0.065321 0.004751
0.722090 0.065321 0.008314
0.735154 0.065321 0.007126
0.745843 0.065321 0.004751
0.752969 0.065321 0.005938
0.762470 0.065321 0.005938
0.838480 0.065321 0.007126
0.849169 0.065321 0.005938
0.857482 0.065321 0.004751
0.868171 0.065321 0.008314
0.874109 0.065321 0.004751
0.131829 0.066508 0.004751
0.549881 0.066508 0.005938
0.559382 0.066508 0.004751
0.619952 0.066508 0.007126
0.122328 0.067696 0.005938
0.141330 0.067696 0.007126
0.528504 0.067696 0.007126
0.540380 0.067696 0.008314
0.461995 0.068884 0.007126
0.473872 0.068884 0.007126
0.507126 0.068884 0.005938
0.516627 0.068884 0.007126
0.372922 0.070071 0.008314
0.406176 0.070071 0.008314
0.418052 0.070071 0.007126
0.428741 0.070071 0.007126
0.450119 0.070071 0.007126
0.483373 0.070071 0.005938
0.495249 0.070071 0.007126
0.292162 0.071259 0.007126
0.382423 0.071259 0.004751
0.390736 0.071259 0.011876
0.279097 0.072447 0.007126
0.301663 0.072447 0.004751
0.309976 0.072447 0.010689
0.352732 0.072447 0.004751
0.361045 0.072447 0.005938
0.438242 0.072447 0.008314
0.228029 0.073634 0.007126
0.268409 0.073634 0.008314
0.343230 0.073634 0.005938
0.210214 0.074822 0.004751
0.217340 0.074822 0.008314
0.241093 0.074822 0.008314
0.324228 0.074822 0.005938
0.332542 0.074822 0.004751
0.186461 0.076010 0.005938
0.199525 0.076010 0.007126
0.254157 0.076010 0.008314
0.787411 0.076010 0.007126
0.175772 0.077197 0.005938
0.756532 0.077197 0.004751
0.798100 0.077197 0.005938
0.858670 0.077197 0.008314
0.872922 0.077197 0.007126
0.156770 0.078385 0.005938
0.167458 0.078385 0.005938
0.687648 0.078385 0.007126
0.717340 0.078385 0.007126
0.728029 0.078385 0.005938
0.736342 0.078385 0.007126
0.749406 0.078385 0.008314
0.766033 0.078385 0.008314
0.777910 0.078385 0.005938
0.812352 0.078385 0.008314
0.824228 0.078385 0.007126
0.834917 0.078385 0.004751
0.843230 0.078385 0.008314
0.133017 0.079572 0.005938
0.143705 0.079572 0.007126
0.648456 0.079572 0.004751
0.679335 0.079572 0.007126
0.700713 0.079572 0.005938
0.707838 0.079572 0.011876
0.122328 0.080760 0.007126
0.619952 0.080760 0.005938
0.629454 0.080760 0.007126
0.640143 0.080760 0.005938
0.657957 0.080760 0.007126
0.668646 0.080760 0.007126
0.527316 0.081948 0.008314
0.552257 0.081948 0.008314
0.565321 0.081948 0.008314
0.579572 0.081948 0.008314
0.602138 0.081948 0.005938
0.610451 0.081948 0.005938
0.507126 0.083135 0.004751
0.516627 0.083135 0.005938
0.543943 0.083135 0.008314
0.592637 0.083135 0.005938
0.296912 0.084323 0.005938
0.466746 0.084323 0.004751
0.473872 0.084323 0.008314
0.497625 0.084323 0.005938
0.415677 0.085511 0.004751
0.483373 0.085511 0.008314
0.305226 0.086698 0.004751
0.332542 0.086698 0.005938
0.355107 0.086698 0.004751
0.408551 0.086698 0.004751
0.435867 0.086698 0.007126
0.445368 0.086698 0.007126
0.206651 0.087886 0.004751
0.214964 0.087886 0.005938
0.223278 0.087886 0.005938
0.231591 0.087886 0.010689
0.321853 0.087886 0.004751
0.345606 0.087886 0.008314
0.376485 0.087886 0.007126
0.387173 0.087886 0.005938
0.397862 0.087886 0.007126
0.457245 0.087886 0.005938
0.187648 0.089074 0.007126
0.198337 0.089074 0.005938
0.364608 0.089074 0.008314
0.179335 0.090261 0.007126
0.150831 0.091449 0.005938
0.160333 0.091449 0.004751
0.168646 0.091449 0.005938
0.872922 0.091449 0.008314
0.121140 0.092637 0.005938
0.141330 0.092637 0.005938
0.781473 0.092637 0.008314
0.794537 0.092637 0.008314
0.806413 0.092637 0.007126
0.817102 0.092637 0.007126
0.827791 0.092637 0.008314
0.834917 0.092637 0.010689
0.862233 0.092637 0.004751
0.133017 0.093824 0.007126
0.730404 0.093824 0.008314
0.747031 0.093824 0.005938
0.769596 0.093824 0.008314
0.843230 0.093824 0.004751
0.852732 0.093824 0.005938
0.738717 0.095012 0.011876
0.755344 0.095012 0.007126
0.641330 0.096200 0.004751
0.655582 0.096200 0.004751
0.666271 0.096200 0.005938
0.718527 0.096200 0.010689
0.557007 0.097387 0.013064
0.624703 0.097387 0.008314
0.633017 0.097387 0.004751
0.409739 0.098575 0.008314
0.452494 0.098575 0.013064
0.549881 0.098575 0.005938
0.566508 0.098575 0.005938
0.576010 0.098575 0.011876
0.583135 0.098575 0.005938
0.591449 0.098575 0.005938
0.603325 0.098575 0.005938
0.611639 0.098575 0.005938
0.299287 0.099762 0.009501
0.418052 0.099762 0.005938
0.472684 0.099762 0.008314
0.530879 0.099762 0.005938
0.427553 0.100950 0.004751
0.461995 0.100950 0.008314
0.484561 0.100950 0.008314
0.496437 0.100950 0.004751
0.504751 0.100950 0.005938
0.514252 0.100950 0.005938
0.522565 0.100950 0.005938
0.539192 0.100950 0.011876
0.242280 0.102138 0.005938
0.252969 0.102138 0.007126
0.391924 0.102138 0.005938
0.401425 0.102138 0.008314
0.438242 0.102138 0.008314
0.197150 0.103325 0.007126
0.206651 0.103325 0.005938
0.216152 0.103325 0.004751
0.223278 0.103325 0.008314
0.233967 0.103325 0.004751
0.383610 0.103325 0.004751
0.285036 0.104513 0.008314
0.339667 0.104513 0.007126
0.350356 0.104513 0.005938
0.374109 0.104513 0.008314
0.180523 0.105701 0.008314
0.273159 0.105701 0.008314
0.168646 0.106888 0.008314
0.361045 0.106888 0.007126
0.833729 0.106888 0.004751
0.843230 0.106888 0.005938
0.851544 0.106888 0.004751
0.861045 0.106888 0.008314
0.872922 0.106888 0.010689
0.134204 0.108076 0.008314
0.147268 0.108076 0.005938
0.156770 0.108076 0.005938
0.758907 0.108076 0.008314
0.768409 0.108076 0.004751
0.775534 0.108076 0.005938
0.826603 0.108076 0.004751
0.878860 0.108076 0.009501
0.745843 0.109264 0.008314
0.785036 0.109264 0.004751
0.800475 0.109264 0.008314
0.815914 0.109264 0.007126
0.119952 0.110451 0.008314
0.732779 0.110451 0.004751
0.655582 0.111639 0.010689
0.722090 0.111639 0.008314
0.091449 0.112827 0.008314
0.591449 0.112827 0.005938
0.622328 0.112827 0.005938
0.633017 0.112827 0.008314
0.646081 0.112827 0.008314
0.294537 0.114014 0.007126
0.599762 0.114014 0.011876
0.612827 0.114014 0.005938
0.571259 0.115202 0.008314
0.581948 0.115202 0.005938
0.461995 0.116390 0.007126
0.495249 0.116390 0.005938
0.507126 0.116390 0.007126
0.519002 0.116390 0.005938
0.541568 0.116390 0.007126
0.225653 0.117577 0.005938
0.235154 0.117577 0.005938
0.245843 0.117577 0.008314
0.257720 0.117577 0.007126
0.407363 0.117577 0.008314
0.433492 0.117577 0.005938
0.442993 0.117577 0.005938
0.472684 0.117577 0.005938
0.484561 0.117577 0.007126
0.530879 0.117577 0.008314
0.551069 0.117577 0.004751
0.559382 0.117577 0.008314
0.204276 0.118765 0.008314
0.216152 0.118765 0.008314
0.353919 0.118765 0.007126
0.384798 0.118765 0.005938
0.395487 0.118765 0.008314
0.421615 0.118765 0.008314
0.451306 0.118765 0.007126
0.182898 0.119952 0.004751
0.192399 0.119952 0.007126
0.270784 0.119952 0.007126
0.281473 0.119952 0.005938
0.343230 0.119952 0.010689
0.364608 0.119952 0.004751
0.372922 0.119952 0.007126
0.153207 0.121140 0.007126
0.163895 0.121140 0.005938
0.173397 0.121140 0.007126
0.141330 0.122328 0.008314
0.779097 0.122328 0.008314
0.852732 0.122328 0.007126
0.863420 0.122328 0.005938
0.871734 0.122328 0.004751
0.880048 0.122328 0.005938
0.767221 0.123515 0.008314
0.794537 0.123515 0.007126
0.802850 0.123515 0.004751
0.832542 0.123515 0.004751
0.839667 0.123515 0.009501
0.735154 0.124703 0.004751
0.745843 0.124703 0.008314
0.757720 0.124703 0.005938
0.813539 0.124703 0.008314
0.823040 0.124703 0.008314
0.091449 0.125891 0.005938
0.118765 0.125891 0.007126
0.128266 0.125891 0.008314
0.656770 0.127078 0.008314
0.668646 0.127078 0.004751
0.717340 0.127078 0.008314
0.726841 0.127078 0.005938
0.637767 0.128266 0.011876
0.647268 0.128266 0.005938
0.619952 0.129454 0.007126
0.630641 0.129454 0.004751
0.463183 0.130641 0.008314
0.516627 0.130641 0.007126
0.552257 0.130641 0.007126
0.562945 0.130641 0.005938
0.572447 0.130641 0.008314
0.579572 0.130641 0.013064
0.589074 0.130641 0.007126
0.599762 0.130641 0.005938
0.609264 0.130641 0.004751
0.363420 0.131829 0.007126
0.374109 0.131829 0.005938
0.433492 0.131829 0.005938
0.441805 0.131829 0.007126
0.452494 0.131829 0.007126
0.472684 0.131829 0.005938
0.482185 0.131829 0.005938
0.492874 0.131829 0.007126
0.503563 0.131829 0.008314
0.527316 0.131829 0.004751
0.535629 0.131829 0.004751
0.401425 0.133017 0.007126
0.413302 0.133017 0.008314
0.423990 0.133017 0.005938
0.205463 0.134204 0.008314
0.217340 0.134204 0.007126
0.228029 0.134204 0.004751
0.237530 0.134204 0.005938
0.245843 0.134204 0.007126
0.256532 0.134204 0.008314
0.279097 0.134204 0.005938
0.287411 0.134204 0.010689
0.270784 0.135392 0.008314
0.339667 0.135392 0.008314
0.351544 0.135392 0.004751
0.388361 0.135392 0.008314
0.166271 0.136580 0.005938
0.184086 0.136580 0.005938
0.192399 0.136580 0.004751
0.876485 0.136580 0.007126
0.157957 0.137767 0.004751
0.174584 0.137767 0.008314
0.119952 0.138955 0.007126
0.143705 0.138955 0.010689
0.838480 0.138955 0.007126
0.847981 0.138955 0.004751
0.857482 0.138955 0.005938
0.131829 0.140143 0.008314
0.799287 0.140143 0.005938
0.826603 0.140143 0.005938
0.741093 0.141330 0.008314
0.780285 0.141330 0.004751
0.789786 0.141330 0.005938
0.807601 0.141330 0.011876
0.817102 0.141330 0.005938
0.710214 0.142518 0.008314
0.719715 0.142518 0.007126
0.729216 0.142518 0.007126
0.749406 0.142518 0.004751
0.761283 0.142518 0.008314
0.771971 0.142518 0.008314
0.669834 0.143705 0.008314
0.649644 0.144893 0.004751
0.657957 0.144893 0.007126
0.605701 0.146081 0.005938
0.641330 0.146081 0.005938
0.453682 0.147268 0.005938
0.501188 0.147268 0.008314
0.511876 0.147268 0.008314
0.573634 0.147268 0.005938
0.593824 0.147268 0.008314
0.615202 0.147268 0.005938
0.623515 0.147268 0.004751
0.630641 0.147268 0.010689
0.523753 0.148456 0.008314
0.534442 0.148456 0.007126
0.543943 0.148456 0.005938
0.583135 0.148456 0.007126
0.287411 0.149644 0.008314
0.365796 0.149644 0.007126
0.419240 0.149644 0.008314
0.429929 0.149644 0.004751
0.445368 0.149644 0.005938
0.461995 0.149644 0.010689
0.486936 0.149644 0.009501
0.553444 0.149644 0.007126
0.562945 0.149644 0.007126
0.883610 0.149644 0.013064
0.175772 0.150831 0.008314
0.232779 0.150831 0.005938
0.264846 0.150831 0.005938
0.344418 0.150831 0.007126
0.375297 0.150831 0.008314
0.388361 0.150831 0.007126
0.400238 0.150831 0.005938
0.409739 0.150831 0.007126
0.863420 0.150831 0.007126
0.874109 0.150831 0.007126
0.204276 0.152019 0.007126
0.216152 0.152019 0.007126
0.224466 0.152019 0.004751
0.243468 0.152019 0.005938
0.252969 0.152019 0.007126
0.275534 0.152019 0.008314
0.296912 0.152019 0.008314
0.353919 0.152019 0.007126
0.185273 0.153207 0.007126
0.194774 0.153207 0.007126
0.331354 0.153207 0.008314
0.843230 0.153207 0.008314
0.852732 0.153207 0.005938
0.157957 0.154394 0.007126
0.119952 0.155582 0.008314
0.131829 0.155582 0.007126
0.143705 0.155582 0.008314
0.819477 0.155582 0.007126
0.830166 0.155582 0.007126
0.741093 0.156770 0.008314
0.752969 0.156770 0.007126
0.809976 0.156770 0.005938
0.710214 0.157957 0.008314
0.719715 0.157957 0.005938
0.729216 0.157957 0.007126
0.771971 0.157957 0.008314
0.786223 0.157957 0.005938
0.602138 0.159145 0.004751
0.665083 0.159145 0.007126
0.685273 0.159145 0.008314
0.698337 0.159145 0.007126
0.796912 0.159145 0.008314
0.655582 0.160333 0.008314
0.761283 0.160333 0.008314
0.627078 0.161520 0.005938
0.636580 0.161520 0.005938
0.646081 0.161520 0.007126
0.673397 0.161520 0.008314
0.608076 0.162708 0.004751
0.616390 0.162708 0.005938
0.465558 0.163895 0.004751
0.490499 0.163895 0.004751
0.501188 0.163895 0.005938
0.509501 0.163895 0.004751
0.533254 0.163895 0.004751
0.543943 0.163895 0.005938
0.433492 0.165083 0.008314
0.446556 0.165083 0.007126
0.471496 0.165083 0.004751
0.480998 0.165083 0.005938
0.521378 0.165083 0.008314
0.552257 0.165083 0.005938
0.562945 0.165083 0.004751
0.570071 0.165083 0.004751
0.585511 0.165083 0.008314
0.362233 0.166271 0.005938
0.375297 0.166271 0.008314
0.383610 0.166271 0.004751
0.402613 0.166271 0.007126
0.409739 0.166271 0.005938
0.419240 0.166271 0.005938
0.458432 0.166271 0.007126
0.881235 0.166271 0.004751
0.268409 0.167458 0.007126
0.277910 0.167458 0.005938
0.286223 0.167458 0.005938
0.294537 0.167458 0.005938
0.306413 0.167458 0.007126
0.315914 0.167458 0.005938
0.326603 0.167458 0.007126
0.337292 0.167458 0.005938
0.349169 0.167458 0.008314
0.393112 0.167458 0.005938
0.863420 0.167458 0.005938
0.141330 0.168646 0.007126
0.185273 0.168646 0.010689
0.199525 0.168646 0.009501
0.212589 0.168646 0.004751
0.223278 0.168646 0.008314
0.235154 0.168646 0.005938
0.244656 0.168646 0.004751
0.255344 0.168646 0.007126
0.832542 0.168646 0.005938
0.845606 0.168646 0.008314
0.872922 0.168646 0.005938
0.118765 0.169834 0.009501
0.131829 0.169834 0.004751
0.155582 0.169834 0.007126
0.166271 0.169834 0.007126
0.176960 0.169834 0.005938
0.821853 0.169834 0.008314
0.853919 0.169834 0.005938
0.800475 0.171021 0.007126
0.809976 0.171021 0.005938
0.770784 0.172209 0.007126
0.781473 0.172209 0.005938
0.789786 0.172209 0.004751
0.757720 0.173397 0.007126
0.686461 0.174584 0.007126
0.695962 0.174584 0.005938
0.717340 0.174584 0.005938
0.726841 0.174584 0.005938
0.736342 0.174584 0.005938
0.745843 0.174584 0.007126
0.675772 0.175772 0.004751
0.706651 0.175772 0.007126
0.631829 0.176960 0.005938
0.646081 0.176960 0.008314
0.654394 0.176960 0.004751
0.666271 0.176960 0.008314
0.490499 0.178147 0.007126
0.570071 0.178147 0.005938
0.583135 0.178147 0.005938
0.603325 0.178147 0.007126
0.612827 0.178147 0.005938
0.621140 0.178147 0.007126
0.890736 0.178147 0.004751
0.399050 0.179335 0.007126
0.422803 0.179335 0.005938
0.432304 0.179335 0.005938
0.442993 0.179335 0.008314
0.450119 0.179335 0.008314
0.461995 0.179335 0.007126
0.471496 0.179335 0.007126
0.482185 0.179335 0.005938
0.502375 0.179335 0.005938
0.514252 0.179335 0.007126
0.532067 0.179335 0.007126
0.542755 0.179335 0.007126
0.553444 0.179335 0.004751
0.561758 0.179335 0.004751
0.593824 0.179335 0.005938
0.875297 0.179335 0.004751
0.883610 0.179335 0.014252
0.302850 0.180523 0.005938
0.362233 0.180523 0.007126
0.372922 0.180523 0.007126
0.387173 0.180523 0.008314
0.410926 0.180523 0.008314
0.128266 0.181710 0.004751
0.137767 0.181710 0.005938
0.146081 0.181710 0.007126
0.290974 0.181710 0.007126
0.311164 0.181710 0.005938
0.320665 0.181710 0.005938
0.342043 0.181710 0.005938
0.351544 0.181710 0.005938
0.858670 0.181710 0.004751
0.115202 0.182898 0.008314
0.167458 0.182898 0.007126
0.176960 0.182898 0.004751
0.200713 0.182898 0.004751
0.216152 0.182898 0.005938
0.225653 0.182898 0.004751
0.274347 0.182898 0.004751
0.280285 0.182898 0.008314
0.332542 0.182898 0.008314
0.837292 0.182898 0.004751
0.849169 0.182898 0.008314
0.184086 0.184086 0.005938
0.192399 0.184086 0.004751
0.232779 0.184086 0.005938
0.255344 0.184086 0.007126
0.266033 0.184086 0.004751
0.802850 0.184086 0.007126
0.823040 0.184086 0.004751
0.831354 0.184086 0.010689
0.244656 0.185273 0.008314
0.790974 0.185273 0.005938
0.813539 0.185273 0.008314
0.762470 0.187648 0.007126
0.773159 0.187648 0.005938
0.781473 0.187648 0.013064
0.695962 0.188836 0.007126
0.731591 0.188836 0.007126
0.741093 0.188836 0.008314
0.749406 0.188836 0.008314
0.643705 0.190024 0.005938
0.661520 0.190024 0.008314
0.709026 0.190024 0.007126
0.720903 0.190024 0.008314
0.532067 0.191211 0.007126
0.634204 0.191211 0.007126
0.653207 0.191211 0.005938
0.673397 0.191211 0.007126
0.686461 0.191211 0.007126
0.133017 0.192399 0.005938
0.408551 0.192399 0.007126
0.502375 0.192399 0.005938
0.510689 0.192399 0.005938
0.520190 0.192399 0.008314
0.610451 0.192399 0.004751
0.122328 0.193587 0.005938
0.396675 0.193587 0.008314
0.419240 0.193587 0.007126
0.453682 0.193587 0.005938
0.464371 0.193587 0.008314
0.479810 0.193587 0.008314
0.491686 0.193587 0.008314
0.542755 0.193587 0.007126
0.554632 0.193587 0.008314
0.566508 0.193587 0.007126
0.578385 0.193587 0.005938
0.589074 0.193587 0.005938
0.600950 0.193587 0.007126
0.621140 0.193587 0.008314
0.175772 0.194774 0.005938
0.431116 0.194774 0.008314
0.442993 0.194774 0.007126
0.112827 0.195962 0.005938
0.141330 0.195962 0.005938
0.314727 0.195962 0.007126
0.353919 0.195962 0.007126
0.365796 0.195962 0.008314
0.375297 0.195962 0.007126
0.167458 0.197150 0.005938
0.194774 0.197150 0.007126
0.266033 0.197150 0.008314
0.276722 0.197150 0.007126
0.295724 0.197150 0.004751
0.304038 0.197150 0.013064
0.324228 0.197150 0.004751
0.336105 0.197150 0.008314
0.345606 0.197150 0.005938
0.239905 0.198337 0.008314
0.286223 0.198337 0.007126
0.182898 0.199525 0.007126
0.204276 0.199525 0.008314
0.217340 0.199525 0.004751
0.252969 0.199525 0.007126
