0.713777 0.067696 0.005938
0.767221 0.067696 0.008314
0.680523 0.068884 0.007126
0.700713 0.068884 0.004751
0.724466 0.068884 0.005938
0.733967 0.068884 0.004751
0.741093 0.068884 0.005938
0.779097 0.068884 0.008314
0.793349 0.068884 0.008314
0.805226 0.068884 0.008314
0.834917 0.068884 0.007126
0.847981 0.068884 0.007126
0.624703 0.070071 0.005938
0.634204 0.070071 0.007126
0.646081 0.070071 0.008314
0.668646 0.070071 0.005938
0.691211 0.070071 0.005938
0.751781 0.070071 0.007126
0.814727 0.070071 0.005938
0.824228 0.070071 0.005938
0.590261 0.071259 0.005938
0.599762 0.071259 0.007126
0.610451 0.071259 0.008314
0.657957 0.071259 0.008314
0.858670 0.071259 0.005938
0.868171 0.071259 0.005938
0.498812 0.072447 0.007126
0.510689 0.072447 0.005938
0.522565 0.072447 0.008314
0.535629 0.072447 0.008314
0.546318 0.072447 0.008314
0.554632 0.072447 0.004751
0.562945 0.072447 0.013064
0.572447 0.072447 0.005938
0.581948 0.072447 0.004751
0.433492 0.073634 0.008314
0.442993 0.073634 0.007126
0.457245 0.073634 0.010689
0.464371 0.073634 0.004751
0.486936 0.073634 0.008314
0.421615 0.074822 0.007126
0.473872 0.074822 0.007126
0.331354 0.076010 0.005938
0.340855 0.076010 0.007126
0.359857 0.076010 0.004751
0.403800 0.076010 0.004751
0.410926 0.076010 0.008314
0.313539 0.077197 0.004751
0.321853 0.077197 0.004751
0.351544 0.077197 0.005938
0.370546 0.077197 0.007126
0.396675 0.077197 0.010689
0.292162 0.078385 0.007126
0.301663 0.078385 0.005938
0.268409 0.079572 0.008314
0.280285 0.079572 0.008314
0.387173 0.079572 0.013064
0.232779 0.080760 0.005938
0.243468 0.080760 0.007126
0.254157 0.080760 0.008314
0.705463 0.080760 0.007126
0.204276 0.081948 0.005938
0.213777 0.081948 0.005938
0.223278 0.081948 0.004751
0.714964 0.081948 0.008314
0.722090 0.081948 0.004751
0.736342 0.081948 0.004751
0.751781 0.081948 0.004751
0.780285 0.081948 0.008314
0.834917 0.081948 0.005938
0.847981 0.081948 0.005938
0.856295 0.081948 0.005938
0.868171 0.081948 0.007126
0.156770 0.083135 0.013064
0.168646 0.083135 0.005938
0.176960 0.083135 0.004751
0.185273 0.083135 0.004751
0.194774 0.083135 0.005938
0.760095 0.083135 0.005938
0.768409 0.083135 0.004751
0.795724 0.083135 0.007126
0.805226 0.083135 0.005938
0.815914 0.083135 0.005938
0.824228 0.083135 0.007126
0.618765 0.084323 0.011876
0.627078 0.084323 0.005938
0.635392 0.084323 0.007126
0.655582 0.084323 0.005938
0.663895 0.084323 0.004751
0.685273 0.084323 0.004751
0.693587 0.084323 0.005938
0.148456 0.085511 0.011876
0.581948 0.085511 0.007126
0.592637 0.085511 0.010689
0.610451 0.085511 0.008314
0.646081 0.085511 0.004751
0.141330 0.086698 0.004751
0.521378 0.086698 0.004751
0.553444 0.086698 0.008314
0.124703 0.087886 0.004751
0.131829 0.087886 0.010689
0.464371 0.087886 0.007126
0.477435 0.087886 0.007126
0.505938 0.087886 0.008314
0.514252 0.087886 0.005938
0.532067 0.087886 0.005938
0.542755 0.087886 0.004751
0.560570 0.087886 0.004751
0.571259 0.087886 0.007126
0.116390 0.089074 0.005938
0.406176 0.089074 0.005938
0.414489 0.089074 0.005938
0.422803 0.089074 0.004751
0.437055 0.089074 0.005938
0.446556 0.089074 0.005938
0.454869 0.089074 0.004751
0.485748 0.089074 0.004751
0.494062 0.089074 0.004751
0.346793 0.090261 0.007126
0.365796 0.090261 0.004751
0.372922 0.090261 0.010689
0.296912 0.091449 0.007126
0.315914 0.091449 0.007126
0.326603 0.091449 0.007126
0.336105 0.091449 0.008314
0.356295 0.091449 0.005938
0.258907 0.092637 0.004751
0.268409 0.092637 0.005938
0.287411 0.092637 0.005938
0.243468 0.093824 0.004751
0.250594 0.093824 0.004751
0.277910 0.093824 0.005938
0.205463 0.095012 0.005938
0.214964 0.095012 0.004751
0.231591 0.095012 0.008314
0.192399 0.096200 0.008314
0.811164 0.096200 0.005938
0.820665 0.096200 0.005938
0.830166 0.096200 0.004751
0.838480 0.096200 0.005938
0.846793 0.096200 0.004751
0.852732 0.096200 0.008314
0.863420 0.096200 0.008314
0.871734 0.096200 0.005938
0.171021 0.097387 0.007126
0.179335 0.097387 0.007126
0.713777 0.097387 0.004751
0.747031 0.097387 0.005938
0.761283 0.097387 0.008314
0.770784 0.097387 0.007126
0.781473 0.097387 0.004751
0.789786 0.097387 0.005938
0.800475 0.097387 0.005938
0.647268 0.098575 0.004751
0.655582 0.098575 0.004751
0.667458 0.098575 0.008314
0.680523 0.098575 0.005938
0.691211 0.098575 0.005938
0.698337 0.098575 0.004751
0.705463 0.098575 0.005938
0.723278 0.098575 0.007126
0.735154 0.098575 0.007126
0.541568 0.099762 0.007126
0.592637 0.099762 0.004751
0.604513 0.099762 0.007126
0.612827 0.099762 0.004751
0.619952 0.099762 0.004751
0.629454 0.099762 0.005938
0.638955 0.099762 0.005938
0.136580 0.100950 0.005938
0.146081 0.100950 0.005938
0.159145 0.100950 0.008314
0.553444 0.100950 0.008314
0.565321 0.100950 0.004751
0.572447 0.100950 0.008314
0.584323 0.100950 0.008314
0.128266 0.102138 0.008314
0.516627 0.102138 0.005938
0.529691 0.102138 0.007126
0.116390 0.103325 0.008314
0.456057 0.103325 0.008314
0.463183 0.103325 0.004751
0.480998 0.103325 0.005938
0.489311 0.103325 0.005938
0.497625 0.103325 0.004751
0.508314 0.103325 0.007126
0.349169 0.104513 0.004751
0.431116 0.104513 0.008314
0.444181 0.104513 0.005938
0.470309 0.104513 0.010689
0.362233 0.105701 0.008314
0.395487 0.105701 0.007126
0.406176 0.105701 0.007126
0.333729 0.106888 0.004751
0.416865 0.106888 0.008314
0.276722 0.108076 0.010689
0.305226 0.108076 0.004751
0.326603 0.108076 0.004751
0.813539 0.108076 0.005938
0.294537 0.109264 0.008314
0.312352 0.109264 0.010689
0.806413 0.109264 0.004751
0.823040 0.109264 0.005938
0.217340 0.110451 0.008314
0.250594 0.110451 0.008314
0.262470 0.110451 0.007126
0.779097 0.110451 0.004751
0.789786 0.110451 0.005938
0.799287 0.110451 0.004751
0.833729 0.110451 0.007126
0.857482 0.110451 0.008314
0.184086 0.111639 0.005938
0.193587 0.111639 0.008314
0.207838 0.111639 0.005938
0.233967 0.111639 0.008314
0.738717 0.111639 0.004751
0.748219 0.111639 0.007126
0.771971 0.111639 0.004751
0.844418 0.111639 0.007126
0.863420 0.111639 0.008314
0.168646 0.112827 0.004751
0.641330 0.112827 0.004751
0.650831 0.112827 0.007126
0.709026 0.112827 0.008314
0.731591 0.112827 0.004751
0.761283 0.112827 0.007126
0.137767 0.114014 0.004751
0.144893 0.114014 0.004751
0.150831 0.114014 0.008314
0.160333 0.114014 0.004751
0.576010 0.114014 0.008314
0.604513 0.114014 0.004751
0.612827 0.114014 0.005938
0.621140 0.114014 0.004751
0.631829 0.114014 0.007126
0.661520 0.114014 0.011876
0.720903 0.114014 0.008314
0.123515 0.115202 0.004751
0.586698 0.115202 0.005938
0.596200 0.115202 0.005938
0.115202 0.116390 0.004751
0.516627 0.116390 0.008314
0.529691 0.116390 0.007126
0.540380 0.116390 0.004751
0.552257 0.116390 0.008314
0.505938 0.117577 0.007126
0.560570 0.117577 0.008314
0.494062 0.118765 0.005938
0.441805 0.119952 0.007126
0.451306 0.119952 0.007126
0.461995 0.119952 0.008314
0.477435 0.119952 0.005938
0.484561 0.119952 0.005938
0.382423 0.121140 0.008314
0.394299 0.121140 0.008314
0.404988 0.121140 0.005938
0.415677 0.121140 0.005938
0.425178 0.121140 0.010689
0.334917 0.122328 0.010689
0.371734 0.122328 0.004751
0.342043 0.123515 0.004751
0.351544 0.123515 0.005938
0.362233 0.123515 0.008314
0.831354 0.123515 0.005938
0.843230 0.123515 0.007126
0.853919 0.123515 0.007126
0.868171 0.123515 0.008314
0.268409 0.124703 0.005938
0.277910 0.124703 0.005938
0.286223 0.124703 0.013064
0.804038 0.124703 0.005938
0.813539 0.124703 0.005938
0.821853 0.124703 0.008314
0.187648 0.125891 0.008314
0.199525 0.125891 0.005938
0.207838 0.125891 0.004751
0.220903 0.125891 0.009501
0.229216 0.125891 0.004751
0.237530 0.125891 0.007126
0.249406 0.125891 0.007126
0.257720 0.125891 0.005938
0.771971 0.125891 0.008314
0.781473 0.125891 0.005938
0.792162 0.125891 0.007126
0.153207 0.127078 0.007126
0.178147 0.127078 0.004751
0.133017 0.128266 0.004751
0.141330 0.128266 0.005938
0.160333 0.128266 0.005938
0.168646 0.128266 0.005938
0.647268 0.128266 0.004751
0.730404 0.128266 0.007126
0.739905 0.128266 0.007126
0.760095 0.128266 0.008314
0.114014 0.129454 0.007126
0.125891 0.129454 0.007126
0.629454 0.129454 0.005938
0.637767 0.129454 0.007126
0.749406 0.129454 0.008314
0.610451 0.130641 0.005938
0.718527 0.130641 0.008314
0.527316 0.131829 0.005938
0.538005 0.131829 0.005938
0.545131 0.131829 0.011876
0.579572 0.131829 0.008314
0.590261 0.131829 0.004751
0.600950 0.131829 0.007126
0.618765 0.131829 0.008314
0.519002 0.133017 0.005938
0.554632 0.133017 0.005938
0.567696 0.133017 0.008314
0.472684 0.134204 0.008314
0.497625 0.134204 0.008314
0.509501 0.134204 0.005938
0.463183 0.135392 0.005938
0.486936 0.135392 0.007126
0.385986 0.136580 0.005938
0.394299 0.136580 0.005938
0.403800 0.136580 0.005938
0.415677 0.136580 0.008314
0.427553 0.136580 0.007126
0.451306 0.136580 0.005938
0.377672 0.137767 0.005938
0.439430 0.137767 0.008314
0.279097 0.138955 0.005938
0.366983 0.138955 0.005938
0.197150 0.140143 0.004751
0.205463 0.140143 0.004751
0.232779 0.140143 0.008314
0.244656 0.140143 0.008314
0.254157 0.140143 0.005938
0.267221 0.140143 0.008314
0.339667 0.140143 0.007126
0.350356 0.140143 0.004751
0.357482 0.140143 0.004751
0.843230 0.140143 0.008314
0.862233 0.140143 0.008314
0.874109 0.140143 0.009501
0.160333 0.141330 0.004751
0.186461 0.141330 0.004751
0.220903 0.141330 0.005938
0.802850 0.141330 0.008314
0.819477 0.141330 0.007126
0.831354 0.141330 0.008314
0.121140 0.142518 0.011876
0.150831 0.142518 0.010689
0.176960 0.142518 0.005938
0.792162 0.142518 0.008314
0.808789 0.142518 0.008314
0.129454 0.143705 0.005938
0.167458 0.143705 0.005938
0.780285 0.143705 0.008314
0.136580 0.144893 0.008314
0.767221 0.144893 0.008314
0.716152 0.146081 0.008314
0.724466 0.146081 0.004751
0.732779 0.146081 0.013064
0.743468 0.146081 0.008314
0.754157 0.146081 0.007126
0.630641 0.147268 0.008314
0.642518 0.147268 0.008314
0.553444 0.149644 0.005938
0.571259 0.149644 0.005938
0.581948 0.149644 0.007126
0.592637 0.149644 0.005938
0.602138 0.149644 0.011876
0.616390 0.149644 0.008314
0.457245 0.150831 0.008314
0.498812 0.150831 0.005938
0.521378 0.150831 0.007126
0.532067 0.150831 0.008314
0.542755 0.150831 0.008314
0.561758 0.150831 0.008314
0.418052 0.152019 0.007126
0.428741 0.152019 0.007126
0.438242 0.152019 0.004751
0.446556 0.152019 0.004751
0.471496 0.152019 0.008314
0.482185 0.152019 0.013064
0.488124 0.152019 0.011876
0.510689 0.152019 0.013064
0.366983 0.153207 0.008314
0.389549 0.153207 0.008314
0.395487 0.153207 0.009501
0.408551 0.153207 0.005938
0.337292 0.154394 0.008314
0.349169 0.154394 0.008314
0.197150 0.155582 0.010689
0.204276 0.155582 0.010689
0.216152 0.155582 0.007126
0.228029 0.155582 0.007126
0.239905 0.155582 0.008314
0.251781 0.155582 0.007126
0.262470 0.155582 0.005938
0.273159 0.155582 0.008314
0.357482 0.155582 0.005938
0.181710 0.156770 0.010689
0.133017 0.157957 0.004751
0.141330 0.157957 0.007126
0.173397 0.157957 0.008314
0.872922 0.157957 0.005938
0.882423 0.157957 0.008314
0.112827 0.159145 0.005938
0.124703 0.159145 0.008314
0.157957 0.159145 0.008314
0.864608 0.159145 0.005938
0.821853 0.160333 0.004751
0.842043 0.160333 0.008314
0.853919 0.160333 0.008314
0.787411 0.161520 0.010689
0.801663 0.161520 0.005938
0.812352 0.161520 0.008314
0.831354 0.161520 0.007126
0.775534 0.162708 0.007126
0.653207 0.163895 0.007126
0.718527 0.163895 0.004751
0.736342 0.163895 0.005938
0.745843 0.163895 0.005938
0.755344 0.163895 0.004751
0.763658 0.163895 0.008314
0.643705 0.165083 0.008314
0.661520 0.165083 0.011876
0.710214 0.165083 0.010689
0.726841 0.165083 0.008314
0.604513 0.166271 0.008314
0.614014 0.166271 0.007126
0.630641 0.166271 0.010689
0.592637 0.167458 0.005938
0.450119 0.168646 0.004751
0.579572 0.168646 0.009501
0.396675 0.169834 0.007126
0.406176 0.169834 0.004751
0.415677 0.169834 0.008314
0.427553 0.169834 0.008314
0.440618 0.169834 0.005938
0.553444 0.169834 0.008314
0.566508 0.169834 0.008314
0.176960 0.171021 0.005938
0.187648 0.171021 0.008314
0.200713 0.171021 0.005938
0.285036 0.171021 0.013064
0.342043 0.171021 0.005938
0.350356 0.171021 0.005938
0.375297 0.171021 0.007126
0.383610 0.171021 0.014252
0.469121 0.171021 0.010689
0.540380 0.171021 0.010689
0.160333 0.172209 0.004751
0.210214 0.172209 0.008314
0.219715 0.172209 0.004751
0.226841 0.172209 0.004751
0.237530 0.172209 0.008314
0.277910 0.172209 0.013064
0.331354 0.172209 0.008314
0.363420 0.172209 0.008314
0.503563 0.172209 0.010689
0.515439 0.172209 0.007126
0.524941 0.172209 0.008314
0.148456 0.173397 0.004751
0.485748 0.173397 0.008314
0.884798 0.173397 0.008314
0.130641 0.174584 0.004751
0.138955 0.174584 0.005938
0.266033 0.174584 0.010689
0.874109 0.174584 0.007126
0.122328 0.175772 0.005938
0.112827 0.176960 0.007126
0.862233 0.176960 0.008314
0.847981 0.178147 0.008314
0.826603 0.179335 0.005938
0.834917 0.179335 0.008314
0.788599 0.180523 0.007126
0.817102 0.180523 0.007126
0.728029 0.181710 0.008314
0.738717 0.181710 0.007126
0.750594 0.181710 0.004751
0.757720 0.181710 0.004751
0.771971 0.181710 0.005938
0.780285 0.181710 0.008314
0.804038 0.181710 0.008314
0.646081 0.182898 0.005938
0.665083 0.182898 0.005938
0.707838 0.182898 0.008314
0.717340 0.182898 0.007126
0.638955 0.184086 0.004751
0.656770 0.184086 0.005938
0.673397 0.184086 0.008314
0.697150 0.184086 0.008314
0.622328 0.185273 0.008314
0.631829 0.185273 0.004751
0.611639 0.186461 0.008314
0.553444 0.187648 0.008314
0.590261 0.187648 0.008314
0.603325 0.187648 0.008314
0.438242 0.188836 0.007126
0.492874 0.188836 0.007126
0.515439 0.188836 0.008314
0.523753 0.188836 0.005938
0.533254 0.188836 0.005938
0.541568 0.188836 0.008314
0.565321 0.188836 0.007126
0.577197 0.188836 0.008314
0.166271 0.190024 0.008314
0.176960 0.190024 0.004751
0.210214 0.190024 0.008314
0.382423 0.190024 0.005938
0.403800 0.190024 0.008314
0.427553 0.190024 0.008314
0.454869 0.190024 0.010689
0.470309 0.190024 0.008314
0.482185 0.190024 0.007126
0.503563 0.190024 0.007126
0.874109 0.190024 0.010689
0.881235 0.190024 0.005938
0.152019 0.191211 0.010689
0.187648 0.191211 0.008314
0.199525 0.191211 0.008314
0.223278 0.191211 0.007126
0.281473 0.191211 0.007126
0.320665 0.191211 0.009501
0.345606 0.191211 0.007126
0.355107 0.191211 0.005938
0.364608 0.191211 0.005938
0.416865 0.191211 0.007126
0.334917 0.192399 0.007126
0.374109 0.192399 0.005938
0.863420 0.192399 0.008314
0.112827 0.193587 0.008314
0.135392 0.193587 0.005938
0.143705 0.193587 0.005938
0.838480 0.193587 0.005938
0.847981 0.193587 0.007126
0.123515 0.194774 0.007126
0.826603 0.194774 0.007126
0.798100 0.195962 0.005938
0.806413 0.195962 0.011876
0.814727 0.195962 0.010689
0.788599 0.197150 0.007126
0.737530 0.198337 0.011876
0.758907 0.198337 0.008314
0.780285 0.198337 0.004751
0.698337 0.199525 0.008314
0.719715 0.199525 0.008314
0.745843 0.199525 0.007126
0.770784 0.199525 0.007126
0.642518 0.200713 0.004751
0.654394 0.200713 0.008314
0.680523 0.200713 0.008314
0.710214 0.200713 0.007126
0.634204 0.201900 0.011876
0.666271 0.201900 0.008314
0.591449 0.203088 0.004751
0.604513 0.203088 0.008314
0.616390 0.203088 0.005938
0.625891 0.203088 0.004751
0.500000 0.204276 0.007126
0.511876 0.204276 0.008314
0.520190 0.204276 0.007126
0.530879 0.204276 0.004751
0.559382 0.204276 0.004751
0.566508 0.204276 0.009501
0.578385 0.204276 0.008314
0.371734 0.205463 0.004751
0.382423 0.205463 0.005938
0.391924 0.205463 0.004751
0.400238 0.205463 0.005938
0.412114 0.205463 0.007126
0.421615 0.205463 0.008314
0.433492 0.205463 0.004751
0.446556 0.205463 0.007126
0.476247 0.205463 0.008314
0.548694 0.205463 0.008314
0.878860 0.205463 0.008314
0.203088 0.206651 0.007126
0.364608 0.206651 0.010689
0.456057 0.206651 0.005938
0.465558 0.206651 0.007126
0.488124 0.206651 0.008314
0.868171 0.206651 0.008314
0.182898 0.207838 0.005938
0.192399 0.207838 0.007126
0.213777 0.207838 0.008314
0.223278 0.207838 0.007126
0.232779 0.207838 0.004751
0.277910 0.207838 0.005938
0.289786 0.207838 0.013064
0.306413 0.207838 0.010689
0.344418 0.207838 0.008314
0.352732 0.207838 0.007126
0.150831 0.209026 0.008314
0.172209 0.209026 0.007126
0.249406 0.209026 0.007126
0.260095 0.209026 0.007126
0.267221 0.209026 0.011876
0.298100 0.209026 0.013064
0.319477 0.209026 0.009501
0.334917 0.209026 0.005938
0.855107 0.209026 0.011876
0.111639 0.210214 0.005938
0.136580 0.210214 0.008314
0.161520 0.210214 0.008314
0.838480 0.210214 0.007126
0.847981 0.210214 0.005938
0.122328 0.211401 0.008314
0.818290 0.211401 0.008314
0.827791 0.211401 0.004751
0.805226 0.212589 0.007126
0.777910 0.213777 0.004751
0.788599 0.214964 0.013064
0.750594 0.216152 0.004751
0.756532 0.216152 0.008314
0.768409 0.216152 0.007126
0.717340 0.217340 0.007126
0.726841 0.217340 0.005938
0.735154 0.217340 0.004751
0.743468 0.217340 0.004751
0.612827 0.218527 0.008314
0.624703 0.218527 0.008314
0.656770 0.218527 0.007126
0.697150 0.218527 0.013064
0.706651 0.218527 0.004751
0.536817 0.219715 0.008314
0.603325 0.219715 0.005938
0.646081 0.219715 0.008314
0.666271 0.219715 0.008314
0.679335 0.219715 0.010689
0.567696 0.220903 0.007126
0.578385 0.220903 0.008314
0.593824 0.220903 0.013064
0.634204 0.220903 0.008314
0.372922 0.222090 0.008314
0.383610 0.222090 0.008314
0.426366 0.222090 0.009501
0.441805 0.222090 0.008314
0.456057 0.222090 0.008314
0.466746 0.222090 0.008314
0.476247 0.222090 0.005938
0.485748 0.222090 0.007126
0.505938 0.222090 0.008314
0.519002 0.222090 0.005938
0.528504 0.222090 0.008314
0.557007 0.222090 0.007126
0.301663 0.223278 0.007126
0.332542 0.223278 0.008314
0.344418 0.223278 0.005938
0.351544 0.223278 0.005938
0.359857 0.223278 0.005938
0.395487 0.223278 0.007126
0.403800 0.223278 0.004751
0.412114 0.223278 0.008314
0.546318 0.223278 0.008314
0.127078 0.224466 0.005938
0.135392 0.224466 0.008314
0.194774 0.224466 0.007126
0.203088 0.224466 0.004751
0.220903 0.224466 0.007126
0.230404 0.224466 0.008314
0.257720 0.224466 0.007126
0.290974 0.224466 0.007126
0.311164 0.224466 0.005938
0.109264 0.225653 0.013064
0.118765 0.225653 0.005938
0.144893 0.225653 0.005938
0.153207 0.225653 0.008314
0.182898 0.225653 0.007126
0.209026 0.225653 0.008314
0.267221 0.225653 0.005938
0.274347 0.225653 0.005938
0.321853 0.225653 0.007126
0.163895 0.226841 0.008314
0.174584 0.226841 0.005938
0.244656 0.226841 0.008314
0.282660 0.226841 0.013064
