0.847981 0.007126 0.020190
0.817102 0.010689 0.015439
0.880048 0.014252 0.017815
0.761283 0.034442 0.008314
0.749406 0.035629 0.004751
0.771971 0.035629 0.007126
0.781473 0.035629 0.005938
0.827791 0.035629 0.007126
0.438242 0.036817 0.011876
0.545131 0.036817 0.007126
0.553444 0.036817 0.004751
0.596200 0.036817 0.004751
0.604513 0.036817 0.005938
0.615202 0.036817 0.008314
0.627078 0.036817 0.008314
0.649644 0.036817 0.008314
0.672209 0.036817 0.008314
0.680523 0.036817 0.004751
0.687648 0.036817 0.009501
0.706651 0.036817 0.008314
0.717340 0.036817 0.007126
0.729216 0.036817 0.007126
0.742280 0.036817 0.008314
0.802850 0.036817 0.008314
0.815914 0.036817 0.005938
0.837292 0.036817 0.005938
0.395487 0.038005 0.004751
0.406176 0.038005 0.007126
0.454869 0.038005 0.005938
0.463183 0.038005 0.004751
0.472684 0.038005 0.007126
0.505938 0.038005 0.009501
0.519002 0.038005 0.007126
0.530879 0.038005 0.008314
0.562945 0.038005 0.008314
0.576010 0.038005 0.008314
0.586698 0.038005 0.005938
0.637767 0.038005 0.007126
0.660333 0.038005 0.007126
0.789786 0.038005 0.007126
0.847981 0.038005 0.005938
0.857482 0.038005 0.004751
0.350356 0.039192 0.010689
0.387173 0.039192 0.004751
0.483373 0.039192 0.008314
0.491686 0.039192 0.008314
0.260095 0.040380 0.008314
0.359857 0.040380 0.008314
0.372922 0.040380 0.010689
0.420428 0.040380 0.008314
0.865796 0.040380 0.007126
0.878860 0.040380 0.007126
0.889549 0.040380 0.005938
0.269596 0.041568 0.004751
0.309976 0.041568 0.007126
0.327791 0.041568 0.005938
0.337292 0.041568 0.004751
0.216152 0.042755 0.008314
0.230404 0.042755 0.010689
0.248219 0.042755 0.007126
0.277910 0.042755 0.007126
0.292162 0.042755 0.010689
0.299287 0.042755 0.004751
0.318290 0.042755 0.004751
0.171021 0.043943 0.005938
0.179335 0.043943 0.004751
0.188836 0.043943 0.007126
0.199525 0.043943 0.005938
0.207838 0.043943 0.004751
0.160333 0.045131 0.008314
0.123515 0.046318 0.008314
0.134204 0.047506 0.005938
0.147268 0.047506 0.008314
0.600950 0.048694 0.007126
0.754157 0.048694 0.008314
0.589074 0.049881 0.007126
0.614014 0.049881 0.007126
0.622328 0.049881 0.004751
0.732779 0.049881 0.004751
0.741093 0.049881 0.005938
0.776722 0.049881 0.005938
0.788599 0.049881 0.005938
0.796912 0.049881 0.004751
0.809976 0.049881 0.008314
0.820665 0.049881 0.007126
0.831354 0.049881 0.008314
0.538005 0.051069 0.004751
0.568884 0.051069 0.005938
0.630641 0.051069 0.005938
0.638955 0.051069 0.005938
0.648456 0.051069 0.007126
0.659145 0.051069 0.005938
0.680523 0.051069 0.007126
0.725653 0.051069 0.004751
0.766033 0.051069 0.008314
0.852732 0.051069 0.008314
0.890736 0.051069 0.005938
0.483373 0.052257 0.004751
0.519002 0.052257 0.007126
0.528504 0.052257 0.005938
0.548694 0.052257 0.007126
0.559382 0.052257 0.005938
0.579572 0.052257 0.005938
0.669834 0.052257 0.007126
0.690024 0.052257 0.004751
0.699525 0.052257 0.005938
0.710214 0.052257 0.005938
0.718527 0.052257 0.004751
0.845606 0.052257 0.010689
0.865796 0.052257 0.005938
0.874109 0.052257 0.004751
0.882423 0.052257 0.004751
0.406176 0.053444 0.005938
0.426366 0.053444 0.005938
0.435867 0.053444 0.007126
0.444181 0.053444 0.004751
0.452494 0.053444 0.004751
0.461995 0.053444 0.007126
0.471496 0.053444 0.008314
0.490499 0.053444 0.005938
0.500000 0.053444 0.005938
0.509501 0.053444 0.005938
0.345606 0.054632 0.005938
0.355107 0.054632 0.005938
0.364608 0.054632 0.005938
0.375297 0.054632 0.007126
0.387173 0.054632 0.007126
0.397862 0.054632 0.004751
0.416865 0.054632 0.005938
0.268409 0.055819 0.008314
0.279097 0.055819 0.005938
0.299287 0.055819 0.004751
0.307601 0.055819 0.004751
0.314727 0.055819 0.004751
0.236342 0.057007 0.005938
0.254157 0.057007 0.005938
0.289786 0.057007 0.005938
0.321853 0.057007 0.004751
0.334917 0.057007 0.008314
0.199525 0.058195 0.007126
0.224466 0.058195 0.008314
0.245843 0.058195 0.004751
0.187648 0.059382 0.005938
0.211401 0.059382 0.008314
0.162708 0.060570 0.005938
0.175772 0.060570 0.009501
0.122328 0.061758 0.007126
0.130641 0.061758 0.007126
0.142518 0.062945 0.007126
0.153207 0.062945 0.005938
0.642518 0.062945 0.007126
0.655582 0.062945 0.005938
0.768409 0.062945 0.007126
0.777910 0.062945 0.005938
0.882423 0.062945 0.005938
0.538005 0.064133 0.008314
0.558195 0.064133 0.005938
0.578385 0.064133 0.005938
0.590261 0.064133 0.005938
0.599762 0.064133 0.005938
0.610451 0.064133 0.007126
0.624703 0.064133 0.007126
0.634204 0.064133 0.004751
0.669834 0.064133 0.007126
0.688836 0.064133 0.005938
0.744656 0.064133 0.005938
0.755344 0.064133 0.005938
0.785036 0.064133 0.008314
0.796912 0.064133 0.005938
0.806413 0.064133 0.004751
0.813539 0.064133 0.005938
0.825416 0.064133 0.007126
0.834917 0.064133 0.005938
0.894299 0.064133 0.007126
0.391924 0.065321 0.004751
0.410926 0.065321 0.007126
0.527316 0.065321 0.005938
0.547506 0.065321 0.005938
0.570071 0.065321 0.007126
0.680523 0.065321 0.005938
0.703088 0.065321 0.007126
0.714964 0.065321 0.007126
0.732779 0.065321 0.008314
0.845606 0.065321 0.005938
0.853919 0.065321 0.005938
0.864608 0.065321 0.005938
0.872922 0.065321 0.004751
0.399050 0.066508 0.004751
0.420428 0.066508 0.005938
0.432304 0.066508 0.005938
0.442993 0.066508 0.007126
0.453682 0.066508 0.004751
0.461995 0.066508 0.005938
0.475059 0.066508 0.008314
0.488124 0.066508 0.004751
0.504751 0.066508 0.005938
0.516627 0.066508 0.008314
0.314727 0.067696 0.007126
0.359857 0.067696 0.008314
0.368171 0.067696 0.004751
0.376485 0.067696 0.005938
0.496437 0.067696 0.005938
0.289786 0.068884 0.005938
0.304038 0.068884 0.008314
0.325416 0.068884 0.005938
0.333729 0.068884 0.005938
0.276722 0.070071 0.004751
0.346793 0.070071 0.007126
0.267221 0.071259 0.007126
0.207838 0.072447 0.004751
0.233967 0.072447 0.007126
0.243468 0.072447 0.007126
0.255344 0.072447 0.007126
0.161520 0.073634 0.004751
0.174584 0.073634 0.005938
0.200713 0.073634 0.004751
0.146081 0.074822 0.004751
0.154394 0.074822 0.004751
0.190024 0.074822 0.008314
0.890736 0.074822 0.007126
0.136580 0.076010 0.005938
0.629454 0.076010 0.007126
0.820665 0.076010 0.008314
0.119952 0.077197 0.010689
0.127078 0.077197 0.004751
0.623515 0.077197 0.008314
0.641330 0.077197 0.007126
0.650831 0.077197 0.005938
0.661520 0.077197 0.008314
0.672209 0.077197 0.007126
0.774347 0.077197 0.008314
0.785036 0.077197 0.008314
0.809976 0.077197 0.004751
0.831354 0.077197 0.008314
0.843230 0.077197 0.005938
0.872922 0.077197 0.005938
0.881235 0.077197 0.004751
0.566508 0.078385 0.005938
0.611639 0.078385 0.004751
0.712589 0.078385 0.005938
0.722090 0.078385 0.005938
0.730404 0.078385 0.004751
0.741093 0.078385 0.007126
0.752969 0.078385 0.007126
0.762470 0.078385 0.004751
0.792162 0.078385 0.004751
0.801663 0.078385 0.005938
0.853919 0.078385 0.005938
0.863420 0.078385 0.005938
0.541568 0.079572 0.004751
0.548694 0.079572 0.005938
0.558195 0.079572 0.005938
0.578385 0.079572 0.007126
0.592637 0.079572 0.008314
0.603325 0.079572 0.008314
0.372922 0.080760 0.004751
0.382423 0.080760 0.005938
0.391924 0.080760 0.005938
0.400238 0.080760 0.004751
0.407363 0.080760 0.008314
0.419240 0.080760 0.007126
0.428741 0.080760 0.008314
0.439430 0.080760 0.004751
0.521378 0.080760 0.005938
0.533254 0.080760 0.007126
0.365796 0.081948 0.004751
0.460808 0.081948 0.005938
0.470309 0.081948 0.004751
0.485748 0.081948 0.007126
0.513064 0.081948 0.004751
0.294537 0.083135 0.004751
0.350356 0.083135 0.004751
0.448931 0.083135 0.007126
0.501188 0.083135 0.007126
0.247031 0.084323 0.005938
0.270784 0.084323 0.008314
0.276722 0.084323 0.008314
0.286223 0.084323 0.005938
0.343230 0.084323 0.004751
0.357482 0.084323 0.005938
0.226841 0.085511 0.008314
0.258907 0.085511 0.005938
0.212589 0.086698 0.010689
0.219715 0.086698 0.004751
0.237530 0.086698 0.007126
0.165083 0.087886 0.007126
0.188836 0.087886 0.004751
0.203088 0.087886 0.005938
0.121140 0.089074 0.007126
0.130641 0.089074 0.007126
0.142518 0.089074 0.008314
0.154394 0.089074 0.007126
0.179335 0.089074 0.008314
0.875297 0.090261 0.005938
0.887173 0.090261 0.005938
0.744656 0.091449 0.005938
0.834917 0.091449 0.004751
0.843230 0.091449 0.007126
0.622328 0.092637 0.010689
0.630641 0.092637 0.004751
0.638955 0.092637 0.007126
0.668646 0.092637 0.005938
0.713777 0.092637 0.009501
0.728029 0.092637 0.004751
0.735154 0.092637 0.005938
0.752969 0.092637 0.004751
0.761283 0.092637 0.007126
0.819477 0.092637 0.008314
0.827791 0.092637 0.004751
0.855107 0.092637 0.007126
0.865796 0.092637 0.005938
0.516627 0.093824 0.008314
0.530879 0.093824 0.007126
0.541568 0.093824 0.007126
0.554632 0.093824 0.007126
0.589074 0.093824 0.005938
0.610451 0.093824 0.008314
0.649644 0.093824 0.005938
0.659145 0.093824 0.008314
0.773159 0.093824 0.008314
0.783848 0.093824 0.008314
0.796912 0.093824 0.008314
0.807601 0.093824 0.008314
0.431116 0.095012 0.008314
0.463183 0.095012 0.005938
0.473872 0.095012 0.005938
0.484561 0.095012 0.005938
0.503563 0.095012 0.007126
0.566508 0.095012 0.007126
0.577197 0.095012 0.008314
0.597387 0.095012 0.005938
0.406176 0.096200 0.007126
0.418052 0.096200 0.008314
0.444181 0.096200 0.005938
0.453682 0.096200 0.005938
0.494062 0.096200 0.005938
0.382423 0.097387 0.005938
0.394299 0.097387 0.007126
0.362233 0.098575 0.008314
0.261283 0.099762 0.008314
0.339667 0.099762 0.008314
0.353919 0.099762 0.008314
0.370546 0.099762 0.008314
0.270784 0.100950 0.007126
0.280285 0.100950 0.005938
0.289786 0.100950 0.014252
0.154394 0.102138 0.007126
0.165083 0.102138 0.005938
0.188836 0.102138 0.005938
0.241093 0.102138 0.005938
0.135392 0.103325 0.005938
0.143705 0.103325 0.004751
0.176960 0.103325 0.008314
0.197150 0.103325 0.008314
0.207838 0.103325 0.007126
0.219715 0.103325 0.008314
0.249406 0.103325 0.008314
0.876485 0.103325 0.004751
0.884798 0.103325 0.010689
0.891924 0.103325 0.004751
0.122328 0.104513 0.008314
0.230404 0.104513 0.008314
0.827791 0.104513 0.008314
0.868171 0.104513 0.004751
0.837292 0.105701 0.007126
0.847981 0.105701 0.005938
0.859857 0.105701 0.007126
0.605701 0.106888 0.007126
0.615202 0.106888 0.005938
0.624703 0.106888 0.005938
0.634204 0.106888 0.010689
0.728029 0.106888 0.008314
0.739905 0.106888 0.004751
0.748219 0.106888 0.005938
0.757720 0.106888 0.005938
0.767221 0.106888 0.005938
0.779097 0.106888 0.005938
0.790974 0.106888 0.007126
0.592637 0.108076 0.005938
0.641330 0.108076 0.004751
0.652019 0.108076 0.007126
0.660333 0.108076 0.004751
0.717340 0.108076 0.008314
0.798100 0.108076 0.004751
0.806413 0.108076 0.005938
0.814727 0.108076 0.004751
0.559382 0.109264 0.005938
0.570071 0.109264 0.007126
0.583135 0.109264 0.007126
0.549881 0.110451 0.005938
0.437055 0.111639 0.008314
0.478622 0.111639 0.005938
0.486936 0.111639 0.004751
0.509501 0.111639 0.005938
0.528504 0.111639 0.010689
0.539192 0.111639 0.007126
0.404988 0.112827 0.004751
0.414489 0.112827 0.007126
0.426366 0.112827 0.008314
0.469121 0.112827 0.007126
0.497625 0.112827 0.008314
0.377672 0.114014 0.007126
0.397862 0.114014 0.004751
0.458432 0.114014 0.008314
0.342043 0.115202 0.010689
0.368171 0.115202 0.005938
0.388361 0.115202 0.007126
0.273159 0.116390 0.005938
0.350356 0.116390 0.004751
0.358670 0.116390 0.008314
0.161520 0.117577 0.008314
0.185273 0.117577 0.007126
0.195962 0.117577 0.004751
0.201900 0.117577 0.009501
0.134204 0.118765 0.008314
0.146081 0.118765 0.008314
0.173397 0.118765 0.008314
0.216152 0.118765 0.005938
0.224466 0.118765 0.004751
0.239905 0.118765 0.007126
0.252969 0.118765 0.008314
0.263658 0.118765 0.008314
0.127078 0.119952 0.005938
0.847981 0.119952 0.004751
0.868171 0.119952 0.007126
0.890736 0.119952 0.007126
0.117577 0.121140 0.005938
0.726841 0.121140 0.007126
0.736342 0.121140 0.005938
0.745843 0.121140 0.013064
0.754157 0.121140 0.007126
0.762470 0.121140 0.005938
0.773159 0.121140 0.005938
0.781473 0.121140 0.008314
0.840855 0.121140 0.009501
0.857482 0.121140 0.008314
0.878860 0.121140 0.007126
0.605701 0.122328 0.007126
0.616390 0.122328 0.004751
0.634204 0.122328 0.007126
0.717340 0.122328 0.007126
0.790974 0.122328 0.007126
0.800475 0.122328 0.004751
0.808789 0.122328 0.004751
0.817102 0.122328 0.005938
0.825416 0.122328 0.008314
0.623515 0.123515 0.011876
0.647268 0.123515 0.007126
0.657957 0.123515 0.008314
0.667458 0.123515 0.007126
0.568884 0.124703 0.007126
0.579572 0.124703 0.008314
0.593824 0.124703 0.009501
0.547506 0.125891 0.007126
0.558195 0.125891 0.005938
0.494062 0.127078 0.007126
0.504751 0.127078 0.007126
0.514252 0.127078 0.007126
0.524941 0.127078 0.007126
0.536817 0.127078 0.007126
0.401425 0.128266 0.005938
0.428741 0.128266 0.008314
0.438242 0.128266 0.008314
0.482185 0.128266 0.008314
0.388361 0.129454 0.004751
0.459620 0.129454 0.005938
0.471496 0.129454 0.005938
0.356295 0.130641 0.007126
0.447743 0.130641 0.008314
0.338480 0.131829 0.013064
0.346793 0.131829 0.005938
0.370546 0.131829 0.008314
0.380048 0.131829 0.005938
0.134204 0.133017 0.008314
0.148456 0.133017 0.004751
0.156770 0.133017 0.008314
0.167458 0.133017 0.005938
0.179335 0.133017 0.008314
0.191211 0.133017 0.005938
0.200713 0.133017 0.004751
0.239905 0.133017 0.005938
0.249406 0.133017 0.007126
0.258907 0.133017 0.005938
0.119952 0.134204 0.008314
0.207838 0.134204 0.004751
0.216152 0.134204 0.005938
0.228029 0.134204 0.007126
0.881235 0.135392 0.008314
0.891924 0.135392 0.007126
0.857482 0.136580 0.005938
0.870546 0.136580 0.008314
0.809976 0.137767 0.010689
0.839667 0.137767 0.005938
0.847981 0.137767 0.004751
0.754157 0.138955 0.008314
0.764846 0.138955 0.004751
0.786223 0.138955 0.005938
0.795724 0.138955 0.005938
0.830166 0.138955 0.008314
0.744656 0.140143 0.008314
0.819477 0.140143 0.005938
0.731591 0.141330 0.005938
0.773159 0.141330 0.008314
0.609264 0.142518 0.008314
0.624703 0.142518 0.007126
0.636580 0.142518 0.008314
0.661520 0.142518 0.008314
0.709026 0.142518 0.008314
0.718527 0.142518 0.009501
0.555819 0.143705 0.008314
0.566508 0.143705 0.007126
0.577197 0.143705 0.005938
0.585511 0.143705 0.008314
0.598575 0.143705 0.008314
0.649644 0.143705 0.008314
0.673397 0.143705 0.008314
0.501188 0.144893 0.010689
0.509501 0.144893 0.004751
0.520190 0.144893 0.007126
0.532067 0.144893 0.008314
0.542755 0.144893 0.008314
0.456057 0.146081 0.007126
0.169834 0.147268 0.004751
0.176960 0.147268 0.008314
0.415677 0.147268 0.005938
0.425178 0.147268 0.008314
0.437055 0.147268 0.005938
0.446556 0.147268 0.005938
0.467933 0.147268 0.007126
0.477435 0.147268 0.005938
0.486936 0.147268 0.013064
0.161520 0.148456 0.005938
0.190024 0.148456 0.007126
0.222090 0.148456 0.005938
0.271971 0.148456 0.007126
0.383610 0.148456 0.004751
0.391924 0.148456 0.008314
0.404988 0.148456 0.007126
0.129454 0.149644 0.005938
0.138955 0.149644 0.005938
0.148456 0.149644 0.007126
0.200713 0.149644 0.004751
0.211401 0.149644 0.007126
0.231591 0.149644 0.005938
0.241093 0.149644 0.005938
0.250594 0.149644 0.005938
0.282660 0.149644 0.007126
0.355107 0.149644 0.005938
0.375297 0.149644 0.005938
0.890736 0.149644 0.007126
0.117577 0.150831 0.007126
0.260095 0.150831 0.007126
0.290974 0.150831 0.007126
0.301663 0.150831 0.007126
0.332542 0.150831 0.008314
0.345606 0.150831 0.005938
0.364608 0.150831 0.005938
0.858670 0.150831 0.004751
0.864608 0.150831 0.003563
0.876485 0.150831 0.004751
0.311164 0.152019 0.007126
0.323040 0.152019 0.007126
0.735154 0.153207 0.008314
0.794537 0.153207 0.008314
0.842043 0.153207 0.004751
0.849169 0.153207 0.010689
0.742280 0.154394 0.004751
0.807601 0.154394 0.004751
0.815914 0.154394 0.005938
0.825416 0.154394 0.005938
0.833729 0.154394 0.005938
0.726841 0.155582 0.005938
0.756532 0.155582 0.008314
0.764846 0.155582 0.005938
0.774347 0.155582 0.005938
0.692399 0.156770 0.004751
0.709026 0.156770 0.007126
0.719715 0.156770 0.008314
0.785036 0.156770 0.007126
0.685273 0.157957 0.004751
0.638955 0.159145 0.007126
0.648456 0.159145 0.005938
0.657957 0.159145 0.005938
0.666271 0.159145 0.007126
0.676960 0.159145 0.005938
0.560570 0.160333 0.005938
0.571259 0.160333 0.008314
0.589074 0.160333 0.008314
0.598575 0.160333 0.005938
0.629454 0.160333 0.005938
0.515439 0.161520 0.008314
0.527316 0.161520 0.008314
0.541568 0.161520 0.005938
0.552257 0.161520 0.007126
0.608076 0.161520 0.005938
0.617577 0.161520 0.007126
0.154394 0.162708 0.005938
0.173397 0.162708 0.008314
0.184086 0.162708 0.004751
0.193587 0.162708 0.007126
0.212589 0.162708 0.007126
0.222090 0.162708 0.004751
0.230404 0.162708 0.005938
0.501188 0.162708 0.007126
0.880048 0.162708 0.004751
0.144893 0.163895 0.005938
0.162708 0.163895 0.004751
0.204276 0.163895 0.005938
0.239905 0.163895 0.005938
0.249406 0.163895 0.005938
0.260095 0.163895 0.004751
0.273159 0.163895 0.007126
0.377672 0.163895 0.005938
0.388361 0.163895 0.008314
0.403800 0.163895 0.008314
0.419240 0.163895 0.008314
0.433492 0.163895 0.007126
0.445368 0.163895 0.004751
0.478622 0.163895 0.008314
0.492874 0.163895 0.005938
0.116390 0.165083 0.005938
0.125891 0.165083 0.007126
0.135392 0.165083 0.004751
0.282660 0.165083 0.005938
0.293349 0.165083 0.005938
0.306413 0.165083 0.007126
0.318290 0.165083 0.007126
0.328979 0.165083 0.007126
0.364608 0.165083 0.007126
0.460808 0.165083 0.007126
0.868171 0.165083 0.005938
0.340855 0.166271 0.007126
0.352732 0.166271 0.005938
0.847981 0.166271 0.004751
0.857482 0.166271 0.007126
0.830166 0.167458 0.005938
0.763658 0.168646 0.008314
0.775534 0.168646 0.008314
0.786223 0.168646 0.005938
0.798100 0.168646 0.005938
0.838480 0.168646 0.005938
0.751781 0.169834 0.005938
0.812352 0.169834 0.010689
0.819477 0.169834 0.007126
0.720903 0.171021 0.005938
0.728029 0.171021 0.005938
0.741093 0.171021 0.008314
0.686461 0.172209 0.005938
0.698337 0.172209 0.005938
0.709026 0.172209 0.008314
0.642518 0.173397 0.004751
0.671021 0.173397 0.008314
0.558195 0.174584 0.008314
0.568884 0.174584 0.004751
0.576010 0.174584 0.004751
0.584323 0.174584 0.008314
0.593824 0.174584 0.005938
0.604513 0.174584 0.007126
0.614014 0.174584 0.005938
0.623515 0.174584 0.004751
0.649644 0.174584 0.004751
0.659145 0.174584 0.007126
0.125891 0.175772 0.004751
0.160333 0.175772 0.005938
0.171021 0.175772 0.004751
0.182898 0.175772 0.007126
0.191211 0.175772 0.005938
0.225653 0.175772 0.005938
0.513064 0.175772 0.005938
0.526128 0.175772 0.008314
0.533254 0.175772 0.004751
0.541568 0.175772 0.005938
0.549881 0.175772 0.004751
0.116390 0.176960 0.005938
0.134204 0.176960 0.004751
0.142518 0.176960 0.004751
0.150831 0.176960 0.005938
0.200713 0.176960 0.007126
0.237530 0.176960 0.008314
0.248219 0.176960 0.007126
0.258907 0.176960 0.005938
0.387173 0.176960 0.004751
0.414489 0.176960 0.005938
0.423990 0.176960 0.004751
0.485748 0.176960 0.005938
0.495249 0.176960 0.004751
0.502375 0.176960 0.005938
0.213777 0.178147 0.007126
0.270784 0.178147 0.007126
0.281473 0.178147 0.004751
0.306413 0.178147 0.004751
0.357482 0.178147 0.004751
0.364608 0.178147 0.004751
0.372922 0.178147 0.004751
0.394299 0.178147 0.005938
0.404988 0.178147 0.005938
0.432304 0.178147 0.005938
0.442993 0.178147 0.007126
0.454869 0.178147 0.008314
0.466746 0.178147 0.007126
0.477435 0.178147 0.005938
0.881235 0.178147 0.010689
0.293349 0.179335 0.008314
0.315914 0.179335 0.005938
0.337292 0.179335 0.005938
0.346793 0.179335 0.005938
0.325416 0.180523 0.007126
0.858670 0.181710 0.005938
0.824228 0.182898 0.004751
0.838480 0.182898 0.004751
0.847981 0.182898 0.007126
0.763658 0.184086 0.007126
0.774347 0.184086 0.007126
0.783848 0.184086 0.008314
0.795724 0.184086 0.007126
0.805226 0.184086 0.007126
0.814727 0.184086 0.007126
0.719715 0.185273 0.010689
0.731591 0.185273 0.008314
0.754157 0.185273 0.008314
0.712589 0.186461 0.004751
0.745843 0.186461 0.007126
0.147268 0.187648 0.004751
0.617577 0.187648 0.004751
0.679335 0.187648 0.008314
0.124703 0.188836 0.005938
0.135392 0.188836 0.007126
0.154394 0.188836 0.004751
0.184086 0.188836 0.005938
0.574822 0.188836 0.007126
0.583135 0.188836 0.005938
0.595012 0.188836 0.007126
0.606888 0.188836 0.007126
0.625891 0.188836 0.008314
0.638955 0.188836 0.005938
0.649644 0.188836 0.007126
0.657957 0.188836 0.008314
0.693587 0.188836 0.005938
0.704276 0.188836 0.008314
0.114014 0.190024 0.007126
0.166271 0.190024 0.008314
0.175772 0.190024 0.004751
0.195962 0.190024 0.007126
0.207838 0.190024 0.007126
0.230404 0.190024 0.005938
0.239905 0.190024 0.005938
0.256532 0.190024 0.008314
0.268409 0.190024 0.007126
0.320665 0.190024 0.004751
0.371734 0.190024 0.008314
0.404988 0.190024 0.005938
0.514252 0.190024 0.005938
0.523753 0.190024 0.005938
0.533254 0.190024 0.005938
0.543943 0.190024 0.007126
0.565321 0.190024 0.008314
0.667458 0.190024 0.008314
0.219715 0.191211 0.005938
0.249406 0.191211 0.005938
0.280285 0.191211 0.007126
0.312352 0.191211 0.005938
0.349169 0.191211 0.005938
0.358670 0.191211 0.010689
0.395487 0.191211 0.007126
0.415677 0.191211 0.005938
0.425178 0.191211 0.007126
0.434679 0.191211 0.005938
0.467933 0.191211 0.008314
0.482185 0.191211 0.004751
0.503563 0.191211 0.008314
0.557007 0.191211 0.005938
0.292162 0.192399 0.007126
0.302850 0.192399 0.005938
0.327791 0.192399 0.008314
0.338480 0.192399 0.007126
0.445368 0.192399 0.007126
0.491686 0.192399 0.007126
0.456057 0.193587 0.007126
