0.851544 0.007126 0.022565
0.720903 0.008314 0.023753
0.767221 0.008314 0.024941
0.649644 0.009501 0.029691
0.881235 0.009501 0.013064
0.818290 0.010689 0.013064
0.631829 0.013064 0.016627
0.692399 0.013064 0.013064
0.184086 0.022565 0.013064
0.156770 0.023753 0.020190
0.122328 0.024941 0.016627
0.659145 0.042755 0.008314
0.716152 0.043943 0.013064
0.703088 0.045131 0.009501
0.736342 0.045131 0.010689
0.608076 0.046318 0.008314
0.458432 0.047506 0.013064
0.524941 0.047506 0.005938
0.574822 0.047506 0.008314
0.585511 0.047506 0.008314
0.684086 0.047506 0.013064
0.475059 0.048694 0.008314
0.514252 0.048694 0.008314
0.536817 0.048694 0.008314
0.552257 0.048694 0.008314
0.593824 0.048694 0.013064
0.290974 0.049881 0.008314
0.300475 0.049881 0.007126
0.347981 0.049881 0.008314
0.364608 0.049881 0.007126
0.406176 0.049881 0.008314
0.418052 0.049881 0.008314
0.429929 0.049881 0.007126
0.444181 0.049881 0.010689
0.486936 0.049881 0.008314
0.501188 0.049881 0.008314
0.561758 0.049881 0.013064
0.674584 0.049881 0.008314
0.248219 0.051069 0.004751
0.276722 0.051069 0.008314
0.309976 0.051069 0.008314
0.336105 0.051069 0.007126
0.375297 0.051069 0.010689
0.393112 0.051069 0.008314
0.226841 0.052257 0.007126
0.238717 0.052257 0.005938
0.266033 0.052257 0.008314
0.324228 0.052257 0.008314
0.181710 0.054632 0.007126
0.197150 0.054632 0.011876
0.205463 0.054632 0.005938
0.216152 0.054632 0.007126
0.171021 0.055819 0.010689
0.146081 0.057007 0.008314
0.157957 0.057007 0.008314
0.731591 0.060570 0.007126
0.641330 0.061758 0.009501
0.652019 0.062945 0.007126
0.406176 0.064133 0.008314
0.624703 0.064133 0.007126
0.666271 0.064133 0.007126
0.676960 0.064133 0.007126
0.685273 0.064133 0.005938
0.711401 0.064133 0.005938
0.719715 0.064133 0.015439
0.390736 0.065321 0.007126
0.412114 0.065321 0.008314
0.426366 0.065321 0.008314
0.546318 0.065321 0.011876
0.604513 0.065321 0.008314
0.615202 0.065321 0.005938
0.699525 0.065321 0.008314
0.268409 0.066508 0.007126
0.282660 0.066508 0.008314
0.308789 0.066508 0.008314
0.321853 0.066508 0.007126
0.333729 0.066508 0.008314
0.347981 0.066508 0.010689
0.380048 0.066508 0.007126
0.509501 0.066508 0.009501
0.516627 0.066508 0.005938
0.529691 0.066508 0.008314
0.579572 0.066508 0.005938
0.591449 0.066508 0.008314
0.254157 0.067696 0.008314
0.299287 0.067696 0.008314
0.368171 0.067696 0.008314
0.439430 0.067696 0.007126
0.568884 0.067696 0.008314
0.232779 0.068884 0.007126
0.243468 0.068884 0.007126
0.454869 0.068884 0.008314
0.467933 0.068884 0.008314
0.495249 0.068884 0.008314
0.729216 0.068884 0.008314
0.206651 0.070071 0.008314
0.219715 0.070071 0.007126
0.482185 0.070071 0.008314
0.555819 0.070071 0.008314
0.184086 0.071259 0.008314
0.192399 0.071259 0.007126
0.168646 0.073634 0.008314
0.142518 0.074822 0.008314
0.157957 0.074822 0.008314
0.654394 0.078385 0.008314
0.643705 0.079572 0.007126
0.666271 0.079572 0.004751
0.617577 0.080760 0.008314
0.631829 0.080760 0.008314
0.674584 0.080760 0.004751
0.681710 0.080760 0.010689
0.700713 0.080760 0.008314
0.586698 0.081948 0.005938
0.593824 0.081948 0.010689
0.605701 0.081948 0.005938
0.712589 0.081948 0.008314
0.187648 0.083135 0.005938
0.374109 0.083135 0.008314
0.388361 0.083135 0.007126
0.397862 0.083135 0.007126
0.564133 0.083135 0.007126
0.258907 0.084323 0.007126
0.271971 0.084323 0.008314
0.283848 0.084323 0.008314
0.296912 0.084323 0.008314
0.308789 0.084323 0.007126
0.324228 0.084323 0.008314
0.350356 0.084323 0.005938
0.414489 0.084323 0.009501
0.540380 0.084323 0.008314
0.577197 0.084323 0.005938
0.249406 0.085511 0.007126
0.338480 0.085511 0.008314
0.358670 0.085511 0.011876
0.447743 0.085511 0.008314
0.473872 0.085511 0.005938
0.483373 0.085511 0.010689
0.490499 0.085511 0.011876
0.508314 0.085511 0.008314
0.521378 0.085511 0.007126
0.530879 0.085511 0.005938
0.553444 0.085511 0.005938
0.218527 0.087886 0.008314
0.230404 0.087886 0.013064
0.459620 0.087886 0.008314
0.174584 0.089074 0.013064
0.195962 0.089074 0.008314
0.209026 0.089074 0.008314
0.237530 0.089074 0.013064
0.166271 0.090261 0.008314
0.438242 0.090261 0.009501
0.156770 0.091449 0.005938
0.146081 0.092637 0.008314
0.653207 0.098575 0.008314
0.633017 0.099762 0.008314
0.643705 0.099762 0.007126
0.662708 0.099762 0.008314
0.382423 0.100950 0.008314
0.577197 0.100950 0.008314
0.606888 0.100950 0.005938
0.270784 0.102138 0.008314
0.280285 0.102138 0.014252
0.292162 0.102138 0.007126
0.334917 0.102138 0.007126
0.347981 0.102138 0.008314
0.362233 0.102138 0.007126
0.371734 0.102138 0.008314
0.478622 0.102138 0.007126
0.501188 0.102138 0.007126
0.589074 0.102138 0.008314
0.255344 0.103325 0.010689
0.399050 0.103325 0.008314
0.412114 0.103325 0.008314
0.422803 0.103325 0.008314
0.456057 0.103325 0.008314
0.465558 0.103325 0.008314
0.489311 0.103325 0.007126
0.515439 0.103325 0.007126
0.555819 0.103325 0.008314
0.567696 0.103325 0.007126
0.209026 0.104513 0.004751
0.244656 0.104513 0.008314
0.435867 0.104513 0.010689
0.230404 0.105701 0.008314
0.442993 0.105701 0.008314
0.167458 0.106888 0.007126
0.184086 0.106888 0.008314
0.195962 0.106888 0.008314
0.156770 0.108076 0.007126
0.142518 0.109264 0.008314
0.647268 0.116390 0.008314
0.656770 0.116390 0.008314
0.627078 0.117577 0.010689
0.116390 0.118765 0.014252
0.599762 0.118765 0.010689
0.612827 0.118765 0.008314
0.585511 0.119952 0.010689
0.276722 0.121140 0.008314
0.285036 0.121140 0.010689
0.359857 0.121140 0.005938
0.371734 0.121140 0.008314
0.387173 0.121140 0.008314
0.534442 0.121140 0.008314
0.546318 0.121140 0.007126
0.256532 0.122328 0.011876
0.266033 0.122328 0.008314
0.337292 0.122328 0.008314
0.400238 0.122328 0.008314
0.413302 0.122328 0.007126
0.438242 0.122328 0.008314
0.461995 0.122328 0.008314
0.521378 0.122328 0.008314
0.558195 0.122328 0.008314
0.230404 0.123515 0.007126
0.350356 0.123515 0.008314
0.451306 0.123515 0.008314
0.473872 0.123515 0.008314
0.484561 0.123515 0.008314
0.201900 0.124703 0.008314
0.241093 0.124703 0.008314
0.423990 0.124703 0.008314
0.138955 0.125891 0.008314
0.216152 0.125891 0.008314
0.149644 0.127078 0.008314
0.159145 0.127078 0.013064
0.174584 0.127078 0.015439
0.184086 0.127078 0.008314
0.625891 0.137767 0.005938
0.647268 0.137767 0.007126
0.597387 0.138955 0.010689
0.610451 0.138955 0.010689
0.277910 0.140143 0.008314
0.413302 0.140143 0.008314
0.635392 0.140143 0.008314
0.241093 0.141330 0.008314
0.287411 0.141330 0.007126
0.533254 0.141330 0.013064
0.555819 0.141330 0.010689
0.581948 0.141330 0.008314
0.252969 0.142518 0.007126
0.263658 0.142518 0.008314
0.365796 0.142518 0.008314
0.397862 0.142518 0.008314
0.450119 0.142518 0.008314
0.460808 0.142518 0.007126
0.489311 0.142518 0.008314
0.500000 0.142518 0.007126
0.509501 0.142518 0.007126
0.570071 0.142518 0.008314
0.349169 0.143705 0.008314
0.376485 0.143705 0.008314
0.388361 0.143705 0.007126
0.426366 0.143705 0.008314
0.437055 0.143705 0.008314
0.473872 0.143705 0.008314
0.519002 0.143705 0.008314
0.653207 0.143705 0.007126
0.223278 0.144893 0.011876
0.336105 0.144893 0.008314
0.195962 0.146081 0.008314
0.141330 0.147268 0.008314
0.154394 0.147268 0.008314
0.163895 0.147268 0.005938
0.175772 0.147268 0.008314
0.186461 0.147268 0.007126
0.238717 0.155582 0.005938
0.627078 0.157957 0.008314
0.422803 0.159145 0.007126
0.524941 0.159145 0.007126
0.533254 0.159145 0.010689
0.560570 0.159145 0.008314
0.573634 0.159145 0.004751
0.591449 0.159145 0.009501
0.606888 0.159145 0.013064
0.615202 0.159145 0.008314
0.351544 0.160333 0.005938
0.438242 0.160333 0.008314
0.388361 0.161520 0.007126
0.400238 0.161520 0.008314
0.412114 0.161520 0.005938
0.450119 0.161520 0.007126
0.459620 0.161520 0.005938
0.467933 0.161520 0.005938
0.505938 0.161520 0.010689
0.549881 0.161520 0.008314
0.270784 0.162708 0.008314
0.292162 0.162708 0.008314
0.338480 0.162708 0.009501
0.362233 0.162708 0.016627
0.375297 0.162708 0.008314
0.478622 0.162708 0.005938
0.491686 0.162708 0.008314
0.256532 0.163895 0.009501
0.280285 0.163895 0.008314
0.306413 0.163895 0.008314
0.321853 0.163895 0.013064
0.235154 0.166271 0.008314
0.212589 0.167458 0.008314
0.223278 0.167458 0.007126
0.137767 0.168646 0.008314
0.148456 0.168646 0.007126
0.159145 0.168646 0.007126
0.169834 0.168646 0.008314
0.185273 0.168646 0.009501
0.200713 0.169834 0.008314
0.688836 0.184086 0.013064
0.625891 0.186461 0.008314
0.636580 0.186461 0.008314
0.650831 0.186461 0.008314
0.672209 0.186461 0.007126
0.438242 0.187648 0.008314
0.615202 0.187648 0.008314
0.661520 0.187648 0.008314
0.214964 0.188836 0.004751
0.414489 0.188836 0.016627
0.423990 0.188836 0.020190
0.452494 0.188836 0.008314
0.466746 0.188836 0.008314
0.477435 0.188836 0.008314
0.485748 0.188836 0.007126
0.520190 0.188836 0.005938
0.529691 0.188836 0.008314
0.574822 0.188836 0.008314
0.586698 0.188836 0.008314
0.597387 0.188836 0.009501
0.206651 0.190024 0.014252
0.509501 0.190024 0.008314
0.543943 0.190024 0.013064
0.558195 0.190024 0.008314
0.222090 0.191211 0.004751
0.228029 0.191211 0.009501
0.271971 0.191211 0.004751
0.334917 0.191211 0.004751
0.361045 0.191211 0.008314
0.385986 0.191211 0.008314
0.497625 0.191211 0.008314
0.153207 0.192399 0.008314
0.163895 0.192399 0.008314
0.176960 0.192399 0.008314
0.195962 0.192399 0.004751
0.263658 0.192399 0.005938
0.285036 0.192399 0.009501
0.296912 0.192399 0.004751
0.326603 0.192399 0.007126
0.346793 0.192399 0.008314
0.372922 0.192399 0.008314
0.187648 0.193587 0.005938
0.241093 0.193587 0.017815
0.302850 0.193587 0.009501
0.315914 0.193587 0.008314
0.248219 0.194774 0.014252
