0.642518 0.073634 0.007126
0.653207 0.074822 0.007126
0.690024 0.074822 0.007126
0.700713 0.074822 0.008314
0.723278 0.074822 0.005938
0.733967 0.074822 0.007126
0.743468 0.074822 0.007126
0.775534 0.074822 0.015439
0.553444 0.076010 0.008314
0.580760 0.076010 0.004751
0.589074 0.076010 0.013064
0.596200 0.076010 0.008314
0.606888 0.076010 0.008314
0.617577 0.076010 0.008314
0.669834 0.076010 0.010689
0.679335 0.076010 0.007126
0.712589 0.076010 0.008314
0.754157 0.076010 0.008314
0.533254 0.077197 0.007126
0.543943 0.077197 0.005938
0.565321 0.077197 0.008314
0.785036 0.077197 0.008314
0.464371 0.078385 0.005938
0.798100 0.078385 0.007126
0.808789 0.078385 0.008314
0.842043 0.078385 0.008314
0.856295 0.078385 0.008314
0.410926 0.079572 0.008314
0.429929 0.079572 0.008314
0.442993 0.079572 0.008314
0.456057 0.079572 0.007126
0.477435 0.079572 0.008314
0.490499 0.079572 0.007126
0.500000 0.079572 0.005938
0.509501 0.079572 0.007126
0.520190 0.079572 0.008314
0.818290 0.079572 0.005938
0.830166 0.079572 0.007126
0.869359 0.079572 0.004751
0.371734 0.080760 0.008314
0.381235 0.080760 0.008314
0.396675 0.080760 0.008314
0.420428 0.080760 0.005938
0.351544 0.083135 0.004751
0.361045 0.083135 0.008314
0.256532 0.084323 0.007126
0.276722 0.084323 0.005938
0.295724 0.084323 0.007126
0.328979 0.084323 0.008314
0.340855 0.084323 0.008314
0.198337 0.085511 0.005938
0.209026 0.085511 0.007126
0.219715 0.085511 0.004751
0.237530 0.085511 0.013064
0.245843 0.085511 0.005938
0.267221 0.085511 0.007126
0.307601 0.085511 0.005938
0.317102 0.085511 0.008314
0.190024 0.086698 0.007126
0.226841 0.086698 0.008314
0.285036 0.086698 0.007126
0.168646 0.089074 0.008314
0.179335 0.089074 0.007126
0.739905 0.089074 0.004751
0.574822 0.090261 0.007126
0.583135 0.090261 0.008314
0.647268 0.090261 0.005938
0.656770 0.090261 0.007126
0.666271 0.090261 0.007126
0.678147 0.090261 0.005938
0.686461 0.090261 0.007126
0.697150 0.090261 0.007126
0.748219 0.090261 0.005938
0.540380 0.091449 0.007126
0.566508 0.091449 0.007126
0.593824 0.091449 0.007126
0.605701 0.091449 0.008314
0.614014 0.091449 0.007126
0.623515 0.091449 0.008314
0.710214 0.091449 0.008314
0.732779 0.091449 0.011876
0.758907 0.091449 0.007126
0.767221 0.091449 0.013064
0.786223 0.091449 0.008314
0.510689 0.092637 0.007126
0.521378 0.092637 0.004751
0.529691 0.092637 0.008314
0.553444 0.092637 0.008314
0.722090 0.092637 0.007126
0.832542 0.092637 0.004751
0.882423 0.092637 0.007126
0.447743 0.093824 0.004751
0.464371 0.093824 0.008314
0.497625 0.093824 0.008314
0.839667 0.093824 0.011876
0.413302 0.095012 0.005938
0.427553 0.095012 0.008314
0.438242 0.095012 0.007126
0.475059 0.095012 0.007126
0.485748 0.095012 0.007126
0.823040 0.095012 0.013064
0.853919 0.095012 0.008314
0.864608 0.095012 0.007126
0.874109 0.095012 0.008314
0.383610 0.096200 0.005938
0.393112 0.096200 0.005938
0.402613 0.096200 0.005938
0.149644 0.097387 0.016627
0.371734 0.097387 0.008314
0.250594 0.098575 0.004751
0.261283 0.098575 0.008314
0.267221 0.098575 0.004751
0.276722 0.098575 0.007126
0.285036 0.098575 0.004751
0.293349 0.098575 0.005938
0.302850 0.098575 0.008314
0.327791 0.098575 0.008314
0.361045 0.098575 0.005938
0.230404 0.099762 0.008314
0.350356 0.099762 0.007126
0.161520 0.100950 0.007126
0.218527 0.100950 0.007126
0.336105 0.100950 0.008314
0.171021 0.102138 0.005938
0.178147 0.102138 0.005938
0.188836 0.102138 0.005938
0.197150 0.102138 0.005938
0.205463 0.103325 0.008314
0.671021 0.103325 0.007126
0.647268 0.104513 0.007126
0.659145 0.104513 0.005938
0.679335 0.104513 0.004751
0.572447 0.105701 0.007126
0.581948 0.105701 0.005938
0.593824 0.105701 0.007126
0.603325 0.105701 0.007126
0.612827 0.105701 0.007126
0.635392 0.105701 0.007126
0.687648 0.105701 0.011876
0.750594 0.105701 0.008314
0.503563 0.106888 0.005938
0.515439 0.106888 0.007126
0.524941 0.106888 0.007126
0.538005 0.106888 0.007126
0.549881 0.106888 0.007126
0.561758 0.106888 0.008314
0.623515 0.106888 0.008314
0.701900 0.106888 0.004751
0.710214 0.106888 0.005938
0.764846 0.106888 0.008314
0.775534 0.106888 0.005938
0.492874 0.108076 0.007126
0.786223 0.108076 0.008314
0.882423 0.108076 0.008314
0.402613 0.109264 0.008314
0.414489 0.109264 0.008314
0.422803 0.109264 0.007126
0.448931 0.109264 0.008314
0.459620 0.109264 0.008314
0.472684 0.109264 0.005938
0.482185 0.109264 0.004751
0.830166 0.109264 0.007126
0.857482 0.109264 0.008314
0.868171 0.109264 0.008314
0.389549 0.110451 0.005938
0.434679 0.110451 0.008314
0.309976 0.111639 0.007126
0.323040 0.111639 0.008314
0.339667 0.111639 0.004751
0.352732 0.111639 0.008314
0.361045 0.111639 0.005938
0.370546 0.111639 0.005938
0.380048 0.111639 0.007126
0.262470 0.112827 0.005938
0.279097 0.112827 0.007126
0.292162 0.112827 0.005938
0.300475 0.112827 0.004751
0.331354 0.112827 0.004751
0.250594 0.114014 0.007126
0.219715 0.115202 0.007126
0.232779 0.115202 0.007126
0.241093 0.115202 0.004751
0.174584 0.116390 0.007126
0.198337 0.116390 0.004751
0.205463 0.116390 0.010689
0.185273 0.117577 0.009501
0.153207 0.118765 0.008314
0.163895 0.118765 0.005938
0.570071 0.121140 0.008314
0.581948 0.121140 0.008314
0.597387 0.121140 0.008314
0.606888 0.121140 0.005938
0.615202 0.121140 0.004751
0.788599 0.121140 0.007126
0.141330 0.122328 0.007126
0.510689 0.122328 0.008314
0.625891 0.122328 0.007126
0.638955 0.122328 0.008314
0.118765 0.123515 0.007126
0.129454 0.123515 0.007126
0.475059 0.123515 0.005938
0.522565 0.123515 0.008314
0.534442 0.123515 0.008314
0.547506 0.123515 0.008314
0.663895 0.123515 0.007126
0.826603 0.123515 0.008314
0.838480 0.123515 0.005938
0.847981 0.123515 0.007126
0.856295 0.123515 0.007126
0.444181 0.124703 0.004751
0.464371 0.124703 0.008314
0.484561 0.124703 0.008314
0.496437 0.124703 0.008314
0.654394 0.124703 0.008314
0.865796 0.124703 0.007126
0.875297 0.124703 0.004751
0.432304 0.125891 0.008314
0.268409 0.127078 0.008314
0.374109 0.127078 0.010689
0.400238 0.127078 0.005938
0.408551 0.127078 0.008314
0.419240 0.127078 0.008314
0.282660 0.128266 0.008314
0.340855 0.128266 0.007126
0.390736 0.128266 0.007126
0.255344 0.129454 0.009501
0.331354 0.129454 0.005938
0.349169 0.129454 0.008314
0.361045 0.129454 0.008314
0.217340 0.131829 0.008314
0.229216 0.131829 0.008314
0.242280 0.131829 0.008314
0.192399 0.133017 0.008314
0.207838 0.133017 0.007126
0.160333 0.135392 0.008314
0.574822 0.135392 0.008314
0.146081 0.136580 0.008314
0.171021 0.136580 0.007126
0.181710 0.136580 0.008314
0.553444 0.136580 0.007126
0.592637 0.136580 0.005938
0.599762 0.136580 0.005938
0.641330 0.136580 0.007126
0.885986 0.136580 0.005938
0.117577 0.137767 0.007126
0.136580 0.137767 0.005938
0.562945 0.137767 0.005938
0.622328 0.137767 0.007126
0.633017 0.137767 0.005938
0.663895 0.137767 0.008314
0.724466 0.137767 0.011876
0.762470 0.137767 0.008314
0.807601 0.137767 0.005938
0.847981 0.137767 0.008314
0.866983 0.137767 0.007126
0.876485 0.137767 0.008314
0.524941 0.138955 0.008314
0.536817 0.138955 0.007126
0.611639 0.138955 0.008314
0.752969 0.138955 0.008314
0.770784 0.138955 0.008314
0.783848 0.138955 0.009501
0.794537 0.138955 0.008314
0.857482 0.138955 0.005938
0.515439 0.140143 0.008314
0.824228 0.140143 0.005938
0.832542 0.140143 0.004751
0.476247 0.141330 0.008314
0.489311 0.141330 0.008314
0.502375 0.141330 0.008314
0.402613 0.142518 0.007126
0.432304 0.142518 0.005938
0.444181 0.142518 0.007126
0.453682 0.142518 0.007126
0.464371 0.142518 0.005938
0.412114 0.143705 0.008314
0.421615 0.143705 0.007126
0.383610 0.144893 0.008314
0.394299 0.144893 0.005938
0.250594 0.146081 0.009501
0.257720 0.146081 0.008314
0.279097 0.146081 0.008314
0.369359 0.146081 0.007126
0.224466 0.147268 0.008314
0.236342 0.147268 0.008314
0.268409 0.147268 0.008314
0.213777 0.149644 0.008314
0.119952 0.150831 0.010689
0.169834 0.150831 0.005938
0.180523 0.150831 0.007126
0.190024 0.150831 0.004751
0.136580 0.152019 0.008314
0.148456 0.152019 0.008314
0.161520 0.152019 0.008314
0.555819 0.154394 0.009501
0.571259 0.154394 0.007126
0.580760 0.154394 0.004751
0.602138 0.154394 0.008314
0.614014 0.154394 0.004751
0.634204 0.154394 0.010689
0.641330 0.154394 0.004751
0.650831 0.154394 0.005938
0.659145 0.154394 0.010689
0.710214 0.154394 0.007126
0.720903 0.154394 0.005938
0.868171 0.154394 0.011876
0.587886 0.155582 0.010689
0.729216 0.155582 0.007126
0.755344 0.155582 0.008314
0.766033 0.155582 0.008314
0.780285 0.155582 0.008314
0.794537 0.155582 0.008314
0.805226 0.155582 0.007126
0.817102 0.155582 0.008314
0.843230 0.155582 0.005938
0.851544 0.155582 0.005938
0.861045 0.155582 0.004751
0.517815 0.156770 0.008314
0.743468 0.156770 0.008314
0.451306 0.159145 0.007126
0.460808 0.159145 0.004751
0.470309 0.159145 0.008314
0.480998 0.159145 0.007126
0.374109 0.161520 0.007126
0.382423 0.161520 0.004751
0.395487 0.161520 0.005938
0.419240 0.161520 0.007126
0.429929 0.161520 0.008314
0.440618 0.161520 0.007126
0.275534 0.162708 0.009501
0.336105 0.162708 0.010689
0.362233 0.162708 0.004751
0.350356 0.163895 0.007126
0.407363 0.163895 0.008314
0.166271 0.165083 0.004751
0.192399 0.165083 0.004751
0.205463 0.165083 0.010689
0.213777 0.165083 0.004751
0.147268 0.166271 0.004751
0.154394 0.166271 0.004751
0.174584 0.166271 0.004751
0.182898 0.166271 0.008314
0.117577 0.167458 0.010689
0.130641 0.167458 0.011876
0.138955 0.167458 0.005938
0.868171 0.171021 0.008314
0.616390 0.172209 0.005938
0.627078 0.172209 0.008314
0.634204 0.172209 0.011876
0.646081 0.172209 0.004751
0.798100 0.172209 0.005938
0.806413 0.172209 0.007126
0.818290 0.172209 0.007126
0.826603 0.172209 0.004751
0.834917 0.172209 0.010689
0.606888 0.173397 0.011876
0.663895 0.173397 0.010689
0.751781 0.173397 0.004751
0.769596 0.173397 0.007126
0.777910 0.173397 0.004751
0.849169 0.173397 0.008314
0.598575 0.174584 0.010689
0.731591 0.174584 0.008314
0.742280 0.174584 0.007126
0.758907 0.174584 0.005938
0.479810 0.175772 0.008314
0.491686 0.175772 0.005938
0.543943 0.175772 0.010689
0.585511 0.175772 0.008314
0.709026 0.175772 0.008314
0.720903 0.175772 0.008314
0.552257 0.176960 0.008314
0.564133 0.176960 0.004751
0.461995 0.178147 0.008314
0.471496 0.178147 0.005938
0.573634 0.178147 0.008314
0.384798 0.179335 0.008314
0.393112 0.179335 0.007126
0.404988 0.179335 0.008314
0.418052 0.179335 0.007126
0.428741 0.179335 0.007126
0.439430 0.179335 0.008314
0.451306 0.179335 0.007126
0.330166 0.180523 0.008314
0.353919 0.180523 0.008314
0.363420 0.180523 0.005938
0.374109 0.180523 0.007126
0.186461 0.181710 0.007126
0.262470 0.181710 0.009501
0.279097 0.181710 0.009501
0.342043 0.181710 0.005938
0.134204 0.182898 0.007126
0.286223 0.182898 0.004751
0.144893 0.184086 0.007126
0.155582 0.184086 0.005938
0.167458 0.184086 0.008314
0.118765 0.185273 0.009501
0.883610 0.186461 0.008314
0.818290 0.187648 0.008314
0.852732 0.187648 0.008314
0.861045 0.187648 0.008314
0.871734 0.187648 0.008314
0.617577 0.188836 0.007126
0.641330 0.188836 0.008314
0.652019 0.188836 0.004751
0.660333 0.188836 0.004751
0.833729 0.188836 0.008314
0.843230 0.188836 0.007126
0.629454 0.190024 0.008314
0.667458 0.190024 0.004751
0.705463 0.190024 0.007126
0.771971 0.190024 0.007126
0.790974 0.190024 0.007126
0.800475 0.190024 0.005938
0.809976 0.190024 0.005938
0.606888 0.191211 0.007126
0.675772 0.191211 0.005938
0.694774 0.191211 0.005938
0.719715 0.191211 0.008314
0.743468 0.191211 0.008314
0.757720 0.191211 0.008314
0.781473 0.191211 0.005938
0.592637 0.192399 0.010689
0.684086 0.192399 0.008314
0.732779 0.192399 0.005938
0.559382 0.193587 0.007126
0.572447 0.193587 0.007126
0.583135 0.193587 0.007126
0.432304 0.194774 0.008314
0.492874 0.194774 0.013064
0.502375 0.194774 0.004751
0.509501 0.194774 0.004751
0.546318 0.194774 0.008314
0.267221 0.195962 0.004751
0.294537 0.195962 0.011876
0.393112 0.195962 0.008314
0.402613 0.195962 0.005938
0.410926 0.195962 0.005938
0.419240 0.195962 0.005938
0.445368 0.195962 0.008314
0.456057 0.195962 0.007126
0.467933 0.195962 0.008314
0.479810 0.195962 0.009501
0.193587 0.197150 0.010689
0.199525 0.197150 0.004751
0.209026 0.197150 0.007126
0.236342 0.197150 0.007126
0.257720 0.197150 0.008314
0.317102 0.197150 0.009501
0.339667 0.197150 0.005938
0.368171 0.197150 0.007126
0.378860 0.197150 0.004751
0.180523 0.198337 0.005938
0.219715 0.198337 0.004751
0.247031 0.198337 0.007126
0.330166 0.198337 0.004751
0.356295 0.198337 0.007126
0.128266 0.199525 0.007126
0.138955 0.199525 0.007126
0.147268 0.199525 0.010689
0.161520 0.199525 0.007126
0.171021 0.199525 0.007126
0.346793 0.199525 0.011876
0.119952 0.200713 0.008314
0.880048 0.200713 0.007126
0.830166 0.203088 0.008314
0.850356 0.203088 0.008314
0.862233 0.203088 0.004751
0.869359 0.203088 0.005938
0.819477 0.204276 0.008314
0.840855 0.204276 0.007126
0.657957 0.205463 0.004751
0.666271 0.205463 0.004751
0.750594 0.205463 0.010689
0.766033 0.205463 0.008314
0.780285 0.205463 0.008314
0.788599 0.205463 0.005938
0.798100 0.205463 0.005938
0.807601 0.205463 0.008314
0.648456 0.206651 0.013064
0.673397 0.206651 0.004751
0.694774 0.206651 0.005938
0.703088 0.206651 0.008314
0.713777 0.206651 0.004751
0.722090 0.206651 0.004751
0.729216 0.206651 0.005938
0.738717 0.206651 0.007126
0.589074 0.207838 0.007126
0.610451 0.207838 0.004751
0.618765 0.207838 0.011876
0.631829 0.207838 0.009501
0.681710 0.207838 0.007126
0.570071 0.209026 0.008314
0.578385 0.209026 0.005938
0.602138 0.209026 0.010689
0.557007 0.210214 0.008314
0.459620 0.211401 0.008314
0.470309 0.211401 0.007126
0.478622 0.211401 0.004751
0.513064 0.211401 0.005938
0.522565 0.211401 0.005938
0.532067 0.211401 0.007126
0.541568 0.211401 0.010689
0.377672 0.212589 0.010689
0.390736 0.212589 0.008314
0.420428 0.212589 0.005938
0.428741 0.212589 0.005938
0.438242 0.212589 0.007126
0.447743 0.212589 0.008314
0.490499 0.212589 0.009501
0.133017 0.213777 0.008314
0.195962 0.213777 0.004751
0.203088 0.213777 0.004751
0.269596 0.213777 0.007126
0.282660 0.213777 0.008314
0.304038 0.213777 0.008314
0.334917 0.213777 0.004751
0.351544 0.213777 0.005938
0.361045 0.213777 0.005938
0.399050 0.213777 0.005938
0.409739 0.213777 0.007126
0.505938 0.213777 0.010689
0.116390 0.214964 0.009501
0.163895 0.214964 0.005938
0.184086 0.214964 0.008314
0.210214 0.214964 0.008314
0.222090 0.214964 0.007126
0.230404 0.214964 0.004751
0.237530 0.214964 0.010689
0.292162 0.214964 0.008314
0.318290 0.214964 0.007126
0.368171 0.214964 0.005938
0.154394 0.216152 0.007126
0.174584 0.216152 0.005938
0.255344 0.216152 0.009501
0.877672 0.216152 0.008314
0.143705 0.217340 0.007126
0.850356 0.217340 0.007126
0.859857 0.218527 0.008314
0.801663 0.219715 0.008314
0.813539 0.219715 0.009501
0.840855 0.219715 0.008314
0.782660 0.220903 0.005938
0.820665 0.220903 0.004751
0.828979 0.220903 0.005938
0.763658 0.222090 0.007126
0.771971 0.222090 0.005938
0.790974 0.222090 0.013064
0.738717 0.223278 0.005938
0.747031 0.223278 0.004751
0.752969 0.223278 0.003563
0.709026 0.224466 0.008314
0.729216 0.224466 0.005938
0.580760 0.225653 0.011876
0.602138 0.225653 0.009501
0.617577 0.225653 0.008314
0.628266 0.225653 0.008314
0.636580 0.225653 0.005938
0.646081 0.225653 0.013064
0.653207 0.225653 0.004751
0.663895 0.225653 0.008314
0.697150 0.225653 0.008314
0.718527 0.225653 0.008314
0.589074 0.226841 0.004751
0.482185 0.228029 0.008314
0.513064 0.228029 0.007126
0.522565 0.228029 0.008314
0.534442 0.228029 0.008314
0.545131 0.228029 0.008314
0.557007 0.228029 0.008314
0.568884 0.228029 0.007126
0.681710 0.228029 0.010689
0.400238 0.229216 0.005938
0.432304 0.229216 0.005938
0.502375 0.229216 0.005938
0.123515 0.230404 0.005938
0.143705 0.230404 0.004751
0.153207 0.230404 0.005938
0.169834 0.230404 0.004751
0.182898 0.230404 0.004751
0.281473 0.230404 0.008314
0.362233 0.230404 0.004751
0.372922 0.230404 0.007126
0.408551 0.230404 0.011876
0.421615 0.230404 0.008314
0.440618 0.230404 0.004751
0.446556 0.230404 0.010689
0.458432 0.230404 0.014252
0.112827 0.231591 0.008314
0.134204 0.231591 0.007126
0.161520 0.231591 0.005938
0.193587 0.231591 0.007126
0.260095 0.231591 0.005938
0.269596 0.231591 0.013064
0.294537 0.231591 0.008314
0.305226 0.231591 0.007126
0.344418 0.231591 0.007126
0.353919 0.231591 0.005938
0.389549 0.231591 0.008314
0.218527 0.232779 0.008314
0.229216 0.232779 0.008314
0.238717 0.232779 0.005938
0.249406 0.232779 0.007126
0.319477 0.232779 0.009501
0.205463 0.233967 0.008314
