0.825416 0.072447 0.008314
0.839667 0.072447 0.007126
0.880048 0.072447 0.010689
0.763658 0.073634 0.008314
0.792162 0.073634 0.008314
0.801663 0.073634 0.007126
0.812352 0.073634 0.007126
0.850356 0.073634 0.004751
0.864608 0.073634 0.011876
0.872922 0.073634 0.004751
0.752969 0.074822 0.008314
0.776722 0.074822 0.009501
0.697150 0.076010 0.008314
0.707838 0.076010 0.007126
0.719715 0.076010 0.008314
0.729216 0.076010 0.007126
0.625891 0.077197 0.007126
0.640143 0.077197 0.008314
0.652019 0.077197 0.007126
0.662708 0.077197 0.005938
0.739905 0.077197 0.008314
0.488124 0.078385 0.005938
0.497625 0.078385 0.008314
0.517815 0.078385 0.004751
0.524941 0.078385 0.008314
0.565321 0.078385 0.005938
0.581948 0.078385 0.004751
0.615202 0.078385 0.008314
0.672209 0.078385 0.007126
0.686461 0.078385 0.008314
0.393112 0.079572 0.008314
0.403800 0.079572 0.007126
0.444181 0.079572 0.008314
0.454869 0.079572 0.007126
0.464371 0.079572 0.007126
0.477435 0.079572 0.008314
0.508314 0.079572 0.007126
0.535629 0.079572 0.004751
0.555819 0.079572 0.007126
0.573634 0.079572 0.005938
0.591449 0.079572 0.008314
0.603325 0.079572 0.008314
0.545131 0.080760 0.008314
0.382423 0.081948 0.004751
0.428741 0.081948 0.005938
0.264846 0.083135 0.005938
0.345606 0.083135 0.008314
0.359857 0.083135 0.010689
0.372922 0.083135 0.009501
0.415677 0.083135 0.009501
0.172209 0.084323 0.008314
0.190024 0.084323 0.008314
0.201900 0.084323 0.007126
0.212589 0.084323 0.007126
0.223278 0.084323 0.007126
0.245843 0.084323 0.005938
0.255344 0.084323 0.005938
0.275534 0.084323 0.005938
0.285036 0.084323 0.005938
0.159145 0.085511 0.008314
0.182898 0.085511 0.007126
0.233967 0.085511 0.007126
0.336105 0.085511 0.007126
0.844418 0.086698 0.007126
0.883610 0.086698 0.008314
0.833729 0.087886 0.008314
0.856295 0.087886 0.008314
0.127078 0.089074 0.005938
0.777910 0.089074 0.007126
0.788599 0.089074 0.008314
0.802850 0.089074 0.009501
0.819477 0.089074 0.008314
0.871734 0.089074 0.008314
0.118765 0.090261 0.005938
0.650831 0.091449 0.007126
0.660333 0.091449 0.008314
0.674584 0.091449 0.008314
0.732779 0.091449 0.008314
0.623515 0.092637 0.008314
0.687648 0.092637 0.007126
0.701900 0.092637 0.008314
0.716152 0.092637 0.008314
0.724466 0.092637 0.005938
0.551069 0.093824 0.005938
0.561758 0.093824 0.005938
0.571259 0.093824 0.007126
0.638955 0.093824 0.008314
0.747031 0.093824 0.008314
0.761283 0.093824 0.010689
0.524941 0.095012 0.008314
0.538005 0.095012 0.008314
0.583135 0.095012 0.008314
0.595012 0.095012 0.008314
0.434679 0.096200 0.007126
0.445368 0.096200 0.005938
0.454869 0.096200 0.007126
0.465558 0.096200 0.007126
0.478622 0.096200 0.007126
0.511876 0.096200 0.008314
0.344418 0.097387 0.008314
0.421615 0.097387 0.007126
0.488124 0.097387 0.005938
0.498812 0.097387 0.005938
0.171021 0.098575 0.009501
0.186461 0.098575 0.008314
0.197150 0.098575 0.005938
0.206651 0.098575 0.005938
0.219715 0.098575 0.008314
0.271971 0.098575 0.005938
0.289786 0.098575 0.007126
0.300475 0.098575 0.007126
0.331354 0.098575 0.007126
0.353919 0.098575 0.007126
0.363420 0.098575 0.005938
0.372922 0.098575 0.007126
0.395487 0.098575 0.008314
0.409739 0.098575 0.007126
0.241093 0.099762 0.005938
0.250594 0.099762 0.005938
0.262470 0.099762 0.005938
0.384798 0.099762 0.005938
0.156770 0.100950 0.008314
0.231591 0.100950 0.005938
0.129454 0.102138 0.007126
0.863420 0.102138 0.008314
0.878860 0.102138 0.007126
0.869359 0.103325 0.004751
0.887173 0.103325 0.014252
0.119952 0.104513 0.007126
0.783848 0.104513 0.008314
0.821853 0.104513 0.007126
0.831354 0.104513 0.005938
0.840855 0.104513 0.008314
0.850356 0.104513 0.005938
0.795724 0.105701 0.005938
0.807601 0.105701 0.008314
0.763658 0.106888 0.004751
0.770784 0.106888 0.004751
0.619952 0.108076 0.009501
0.641330 0.108076 0.008314
0.661520 0.108076 0.005938
0.669834 0.108076 0.004751
0.679335 0.108076 0.008314
0.691211 0.108076 0.005938
0.699525 0.108076 0.004751
0.707838 0.108076 0.008314
0.716152 0.108076 0.007126
0.725653 0.108076 0.005938
0.738717 0.108076 0.008314
0.754157 0.108076 0.005938
0.604513 0.109264 0.007126
0.630641 0.109264 0.007126
0.649644 0.109264 0.007126
0.450119 0.110451 0.005938
0.464371 0.110451 0.008314
0.524941 0.110451 0.008314
0.535629 0.110451 0.007126
0.547506 0.110451 0.008314
0.571259 0.110451 0.007126
0.423990 0.111639 0.007126
0.476247 0.111639 0.008314
0.486936 0.111639 0.007126
0.498812 0.111639 0.007126
0.510689 0.111639 0.008314
0.559382 0.111639 0.007126
0.581948 0.111639 0.005938
0.592637 0.111639 0.008314
0.194774 0.112827 0.007126
0.231591 0.112827 0.005938
0.239905 0.112827 0.004751
0.248219 0.112827 0.005938
0.275534 0.112827 0.007126
0.299287 0.112827 0.005938
0.308789 0.112827 0.007126
0.319477 0.112827 0.008314
0.345606 0.112827 0.007126
0.357482 0.112827 0.005938
0.366983 0.112827 0.005938
0.435867 0.112827 0.008314
0.174584 0.114014 0.005938
0.184086 0.114014 0.007126
0.206651 0.114014 0.005938
0.216152 0.114014 0.008314
0.262470 0.114014 0.007126
0.283848 0.114014 0.008314
0.333729 0.114014 0.005938
0.376485 0.114014 0.008314
0.388361 0.114014 0.007126
0.399050 0.114014 0.007126
0.410926 0.114014 0.008314
0.162708 0.115202 0.007126
0.152019 0.116390 0.008314
0.872922 0.116390 0.008314
0.883610 0.116390 0.008314
0.117577 0.118765 0.008314
0.857482 0.118765 0.007126
0.819477 0.119952 0.008314
0.849169 0.119952 0.004751
0.744656 0.121140 0.004751
0.787411 0.121140 0.008314
0.800475 0.121140 0.008314
0.830166 0.121140 0.005938
0.838480 0.121140 0.007126
0.754157 0.122328 0.008314
0.774347 0.122328 0.005938
0.663895 0.123515 0.005938
0.722090 0.123515 0.008314
0.764846 0.123515 0.007126
0.562945 0.124703 0.008314
0.636580 0.124703 0.005938
0.654394 0.124703 0.007126
0.250594 0.125891 0.005938
0.261283 0.125891 0.008314
0.283848 0.125891 0.005938
0.513064 0.125891 0.008314
0.573634 0.125891 0.004751
0.581948 0.125891 0.008314
0.606888 0.125891 0.004751
0.627078 0.125891 0.007126
0.644893 0.125891 0.005938
0.709026 0.125891 0.009501
0.239905 0.127078 0.008314
0.486936 0.127078 0.007126
0.500000 0.127078 0.008314
0.524941 0.127078 0.007126
0.535629 0.127078 0.008314
0.547506 0.127078 0.008314
0.596200 0.127078 0.008314
0.615202 0.127078 0.008314
0.188836 0.128266 0.007126
0.200713 0.128266 0.008314
0.214964 0.128266 0.008314
0.228029 0.128266 0.007126
0.273159 0.128266 0.007126
0.333729 0.128266 0.011876
0.340855 0.128266 0.004751
0.349169 0.128266 0.005938
0.359857 0.128266 0.005938
0.369359 0.128266 0.004751
0.385986 0.128266 0.008314
0.409739 0.128266 0.008314
0.426366 0.128266 0.009501
0.439430 0.128266 0.005938
0.179335 0.129454 0.004751
0.377672 0.129454 0.005938
0.397862 0.129454 0.005938
0.448931 0.129454 0.008314
0.461995 0.129454 0.007126
0.473872 0.129454 0.008314
0.169834 0.130641 0.007126
0.149644 0.131829 0.013064
0.157957 0.131829 0.008314
0.874109 0.131829 0.004751
0.881235 0.131829 0.004751
0.890736 0.131829 0.013064
0.865796 0.133017 0.004751
0.819477 0.135392 0.007126
0.828979 0.135392 0.008314
0.844418 0.135392 0.007126
0.116390 0.136580 0.008314
0.804038 0.136580 0.008314
0.855107 0.136580 0.008314
0.790974 0.137767 0.008314
0.656770 0.138955 0.011876
0.763658 0.138955 0.009501
0.779097 0.138955 0.008314
0.647268 0.140143 0.008314
0.622328 0.141330 0.008314
0.635392 0.141330 0.008314
0.711401 0.141330 0.008314
0.722090 0.141330 0.007126
0.745843 0.141330 0.008314
0.273159 0.142518 0.005938
0.528504 0.142518 0.008314
0.564133 0.142518 0.008314
0.577197 0.142518 0.008314
0.591449 0.142518 0.008314
0.603325 0.142518 0.008314
0.736342 0.142518 0.007126
0.254157 0.143705 0.005938
0.262470 0.143705 0.007126
0.414489 0.143705 0.007126
0.541568 0.143705 0.007126
0.552257 0.143705 0.008314
0.205463 0.144893 0.005938
0.212589 0.144893 0.008314
0.223278 0.144893 0.004751
0.231591 0.144893 0.008314
0.243468 0.144893 0.008314
0.336105 0.144893 0.005938
0.361045 0.144893 0.005938
0.372922 0.144893 0.008314
0.384798 0.144893 0.007126
0.394299 0.144893 0.005938
0.404988 0.144893 0.007126
0.426366 0.144893 0.008314
0.433492 0.144893 0.004751
0.441805 0.144893 0.008314
0.451306 0.144893 0.008314
0.465558 0.144893 0.007126
0.479810 0.144893 0.007126
0.490499 0.144893 0.008314
0.513064 0.144893 0.008314
0.194774 0.146081 0.008314
0.345606 0.146081 0.008314
0.166271 0.147268 0.008314
0.173397 0.147268 0.004751
0.181710 0.147268 0.010689
0.503563 0.147268 0.008314
0.156770 0.148456 0.005938
0.147268 0.149644 0.005938
0.877672 0.149644 0.013064
0.887173 0.149644 0.008314
0.128266 0.150831 0.008314
0.137767 0.150831 0.005938
0.834917 0.150831 0.007126
0.866983 0.150831 0.008314
0.115202 0.152019 0.008314
0.844418 0.152019 0.007126
0.856295 0.152019 0.008314
0.811164 0.153207 0.008314
0.823040 0.153207 0.008314
0.779097 0.154394 0.005938
0.787411 0.154394 0.004751
0.798100 0.154394 0.008314
0.755344 0.155582 0.008314
0.769596 0.155582 0.005938
0.745843 0.156770 0.005938
0.543943 0.157957 0.007126
0.554632 0.157957 0.005938
0.735154 0.157957 0.008314
0.517815 0.159145 0.004751
0.576010 0.159145 0.007126
0.713777 0.159145 0.007126
0.723278 0.159145 0.005938
0.277910 0.160333 0.013064
0.422803 0.160333 0.005938
0.442993 0.160333 0.007126
0.456057 0.160333 0.007126
0.476247 0.160333 0.004751
0.489311 0.160333 0.008314
0.509501 0.160333 0.005938
0.532067 0.160333 0.008314
0.564133 0.160333 0.008314
0.260095 0.161520 0.007126
0.269596 0.161520 0.005938
0.387173 0.161520 0.008314
0.397862 0.161520 0.008314
0.409739 0.161520 0.008314
0.432304 0.161520 0.005938
0.466746 0.161520 0.007126
0.500000 0.161520 0.005938
0.190024 0.162708 0.008314
0.203088 0.162708 0.008314
0.225653 0.162708 0.005938
0.375297 0.162708 0.004751
0.169834 0.163895 0.004751
0.178147 0.163895 0.005938
0.213777 0.163895 0.008314
0.236342 0.163895 0.008314
0.248219 0.163895 0.008314
0.363420 0.163895 0.009501
0.148456 0.165083 0.007126
0.159145 0.165083 0.008314
0.351544 0.166271 0.007126
0.887173 0.167458 0.008314
0.843230 0.169834 0.004751
0.852732 0.169834 0.007126
0.863420 0.169834 0.005938
0.794537 0.171021 0.004751
0.809976 0.171021 0.005938
0.821853 0.171021 0.007126
0.834917 0.171021 0.010689
0.871734 0.171021 0.013064
0.763658 0.172209 0.005938
0.771971 0.172209 0.011876
0.785036 0.172209 0.008314
0.801663 0.172209 0.011876
0.660333 0.173397 0.008314
0.703088 0.173397 0.007126
0.735154 0.173397 0.008314
0.577197 0.174584 0.008314
0.713777 0.174584 0.008314
0.720903 0.174584 0.011876
0.638955 0.175772 0.004751
0.646081 0.175772 0.011876
0.671021 0.175772 0.004751
0.428741 0.176960 0.008314
0.555819 0.176960 0.008314
0.567696 0.176960 0.007126
0.603325 0.176960 0.005938
0.441805 0.178147 0.005938
0.451306 0.178147 0.008314
0.464371 0.178147 0.010689
0.472684 0.178147 0.004751
0.415677 0.179335 0.010689
0.482185 0.179335 0.007126
0.492874 0.179335 0.008314
0.500000 0.179335 0.008314
0.511876 0.179335 0.007126
0.522565 0.179335 0.007126
0.543943 0.179335 0.007126
0.285036 0.180523 0.008314
0.375297 0.180523 0.011876
0.383610 0.180523 0.004751
0.390736 0.180523 0.010689
0.403800 0.180523 0.008314
0.533254 0.180523 0.007126
0.224466 0.181710 0.005938
0.361045 0.181710 0.008314
0.115202 0.182898 0.007126
0.184086 0.182898 0.004751
0.194774 0.182898 0.008314
0.211401 0.182898 0.010689
0.236342 0.182898 0.008314
0.245843 0.182898 0.004751
0.254157 0.182898 0.005938
0.263658 0.182898 0.004751
0.273159 0.182898 0.008314
0.340855 0.182898 0.004751
0.349169 0.182898 0.008314
0.889549 0.182898 0.010689
0.124703 0.184086 0.005938
0.134204 0.184086 0.008314
0.144893 0.184086 0.008314
0.165083 0.184086 0.011876
0.174584 0.184086 0.007126
0.331354 0.184086 0.011876
0.857482 0.185273 0.005938
0.868171 0.185273 0.005938
0.876485 0.185273 0.010689
0.882423 0.185273 0.004751
0.834917 0.187648 0.004751
0.845606 0.187648 0.008314
0.814727 0.188836 0.005938
0.825416 0.188836 0.007126
0.779097 0.190024 0.005938
0.790974 0.190024 0.008314
0.804038 0.190024 0.005938
0.675772 0.191211 0.005938
0.698337 0.191211 0.008314
0.709026 0.191211 0.005938
0.720903 0.191211 0.008314
0.743468 0.191211 0.007126
0.768409 0.191211 0.008314
0.656770 0.192399 0.004751
0.666271 0.192399 0.005938
0.686461 0.192399 0.008314
0.731591 0.192399 0.007126
0.754157 0.192399 0.005938
0.610451 0.193587 0.005938
0.622328 0.193587 0.008314
0.638955 0.193587 0.005938
0.647268 0.193587 0.005938
0.564133 0.194774 0.004751
0.574822 0.194774 0.008314
0.463183 0.195962 0.008314
0.477435 0.195962 0.008314
0.510689 0.195962 0.008314
0.534442 0.195962 0.007126
0.546318 0.195962 0.007126
0.555819 0.195962 0.005938
0.586698 0.195962 0.007126
0.597387 0.195962 0.008314
0.112827 0.197150 0.005938
0.435867 0.197150 0.004751
0.453682 0.197150 0.007126
0.490499 0.197150 0.013064
0.498812 0.197150 0.008314
0.522565 0.197150 0.008314
0.121140 0.198337 0.010689
0.160333 0.198337 0.004751
0.174584 0.198337 0.007126
0.186461 0.198337 0.008314
0.263658 0.198337 0.005938
0.426366 0.198337 0.007126
0.444181 0.198337 0.007126
0.133017 0.199525 0.007126
0.142518 0.199525 0.007126
0.200713 0.199525 0.008314
0.233967 0.199525 0.008314
0.255344 0.199525 0.004751
0.273159 0.199525 0.005938
0.280285 0.199525 0.011876
0.288599 0.199525 0.013064
0.299287 0.199525 0.004751
0.387173 0.199525 0.008314
0.415677 0.199525 0.008314
0.880048 0.199525 0.009501
0.153207 0.200713 0.005938
0.245843 0.200713 0.008314
0.318290 0.200713 0.007126
0.327791 0.200713 0.005938
0.337292 0.200713 0.004751
0.355107 0.200713 0.007126
0.364608 0.200713 0.005938
0.401425 0.200713 0.008314
0.223278 0.201900 0.007126
0.862233 0.201900 0.008314
0.872922 0.201900 0.004751
0.843230 0.203088 0.008314
0.851544 0.203088 0.008314
0.831354 0.204276 0.007126
0.741093 0.205463 0.008314
0.754157 0.205463 0.005938
0.764846 0.205463 0.007126
0.776722 0.205463 0.008314
0.788599 0.205463 0.009501
0.812352 0.205463 0.004751
0.820665 0.205463 0.005938
0.731591 0.206651 0.004751
0.800475 0.206651 0.008314
0.675772 0.209026 0.004751
0.709026 0.209026 0.008314
0.723278 0.209026 0.008314
0.552257 0.210214 0.008314
0.592637 0.210214 0.005938
0.640143 0.210214 0.007126
0.656770 0.210214 0.010689
0.665083 0.210214 0.008314
0.682898 0.210214 0.010689
0.488124 0.211401 0.008314
0.498812 0.211401 0.008314
0.609264 0.211401 0.004751
0.619952 0.211401 0.007126
0.630641 0.211401 0.005938
0.112827 0.212589 0.007126
0.464371 0.212589 0.008314
0.476247 0.212589 0.005938
0.514252 0.212589 0.005938
0.534442 0.212589 0.004751
0.562945 0.212589 0.008314
0.572447 0.212589 0.007126
0.583135 0.212589 0.005938
0.129454 0.213777 0.004751
0.429929 0.213777 0.004751
0.438242 0.213777 0.007126
0.448931 0.213777 0.008314
0.524941 0.213777 0.007126
0.542755 0.213777 0.005938
0.887173 0.213777 0.010689
0.137767 0.214964 0.005938
0.146081 0.214964 0.005938
0.165083 0.214964 0.005938
0.174584 0.214964 0.005938
0.339667 0.214964 0.005938
0.418052 0.214964 0.008314
0.155582 0.216152 0.008314
0.192399 0.216152 0.005938
0.231591 0.216152 0.008314
0.243468 0.216152 0.005938
0.252969 0.216152 0.004751
0.261283 0.216152 0.005938
0.271971 0.216152 0.008314
0.282660 0.216152 0.007126
0.292162 0.216152 0.005938
0.301663 0.216152 0.008314
0.328979 0.216152 0.007126
0.351544 0.216152 0.008314
0.363420 0.216152 0.007126
0.393112 0.216152 0.008314
0.404988 0.216152 0.007126
0.181710 0.217340 0.005938
0.203088 0.217340 0.008314
0.214964 0.217340 0.007126
0.375297 0.217340 0.007126
0.383610 0.217340 0.004751
0.874109 0.217340 0.011876
0.864608 0.218527 0.007126
0.832542 0.219715 0.004751
0.743468 0.220903 0.005938
0.770784 0.220903 0.009501
0.799287 0.220903 0.005938
0.808789 0.220903 0.005938
0.817102 0.220903 0.007126
0.842043 0.220903 0.005938
0.851544 0.220903 0.007126
0.757720 0.222090 0.009501
0.787411 0.222090 0.008314
0.674584 0.223278 0.007126
0.685273 0.223278 0.007126
0.695962 0.223278 0.007126
0.726841 0.223278 0.005938
0.735154 0.223278 0.005938
0.643705 0.224466 0.008314
0.652019 0.224466 0.008314
0.665083 0.224466 0.008314
0.629454 0.225653 0.008314
0.705463 0.225653 0.008314
0.716152 0.225653 0.008314
0.590261 0.226841 0.005938
0.604513 0.226841 0.009501
0.618765 0.226841 0.008314
0.524941 0.228029 0.008314
0.561758 0.228029 0.008314
0.573634 0.228029 0.008314
0.433492 0.229216 0.005938
0.444181 0.229216 0.008314
0.486936 0.229216 0.008314
0.500000 0.229216 0.007126
0.111639 0.230404 0.008314
0.124703 0.230404 0.008314
0.136580 0.230404 0.005938
0.194774 0.230404 0.007126
0.283848 0.230404 0.005938
0.385986 0.230404 0.007126
0.397862 0.230404 0.007126
0.465558 0.230404 0.004751
0.475059 0.230404 0.008314
0.513064 0.230404 0.008314
0.536817 0.230404 0.008314
0.547506 0.230404 0.008314
0.144893 0.231591 0.013064
0.152019 0.231591 0.010689
0.163895 0.231591 0.007126
0.173397 0.231591 0.005938
0.182898 0.231591 0.008314
0.204276 0.231591 0.005938
0.213777 0.231591 0.007126
0.224466 0.231591 0.005938
0.248219 0.231591 0.008314
0.262470 0.231591 0.008314
0.274347 0.231591 0.005938
0.295724 0.231591 0.008314
0.342043 0.231591 0.008314
0.353919 0.231591 0.007126
0.374109 0.231591 0.005938
0.410926 0.231591 0.008314
0.423990 0.231591 0.008314
0.456057 0.231591 0.008314
0.306413 0.232779 0.007126
0.318290 0.232779 0.007126
0.330166 0.232779 0.008314
0.364608 0.232779 0.007126
