0.782660 0.008314 0.022565
0.850356 0.008314 0.019002
0.754157 0.010689 0.013064
0.769596 0.010689 0.022565
0.817102 0.011876 0.015439
0.880048 0.013064 0.014252
0.280285 0.020190 0.020190
0.218527 0.021378 0.020190
0.247031 0.023753 0.015439
0.153207 0.024941 0.020190
0.185273 0.024941 0.013064
0.732779 0.038005 0.008314
0.779097 0.038005 0.007126
0.792162 0.038005 0.008314
0.805226 0.038005 0.008314
0.815914 0.038005 0.007126
0.843230 0.038005 0.008314
0.856295 0.038005 0.008314
0.880048 0.038005 0.008314
0.890736 0.038005 0.008314
0.688836 0.039192 0.007126
0.698337 0.039192 0.007126
0.720903 0.039192 0.007126
0.745843 0.039192 0.008314
0.757720 0.039192 0.005938
0.767221 0.039192 0.007126
0.826603 0.039192 0.009501
0.869359 0.039192 0.008314
0.587886 0.040380 0.004751
0.616390 0.040380 0.008314
0.636580 0.040380 0.005938
0.647268 0.040380 0.007126
0.656770 0.040380 0.004751
0.668646 0.040380 0.008314
0.679335 0.040380 0.007126
0.709026 0.040380 0.008314
0.596200 0.041568 0.004751
0.604513 0.041568 0.008314
0.625891 0.041568 0.007126
0.533254 0.042755 0.008314
0.547506 0.042755 0.008314
0.557007 0.042755 0.004751
0.565321 0.042755 0.008314
0.577197 0.042755 0.007126
0.492874 0.043943 0.007126
0.520190 0.043943 0.008314
0.440618 0.045131 0.009501
0.457245 0.045131 0.008314
0.471496 0.045131 0.009501
0.478622 0.045131 0.011876
0.369359 0.046318 0.008314
0.382423 0.046318 0.007126
0.406176 0.046318 0.007126
0.416865 0.046318 0.008314
0.426366 0.046318 0.005938
0.505938 0.046318 0.008314
0.330166 0.047506 0.008314
0.345606 0.047506 0.008314
0.356295 0.047506 0.008314
0.394299 0.047506 0.007126
0.222090 0.048694 0.008314
0.236342 0.048694 0.007126
0.249406 0.048694 0.011876
0.257720 0.048694 0.004751
0.264846 0.048694 0.004751
0.295724 0.048694 0.008314
0.304038 0.048694 0.010689
0.319477 0.048694 0.008314
0.168646 0.049881 0.010689
0.199525 0.049881 0.007126
0.282660 0.049881 0.008314
0.154394 0.051069 0.005938
0.176960 0.051069 0.004751
0.186461 0.051069 0.007126
0.211401 0.051069 0.008314
0.143705 0.052257 0.008314
0.801663 0.052257 0.004751
0.134204 0.053444 0.008314
0.814727 0.053444 0.009501
0.821853 0.053444 0.004751
0.828979 0.053444 0.005938
0.838480 0.053444 0.007126
0.874109 0.053444 0.004751
0.890736 0.053444 0.010689
0.775534 0.054632 0.008314
0.789786 0.054632 0.007126
0.856295 0.054632 0.004751
0.863420 0.054632 0.004751
0.882423 0.054632 0.005938
0.655582 0.055819 0.004751
0.695962 0.055819 0.007126
0.713777 0.055819 0.004751
0.720903 0.055819 0.010689
0.737530 0.055819 0.007126
0.750594 0.055819 0.007126
0.761283 0.055819 0.007126
0.847981 0.055819 0.005938
0.604513 0.057007 0.009501
0.616390 0.057007 0.004751
0.623515 0.057007 0.008314
0.648456 0.057007 0.008314
0.669834 0.057007 0.005938
0.680523 0.057007 0.008314
0.705463 0.057007 0.005938
0.597387 0.058195 0.010689
0.637767 0.058195 0.008314
0.524941 0.059382 0.010689
0.535629 0.059382 0.005938
0.545131 0.059382 0.005938
0.554632 0.059382 0.008314
0.567696 0.059382 0.008314
0.440618 0.060570 0.008314
0.451306 0.060570 0.008314
0.461995 0.060570 0.007126
0.484561 0.060570 0.005938
0.497625 0.060570 0.008314
0.508314 0.060570 0.007126
0.583135 0.060570 0.009501
0.377672 0.061758 0.008314
0.389549 0.061758 0.008314
0.402613 0.061758 0.005938
0.412114 0.061758 0.008314
0.426366 0.061758 0.008314
0.473872 0.061758 0.008314
0.232779 0.062945 0.008314
0.285036 0.062945 0.007126
0.320665 0.062945 0.007126
0.334917 0.062945 0.008314
0.349169 0.062945 0.008314
0.188836 0.064133 0.005938
0.201900 0.064133 0.008314
0.214964 0.064133 0.005938
0.224466 0.064133 0.005938
0.264846 0.064133 0.008314
0.295724 0.064133 0.008314
0.307601 0.064133 0.005938
0.362233 0.064133 0.008314
0.161520 0.065321 0.007126
0.172209 0.065321 0.005938
0.245843 0.065321 0.005938
0.150831 0.066508 0.005938
0.140143 0.067696 0.005938
0.853919 0.067696 0.008314
0.883610 0.067696 0.005938
0.785036 0.068884 0.008314
0.874109 0.068884 0.005938
0.758907 0.070071 0.005938
0.773159 0.070071 0.008314
0.808789 0.070071 0.007126
0.818290 0.070071 0.007126
0.675772 0.071259 0.005938
0.684086 0.071259 0.007126
0.718527 0.071259 0.008314
0.731591 0.071259 0.008314
0.747031 0.071259 0.008314
0.799287 0.071259 0.008314
0.828979 0.071259 0.008314
0.610451 0.072447 0.008314
0.623515 0.072447 0.008314
0.635392 0.072447 0.005938
0.646081 0.072447 0.008314
0.657957 0.072447 0.004751
0.666271 0.072447 0.005938
0.698337 0.072447 0.008314
0.707838 0.072447 0.005938
0.589074 0.073634 0.007126
0.599762 0.073634 0.004751
0.540380 0.074822 0.008314
0.553444 0.074822 0.007126
0.566508 0.074822 0.007126
0.576010 0.074822 0.007126
0.445368 0.076010 0.008314
0.495249 0.076010 0.007126
0.505938 0.076010 0.007126
0.515439 0.076010 0.007126
0.527316 0.076010 0.007126
0.235154 0.077197 0.008314
0.245843 0.077197 0.008314
0.258907 0.077197 0.004751
0.383610 0.077197 0.004751
0.401425 0.077197 0.007126
0.452494 0.077197 0.008314
0.464371 0.077197 0.008314
0.473872 0.077197 0.005938
0.485748 0.077197 0.008314
0.169834 0.078385 0.005938
0.207838 0.078385 0.005938
0.302850 0.078385 0.010689
0.342043 0.078385 0.007126
0.363420 0.078385 0.004751
0.374109 0.078385 0.005938
0.412114 0.078385 0.008314
0.421615 0.078385 0.007126
0.433492 0.078385 0.005938
0.138955 0.079572 0.004751
0.148456 0.079572 0.007126
0.159145 0.079572 0.005938
0.197150 0.079572 0.008314
0.224466 0.079572 0.009501
0.283848 0.079572 0.008314
0.294537 0.079572 0.005938
0.320665 0.079572 0.008314
0.331354 0.079572 0.007126
0.352732 0.079572 0.007126
0.389549 0.079572 0.008314
0.887173 0.080760 0.011876
0.897862 0.080760 0.008314
0.851544 0.083135 0.008314
0.862233 0.083135 0.008314
0.828979 0.084323 0.008314
0.795724 0.085511 0.004751
0.805226 0.085511 0.008314
0.811164 0.085511 0.008314
0.751781 0.086698 0.007126
0.761283 0.086698 0.005938
0.775534 0.086698 0.009501
0.737530 0.087886 0.009501
0.787411 0.087886 0.007126
0.599762 0.089074 0.008314
0.610451 0.089074 0.008314
0.622328 0.089074 0.005938
0.633017 0.089074 0.008314
0.653207 0.089074 0.008314
0.667458 0.089074 0.008314
0.642518 0.090261 0.005938
0.283848 0.091449 0.005938
0.532067 0.091449 0.007126
0.586698 0.091449 0.008314
0.165083 0.092637 0.004751
0.181710 0.092637 0.008314
0.490499 0.092637 0.008314
0.505938 0.092637 0.008314
0.517815 0.092637 0.008314
0.545131 0.092637 0.011876
0.564133 0.092637 0.008314
0.574822 0.092637 0.008314
0.156770 0.093824 0.010689
0.207838 0.093824 0.008314
0.219715 0.093824 0.007126
0.361045 0.093824 0.005938
0.370546 0.093824 0.007126
0.383610 0.093824 0.008314
0.453682 0.093824 0.008314
0.466746 0.093824 0.009501
0.479810 0.093824 0.008314
0.146081 0.095012 0.007126
0.233967 0.095012 0.008314
0.337292 0.095012 0.009501
0.352732 0.095012 0.005938
0.396675 0.095012 0.008314
0.412114 0.095012 0.008314
0.426366 0.095012 0.008314
0.439430 0.096200 0.008314
0.248219 0.097387 0.008314
0.894299 0.097387 0.005938
0.901425 0.098575 0.005938
0.884798 0.100950 0.005938
0.804038 0.102138 0.007126
0.813539 0.102138 0.004751
0.849169 0.102138 0.009501
0.855107 0.102138 0.004751
0.874109 0.102138 0.005938
0.777910 0.103325 0.005938
0.787411 0.103325 0.005938
0.747031 0.104513 0.007126
0.757720 0.104513 0.005938
0.635392 0.105701 0.005938
0.643705 0.105701 0.004751
0.655582 0.105701 0.008314
0.662708 0.105701 0.010689
0.732779 0.105701 0.010689
0.768409 0.105701 0.007126
0.615202 0.106888 0.008314
0.625891 0.106888 0.007126
0.723278 0.106888 0.005938
0.233967 0.108076 0.005938
0.598575 0.108076 0.010689
0.134204 0.109264 0.005938
0.171021 0.109264 0.005938
0.244656 0.109264 0.004751
0.503563 0.109264 0.008314
0.535629 0.109264 0.007126
0.552257 0.109264 0.007126
0.573634 0.109264 0.007126
0.583135 0.109264 0.004751
0.180523 0.110451 0.005938
0.188836 0.110451 0.008314
0.213777 0.110451 0.008314
0.224466 0.110451 0.007126
0.358670 0.110451 0.009501
0.371734 0.110451 0.008314
0.381235 0.110451 0.008314
0.420428 0.110451 0.007126
0.515439 0.110451 0.005938
0.524941 0.110451 0.004751
0.543943 0.110451 0.004751
0.562945 0.110451 0.007126
0.200713 0.111639 0.008314
0.340855 0.111639 0.009501
0.395487 0.111639 0.008314
0.407363 0.111639 0.008314
0.431116 0.111639 0.008314
0.445368 0.111639 0.008314
0.489311 0.111639 0.008314
0.454869 0.112827 0.005938
0.464371 0.112827 0.008314
0.477435 0.112827 0.008314
0.863420 0.112827 0.004751
0.894299 0.112827 0.010689
0.842043 0.115202 0.008314
0.881235 0.115202 0.007126
0.790974 0.122328 0.009501
0.133017 0.123515 0.010689
0.235154 0.123515 0.007126
0.627078 0.123515 0.008314
0.716152 0.123515 0.008314
0.726841 0.123515 0.007126
0.738717 0.123515 0.008314
0.748219 0.123515 0.008314
0.758907 0.123515 0.008314
0.636580 0.124703 0.007126
0.646081 0.124703 0.005938
0.162708 0.125891 0.007126
0.174584 0.125891 0.008314
0.194774 0.125891 0.005938
0.583135 0.125891 0.008314
0.593824 0.125891 0.008314
0.604513 0.125891 0.007126
0.150831 0.127078 0.009501
0.182898 0.127078 0.007126
0.204276 0.127078 0.007126
0.214964 0.127078 0.005938
0.553444 0.127078 0.007126
0.561758 0.127078 0.004751
0.224466 0.128266 0.008314
0.276722 0.128266 0.007126
0.353919 0.128266 0.004751
0.438242 0.128266 0.007126
0.498812 0.128266 0.008314
0.509501 0.128266 0.008314
0.520190 0.128266 0.007126
0.529691 0.128266 0.005938
0.542755 0.128266 0.008314
0.289786 0.129454 0.009501
0.361045 0.129454 0.010689
0.469121 0.129454 0.008314
0.480998 0.129454 0.010689
0.340855 0.130641 0.009501
0.377672 0.130641 0.009501
0.390736 0.130641 0.010689
0.418052 0.130641 0.008314
0.429929 0.130641 0.005938
0.457245 0.130641 0.005938
0.404988 0.131829 0.008314
0.446556 0.131829 0.008314
0.895487 0.134204 0.010689
0.833729 0.137767 0.013064
0.779097 0.138955 0.005938
0.737530 0.140143 0.008314
0.748219 0.140143 0.007126
0.760095 0.140143 0.007126
0.769596 0.140143 0.007126
0.123515 0.141330 0.010689
0.138955 0.141330 0.008314
0.148456 0.141330 0.004751
0.156770 0.141330 0.007126
0.706651 0.141330 0.005938
0.718527 0.141330 0.010689
0.726841 0.141330 0.004751
0.811164 0.141330 0.010689
0.167458 0.142518 0.004751
0.178147 0.142518 0.007126
0.188836 0.142518 0.007126
0.646081 0.142518 0.005938
0.788599 0.142518 0.007126
0.804038 0.142518 0.010689
0.200713 0.143705 0.007126
0.211401 0.143705 0.007126
0.629454 0.143705 0.005938
0.637767 0.143705 0.004751
0.542755 0.144893 0.008314
0.603325 0.144893 0.007126
0.612827 0.144893 0.013064
0.264846 0.146081 0.008314
0.289786 0.146081 0.008314
0.334917 0.146081 0.009501
0.519002 0.146081 0.008314
0.551069 0.146081 0.005938
0.562945 0.146081 0.008314
0.574822 0.146081 0.010689
0.591449 0.146081 0.008314
0.347981 0.147268 0.008314
0.397862 0.147268 0.008314
0.442993 0.147268 0.013064
0.529691 0.147268 0.008314
0.362233 0.148456 0.007126
0.374109 0.148456 0.007126
0.384798 0.148456 0.007126
0.406176 0.148456 0.004751
0.413302 0.148456 0.011876
0.432304 0.148456 0.007126
0.460808 0.148456 0.007126
0.471496 0.148456 0.004751
0.484561 0.148456 0.010689
0.494062 0.148456 0.005938
0.505938 0.148456 0.009501
0.422803 0.149644 0.007126
0.887173 0.154394 0.005938
0.896675 0.154394 0.008314
0.824228 0.155582 0.008314
0.877672 0.155582 0.007126
0.836105 0.156770 0.007126
0.846793 0.156770 0.007126
0.856295 0.156770 0.005938
0.866983 0.156770 0.008314
0.161520 0.157957 0.008314
0.179335 0.157957 0.011876
0.725653 0.157957 0.007126
0.737530 0.157957 0.007126
0.748219 0.157957 0.004751
0.757720 0.157957 0.007126
0.769596 0.157957 0.008314
0.796912 0.157957 0.008314
0.813539 0.157957 0.008314
0.149644 0.159145 0.007126
0.171021 0.159145 0.005938
0.210214 0.159145 0.008314
0.697150 0.159145 0.008314
0.709026 0.159145 0.005938
0.716152 0.159145 0.004751
0.122328 0.160333 0.007126
0.133017 0.160333 0.005938
0.141330 0.160333 0.004751
0.191211 0.160333 0.005938
0.201900 0.160333 0.005938
0.222090 0.161520 0.008314
0.231591 0.161520 0.004751
0.661520 0.161520 0.008314
0.673397 0.161520 0.007126
0.684086 0.161520 0.008314
0.641330 0.162708 0.008314
0.239905 0.163895 0.011876
0.274347 0.163895 0.008314
0.286223 0.163895 0.008314
0.298100 0.163895 0.005938
0.307601 0.163895 0.008314
0.343230 0.163895 0.008314
0.390736 0.163895 0.008314
0.486936 0.163895 0.008314
0.496437 0.163895 0.005938
0.505938 0.163895 0.005938
0.546318 0.163895 0.007126
0.617577 0.163895 0.008314
0.260095 0.165083 0.008314
0.315914 0.165083 0.007126
0.331354 0.165083 0.008314
0.355107 0.165083 0.008314
0.368171 0.165083 0.008314
0.380048 0.165083 0.007126
0.404988 0.165083 0.008314
0.450119 0.165083 0.007126
0.460808 0.165083 0.008314
0.475059 0.165083 0.008314
0.516627 0.165083 0.008314
0.526128 0.165083 0.004751
0.534442 0.165083 0.008314
0.557007 0.165083 0.004751
0.567696 0.165083 0.008314
0.578385 0.165083 0.008314
0.590261 0.165083 0.007126
0.606888 0.165083 0.010689
0.628266 0.165083 0.007126
0.418052 0.166271 0.008314
0.429929 0.166271 0.008314
0.439430 0.166271 0.005938
0.843230 0.167458 0.004751
0.887173 0.167458 0.007126
0.855107 0.168646 0.007126
0.864608 0.168646 0.004751
0.875297 0.168646 0.007126
0.833729 0.169834 0.005938
0.796912 0.171021 0.007126
0.807601 0.171021 0.007126
0.821853 0.171021 0.007126
0.757720 0.172209 0.008314
0.767221 0.172209 0.008314
0.780285 0.172209 0.009501
0.713777 0.173397 0.007126
0.724466 0.173397 0.008314
0.744656 0.173397 0.011876
0.119952 0.174584 0.005938
0.127078 0.174584 0.005938
0.156770 0.174584 0.009501
0.168646 0.174584 0.007126
0.736342 0.174584 0.005938
0.178147 0.175772 0.007126
0.199525 0.175772 0.008314
0.700713 0.175772 0.008314
0.188836 0.176960 0.007126
0.219715 0.176960 0.005938
0.209026 0.178147 0.008314
0.230404 0.178147 0.008314
0.662708 0.178147 0.008314
0.673397 0.178147 0.008314
0.687648 0.178147 0.008314
0.513064 0.179335 0.005938
0.523753 0.179335 0.007126
0.533254 0.179335 0.007126
0.638955 0.179335 0.007126
0.649644 0.179335 0.007126
0.262470 0.180523 0.007126
0.273159 0.180523 0.004751
0.281473 0.180523 0.005938
0.292162 0.180523 0.008314
0.363420 0.180523 0.005938
0.482185 0.180523 0.008314
0.492874 0.180523 0.005938
0.503563 0.180523 0.007126
0.542755 0.180523 0.007126
0.555819 0.180523 0.008314
0.577197 0.180523 0.007126
0.589074 0.180523 0.005938
0.605701 0.180523 0.004751
0.615202 0.180523 0.005938
0.627078 0.180523 0.008314
0.891924 0.180523 0.008314
0.252969 0.181710 0.005938
0.305226 0.181710 0.005938
0.314727 0.181710 0.005938
0.342043 0.181710 0.007126
0.352732 0.181710 0.007126
0.374109 0.181710 0.008314
0.399050 0.181710 0.008314
0.444181 0.181710 0.007126
0.453682 0.181710 0.005938
0.461995 0.181710 0.004751
0.566508 0.181710 0.004751
0.597387 0.181710 0.005938
0.881235 0.181710 0.008314
0.387173 0.182898 0.004751
0.408551 0.182898 0.004751
0.415677 0.182898 0.010689
0.431116 0.182898 0.008314
0.470309 0.182898 0.007126
0.871734 0.182898 0.005938
0.851544 0.184086 0.008314
0.862233 0.184086 0.007126
0.843230 0.185273 0.005938
0.823040 0.186461 0.008314
0.833729 0.186461 0.007126
0.148456 0.187648 0.008314
0.793349 0.187648 0.005938
0.809976 0.187648 0.005938
0.124703 0.188836 0.008314
0.135392 0.188836 0.008314
0.163895 0.188836 0.007126
0.783848 0.188836 0.008314
0.800475 0.188836 0.005938
0.174584 0.190024 0.007126
0.185273 0.190024 0.007126
0.194774 0.190024 0.005938
0.205463 0.190024 0.008314
0.230404 0.190024 0.005938
0.769596 0.190024 0.011876
0.220903 0.191211 0.005938
0.751781 0.191211 0.013064
0.761283 0.191211 0.013064
0.241093 0.193587 0.007126
0.252969 0.193587 0.008314
0.343230 0.193587 0.007126
0.519002 0.193587 0.005938
0.744656 0.193587 0.008314
0.264846 0.194774 0.008314
0.328979 0.194774 0.008314
0.364608 0.194774 0.007126
0.372922 0.194774 0.007126
0.490499 0.194774 0.007126
0.527316 0.194774 0.005938
0.724466 0.194774 0.007126
0.733967 0.194774 0.008314
0.282660 0.195962 0.010689
0.301663 0.195962 0.004751
0.317102 0.195962 0.007126
0.355107 0.195962 0.007126
0.400238 0.195962 0.010689
0.477435 0.195962 0.008314
0.509501 0.195962 0.005938
0.565321 0.195962 0.008314
0.581948 0.195962 0.009501
0.603325 0.195962 0.007126
0.700713 0.195962 0.007126
0.712589 0.195962 0.008314
0.293349 0.197150 0.011876
0.388361 0.197150 0.010689
0.420428 0.197150 0.008314
0.433492 0.197150 0.008314
0.442993 0.197150 0.004751
0.454869 0.197150 0.008314
0.501188 0.197150 0.005938
0.593824 0.197150 0.007126
0.640143 0.197150 0.009501
0.676960 0.197150 0.008314
0.688836 0.197150 0.007126
0.464371 0.198337 0.008314
0.616390 0.198337 0.007126
0.650831 0.198337 0.008314
0.663895 0.198337 0.008314
0.625891 0.199525 0.004751
