0.941805 0.002375 0.023753
0.655582 0.035629 0.007126
0.665083 0.035629 0.005938
0.675772 0.035629 0.007126
0.618765 0.036817 0.008314
0.631829 0.036817 0.007126
0.641330 0.036817 0.007126
0.684086 0.036817 0.010689
0.709026 0.036817 0.004751
0.718527 0.036817 0.007126
0.729216 0.036817 0.008314
0.741093 0.036817 0.005938
0.750594 0.036817 0.005938
0.773159 0.036817 0.007126
0.785036 0.036817 0.005938
0.795724 0.036817 0.007126
0.819477 0.036817 0.007126
0.527316 0.038005 0.008314
0.538005 0.038005 0.010689
0.551069 0.038005 0.009501
0.604513 0.038005 0.007126
0.700713 0.038005 0.008314
0.761283 0.038005 0.008314
0.808789 0.038005 0.008314
0.830166 0.038005 0.007126
0.840855 0.038005 0.005938
0.849169 0.038005 0.008314
0.859857 0.038005 0.007126
0.870546 0.038005 0.005938
0.432304 0.039192 0.008314
0.466746 0.039192 0.013064
0.495249 0.039192 0.008314
0.516627 0.039192 0.005938
0.577197 0.039192 0.009501
0.593824 0.039192 0.007126
0.881235 0.039192 0.008314
0.267221 0.040380 0.008314
0.346793 0.040380 0.008314
0.361045 0.040380 0.008314
0.375297 0.040380 0.008314
0.385986 0.040380 0.005938
0.395487 0.040380 0.008314
0.406176 0.040380 0.007126
0.419240 0.040380 0.008314
0.444181 0.040380 0.007126
0.457245 0.040380 0.007126
0.473872 0.040380 0.013064
0.484561 0.040380 0.007126
0.507126 0.040380 0.005938
0.564133 0.040380 0.010689
0.323040 0.041568 0.007126
0.334917 0.041568 0.008314
0.228029 0.042755 0.015439
0.252969 0.042755 0.007126
0.277910 0.042755 0.007126
0.287411 0.042755 0.004751
0.295724 0.042755 0.008314
0.308789 0.042755 0.007126
0.217340 0.043943 0.007126
0.201900 0.045131 0.011876
0.181710 0.046318 0.008314
0.193587 0.046318 0.010689
0.149644 0.047506 0.008314
0.163895 0.047506 0.011876
0.127078 0.048694 0.005938
0.136580 0.048694 0.007126
0.172209 0.048694 0.007126
0.629454 0.048694 0.008314
0.642518 0.049881 0.007126
0.655582 0.049881 0.007126
0.665083 0.049881 0.004751
0.738717 0.049881 0.007126
0.758907 0.049881 0.005938
0.770784 0.049881 0.007126
0.790974 0.049881 0.005938
0.801663 0.049881 0.005938
0.811164 0.049881 0.004751
0.875297 0.049881 0.004751
0.606888 0.051069 0.008314
0.617577 0.051069 0.008314
0.673397 0.051069 0.004751
0.685273 0.051069 0.008314
0.699525 0.051069 0.007126
0.724466 0.051069 0.008314
0.748219 0.051069 0.005938
0.782660 0.051069 0.008314
0.868171 0.051069 0.004751
0.883610 0.051069 0.005938
0.712589 0.052257 0.008314
0.820665 0.052257 0.007126
0.834917 0.052257 0.008314
0.846793 0.052257 0.007126
0.859857 0.052257 0.007126
0.590261 0.053444 0.008314
0.387173 0.054632 0.007126
0.407363 0.054632 0.004751
0.418052 0.054632 0.007126
0.429929 0.054632 0.005938
0.440618 0.054632 0.004751
0.451306 0.054632 0.008314
0.463183 0.054632 0.005938
0.510689 0.054632 0.005938
0.528504 0.054632 0.004751
0.535629 0.054632 0.004751
0.579572 0.054632 0.008314
0.357482 0.055819 0.008314
0.368171 0.055819 0.007126
0.377672 0.055819 0.007126
0.397862 0.055819 0.005938
0.471496 0.055819 0.007126
0.483373 0.055819 0.007126
0.494062 0.055819 0.004751
0.545131 0.055819 0.007126
0.566508 0.055819 0.004751
0.302850 0.057007 0.009501
0.558195 0.057007 0.007126
0.266033 0.058195 0.005938
0.274347 0.058195 0.005938
0.282660 0.058195 0.004751
0.290974 0.058195 0.008314
0.321853 0.058195 0.008314
0.332542 0.058195 0.005938
0.245843 0.059382 0.008314
0.255344 0.059382 0.005938
0.342043 0.059382 0.007126
0.210214 0.060570 0.004751
0.218527 0.060570 0.008314
0.910926 0.060570 0.017815
0.176960 0.061758 0.005938
0.187648 0.061758 0.007126
0.200713 0.061758 0.008314
0.127078 0.062945 0.005938
0.144893 0.062945 0.005938
0.157957 0.062945 0.005938
0.168646 0.062945 0.004751
0.135392 0.064133 0.004751
0.747031 0.064133 0.007126
0.769596 0.064133 0.007126
0.688836 0.065321 0.007126
0.701900 0.065321 0.007126
0.737530 0.065321 0.007126
0.758907 0.065321 0.007126
0.779097 0.065321 0.005938
0.800475 0.065321 0.008314
0.811164 0.065321 0.007126
0.852732 0.065321 0.007126
0.878860 0.065321 0.007126
0.888361 0.065321 0.008314
0.643705 0.066508 0.008314
0.653207 0.066508 0.008314
0.661520 0.066508 0.005938
0.671021 0.066508 0.004751
0.679335 0.066508 0.013064
0.720903 0.066508 0.008314
0.729216 0.066508 0.005938
0.788599 0.066508 0.005938
0.830166 0.066508 0.005938
0.839667 0.066508 0.007126
0.863420 0.066508 0.008314
0.870546 0.066508 0.005938
0.902613 0.066508 0.010689
0.434679 0.067696 0.007126
0.631829 0.067696 0.007126
0.709026 0.067696 0.005938
0.821853 0.067696 0.004751
0.423990 0.068884 0.007126
0.484561 0.068884 0.007126
0.510689 0.068884 0.008314
0.534442 0.068884 0.005938
0.559382 0.068884 0.004751
0.599762 0.068884 0.007126
0.609264 0.068884 0.005938
0.617577 0.068884 0.010689
0.376485 0.070071 0.003563
0.448931 0.070071 0.008314
0.460808 0.070071 0.008314
0.473872 0.070071 0.007126
0.521378 0.070071 0.008314
0.542755 0.070071 0.004751
0.551069 0.070071 0.005938
0.567696 0.070071 0.007126
0.578385 0.070071 0.008314
0.590261 0.070071 0.008314
0.369359 0.071259 0.004751
0.395487 0.071259 0.008314
0.409739 0.071259 0.009501
0.254157 0.072447 0.007126
0.274347 0.072447 0.008314
0.315914 0.072447 0.005938
0.326603 0.072447 0.007126
0.339667 0.072447 0.007126
0.350356 0.072447 0.005938
0.359857 0.072447 0.005938
0.133017 0.073634 0.004751
0.179335 0.073634 0.005938
0.188836 0.073634 0.005938
0.198337 0.073634 0.005938
0.222090 0.073634 0.007126
0.232779 0.073634 0.007126
0.243468 0.073634 0.005938
0.264846 0.073634 0.007126
0.285036 0.073634 0.005938
0.294537 0.073634 0.008314
0.305226 0.073634 0.008314
0.142518 0.074822 0.007126
0.162708 0.074822 0.004751
0.169834 0.074822 0.005938
0.209026 0.074822 0.008314
0.153207 0.076010 0.007126
0.123515 0.079572 0.008314
0.830166 0.079572 0.004751
0.856295 0.079572 0.007126
0.877672 0.079572 0.007126
0.820665 0.080760 0.008314
0.842043 0.080760 0.008314
0.868171 0.080760 0.005938
0.763658 0.081948 0.008314
0.775534 0.081948 0.005938
0.796912 0.081948 0.008314
0.808789 0.081948 0.008314
0.725653 0.083135 0.004751
0.731591 0.083135 0.010689
0.786223 0.083135 0.008314
0.662708 0.084323 0.013064
0.716152 0.084323 0.007126
0.615202 0.085511 0.008314
0.739905 0.085511 0.005938
0.290974 0.086698 0.004751
0.384798 0.086698 0.009501
0.422803 0.086698 0.007126
0.433492 0.086698 0.008314
0.504751 0.086698 0.008314
0.514252 0.086698 0.004751
0.521378 0.086698 0.011876
0.530879 0.086698 0.004751
0.549881 0.086698 0.008314
0.560570 0.086698 0.005938
0.573634 0.086698 0.008314
0.602138 0.086698 0.008314
0.623515 0.086698 0.005938
0.633017 0.086698 0.007126
0.642518 0.086698 0.005938
0.654394 0.086698 0.008314
0.226841 0.087886 0.008314
0.275534 0.087886 0.004751
0.401425 0.087886 0.005938
0.412114 0.087886 0.007126
0.442993 0.087886 0.008314
0.453682 0.087886 0.007126
0.464371 0.087886 0.008314
0.478622 0.087886 0.009501
0.490499 0.087886 0.008314
0.583135 0.087886 0.011876
0.590261 0.087886 0.004751
0.238717 0.089074 0.008314
0.257720 0.089074 0.007126
0.268409 0.089074 0.005938
0.350356 0.089074 0.007126
0.361045 0.089074 0.005938
0.370546 0.089074 0.008314
0.181710 0.090261 0.008314
0.194774 0.090261 0.007126
0.206651 0.090261 0.007126
0.217340 0.090261 0.005938
0.337292 0.090261 0.008314
0.166271 0.091449 0.008314
0.889549 0.091449 0.008314
0.136580 0.092637 0.008314
0.147268 0.092637 0.007126
0.157957 0.092637 0.005938
0.871734 0.092637 0.009501
0.124703 0.093824 0.008314
0.840855 0.096200 0.007126
0.861045 0.096200 0.005938
0.830166 0.097387 0.008314
0.850356 0.097387 0.008314
0.819477 0.098575 0.008314
0.771971 0.099762 0.010689
0.780285 0.099762 0.008314
0.794537 0.099762 0.008314
0.806413 0.099762 0.008314
0.669834 0.100950 0.008314
0.725653 0.100950 0.008314
0.735154 0.100950 0.008314
0.213777 0.102138 0.007126
0.274347 0.102138 0.005938
0.290974 0.102138 0.011876
0.610451 0.102138 0.008314
0.713777 0.102138 0.008314
0.283848 0.103325 0.013064
0.587886 0.103325 0.007126
0.160333 0.104513 0.007126
0.193587 0.104513 0.008314
0.204276 0.104513 0.008314
0.222090 0.104513 0.007126
0.232779 0.104513 0.005938
0.241093 0.104513 0.005938
0.251781 0.104513 0.005938
0.261283 0.104513 0.008314
0.340855 0.104513 0.008314
0.388361 0.104513 0.005938
0.412114 0.104513 0.008314
0.420428 0.104513 0.004751
0.490499 0.104513 0.008314
0.517815 0.104513 0.008314
0.526128 0.104513 0.008314
0.558195 0.104513 0.007126
0.570071 0.104513 0.008314
0.579572 0.104513 0.005938
0.147268 0.105701 0.007126
0.351544 0.105701 0.007126
0.364608 0.105701 0.009501
0.378860 0.105701 0.008314
0.399050 0.105701 0.008314
0.438242 0.105701 0.008314
0.448931 0.105701 0.004751
0.457245 0.105701 0.007126
0.477435 0.105701 0.008314
0.548694 0.105701 0.004751
0.122328 0.106888 0.007126
0.135392 0.106888 0.007126
0.173397 0.106888 0.008314
0.181710 0.106888 0.013064
0.466746 0.106888 0.008314
0.884798 0.111639 0.013064
0.871734 0.112827 0.010689
0.858670 0.114014 0.008314
0.836105 0.115202 0.008314
0.813539 0.116390 0.008314
0.825416 0.116390 0.008314
0.847981 0.116390 0.008314
0.286223 0.117577 0.007126
0.448931 0.117577 0.008314
0.800475 0.117577 0.008314
0.276722 0.118765 0.007126
0.437055 0.118765 0.008314
0.762470 0.118765 0.007126
0.771971 0.118765 0.008314
0.781473 0.118765 0.005938
0.789786 0.118765 0.013064
0.212589 0.119952 0.009501
0.229216 0.119952 0.007126
0.429929 0.119952 0.004751
0.495249 0.119952 0.008314
0.564133 0.119952 0.008314
0.719715 0.119952 0.008314
0.748219 0.119952 0.008314
0.127078 0.121140 0.009501
0.149644 0.121140 0.009501
0.193587 0.121140 0.009501
0.239905 0.121140 0.008314
0.251781 0.121140 0.008314
0.264846 0.121140 0.008314
0.390736 0.121140 0.008314
0.400238 0.121140 0.004751
0.418052 0.121140 0.008314
0.461995 0.121140 0.005938
0.472684 0.121140 0.007126
0.483373 0.121140 0.005938
0.503563 0.121140 0.008314
0.517815 0.121140 0.007126
0.527316 0.121140 0.004751
0.730404 0.121140 0.007126
0.739905 0.121140 0.004751
0.137767 0.122328 0.007126
0.165083 0.122328 0.008314
0.174584 0.122328 0.004751
0.185273 0.122328 0.007126
0.340855 0.122328 0.007126
0.361045 0.122328 0.005938
0.375297 0.122328 0.008314
0.384798 0.122328 0.008314
0.551069 0.122328 0.005938
0.587886 0.122328 0.008314
0.598575 0.122328 0.005938
0.610451 0.122328 0.007126
0.629454 0.122328 0.008314
0.641330 0.122328 0.005938
0.350356 0.123515 0.007126
0.543943 0.123515 0.010689
0.577197 0.123515 0.008314
0.619952 0.123515 0.005938
0.562945 0.125891 0.008314
0.856295 0.131829 0.005938
0.872922 0.131829 0.008314
0.882423 0.131829 0.008314
0.824228 0.134204 0.007126
0.846793 0.134204 0.007126
0.536817 0.135392 0.005938
0.805226 0.135392 0.007126
0.814727 0.135392 0.007126
0.836105 0.135392 0.008314
0.129454 0.136580 0.004751
0.136580 0.136580 0.004751
0.143705 0.136580 0.004751
0.210214 0.136580 0.013064
0.242280 0.136580 0.004751
0.260095 0.136580 0.007126
0.497625 0.136580 0.005938
0.507126 0.136580 0.005938
0.514252 0.136580 0.004751
0.545131 0.136580 0.007126
0.739905 0.136580 0.005938
0.749406 0.136580 0.007126
0.762470 0.136580 0.008314
0.771971 0.136580 0.007126
0.781473 0.136580 0.005938
0.793349 0.136580 0.008314
0.121140 0.137767 0.005938
0.153207 0.137767 0.008314
0.172209 0.137767 0.008314
0.181710 0.137767 0.007126
0.190024 0.137767 0.005938
0.198337 0.137767 0.010689
0.219715 0.137767 0.008314
0.231591 0.137767 0.008314
0.273159 0.137767 0.008314
0.286223 0.137767 0.008314
0.334917 0.137767 0.009501
0.445368 0.137767 0.007126
0.475059 0.137767 0.004751
0.484561 0.137767 0.007126
0.521378 0.137767 0.004751
0.623515 0.137767 0.008314
0.635392 0.137767 0.007126
0.654394 0.137767 0.004751
0.662708 0.137767 0.011876
0.730404 0.137767 0.008314
0.295724 0.138955 0.007126
0.363420 0.138955 0.008314
0.374109 0.138955 0.004751
0.396675 0.138955 0.009501
0.420428 0.138955 0.007126
0.434679 0.138955 0.008314
0.458432 0.138955 0.008314
0.466746 0.138955 0.005938
0.557007 0.138955 0.005938
0.566508 0.138955 0.005938
0.577197 0.138955 0.005938
0.589074 0.138955 0.005938
0.599762 0.138955 0.007126
0.611639 0.138955 0.008314
0.647268 0.138955 0.010689
0.350356 0.140143 0.007126
0.410926 0.140143 0.007126
0.717340 0.140143 0.010689
0.381235 0.141330 0.011876
0.876485 0.147268 0.004751
0.866983 0.149644 0.007126
0.884798 0.149644 0.011876
0.780285 0.150831 0.005938
0.799287 0.150831 0.005938
0.811164 0.150831 0.008314
0.821853 0.150831 0.007126
0.853919 0.150831 0.005938
0.538005 0.152019 0.008314
0.755344 0.152019 0.007126
0.769596 0.152019 0.008314
0.790974 0.152019 0.005938
0.833729 0.152019 0.007126
0.844418 0.152019 0.005938
0.280285 0.153207 0.005938
0.732779 0.153207 0.007126
0.744656 0.153207 0.007126
0.119952 0.154394 0.005938
0.129454 0.154394 0.005938
0.167458 0.154394 0.004751
0.174584 0.154394 0.004751
0.182898 0.154394 0.004751
0.191211 0.154394 0.008314
0.204276 0.154394 0.004751
0.223278 0.154394 0.010689
0.251781 0.154394 0.007126
0.261283 0.154394 0.007126
0.271971 0.154394 0.004751
0.505938 0.154394 0.004751
0.514252 0.154394 0.011876
0.522565 0.154394 0.011876
0.552257 0.154394 0.005938
0.561758 0.154394 0.013064
0.570071 0.154394 0.005938
0.577197 0.154394 0.008314
0.625891 0.154394 0.004751
0.641330 0.154394 0.007126
0.650831 0.154394 0.004751
0.661520 0.154394 0.007126
0.694774 0.154394 0.009501
0.711401 0.154394 0.005938
0.722090 0.154394 0.007126
0.154394 0.155582 0.008314
0.210214 0.155582 0.010689
0.239905 0.155582 0.008314
0.287411 0.155582 0.008314
0.299287 0.155582 0.005938
0.445368 0.155582 0.004751
0.459620 0.155582 0.008314
0.471496 0.155582 0.005938
0.479810 0.155582 0.004751
0.491686 0.155582 0.008314
0.587886 0.155582 0.005938
0.600950 0.155582 0.007126
0.611639 0.155582 0.005938
0.618765 0.155582 0.004751
0.671021 0.155582 0.004751
0.680523 0.155582 0.007126
0.308789 0.156770 0.007126
0.319477 0.156770 0.008314
0.328979 0.156770 0.005938
0.338480 0.156770 0.005938
0.391924 0.156770 0.007126
0.403800 0.156770 0.008314
0.416865 0.156770 0.008314
0.426366 0.156770 0.008314
0.434679 0.156770 0.007126
0.382423 0.157957 0.008314
0.887173 0.160333 0.005938
0.865796 0.161520 0.008314
0.876485 0.161520 0.007126
0.817102 0.163895 0.008314
0.830166 0.163895 0.008314
0.843230 0.163895 0.005938
0.852732 0.163895 0.005938
0.798100 0.165083 0.005938
0.766033 0.167458 0.008314
0.779097 0.167458 0.008314
0.631829 0.168646 0.010689
0.733967 0.168646 0.008314
0.744656 0.168646 0.007126
0.788599 0.168646 0.008314
0.268409 0.169834 0.005938
0.602138 0.169834 0.007126
0.615202 0.169834 0.008314
0.624703 0.169834 0.008314
0.644893 0.169834 0.004751
0.653207 0.169834 0.011876
0.691211 0.169834 0.005938
0.709026 0.169834 0.005938
0.720903 0.169834 0.007126
0.122328 0.171021 0.008314
0.184086 0.171021 0.004751
0.201900 0.171021 0.004751
0.257720 0.171021 0.007126
0.536817 0.171021 0.010689
0.579572 0.171021 0.007126
0.682898 0.171021 0.011876
0.700713 0.171021 0.005938
0.153207 0.172209 0.007126
0.165083 0.172209 0.007126
0.176960 0.172209 0.008314
0.192399 0.172209 0.011876
0.209026 0.172209 0.005938
0.220903 0.172209 0.005938
0.230404 0.172209 0.004751
0.244656 0.172209 0.008314
0.276722 0.172209 0.008314
0.288599 0.172209 0.007126
0.482185 0.172209 0.008314
0.517815 0.172209 0.008314
0.549881 0.172209 0.007126
0.560570 0.172209 0.008314
0.568884 0.172209 0.007126
0.591449 0.172209 0.005938
0.298100 0.173397 0.007126
0.308789 0.173397 0.005938
0.351544 0.173397 0.007126
0.407363 0.173397 0.007126
0.420428 0.173397 0.008314
0.432304 0.173397 0.007126
0.454869 0.173397 0.008314
0.470309 0.173397 0.008314
0.495249 0.173397 0.008314
0.505938 0.173397 0.008314
0.319477 0.174584 0.005938
0.338480 0.174584 0.007126
0.362233 0.174584 0.007126
0.372922 0.174584 0.008314
0.385986 0.174584 0.008314
0.396675 0.174584 0.007126
0.444181 0.174584 0.008314
0.882423 0.175772 0.008314
0.866983 0.176960 0.005938
0.851544 0.179335 0.004751
0.858670 0.179335 0.004751
0.825416 0.180523 0.010689
0.832542 0.180523 0.004751
0.842043 0.180523 0.007126
0.812352 0.182898 0.010689
0.786223 0.185273 0.004751
0.119952 0.186461 0.008314
0.206651 0.186461 0.007126
0.219715 0.186461 0.010689
0.615202 0.186461 0.010689
0.750594 0.186461 0.008314
0.762470 0.186461 0.004751
0.769596 0.186461 0.010689
0.130641 0.187648 0.007126
0.141330 0.187648 0.004751
0.168646 0.187648 0.010689
0.179335 0.187648 0.009501
0.194774 0.187648 0.007126
0.239905 0.187648 0.007126
0.248219 0.187648 0.005938
0.273159 0.187648 0.007126
0.296912 0.187648 0.008314
0.533254 0.187648 0.007126
0.543943 0.187648 0.008314
0.587886 0.187648 0.010689
0.600950 0.187648 0.008314
0.647268 0.187648 0.007126
0.729216 0.187648 0.005938
0.739905 0.187648 0.005938
0.260095 0.188836 0.008314
0.283848 0.188836 0.007126
0.321853 0.188836 0.008314
0.333729 0.188836 0.007126
0.345606 0.188836 0.008314
0.361045 0.188836 0.008314
0.383610 0.188836 0.008314
0.409739 0.188836 0.008314
0.478622 0.188836 0.008314
0.553444 0.188836 0.008314
0.564133 0.188836 0.008314
0.574822 0.188836 0.008314
0.630641 0.188836 0.009501
0.655582 0.188836 0.004751
0.719715 0.188836 0.013064
0.311164 0.190024 0.013064
0.372922 0.190024 0.005938
0.397862 0.190024 0.007126
0.420428 0.190024 0.008314
0.466746 0.190024 0.005938
0.494062 0.190024 0.010689
0.510689 0.190024 0.008314
0.521378 0.190024 0.008314
0.673397 0.190024 0.007126
0.692399 0.190024 0.008314
0.705463 0.190024 0.010689
0.432304 0.191211 0.005938
0.458432 0.191211 0.010689
