0.675772 0.076010 0.007126
0.485748 0.077197 0.008314
0.638955 0.077197 0.010689
0.646081 0.077197 0.004751
0.656770 0.077197 0.007126
0.687648 0.077197 0.005938
0.709026 0.077197 0.004751
0.472684 0.078385 0.008314
0.496437 0.078385 0.007126
0.590261 0.078385 0.008314
0.615202 0.078385 0.007126
0.625891 0.078385 0.005938
0.666271 0.078385 0.005938
0.698337 0.078385 0.007126
0.716152 0.078385 0.013064
0.726841 0.078385 0.007126
0.767221 0.078385 0.004751
0.460808 0.079572 0.007126
0.505938 0.079572 0.004751
0.515439 0.079572 0.007126
0.527316 0.079572 0.008314
0.540380 0.079572 0.007126
0.548694 0.079572 0.004751
0.570071 0.079572 0.008314
0.603325 0.079572 0.008314
0.748219 0.079572 0.005938
0.756532 0.079572 0.005938
0.774347 0.079572 0.005938
0.782660 0.079572 0.004751
0.793349 0.079572 0.008314
0.802850 0.079572 0.005938
0.414489 0.080760 0.008314
0.425178 0.080760 0.007126
0.448931 0.080760 0.008314
0.558195 0.080760 0.008314
0.739905 0.080760 0.011876
0.840855 0.080760 0.007126
0.401425 0.081948 0.007126
0.435867 0.081948 0.008314
0.811164 0.081948 0.004751
0.818290 0.081948 0.011876
0.828979 0.081948 0.007126
0.382423 0.083135 0.008314
0.391924 0.083135 0.007126
0.849169 0.083135 0.010689
0.863420 0.083135 0.008314
0.875297 0.083135 0.007126
0.362233 0.084323 0.008314
0.372922 0.084323 0.007126
0.344418 0.085511 0.008314
0.308789 0.086698 0.007126
0.320665 0.086698 0.007126
0.273159 0.087886 0.007126
0.287411 0.087886 0.008314
0.298100 0.087886 0.005938
0.331354 0.087886 0.007126
0.248219 0.089074 0.004751
0.255344 0.089074 0.004751
0.264846 0.089074 0.005938
0.238717 0.090261 0.005938
0.192399 0.091449 0.009501
0.206651 0.091449 0.008314
0.179335 0.092637 0.007126
0.219715 0.092637 0.005938
0.229216 0.092637 0.005938
0.680523 0.092637 0.007126
0.697150 0.092637 0.004751
0.712589 0.092637 0.007126
0.163895 0.093824 0.008314
0.527316 0.093824 0.005938
0.637767 0.093824 0.007126
0.647268 0.093824 0.004751
0.657957 0.093824 0.007126
0.668646 0.093824 0.007126
0.723278 0.093824 0.008314
0.735154 0.093824 0.007126
0.128266 0.095012 0.007126
0.137767 0.095012 0.007126
0.155582 0.095012 0.004751
0.489311 0.095012 0.007126
0.504751 0.095012 0.008314
0.515439 0.095012 0.005938
0.538005 0.095012 0.007126
0.553444 0.095012 0.008314
0.560570 0.095012 0.004751
0.567696 0.095012 0.004751
0.574822 0.095012 0.005938
0.583135 0.095012 0.005938
0.592637 0.095012 0.004751
0.603325 0.095012 0.007126
0.614014 0.095012 0.007126
0.627078 0.095012 0.008314
0.799287 0.095012 0.007126
0.148456 0.096200 0.008314
0.463183 0.096200 0.009501
0.479810 0.096200 0.008314
0.758907 0.096200 0.005938
0.783848 0.096200 0.008314
0.807601 0.096200 0.005938
0.815914 0.096200 0.007126
0.844418 0.096200 0.008314
0.117577 0.097387 0.008314
0.415677 0.097387 0.008314
0.450119 0.097387 0.005938
0.768409 0.097387 0.007126
0.831354 0.097387 0.005938
0.856295 0.097387 0.005938
0.865796 0.097387 0.005938
0.875297 0.097387 0.005938
0.391924 0.098575 0.007126
0.403800 0.098575 0.008314
0.429929 0.098575 0.005938
0.440618 0.098575 0.007126
0.323040 0.100950 0.008314
0.370546 0.100950 0.007126
0.382423 0.100950 0.007126
0.294537 0.102138 0.005938
0.302850 0.102138 0.004751
0.332542 0.102138 0.007126
0.276722 0.103325 0.005938
0.286223 0.103325 0.004751
0.344418 0.103325 0.008314
0.252969 0.104513 0.009501
0.268409 0.104513 0.005938
0.357482 0.104513 0.008314
0.199525 0.105701 0.005938
0.218527 0.105701 0.007126
0.229216 0.105701 0.005938
0.239905 0.105701 0.007126
0.188836 0.106888 0.005938
0.207838 0.106888 0.005938
0.165083 0.108076 0.008314
0.174584 0.108076 0.008314
0.134204 0.109264 0.007126
0.148456 0.109264 0.008314
0.545131 0.109264 0.008314
0.583135 0.109264 0.008314
0.592637 0.109264 0.005938
0.629454 0.109264 0.008314
0.637767 0.109264 0.007126
0.666271 0.109264 0.007126
0.675772 0.109264 0.005938
0.686461 0.109264 0.007126
0.695962 0.109264 0.004751
0.709026 0.109264 0.008314
0.730404 0.109264 0.005938
0.737530 0.109264 0.010689
0.812352 0.109264 0.008314
0.507126 0.110451 0.008314
0.519002 0.110451 0.008314
0.555819 0.110451 0.008314
0.600950 0.110451 0.005938
0.621140 0.110451 0.005938
0.652019 0.110451 0.009501
0.719715 0.110451 0.007126
0.761283 0.110451 0.004751
0.496437 0.111639 0.007126
0.530879 0.111639 0.008314
0.567696 0.111639 0.008314
0.610451 0.111639 0.007126
0.749406 0.111639 0.008314
0.780285 0.111639 0.007126
0.789786 0.111639 0.007126
0.800475 0.111639 0.005938
0.825416 0.111639 0.008314
0.871734 0.111639 0.004751
0.117577 0.112827 0.005938
0.124703 0.112827 0.004751
0.837292 0.112827 0.007126
0.850356 0.112827 0.008314
0.863420 0.112827 0.008314
0.427553 0.114014 0.008314
0.439430 0.114014 0.007126
0.451306 0.114014 0.008314
0.463183 0.114014 0.007126
0.473872 0.114014 0.007126
0.485748 0.114014 0.008314
0.416865 0.115202 0.008314
0.375297 0.116390 0.007126
0.385986 0.116390 0.008314
0.395487 0.116390 0.005938
0.403800 0.116390 0.007126
0.320665 0.117577 0.013064
0.364608 0.117577 0.007126
0.257720 0.118765 0.005938
0.267221 0.118765 0.004751
0.280285 0.118765 0.004751
0.287411 0.118765 0.010689
0.301663 0.118765 0.008314
0.312352 0.118765 0.004751
0.332542 0.118765 0.007126
0.342043 0.118765 0.005938
0.352732 0.118765 0.007126
0.248219 0.119952 0.004751
0.211401 0.121140 0.005938
0.180523 0.122328 0.008314
0.201900 0.122328 0.007126
0.233967 0.122328 0.010689
0.160333 0.123515 0.007126
0.636580 0.123515 0.007126
0.134204 0.124703 0.007126
0.148456 0.124703 0.008314
0.169834 0.124703 0.007126
0.118765 0.125891 0.008314
0.572447 0.125891 0.007126
0.602138 0.125891 0.005938
0.619952 0.125891 0.004751
0.627078 0.125891 0.010689
0.644893 0.125891 0.007126
0.655582 0.125891 0.005938
0.663895 0.125891 0.008314
0.748219 0.125891 0.007126
0.552257 0.127078 0.004751
0.561758 0.127078 0.008314
0.583135 0.127078 0.008314
0.591449 0.127078 0.005938
0.611639 0.127078 0.005938
0.707838 0.127078 0.008314
0.717340 0.127078 0.005938
0.728029 0.127078 0.007126
0.737530 0.127078 0.007126
0.756532 0.127078 0.004751
0.794537 0.127078 0.004751
0.811164 0.127078 0.004751
0.820665 0.127078 0.007126
0.828979 0.127078 0.005938
0.842043 0.127078 0.008314
0.852732 0.127078 0.008314
0.864608 0.127078 0.004751
0.871734 0.127078 0.004751
0.514252 0.128266 0.008314
0.543943 0.128266 0.004751
0.764846 0.128266 0.004751
0.775534 0.128266 0.007126
0.786223 0.128266 0.008314
0.801663 0.128266 0.005938
0.471496 0.129454 0.008314
0.502375 0.129454 0.005938
0.526128 0.129454 0.008314
0.536817 0.129454 0.005938
0.479810 0.130641 0.004751
0.490499 0.130641 0.008314
0.420428 0.131829 0.008314
0.432304 0.131829 0.008314
0.458432 0.131829 0.007126
0.383610 0.133017 0.005938
0.406176 0.133017 0.009501
0.445368 0.133017 0.009501
0.276722 0.134204 0.007126
0.328979 0.134204 0.008314
0.340855 0.134204 0.008314
0.351544 0.134204 0.008314
0.363420 0.134204 0.007126
0.374109 0.134204 0.005938
0.393112 0.134204 0.007126
0.223278 0.135392 0.005938
0.243468 0.135392 0.005938
0.252969 0.135392 0.008314
0.264846 0.135392 0.008314
0.294537 0.135392 0.010689
0.212589 0.136580 0.007126
0.233967 0.136580 0.005938
0.200713 0.137767 0.005938
0.115202 0.138955 0.008314
0.131829 0.138955 0.007126
0.167458 0.138955 0.008314
0.180523 0.138955 0.008314
0.191211 0.138955 0.007126
0.141330 0.140143 0.004751
0.157957 0.140143 0.005938
0.148456 0.141330 0.008314
0.619952 0.141330 0.010689
0.598575 0.142518 0.005938
0.606888 0.142518 0.008314
0.627078 0.142518 0.011876
0.641330 0.142518 0.008314
0.650831 0.142518 0.005938
0.660333 0.142518 0.008314
0.818290 0.142518 0.005938
0.831354 0.142518 0.008314
0.842043 0.142518 0.011876
0.850356 0.142518 0.004751
0.862233 0.142518 0.008314
0.870546 0.142518 0.010689
0.880048 0.142518 0.005938
0.542755 0.143705 0.008314
0.577197 0.143705 0.005938
0.589074 0.143705 0.007126
0.707838 0.143705 0.008314
0.731591 0.143705 0.007126
0.768409 0.143705 0.007126
0.788599 0.143705 0.005938
0.799287 0.143705 0.008314
0.808789 0.143705 0.007126
0.519002 0.144893 0.007126
0.530879 0.144893 0.008314
0.555819 0.144893 0.008314
0.719715 0.144893 0.008314
0.743468 0.144893 0.007126
0.757720 0.144893 0.008314
0.780285 0.144893 0.008314
0.566508 0.146081 0.008314
0.498812 0.147268 0.005938
0.508314 0.147268 0.005938
0.394299 0.148456 0.008314
0.467933 0.148456 0.005938
0.479810 0.148456 0.008314
0.225653 0.149644 0.005938
0.282660 0.149644 0.008314
0.351544 0.149644 0.004751
0.380048 0.149644 0.008314
0.404988 0.149644 0.008314
0.427553 0.149644 0.005938
0.437055 0.149644 0.004751
0.444181 0.149644 0.008314
0.456057 0.149644 0.008314
0.488124 0.149644 0.005938
0.236342 0.150831 0.007126
0.248219 0.150831 0.008314
0.258907 0.150831 0.008314
0.270784 0.150831 0.008314
0.336105 0.150831 0.008314
0.358670 0.150831 0.004751
0.366983 0.150831 0.004751
0.418052 0.150831 0.005938
0.114014 0.152019 0.007126
0.199525 0.152019 0.007126
0.214964 0.152019 0.010689
0.124703 0.153207 0.005938
0.131829 0.153207 0.009501
0.137767 0.153207 0.004751
0.147268 0.153207 0.005938
0.155582 0.153207 0.005938
0.176960 0.153207 0.007126
0.165083 0.154394 0.005938
0.188836 0.154394 0.008314
0.634204 0.156770 0.008314
0.622328 0.157957 0.007126
0.646081 0.157957 0.007126
0.815914 0.157957 0.008314
0.863420 0.157957 0.004751
0.878860 0.157957 0.011876
0.572447 0.159145 0.008314
0.805226 0.159145 0.007126
0.839667 0.159145 0.008314
0.853919 0.159145 0.005938
0.870546 0.159145 0.011876
0.584323 0.160333 0.005938
0.608076 0.160333 0.008314
0.661520 0.160333 0.007126
0.710214 0.160333 0.007126
0.719715 0.160333 0.004751
0.730404 0.160333 0.005938
0.741093 0.160333 0.008314
0.751781 0.160333 0.005938
0.761283 0.160333 0.005938
0.769596 0.160333 0.007126
0.781473 0.160333 0.008314
0.830166 0.160333 0.008314
0.560570 0.161520 0.008314
0.593824 0.161520 0.007126
0.794537 0.161520 0.007126
0.503563 0.162708 0.007126
0.536817 0.162708 0.005938
0.551069 0.162708 0.011876
0.480998 0.163895 0.005938
0.489311 0.163895 0.004751
0.516627 0.163895 0.007126
0.526128 0.163895 0.007126
0.355107 0.165083 0.005938
0.365796 0.165083 0.007126
0.376485 0.165083 0.005938
0.423990 0.165083 0.011876
0.459620 0.165083 0.008314
0.471496 0.165083 0.007126
0.241093 0.166271 0.008314
0.281473 0.166271 0.007126
0.346793 0.166271 0.005938
0.389549 0.166271 0.008314
0.399050 0.166271 0.005938
0.431116 0.166271 0.005938
0.440618 0.166271 0.005938
0.448931 0.166271 0.008314
0.251781 0.167458 0.007126
0.262470 0.167458 0.005938
0.270784 0.167458 0.013064
0.337292 0.167458 0.008314
0.407363 0.167458 0.005938
0.415677 0.167458 0.004751
0.114014 0.168646 0.007126
0.124703 0.168646 0.007126
0.135392 0.168646 0.007126
0.144893 0.168646 0.005938
0.156770 0.168646 0.005938
0.166271 0.168646 0.008314
0.174584 0.168646 0.005938
0.184086 0.168646 0.005938
0.204276 0.168646 0.008314
0.220903 0.168646 0.008314
0.231591 0.168646 0.004751
0.194774 0.169834 0.007126
0.834917 0.174584 0.007126
0.858670 0.174584 0.008314
0.880048 0.174584 0.007126
0.579572 0.175772 0.009501
0.636580 0.175772 0.008314
0.650831 0.175772 0.007126
0.705463 0.175772 0.007126
0.744656 0.175772 0.008314
0.756532 0.175772 0.008314
0.823040 0.175772 0.007126
0.846793 0.175772 0.008314
0.870546 0.175772 0.007126
0.591449 0.176960 0.007126
0.602138 0.176960 0.008314
0.612827 0.176960 0.008314
0.624703 0.176960 0.008314
0.659145 0.176960 0.010689
0.719715 0.176960 0.009501
0.731591 0.176960 0.008314
0.767221 0.176960 0.007126
0.776722 0.176960 0.008314
0.787411 0.176960 0.007126
0.800475 0.176960 0.008314
0.811164 0.176960 0.007126
0.555819 0.178147 0.004751
0.565321 0.178147 0.005938
0.533254 0.179335 0.008314
0.545131 0.179335 0.008314
0.524941 0.180523 0.005938
0.503563 0.181710 0.008314
0.516627 0.181710 0.008314
0.155582 0.182898 0.008314
0.380048 0.182898 0.008314
0.391924 0.182898 0.010689
0.425178 0.182898 0.007126
0.438242 0.182898 0.007126
0.457245 0.182898 0.007126
0.469121 0.182898 0.007126
0.131829 0.184086 0.008314
0.144893 0.184086 0.005938
0.169834 0.184086 0.005938
0.333729 0.184086 0.008314
0.352732 0.184086 0.004751
0.406176 0.184086 0.008314
0.415677 0.184086 0.004751
0.447743 0.184086 0.005938
0.479810 0.184086 0.008314
0.489311 0.184086 0.008314
0.111639 0.185273 0.013064
0.119952 0.185273 0.005938
0.176960 0.185273 0.004751
0.191211 0.185273 0.004751
0.200713 0.185273 0.008314
0.235154 0.185273 0.005938
0.245843 0.185273 0.008314
0.261283 0.185273 0.007126
0.273159 0.185273 0.007126
0.282660 0.185273 0.008314
0.343230 0.185273 0.008314
0.366983 0.185273 0.008314
0.182898 0.186461 0.010689
0.212589 0.186461 0.005938
0.220903 0.186461 0.004751
0.226841 0.186461 0.004751
0.855107 0.190024 0.008314
0.875297 0.190024 0.008314
0.671021 0.191211 0.005938
0.384798 0.192399 0.004751
0.663895 0.192399 0.004751
0.679335 0.192399 0.009501
0.695962 0.192399 0.007126
0.706651 0.192399 0.007126
0.716152 0.192399 0.008314
0.828979 0.192399 0.005938
0.840855 0.192399 0.008314
0.865796 0.192399 0.008314
0.638955 0.193587 0.005938
0.655582 0.193587 0.005938
0.729216 0.193587 0.005938
0.738717 0.193587 0.005938
0.748219 0.193587 0.007126
0.767221 0.193587 0.005938
0.789786 0.193587 0.007126
0.800475 0.193587 0.007126
0.808789 0.193587 0.005938
0.819477 0.193587 0.007126
0.583135 0.194774 0.008314
0.597387 0.194774 0.008314
0.608076 0.194774 0.005938
0.627078 0.194774 0.008314
0.647268 0.194774 0.004751
0.757720 0.194774 0.005938
0.782660 0.194774 0.004751
0.547506 0.195962 0.007126
0.559382 0.195962 0.007126
0.571259 0.195962 0.005938
0.617577 0.195962 0.008314
0.524941 0.197150 0.009501
0.536817 0.197150 0.008314
0.171021 0.198337 0.007126
0.482185 0.198337 0.007126
0.495249 0.198337 0.008314
0.508314 0.198337 0.007126
0.138955 0.199525 0.004751
0.153207 0.199525 0.010689
0.162708 0.199525 0.005938
0.181710 0.199525 0.008314
0.249406 0.199525 0.007126
0.261283 0.199525 0.007126
0.268409 0.199525 0.011876
0.276722 0.199525 0.007126
0.294537 0.199525 0.004751
0.389549 0.199525 0.008314
0.437055 0.199525 0.008314
0.450119 0.199525 0.005938
0.459620 0.199525 0.007126
0.470309 0.199525 0.005938
0.130641 0.200713 0.005938
0.194774 0.200713 0.005938
0.207838 0.200713 0.008314
0.218527 0.200713 0.005938
0.286223 0.200713 0.005938
0.307601 0.200713 0.008314
0.371734 0.200713 0.010689
0.404988 0.200713 0.008314
0.413302 0.200713 0.005938
0.423990 0.200713 0.008314
0.122328 0.201900 0.005938
0.229216 0.201900 0.008314
0.238717 0.201900 0.007126
0.300475 0.201900 0.010689
0.319477 0.201900 0.008314
0.333729 0.201900 0.007126
0.347981 0.201900 0.004751
0.356295 0.201900 0.005938
0.110451 0.204276 0.008314
0.828979 0.205463 0.004751
0.838480 0.205463 0.005938
0.671021 0.206651 0.005938
0.728029 0.206651 0.003563
0.745843 0.206651 0.007126
0.770784 0.206651 0.005938
0.786223 0.206651 0.007126
0.818290 0.206651 0.004751
0.849169 0.206651 0.005938
0.697150 0.207838 0.009501
0.719715 0.207838 0.005938
0.760095 0.207838 0.007126
0.795724 0.207838 0.005938
0.805226 0.207838 0.005938
0.583135 0.209026 0.007126
0.622328 0.209026 0.007126
0.633017 0.209026 0.004751
0.642518 0.209026 0.007126
0.653207 0.209026 0.005938
0.661520 0.209026 0.008314
0.680523 0.209026 0.008314
0.711401 0.209026 0.008314
0.571259 0.210214 0.008314
0.596200 0.210214 0.008314
0.547506 0.211401 0.007126
0.560570 0.211401 0.007126
0.609264 0.211401 0.007126
0.521378 0.212589 0.008314
0.535629 0.212589 0.008314
0.273159 0.213777 0.010689
0.470309 0.213777 0.007126
0.483373 0.213777 0.007126
0.497625 0.213777 0.008314
0.510689 0.213777 0.007126
0.193587 0.214964 0.008314
0.207838 0.214964 0.007126
0.218527 0.214964 0.005938
0.228029 0.214964 0.005938
0.239905 0.214964 0.007126
0.347981 0.214964 0.008314
0.447743 0.214964 0.008314
0.461995 0.214964 0.005938
0.863420 0.214964 0.007126
0.872922 0.214964 0.015439
0.161520 0.216152 0.008314
0.176960 0.216152 0.005938
0.186461 0.216152 0.008314
0.264846 0.216152 0.005938
0.280285 0.216152 0.004751
0.320665 0.216152 0.008314
0.337292 0.216152 0.005938
0.359857 0.216152 0.004751
0.391924 0.216152 0.007126
0.401425 0.216152 0.005938
0.409739 0.216152 0.007126
0.425178 0.216152 0.008314
0.437055 0.216152 0.007126
0.130641 0.217340 0.004751
0.148456 0.217340 0.008314
0.254157 0.217340 0.008314
0.294537 0.217340 0.008314
0.306413 0.217340 0.007126
0.378860 0.217340 0.008314
0.109264 0.218527 0.007126
0.851544 0.218527 0.008314
0.119952 0.219715 0.007126
0.365796 0.219715 0.009501
0.799287 0.219715 0.005938
0.812352 0.219715 0.010689
0.820665 0.219715 0.004751
0.828979 0.219715 0.008314
0.839667 0.219715 0.007126
0.752969 0.220903 0.004751
0.758907 0.220903 0.008314
0.771971 0.220903 0.007126
0.781473 0.220903 0.004751
0.789786 0.220903 0.005938
0.730404 0.222090 0.004751
0.737530 0.222090 0.004751
0.744656 0.222090 0.010689
0.682898 0.223278 0.013064
0.712589 0.223278 0.004751
0.720903 0.223278 0.008314
0.665083 0.224466 0.005938
0.674584 0.224466 0.007126
0.703088 0.224466 0.008314
0.592637 0.225653 0.008314
0.600950 0.225653 0.004751
0.610451 0.225653 0.007126
0.622328 0.225653 0.005938
0.630641 0.225653 0.010689
0.655582 0.225653 0.008314
0.571259 0.226841 0.008314
0.583135 0.226841 0.005938
0.644893 0.226841 0.005938
0.166271 0.228029 0.009501
0.446556 0.228029 0.008314
0.458432 0.228029 0.007126
0.470309 0.228029 0.008314
0.479810 0.228029 0.005938
0.489311 0.228029 0.008314
0.500000 0.228029 0.008314
0.548694 0.228029 0.005938
0.558195 0.228029 0.007126
0.415677 0.229216 0.007126
0.426366 0.229216 0.008314
0.433492 0.229216 0.008314
0.513064 0.229216 0.007126
0.539192 0.229216 0.007126
0.178147 0.230404 0.008314
0.220903 0.230404 0.008314
0.242280 0.230404 0.013064
0.527316 0.230404 0.008314
0.195962 0.231591 0.008314
0.210214 0.231591 0.007126
0.232779 0.231591 0.005938
0.250594 0.231591 0.004751
0.258907 0.231591 0.008314
0.269596 0.231591 0.007126
0.279097 0.231591 0.005938
0.289786 0.231591 0.008314
0.300475 0.231591 0.008314
0.308789 0.231591 0.004751
0.353919 0.231591 0.004751
0.404988 0.231591 0.007126
0.149644 0.232779 0.008314
0.186461 0.232779 0.004751
0.344418 0.232779 0.008314
0.362233 0.232779 0.007126
0.375297 0.232779 0.005938
0.383610 0.232779 0.004751
0.137767 0.233967 0.004751
0.330166 0.233967 0.010689
0.394299 0.233967 0.008314
0.128266 0.235154 0.008314
0.111639 0.236342 0.010689
