0.662708 0.071259 0.007126
0.684086 0.071259 0.008314
0.695962 0.071259 0.007126
0.710214 0.071259 0.008314
0.723278 0.071259 0.011876
0.739905 0.071259 0.005938
0.748219 0.071259 0.004751
0.771971 0.071259 0.007126
0.783848 0.071259 0.007126
0.844418 0.071259 0.005938
0.874109 0.071259 0.011876
0.882423 0.071259 0.004751
0.598575 0.072447 0.008314
0.653207 0.072447 0.008314
0.731591 0.072447 0.004751
0.763658 0.072447 0.004751
0.792162 0.072447 0.005938
0.802850 0.072447 0.005938
0.809976 0.072447 0.008314
0.820665 0.072447 0.008314
0.855107 0.072447 0.007126
0.865796 0.072447 0.013064
0.587886 0.073634 0.008314
0.610451 0.073634 0.005938
0.622328 0.073634 0.008314
0.634204 0.073634 0.008314
0.644893 0.073634 0.005938
0.674584 0.073634 0.008314
0.573634 0.074822 0.007126
0.509501 0.076010 0.007126
0.521378 0.076010 0.008314
0.555819 0.076010 0.007126
0.565321 0.076010 0.005938
0.450119 0.077197 0.008314
0.489311 0.077197 0.005938
0.500000 0.077197 0.008314
0.533254 0.077197 0.008314
0.543943 0.077197 0.008314
0.463183 0.078385 0.010689
0.479810 0.078385 0.007126
0.339667 0.079572 0.007126
0.351544 0.079572 0.008314
0.410926 0.079572 0.007126
0.421615 0.079572 0.013064
0.427553 0.079572 0.010689
0.439430 0.079572 0.007126
0.320665 0.080760 0.007126
0.328979 0.080760 0.005938
0.359857 0.080760 0.008314
0.371734 0.080760 0.007126
0.383610 0.080760 0.008314
0.399050 0.080760 0.008314
0.302850 0.081948 0.007126
0.311164 0.081948 0.005938
0.249406 0.083135 0.004751
0.290974 0.083135 0.007126
0.216152 0.084323 0.004751
0.224466 0.084323 0.005938
0.233967 0.084323 0.005938
0.257720 0.084323 0.005938
0.268409 0.084323 0.008314
0.279097 0.084323 0.008314
0.187648 0.085511 0.005938
0.197150 0.085511 0.007126
0.207838 0.085511 0.004751
0.700713 0.085511 0.005938
0.786223 0.085511 0.008314
0.836105 0.085511 0.007126
0.178147 0.086698 0.005938
0.659145 0.086698 0.007126
0.710214 0.086698 0.004751
0.719715 0.086698 0.007126
0.766033 0.086698 0.008314
0.776722 0.086698 0.005938
0.814727 0.086698 0.007126
0.823040 0.086698 0.007126
0.846793 0.086698 0.008314
0.857482 0.086698 0.007126
0.168646 0.087886 0.007126
0.667458 0.087886 0.009501
0.679335 0.087886 0.008314
0.691211 0.087886 0.004751
0.731591 0.087886 0.007126
0.801663 0.087886 0.005938
0.159145 0.089074 0.007126
0.630641 0.089074 0.008314
0.644893 0.089074 0.008314
0.739905 0.089074 0.013064
0.755344 0.089074 0.008314
0.870546 0.089074 0.008314
0.885986 0.089074 0.008314
0.148456 0.090261 0.007126
0.576010 0.090261 0.005938
0.589074 0.090261 0.008314
0.615202 0.090261 0.008314
0.138955 0.091449 0.005938
0.450119 0.091449 0.005938
0.549881 0.091449 0.008314
0.559382 0.091449 0.004751
0.566508 0.091449 0.004751
0.603325 0.091449 0.007126
0.130641 0.092637 0.004751
0.495249 0.092637 0.007126
0.505938 0.092637 0.008314
0.519002 0.092637 0.008314
0.529691 0.092637 0.005938
0.538005 0.092637 0.007126
0.121140 0.093824 0.008314
0.416865 0.093824 0.005938
0.427553 0.093824 0.007126
0.437055 0.093824 0.008314
0.464371 0.093824 0.008314
0.476247 0.093824 0.008314
0.484561 0.093824 0.007126
0.382423 0.095012 0.007126
0.394299 0.095012 0.007126
0.406176 0.095012 0.008314
0.307601 0.096200 0.008314
0.355107 0.096200 0.008314
0.282660 0.097387 0.004751
0.319477 0.097387 0.004751
0.336105 0.097387 0.004751
0.369359 0.097387 0.009501
0.226841 0.098575 0.008314
0.247031 0.098575 0.005938
0.255344 0.098575 0.004751
0.274347 0.098575 0.007126
0.293349 0.098575 0.008314
0.326603 0.098575 0.005938
0.182898 0.099762 0.004751
0.201900 0.099762 0.004751
0.212589 0.099762 0.008314
0.238717 0.099762 0.007126
0.263658 0.099762 0.005938
0.188836 0.100950 0.003563
0.697150 0.100950 0.007126
0.706651 0.100950 0.008314
0.176960 0.102138 0.009501
0.663895 0.102138 0.008314
0.675772 0.102138 0.007126
0.685273 0.102138 0.008314
0.719715 0.102138 0.007126
0.731591 0.102138 0.008314
0.741093 0.102138 0.005938
0.750594 0.102138 0.007126
0.809976 0.102138 0.008314
0.866983 0.102138 0.004751
0.900238 0.102138 0.005938
0.638955 0.103325 0.004751
0.760095 0.103325 0.011876
0.768409 0.103325 0.004751
0.777910 0.103325 0.005938
0.785036 0.103325 0.004751
0.796912 0.103325 0.008314
0.821853 0.103325 0.004751
0.845606 0.103325 0.008314
0.856295 0.103325 0.007126
0.874109 0.103325 0.008314
0.887173 0.103325 0.008314
0.165083 0.104513 0.008314
0.611639 0.104513 0.007126
0.625891 0.104513 0.008314
0.646081 0.104513 0.009501
0.152019 0.105701 0.004751
0.579572 0.105701 0.004751
0.590261 0.105701 0.008314
0.830166 0.105701 0.005938
0.136580 0.106888 0.004751
0.144893 0.106888 0.004751
0.541568 0.106888 0.008314
0.560570 0.106888 0.005938
0.568884 0.106888 0.007126
0.602138 0.106888 0.008314
0.119952 0.108076 0.007126
0.466746 0.108076 0.008314
0.494062 0.108076 0.007126
0.551069 0.108076 0.005938
0.433492 0.109264 0.005938
0.475059 0.109264 0.005938
0.483373 0.109264 0.004751
0.507126 0.109264 0.008314
0.528504 0.109264 0.005938
0.339667 0.110451 0.008314
0.393112 0.110451 0.004751
0.403800 0.110451 0.007126
0.414489 0.110451 0.007126
0.423990 0.110451 0.005938
0.444181 0.110451 0.005938
0.452494 0.110451 0.005938
0.519002 0.110451 0.007126
0.352732 0.111639 0.007126
0.362233 0.111639 0.004751
0.290974 0.112827 0.005938
0.304038 0.112827 0.008314
0.315914 0.112827 0.008314
0.328979 0.112827 0.007126
0.369359 0.112827 0.005938
0.377672 0.112827 0.004751
0.220903 0.114014 0.007126
0.231591 0.114014 0.007126
0.243468 0.114014 0.007126
0.252969 0.114014 0.005938
0.273159 0.114014 0.011876
0.280285 0.114014 0.008314
0.209026 0.115202 0.007126
0.199525 0.116390 0.007126
0.263658 0.116390 0.005938
0.187648 0.117577 0.007126
0.660333 0.117577 0.007126
0.716152 0.117577 0.007126
0.726841 0.117577 0.007126
0.781473 0.117577 0.007126
0.820665 0.117577 0.004751
0.868171 0.117577 0.005938
0.878860 0.117577 0.008314
0.890736 0.117577 0.004751
0.162708 0.118765 0.007126
0.637767 0.118765 0.004751
0.706651 0.118765 0.008314
0.737530 0.118765 0.005938
0.744656 0.118765 0.010689
0.770784 0.118765 0.008314
0.792162 0.118765 0.008314
0.804038 0.118765 0.010689
0.834917 0.118765 0.004751
0.843230 0.118765 0.004751
0.852732 0.118765 0.005938
0.861045 0.118765 0.004751
0.150831 0.119952 0.008314
0.174584 0.119952 0.008314
0.630641 0.119952 0.005938
0.571259 0.121140 0.005938
0.621140 0.121140 0.005938
0.137767 0.122328 0.007126
0.562945 0.122328 0.005938
0.586698 0.122328 0.008314
0.596200 0.122328 0.005938
0.605701 0.122328 0.004751
0.118765 0.123515 0.005938
0.128266 0.123515 0.005938
0.488124 0.123515 0.005938
0.496437 0.123515 0.008314
0.508314 0.123515 0.008314
0.529691 0.123515 0.004751
0.538005 0.123515 0.005938
0.547506 0.123515 0.005938
0.454869 0.124703 0.005938
0.466746 0.124703 0.008314
0.478622 0.124703 0.008314
0.520190 0.124703 0.007126
0.390736 0.125891 0.005938
0.434679 0.125891 0.007126
0.445368 0.125891 0.007126
0.399050 0.127078 0.005938
0.410926 0.127078 0.008314
0.425178 0.127078 0.007126
0.382423 0.128266 0.004751
0.283848 0.129454 0.008314
0.350356 0.129454 0.007126
0.372922 0.129454 0.008314
0.232779 0.130641 0.005938
0.242280 0.130641 0.005938
0.273159 0.130641 0.008314
0.340855 0.130641 0.007126
0.359857 0.130641 0.007126
0.123515 0.131829 0.005938
0.195962 0.131829 0.008314
0.211401 0.131829 0.008314
0.220903 0.131829 0.008314
0.252969 0.131829 0.007126
0.262470 0.131829 0.005938
0.187648 0.133017 0.005938
0.763658 0.133017 0.007126
0.812352 0.134204 0.009501
0.858670 0.134204 0.005938
0.868171 0.134204 0.004751
0.178147 0.135392 0.008314
0.615202 0.135392 0.007126
0.625891 0.135392 0.008314
0.642518 0.135392 0.005938
0.722090 0.135392 0.007126
0.730404 0.135392 0.005938
0.739905 0.135392 0.008314
0.780285 0.135392 0.007126
0.789786 0.135392 0.004751
0.798100 0.135392 0.010689
0.806413 0.135392 0.004751
0.849169 0.135392 0.007126
0.889549 0.135392 0.010689
0.154394 0.136580 0.008314
0.166271 0.136580 0.008314
0.591449 0.136580 0.007126
0.603325 0.136580 0.007126
0.633017 0.136580 0.008314
0.131829 0.137767 0.007126
0.555819 0.137767 0.008314
0.580760 0.137767 0.005938
0.143705 0.138955 0.008314
0.519002 0.138955 0.005938
0.528504 0.138955 0.005938
0.540380 0.138955 0.010689
0.570071 0.138955 0.007126
0.476247 0.140143 0.007126
0.486936 0.140143 0.007126
0.509501 0.140143 0.008314
0.465558 0.141330 0.005938
0.498812 0.141330 0.007126
0.435867 0.142518 0.004751
0.456057 0.142518 0.005938
0.406176 0.143705 0.005938
0.418052 0.143705 0.008314
0.427553 0.143705 0.005938
0.445368 0.143705 0.007126
0.385986 0.144893 0.008314
0.282660 0.146081 0.008314
0.375297 0.146081 0.008314
0.394299 0.146081 0.008314
0.258907 0.147268 0.009501
0.270784 0.147268 0.007126
0.364608 0.147268 0.007126
0.195962 0.148456 0.013064
0.206651 0.148456 0.008314
0.219715 0.148456 0.005938
0.229216 0.148456 0.008314
0.241093 0.148456 0.004751
0.251781 0.148456 0.013064
0.336105 0.148456 0.008314
0.345606 0.148456 0.008314
0.878860 0.148456 0.011876
0.870546 0.149644 0.008314
0.188836 0.150831 0.008314
0.657957 0.150831 0.007126
0.857482 0.150831 0.008314
0.176960 0.152019 0.005938
0.595012 0.152019 0.005938
0.612827 0.152019 0.004751
0.630641 0.152019 0.005938
0.638955 0.152019 0.004751
0.647268 0.152019 0.007126
0.711401 0.152019 0.008314
0.789786 0.152019 0.007126
0.800475 0.152019 0.008314
0.814727 0.152019 0.008314
0.826603 0.152019 0.008314
0.838480 0.152019 0.008314
0.847981 0.152019 0.008314
0.116390 0.153207 0.004751
0.157957 0.153207 0.005938
0.167458 0.153207 0.004751
0.603325 0.153207 0.013064
0.619952 0.153207 0.011876
0.722090 0.153207 0.007126
0.745843 0.153207 0.008314
0.754157 0.153207 0.005938
0.766033 0.153207 0.008314
0.779097 0.153207 0.008314
0.133017 0.154394 0.007126
0.144893 0.154394 0.007126
0.572447 0.154394 0.007126
0.584323 0.154394 0.008314
0.548694 0.155582 0.008314
0.560570 0.155582 0.008314
0.541568 0.156770 0.013064
0.464371 0.157957 0.005938
0.492874 0.157957 0.008314
0.503563 0.157957 0.013064
0.533254 0.157957 0.005938
0.471496 0.159145 0.008314
0.510689 0.159145 0.004751
0.521378 0.159145 0.008314
0.118765 0.160333 0.004751
0.444181 0.160333 0.008314
0.454869 0.160333 0.007126
0.483373 0.160333 0.008314
0.416865 0.162708 0.005938
0.425178 0.162708 0.011876
0.285036 0.163895 0.008314
0.397862 0.163895 0.008314
0.407363 0.163895 0.005938
0.891924 0.163895 0.013064
0.899050 0.163895 0.009501
0.213777 0.165083 0.007126
0.262470 0.165083 0.004751
0.275534 0.165083 0.004751
0.374109 0.165083 0.005938
0.385986 0.165083 0.008314
0.881235 0.165083 0.004751
0.203088 0.166271 0.007126
0.222090 0.166271 0.005938
0.232779 0.166271 0.007126
0.244656 0.166271 0.007126
0.254157 0.166271 0.005938
0.337292 0.166271 0.008314
0.346793 0.166271 0.004751
0.355107 0.166271 0.004751
0.364608 0.166271 0.008314
0.771971 0.166271 0.005938
0.863420 0.166271 0.004751
0.872922 0.166271 0.005938
0.654394 0.168646 0.010689
0.763658 0.168646 0.004751
0.800475 0.168646 0.004751
0.812352 0.168646 0.008314
0.823040 0.168646 0.007126
0.836105 0.168646 0.007126
0.844418 0.168646 0.004751
0.646081 0.169834 0.010689
0.706651 0.169834 0.009501
0.719715 0.169834 0.005938
0.742280 0.169834 0.008314
0.755344 0.169834 0.005938
0.779097 0.169834 0.007126
0.792162 0.169834 0.007126
0.152019 0.171021 0.008314
0.162708 0.171021 0.008314
0.171021 0.171021 0.005938
0.180523 0.171021 0.005938
0.611639 0.171021 0.005938
0.619952 0.171021 0.004751
0.625891 0.171021 0.004751
0.633017 0.171021 0.004751
0.732779 0.171021 0.007126
0.137767 0.172209 0.007126
0.129454 0.173397 0.005938
0.589074 0.173397 0.007126
0.599762 0.173397 0.007126
0.117577 0.174584 0.007126
0.579572 0.174584 0.004751
0.562945 0.175772 0.005938
0.572447 0.175772 0.011876
0.502375 0.176960 0.009501
0.547506 0.176960 0.010689
0.441805 0.178147 0.008314
0.465558 0.178147 0.007126
0.479810 0.178147 0.008314
0.521378 0.178147 0.008314
0.533254 0.178147 0.008314
0.401425 0.179335 0.005938
0.425178 0.179335 0.009501
0.453682 0.179335 0.008314
0.281473 0.180523 0.008314
0.384798 0.180523 0.005938
0.393112 0.180523 0.004751
0.416865 0.180523 0.010689
0.881235 0.180523 0.008314
0.895487 0.180523 0.009501
0.331354 0.181710 0.008314
0.369359 0.181710 0.010689
0.375297 0.181710 0.010689
0.267221 0.182898 0.009501
0.344418 0.182898 0.009501
0.359857 0.182898 0.005938
0.851544 0.182898 0.004751
0.859857 0.182898 0.007126
0.869359 0.182898 0.005938
0.184086 0.184086 0.007126
0.252969 0.184086 0.008314
0.735154 0.184086 0.008314
0.742280 0.184086 0.004751
0.750594 0.184086 0.007126
0.821853 0.184086 0.008314
0.838480 0.184086 0.008314
0.844418 0.184086 0.004751
0.241093 0.185273 0.010689
0.774347 0.185273 0.008314
0.798100 0.185273 0.005938
0.809976 0.185273 0.008314
0.173397 0.186461 0.005938
0.647268 0.186461 0.009501
0.662708 0.186461 0.005938
0.684086 0.186461 0.007126
0.706651 0.186461 0.008314
0.713777 0.186461 0.004751
0.723278 0.186461 0.007126
0.760095 0.186461 0.005938
0.788599 0.186461 0.007126
0.115202 0.187648 0.004751
0.156770 0.187648 0.007126
0.195962 0.187648 0.008314
0.205463 0.187648 0.004751
0.212589 0.187648 0.004751
0.220903 0.187648 0.010689
0.672209 0.187648 0.004751
0.695962 0.187648 0.007126
0.124703 0.188836 0.005938
0.135392 0.188836 0.005938
0.144893 0.188836 0.007126
0.165083 0.188836 0.004751
0.611639 0.188836 0.004751
0.621140 0.188836 0.007126
0.634204 0.188836 0.008314
0.581948 0.190024 0.005938
0.592637 0.190024 0.005938
0.602138 0.190024 0.005938
0.901425 0.190024 0.007126
0.561758 0.191211 0.008314
0.572447 0.191211 0.008314
0.500000 0.192399 0.013064
0.473872 0.193587 0.008314
0.508314 0.193587 0.005938
0.520190 0.193587 0.005938
0.530879 0.193587 0.007126
0.543943 0.193587 0.008314
0.464371 0.194774 0.005938
0.891924 0.194774 0.008314
0.400238 0.195962 0.008314
0.414489 0.195962 0.008314
0.453682 0.195962 0.008314
0.883610 0.195962 0.013064
0.270784 0.197150 0.007126
0.358670 0.197150 0.004751
0.376485 0.197150 0.005938
0.387173 0.197150 0.007126
0.427553 0.197150 0.007126
0.440618 0.197150 0.008314
0.824228 0.197150 0.004751
0.834917 0.197150 0.008314
0.852732 0.197150 0.005938
0.872922 0.197150 0.008314
0.258907 0.198337 0.007126
0.282660 0.198337 0.007126
0.320665 0.198337 0.007126
0.330166 0.198337 0.007126
0.340855 0.198337 0.005938
0.349169 0.198337 0.005938
0.365796 0.198337 0.010689
0.742280 0.198337 0.004751
0.804038 0.198337 0.008314
0.817102 0.198337 0.004751
0.844418 0.198337 0.004751
0.864608 0.198337 0.010689
0.294537 0.199525 0.008314
0.305226 0.199525 0.008314
0.729216 0.199525 0.008314
0.751781 0.199525 0.007126
0.761283 0.199525 0.005938
0.770784 0.199525 0.007126
0.780285 0.199525 0.007126
0.792162 0.199525 0.007126
0.244656 0.200713 0.007126
0.635392 0.200713 0.005938
0.649644 0.200713 0.004751
0.667458 0.200713 0.007126
0.679335 0.200713 0.008314
0.698337 0.200713 0.010689
0.706651 0.200713 0.004751
0.716152 0.200713 0.007126
0.198337 0.201900 0.008314
0.224466 0.201900 0.007126
0.643705 0.201900 0.004751
0.657957 0.201900 0.005938
0.124703 0.203088 0.007126
0.135392 0.203088 0.004751
0.142518 0.203088 0.005938
0.153207 0.203088 0.007126
0.182898 0.203088 0.005938
0.210214 0.203088 0.007126
0.235154 0.203088 0.005938
0.597387 0.203088 0.008314
0.611639 0.203088 0.007126
0.623515 0.203088 0.008314
0.162708 0.204276 0.008314
0.173397 0.204276 0.005938
0.584323 0.204276 0.010689
0.591449 0.204276 0.004751
0.548694 0.207838 0.007126
0.558195 0.207838 0.008314
0.571259 0.207838 0.004751
0.535629 0.209026 0.008314
0.453682 0.210214 0.004751
0.467933 0.210214 0.007126
0.490499 0.210214 0.004751
0.519002 0.210214 0.008314
0.422803 0.211401 0.007126
0.433492 0.211401 0.007126
0.442993 0.211401 0.008314
0.482185 0.211401 0.005938
0.505938 0.211401 0.007126
0.319477 0.212589 0.005938
0.330166 0.212589 0.007126
0.344418 0.212589 0.007126
0.352732 0.212589 0.004751
0.403800 0.212589 0.007126
0.414489 0.212589 0.008314
0.219715 0.213777 0.007126
0.251781 0.213777 0.007126
0.262470 0.213777 0.005938
0.281473 0.213777 0.005938
0.290974 0.213777 0.005938
0.300475 0.213777 0.004751
0.307601 0.213777 0.008314
0.359857 0.213777 0.005938
0.371734 0.213777 0.007126
0.382423 0.213777 0.008314
0.861045 0.213777 0.005938
0.213777 0.214964 0.007126
0.271971 0.214964 0.005938
0.851544 0.214964 0.007126
0.233967 0.216152 0.008314
0.242280 0.216152 0.007126
0.807601 0.216152 0.008314
0.203088 0.217340 0.005938
0.795724 0.217340 0.008314
0.838480 0.217340 0.008314
0.123515 0.218527 0.008314
0.130641 0.218527 0.004751
0.140143 0.218527 0.005938
0.148456 0.218527 0.005938
0.156770 0.218527 0.005938
0.166271 0.218527 0.005938
0.175772 0.218527 0.004751
0.184086 0.218527 0.005938
0.193587 0.218527 0.005938
0.712589 0.218527 0.005938
0.722090 0.218527 0.008314
0.732779 0.218527 0.008314
0.747031 0.218527 0.008314
0.758907 0.218527 0.008314
0.773159 0.218527 0.008314
0.783848 0.218527 0.008314
0.114014 0.220903 0.008314
0.673397 0.220903 0.004751
0.680523 0.220903 0.004751
0.703088 0.220903 0.008314
0.634204 0.222090 0.008314
0.646081 0.223278 0.008314
0.657957 0.223278 0.008314
0.346793 0.224466 0.009501
0.610451 0.224466 0.014252
0.619952 0.224466 0.007126
0.495249 0.225653 0.008314
0.519002 0.225653 0.008314
0.530879 0.225653 0.008314
0.541568 0.225653 0.005938
0.561758 0.225653 0.008314
0.590261 0.225653 0.008314
0.602138 0.225653 0.014252
0.471496 0.226841 0.008314
0.483373 0.226841 0.008314
0.507126 0.226841 0.008314
0.551069 0.226841 0.008314
0.574822 0.226841 0.008314
0.355107 0.228029 0.008314
0.368171 0.228029 0.005938
0.377672 0.228029 0.007126
0.388361 0.228029 0.004751
0.395487 0.228029 0.008314
0.276722 0.229216 0.008314
0.320665 0.229216 0.005938
0.330166 0.229216 0.008314
0.407363 0.229216 0.008314
0.421615 0.229216 0.008314
0.434679 0.229216 0.009501
0.167458 0.230404 0.007126
0.198337 0.230404 0.005938
0.233967 0.230404 0.005938
0.260095 0.230404 0.011876
0.290974 0.230404 0.008314
0.301663 0.230404 0.004751
0.451306 0.230404 0.013064
0.159145 0.231591 0.004751
0.187648 0.231591 0.008314
0.222090 0.231591 0.008314
0.243468 0.231591 0.008314
0.251781 0.231591 0.004751
0.124703 0.232779 0.005938
0.134204 0.232779 0.007126
0.144893 0.232779 0.008314
0.178147 0.232779 0.007126
0.112827 0.233967 0.005938
