0.719715 0.072447 0.007126
0.730404 0.072447 0.008314
0.757720 0.072447 0.011876
0.764846 0.072447 0.013064
0.775534 0.072447 0.005938
0.805226 0.072447 0.007126
0.832542 0.072447 0.008314
0.843230 0.072447 0.005938
0.655582 0.073634 0.005938
0.667458 0.073634 0.007126
0.686461 0.073634 0.008314
0.695962 0.073634 0.007126
0.707838 0.073634 0.007126
0.747031 0.073634 0.007126
0.783848 0.073634 0.008314
0.794537 0.073634 0.008314
0.815914 0.073634 0.008314
0.852732 0.073634 0.013064
0.859857 0.073634 0.011876
0.546318 0.074822 0.007126
0.557007 0.074822 0.005938
0.576010 0.074822 0.007126
0.617577 0.074822 0.008314
0.630641 0.074822 0.005938
0.640143 0.074822 0.004751
0.678147 0.074822 0.005938
0.871734 0.074822 0.005938
0.880048 0.074822 0.013064
0.510689 0.076010 0.007126
0.522565 0.076010 0.008314
0.566508 0.076010 0.005938
0.586698 0.076010 0.007126
0.596200 0.076010 0.008314
0.608076 0.076010 0.005938
0.889549 0.076010 0.007126
0.501188 0.077197 0.007126
0.536817 0.077197 0.008314
0.410926 0.078385 0.007126
0.425178 0.078385 0.010689
0.490499 0.078385 0.007126
0.349169 0.079572 0.005938
0.370546 0.079572 0.007126
0.380048 0.079572 0.004751
0.388361 0.079572 0.005938
0.399050 0.079572 0.008314
0.459620 0.079572 0.005938
0.467933 0.079572 0.005938
0.478622 0.079572 0.008314
0.286223 0.080760 0.011876
0.296912 0.080760 0.007126
0.307601 0.080760 0.008314
0.320665 0.080760 0.004751
0.339667 0.080760 0.010689
0.359857 0.080760 0.008314
0.435867 0.080760 0.008314
0.446556 0.080760 0.007126
0.241093 0.081948 0.008314
0.251781 0.081948 0.008314
0.261283 0.081948 0.007126
0.269596 0.081948 0.005938
0.230404 0.083135 0.007126
0.207838 0.084323 0.008314
0.219715 0.084323 0.005938
0.184086 0.085511 0.008314
0.162708 0.086698 0.007126
0.172209 0.086698 0.004751
0.197150 0.086698 0.007126
0.717340 0.086698 0.008314
0.736342 0.086698 0.004751
0.831354 0.086698 0.008314
0.676960 0.087886 0.008314
0.690024 0.087886 0.008314
0.705463 0.087886 0.008314
0.729216 0.087886 0.004751
0.745843 0.087886 0.005938
0.755344 0.087886 0.005938
0.766033 0.087886 0.005938
0.814727 0.087886 0.008314
0.149644 0.089074 0.008314
0.627078 0.089074 0.008314
0.655582 0.089074 0.007126
0.666271 0.089074 0.007126
0.776722 0.089074 0.008314
0.800475 0.089074 0.008314
0.847981 0.089074 0.008314
0.856295 0.089074 0.004751
0.875297 0.089074 0.005938
0.137767 0.090261 0.007126
0.522565 0.090261 0.008314
0.543943 0.090261 0.008314
0.555819 0.090261 0.007126
0.570071 0.090261 0.008314
0.584323 0.090261 0.008314
0.596200 0.090261 0.007126
0.611639 0.090261 0.008314
0.642518 0.090261 0.008314
0.790974 0.090261 0.005938
0.865796 0.090261 0.007126
0.883610 0.090261 0.004751
0.118765 0.091449 0.013064
0.128266 0.091449 0.004751
0.511876 0.092637 0.008314
0.529691 0.092637 0.010689
0.312352 0.093824 0.008314
0.325416 0.093824 0.007126
0.333729 0.093824 0.004751
0.376485 0.093824 0.005938
0.431116 0.093824 0.005938
0.440618 0.093824 0.005938
0.447743 0.093824 0.008314
0.459620 0.093824 0.008314
0.472684 0.093824 0.007126
0.484561 0.093824 0.007126
0.293349 0.095012 0.008314
0.305226 0.095012 0.004751
0.343230 0.095012 0.007126
0.353919 0.095012 0.005938
0.365796 0.095012 0.007126
0.387173 0.095012 0.007126
0.397862 0.095012 0.005938
0.408551 0.095012 0.008314
0.421615 0.095012 0.005938
0.496437 0.095012 0.008314
0.282660 0.096200 0.008314
0.261283 0.097387 0.005938
0.269596 0.097387 0.007126
0.225653 0.098575 0.005938
0.236342 0.098575 0.008314
0.250594 0.098575 0.008314
0.190024 0.099762 0.007126
0.199525 0.099762 0.005938
0.212589 0.099762 0.008314
0.180523 0.100950 0.005938
0.157957 0.102138 0.007126
0.168646 0.102138 0.008314
0.888361 0.102138 0.008314
0.146081 0.103325 0.005938
0.711401 0.103325 0.008314
0.719715 0.103325 0.013064
0.742280 0.103325 0.007126
0.756532 0.103325 0.008314
0.767221 0.103325 0.005938
0.837292 0.103325 0.004751
0.844418 0.103325 0.004751
0.853919 0.103325 0.005938
0.864608 0.103325 0.007126
0.655582 0.104513 0.004751
0.672209 0.104513 0.007126
0.681710 0.104513 0.005938
0.698337 0.104513 0.010689
0.730404 0.104513 0.007126
0.775534 0.104513 0.004751
0.787411 0.104513 0.008314
0.795724 0.104513 0.005938
0.808789 0.104513 0.008314
0.823040 0.104513 0.010689
0.878860 0.104513 0.008314
0.128266 0.105701 0.005938
0.137767 0.105701 0.004751
0.570071 0.105701 0.008314
0.611639 0.105701 0.007126
0.622328 0.105701 0.008314
0.635392 0.105701 0.008314
0.646081 0.105701 0.005938
0.662708 0.105701 0.005938
0.691211 0.105701 0.013064
0.558195 0.106888 0.005938
0.578385 0.106888 0.013064
0.600950 0.106888 0.008314
0.117577 0.108076 0.005938
0.350356 0.108076 0.005938
0.466746 0.108076 0.007126
0.478622 0.108076 0.008314
0.514252 0.108076 0.008314
0.548694 0.108076 0.008314
0.282660 0.109264 0.004751
0.313539 0.109264 0.008314
0.327791 0.109264 0.008314
0.339667 0.109264 0.008314
0.359857 0.109264 0.007126
0.369359 0.109264 0.007126
0.381235 0.109264 0.005938
0.391924 0.109264 0.007126
0.418052 0.109264 0.008314
0.433492 0.109264 0.008314
0.446556 0.109264 0.007126
0.457245 0.109264 0.004751
0.490499 0.109264 0.005938
0.503563 0.109264 0.008314
0.273159 0.110451 0.005938
0.290974 0.110451 0.007126
0.302850 0.110451 0.007126
0.401425 0.110451 0.007126
0.223278 0.112827 0.008314
0.236342 0.112827 0.007126
0.261283 0.112827 0.008314
0.910926 0.112827 0.010689
0.248219 0.114014 0.008314
0.186461 0.115202 0.008314
0.195962 0.115202 0.008314
0.207838 0.115202 0.008314
0.178147 0.116390 0.008314
0.141330 0.117577 0.007126
0.150831 0.117577 0.007126
0.162708 0.117577 0.008314
0.131829 0.118765 0.005938
0.668646 0.118765 0.007126
0.853919 0.118765 0.008314
0.864608 0.118765 0.007126
0.875297 0.118765 0.008314
0.883610 0.118765 0.005938
0.893112 0.118765 0.008314
0.119952 0.119952 0.008314
0.577197 0.121140 0.007126
0.648456 0.121140 0.008314
0.709026 0.121140 0.008314
0.729216 0.121140 0.007126
0.742280 0.121140 0.008314
0.789786 0.121140 0.008314
0.800475 0.121140 0.005938
0.811164 0.121140 0.005938
0.824228 0.121140 0.008314
0.368171 0.122328 0.008314
0.380048 0.122328 0.008314
0.567696 0.122328 0.007126
0.615202 0.122328 0.008314
0.637767 0.122328 0.007126
0.718527 0.122328 0.008314
0.768409 0.122328 0.005938
0.779097 0.122328 0.008314
0.391924 0.123515 0.004751
0.452494 0.123515 0.009501
0.477435 0.123515 0.008314
0.508314 0.123515 0.004751
0.587886 0.123515 0.008314
0.599762 0.123515 0.008314
0.628266 0.123515 0.008314
0.757720 0.123515 0.013064
0.334917 0.124703 0.010689
0.352732 0.124703 0.008314
0.401425 0.124703 0.008314
0.413302 0.124703 0.007126
0.422803 0.124703 0.008314
0.465558 0.124703 0.005938
0.490499 0.124703 0.008314
0.500000 0.124703 0.005938
0.516627 0.124703 0.008314
0.541568 0.124703 0.008314
0.342043 0.125891 0.004751
0.277910 0.127078 0.007126
0.267221 0.128266 0.005938
0.287411 0.128266 0.008314
0.220903 0.129454 0.008314
0.256532 0.129454 0.008314
0.180523 0.130641 0.005938
0.190024 0.130641 0.004751
0.198337 0.130641 0.005938
0.232779 0.130641 0.008314
0.244656 0.130641 0.007126
0.168646 0.131829 0.007126
0.210214 0.131829 0.007126
0.157957 0.133017 0.005938
0.800475 0.133017 0.009501
0.130641 0.134204 0.007126
0.138955 0.134204 0.005938
0.149644 0.134204 0.005938
0.888361 0.134204 0.013064
0.849169 0.135392 0.009501
0.861045 0.135392 0.008314
0.877672 0.135392 0.008314
0.115202 0.136580 0.009501
0.895487 0.136580 0.013064
0.819477 0.137767 0.010689
0.827791 0.137767 0.004751
0.839667 0.137767 0.016627
0.597387 0.138955 0.004751
0.630641 0.138955 0.005938
0.638955 0.138955 0.004751
0.660333 0.138955 0.008314
0.750594 0.138955 0.007126
0.760095 0.138955 0.005938
0.770784 0.138955 0.007126
0.782660 0.138955 0.005938
0.813539 0.138955 0.004751
0.480998 0.140143 0.008314
0.491686 0.140143 0.005938
0.502375 0.140143 0.007126
0.513064 0.140143 0.004751
0.521378 0.140143 0.005938
0.545131 0.140143 0.004751
0.605701 0.140143 0.005938
0.617577 0.140143 0.008314
0.648456 0.140143 0.008314
0.717340 0.140143 0.008314
0.726841 0.140143 0.004751
0.737530 0.140143 0.005938
0.792162 0.140143 0.016627
0.369359 0.141330 0.004751
0.378860 0.141330 0.007126
0.390736 0.141330 0.007126
0.401425 0.141330 0.008314
0.439430 0.141330 0.008314
0.453682 0.141330 0.008314
0.536817 0.141330 0.005938
0.558195 0.141330 0.008314
0.568884 0.141330 0.005938
0.579572 0.141330 0.014252
0.363420 0.142518 0.010689
0.414489 0.142518 0.007126
0.423990 0.142518 0.007126
0.466746 0.142518 0.008314
0.185273 0.144893 0.008314
0.235154 0.144893 0.005938
0.245843 0.144893 0.007126
0.282660 0.144893 0.008314
0.340855 0.144893 0.013064
0.350356 0.144893 0.008314
0.201900 0.146081 0.008314
0.212589 0.146081 0.007126
0.224466 0.146081 0.007126
0.256532 0.146081 0.010689
0.264846 0.146081 0.013064
0.193587 0.147268 0.011876
0.152019 0.148456 0.007126
0.174584 0.148456 0.008314
0.142518 0.149644 0.007126
0.165083 0.149644 0.008314
0.129454 0.150831 0.008314
0.115202 0.152019 0.008314
0.516627 0.155582 0.008314
0.425178 0.156770 0.008314
0.435867 0.156770 0.007126
0.460808 0.156770 0.007126
0.485748 0.156770 0.004751
0.505938 0.156770 0.007126
0.419240 0.157957 0.010689
0.448931 0.157957 0.007126
0.471496 0.157957 0.007126
0.404988 0.159145 0.008314
0.168646 0.160333 0.004751
0.383610 0.161520 0.007126
0.393112 0.161520 0.008314
0.187648 0.162708 0.008314
0.197150 0.162708 0.007126
0.209026 0.162708 0.005938
0.218527 0.162708 0.008314
0.231591 0.162708 0.005938
0.345606 0.162708 0.005938
0.357482 0.162708 0.008314
0.241093 0.163895 0.005938
0.251781 0.163895 0.008314
0.267221 0.163895 0.008314
0.336105 0.163895 0.014252
0.371734 0.163895 0.008314
0.152019 0.165083 0.004751
0.131829 0.166271 0.007126
0.142518 0.166271 0.005938
0.159145 0.166271 0.010689
0.123515 0.167458 0.005938
0.114014 0.168646 0.008314
