0.941805 0.004751 0.033254
0.845606 0.007126 0.020190
0.667458 0.008314 0.019002
0.755344 0.010689 0.016627
0.817102 0.011876 0.013064
0.880048 0.011876 0.013064
0.692399 0.013064 0.013064
0.372922 0.021378 0.014252
0.853919 0.034442 0.007126
0.776722 0.035629 0.008314
0.788599 0.035629 0.005938
0.796912 0.035629 0.004751
0.806413 0.035629 0.007126
0.818290 0.035629 0.004751
0.828979 0.035629 0.007126
0.838480 0.035629 0.010689
0.865796 0.035629 0.011876
0.874109 0.035629 0.004751
0.882423 0.035629 0.011876
0.756532 0.036817 0.005938
0.767221 0.036817 0.005938
0.747031 0.038005 0.005938
0.737530 0.039192 0.005938
0.694774 0.041568 0.008314
0.720903 0.041568 0.008314
0.729216 0.041568 0.004751
0.644893 0.042755 0.004751
0.661520 0.042755 0.007126
0.672209 0.042755 0.005938
0.682898 0.042755 0.007126
0.707838 0.042755 0.008314
0.567696 0.043943 0.008314
0.591449 0.043943 0.007126
0.635392 0.043943 0.005938
0.652019 0.043943 0.013064
0.281473 0.045131 0.005938
0.292162 0.045131 0.005938
0.300475 0.045131 0.007126
0.448931 0.045131 0.008314
0.479810 0.045131 0.011876
0.551069 0.045131 0.007126
0.579572 0.045131 0.007126
0.614014 0.045131 0.008314
0.624703 0.045131 0.005938
0.233967 0.046318 0.005938
0.251781 0.046318 0.008314
0.262470 0.046318 0.007126
0.271971 0.046318 0.007126
0.309976 0.046318 0.007126
0.387173 0.046318 0.010689
0.431116 0.046318 0.005938
0.439430 0.046318 0.005938
0.466746 0.046318 0.008314
0.497625 0.046318 0.005938
0.510689 0.046318 0.008314
0.520190 0.046318 0.007126
0.603325 0.046318 0.008314
0.199525 0.047506 0.007126
0.225653 0.047506 0.005938
0.241093 0.047506 0.005938
0.323040 0.047506 0.008314
0.334917 0.047506 0.005938
0.344418 0.047506 0.005938
0.353919 0.047506 0.007126
0.376485 0.047506 0.007126
0.403800 0.047506 0.007126
0.414489 0.047506 0.005938
0.421615 0.047506 0.005938
0.530879 0.047506 0.007126
0.210214 0.048694 0.013064
0.366983 0.048694 0.007126
0.541568 0.048694 0.007126
0.161520 0.049881 0.005938
0.168646 0.049881 0.004751
0.859857 0.049881 0.007126
0.802850 0.051069 0.008314
0.837292 0.051069 0.008314
0.847981 0.051069 0.008314
0.869359 0.051069 0.009501
0.882423 0.051069 0.010689
0.143705 0.052257 0.004751
0.150831 0.052257 0.013064
0.752969 0.052257 0.008314
0.762470 0.052257 0.007126
0.774347 0.052257 0.008314
0.783848 0.052257 0.005938
0.793349 0.052257 0.005938
0.821853 0.052257 0.011876
0.738717 0.053444 0.008314
0.682898 0.054632 0.008314
0.703088 0.055819 0.008314
0.725653 0.055819 0.008314
0.451306 0.057007 0.004751
0.667458 0.057007 0.009501
0.714964 0.057007 0.008314
0.131829 0.058195 0.017815
0.307601 0.058195 0.007126
0.561758 0.058195 0.008314
0.263658 0.059382 0.004751
0.293349 0.059382 0.008314
0.500000 0.059382 0.007126
0.232779 0.060570 0.009501
0.251781 0.060570 0.005938
0.271971 0.060570 0.005938
0.283848 0.060570 0.005938
0.439430 0.060570 0.005938
0.475059 0.060570 0.005938
0.484561 0.060570 0.008314
0.511876 0.060570 0.007126
0.522565 0.060570 0.005938
0.533254 0.060570 0.005938
0.580760 0.060570 0.008314
0.239905 0.061758 0.003563
0.324228 0.061758 0.008314
0.334917 0.061758 0.004751
0.350356 0.061758 0.008314
0.363420 0.061758 0.007126
0.394299 0.061758 0.005938
0.403800 0.061758 0.007126
0.416865 0.061758 0.008314
0.429929 0.061758 0.007126
0.372922 0.062945 0.005938
0.383610 0.062945 0.007126
0.450119 0.065321 0.007126
0.156770 0.066508 0.004751
0.163895 0.066508 0.005938
0.790974 0.066508 0.010689
0.805226 0.066508 0.008314
0.771971 0.068884 0.007126
0.782660 0.068884 0.005938
0.749406 0.070071 0.008314
0.761283 0.070071 0.007126
0.738717 0.071259 0.007126
0.273159 0.072447 0.008314
0.308789 0.072447 0.005938
0.247031 0.073634 0.004751
0.252969 0.073634 0.008314
0.299287 0.073634 0.007126
0.435867 0.073634 0.008314
0.667458 0.073634 0.008314
0.674584 0.073634 0.004751
0.682898 0.073634 0.004751
0.705463 0.073634 0.008314
0.714964 0.073634 0.004751
0.726841 0.073634 0.008314
0.207838 0.074822 0.008314
0.289786 0.074822 0.007126
0.460808 0.074822 0.008314
0.534442 0.074822 0.004751
0.559382 0.074822 0.010689
0.576010 0.074822 0.008314
0.612827 0.074822 0.008314
0.624703 0.074822 0.013064
0.643705 0.074822 0.007126
0.654394 0.074822 0.008314
0.690024 0.074822 0.010689
0.233967 0.076010 0.008314
0.321853 0.076010 0.005938
0.331354 0.076010 0.008314
0.343230 0.076010 0.005938
0.362233 0.076010 0.005938
0.404988 0.076010 0.007126
0.448931 0.076010 0.008314
0.475059 0.076010 0.005938
0.496437 0.076010 0.007126
0.505938 0.076010 0.004751
0.514252 0.076010 0.005938
0.523753 0.076010 0.008314
0.541568 0.076010 0.008314
0.587886 0.076010 0.008314
0.597387 0.076010 0.007126
0.633017 0.076010 0.008314
0.352732 0.077197 0.007126
0.371734 0.077197 0.005938
0.382423 0.077197 0.007126
0.393112 0.077197 0.007126
0.173397 0.078385 0.008314
0.165083 0.079572 0.007126
0.851544 0.079572 0.007126
0.861045 0.079572 0.005938
0.869359 0.079572 0.008314
0.880048 0.079572 0.004751
0.888361 0.079572 0.005938
0.153207 0.080760 0.008314
0.840855 0.080760 0.008314
0.142518 0.081948 0.004751
0.828979 0.081948 0.008314
0.129454 0.083135 0.009501
0.809976 0.083135 0.008314
0.819477 0.083135 0.005938
0.774347 0.084323 0.004751
0.783848 0.084323 0.007126
0.795724 0.084323 0.008314
0.766033 0.085511 0.008314
0.735154 0.086698 0.008314
0.724466 0.087886 0.008314
0.752969 0.087886 0.011876
0.666271 0.089074 0.008314
0.263658 0.090261 0.007126
0.282660 0.090261 0.005938
0.516627 0.090261 0.007126
0.653207 0.090261 0.008314
0.712589 0.090261 0.010689
0.199525 0.091449 0.008314
0.274347 0.091449 0.004751
0.338480 0.091449 0.007126
0.351544 0.091449 0.008314
0.489311 0.091449 0.008314
0.505938 0.091449 0.008314
0.532067 0.091449 0.008314
0.555819 0.091449 0.005938
0.565321 0.091449 0.008314
0.585511 0.091449 0.007126
0.598575 0.091449 0.008314
0.606888 0.091449 0.005938
0.616390 0.091449 0.008314
0.627078 0.091449 0.007126
0.637767 0.091449 0.008314
0.363420 0.092637 0.008314
0.372922 0.092637 0.007126
0.391924 0.092637 0.010689
0.404988 0.092637 0.008314
0.453682 0.092637 0.008314
0.477435 0.092637 0.008314
0.545131 0.092637 0.008314
0.576010 0.092637 0.004751
0.161520 0.093824 0.008314
0.169834 0.093824 0.007126
0.426366 0.093824 0.007126
0.466746 0.093824 0.008314
0.890736 0.093824 0.010689
0.142518 0.095012 0.005938
0.416865 0.095012 0.007126
0.437055 0.095012 0.008314
0.857482 0.095012 0.007126
0.866983 0.095012 0.005938
0.878860 0.095012 0.008314
0.133017 0.096200 0.005938
0.845606 0.096200 0.007126
0.837292 0.097387 0.008314
0.824228 0.098575 0.008314
0.793349 0.100950 0.008314
0.812352 0.100950 0.013064
0.766033 0.102138 0.008314
0.781473 0.102138 0.008314
0.806413 0.103325 0.011876
0.270784 0.104513 0.005938
0.750594 0.104513 0.007126
0.281473 0.105701 0.005938
0.726841 0.105701 0.008314
0.739905 0.105701 0.008314
0.210214 0.106888 0.004751
0.228029 0.106888 0.004751
0.257720 0.106888 0.008314
0.509501 0.106888 0.008314
0.716152 0.106888 0.008314
0.343230 0.108076 0.013064
0.592637 0.108076 0.007126
0.624703 0.108076 0.008314
0.635392 0.108076 0.007126
0.644893 0.108076 0.007126
0.655582 0.108076 0.005938
0.665083 0.108076 0.013064
0.167458 0.109264 0.007126
0.365796 0.109264 0.008314
0.376485 0.109264 0.008314
0.410926 0.109264 0.008314
0.467933 0.109264 0.004751
0.529691 0.109264 0.008314
0.543943 0.109264 0.008314
0.555819 0.109264 0.009501
0.562945 0.109264 0.010689
0.580760 0.109264 0.008314
0.606888 0.109264 0.009501
0.122328 0.110451 0.008314
0.134204 0.110451 0.009501
0.142518 0.110451 0.005938
0.154394 0.110451 0.007126
0.396675 0.110451 0.007126
0.423990 0.110451 0.008314
0.434679 0.110451 0.005938
0.444181 0.110451 0.008314
0.457245 0.110451 0.008314
0.384798 0.111639 0.008314
0.870546 0.112827 0.005938
0.887173 0.112827 0.010689
0.843230 0.114014 0.007126
0.878860 0.114014 0.013064
0.833729 0.115202 0.005938
0.824228 0.117577 0.007126
0.814727 0.119952 0.008314
0.290974 0.121140 0.008314
0.777910 0.121140 0.007126
0.789786 0.121140 0.008314
0.801663 0.121140 0.008314
0.281473 0.122328 0.008314
0.661520 0.122328 0.004751
0.712589 0.122328 0.008314
0.722090 0.122328 0.004751
0.731591 0.122328 0.007126
0.747031 0.122328 0.008314
0.757720 0.122328 0.005938
0.766033 0.122328 0.008314
0.184086 0.123515 0.008314
0.641330 0.123515 0.008314
0.668646 0.123515 0.004751
0.165083 0.124703 0.004751
0.173397 0.124703 0.011876
0.385986 0.124703 0.004751
0.394299 0.124703 0.007126
0.406176 0.124703 0.005938
0.479810 0.124703 0.008314
0.618765 0.124703 0.005938
0.652019 0.124703 0.008314
0.119952 0.125891 0.007126
0.141330 0.125891 0.008314
0.343230 0.125891 0.008314
0.355107 0.125891 0.007126
0.364608 0.125891 0.007126
0.376485 0.125891 0.005938
0.440618 0.125891 0.004751
0.491686 0.125891 0.004751
0.533254 0.125891 0.007126
0.599762 0.125891 0.008314
0.611639 0.125891 0.009501
0.627078 0.125891 0.008314
0.130641 0.127078 0.008314
0.154394 0.127078 0.008314
0.413302 0.127078 0.010689
0.423990 0.127078 0.004751
0.433492 0.127078 0.011876
0.450119 0.127078 0.005938
0.460808 0.127078 0.008314
0.500000 0.127078 0.005938
0.508314 0.127078 0.011876
0.522565 0.127078 0.008314
0.555819 0.127078 0.007126
0.565321 0.127078 0.005938
0.574822 0.127078 0.007126
0.585511 0.127078 0.007126
0.545131 0.128266 0.005938
0.880048 0.130641 0.007126
0.888361 0.130641 0.013064
0.870546 0.131829 0.005938
0.859857 0.133017 0.008314
0.823040 0.135392 0.004751
0.844418 0.135392 0.008314
0.799287 0.136580 0.008314
0.813539 0.136580 0.007126
0.780285 0.137767 0.004751
0.788599 0.137767 0.008314
0.744656 0.138955 0.005938
0.728029 0.140143 0.005938
0.736342 0.140143 0.005938
0.206651 0.141330 0.007126
0.217340 0.141330 0.005938
0.226841 0.141330 0.008314
0.238717 0.141330 0.008314
0.250594 0.141330 0.008314
0.268409 0.141330 0.004751
0.279097 0.141330 0.008314
0.294537 0.141330 0.008314
0.624703 0.141330 0.008314
0.713777 0.141330 0.009501
0.756532 0.141330 0.008314
0.767221 0.141330 0.013064
0.118765 0.142518 0.010689
0.167458 0.142518 0.008314
0.178147 0.142518 0.008314
0.186461 0.142518 0.005938
0.197150 0.142518 0.008314
0.257720 0.142518 0.007126
0.334917 0.142518 0.005938
0.377672 0.142518 0.007126
0.389549 0.142518 0.008314
0.402613 0.142518 0.008314
0.510689 0.142518 0.008314
0.634204 0.142518 0.005938
0.642518 0.142518 0.013064
0.653207 0.142518 0.005938
0.150831 0.143705 0.008314
0.365796 0.143705 0.008314
0.434679 0.143705 0.008314
0.471496 0.143705 0.007126
0.523753 0.143705 0.008314
0.535629 0.143705 0.008314
0.546318 0.143705 0.008314
0.562945 0.143705 0.008314
0.577197 0.143705 0.007126
0.597387 0.143705 0.005938
0.608076 0.143705 0.007126
0.902613 0.143705 0.010689
0.137767 0.144893 0.010689
0.353919 0.144893 0.008314
0.418052 0.144893 0.010689
0.448931 0.144893 0.008314
0.458432 0.144893 0.005938
0.486936 0.144893 0.009501
0.895487 0.144893 0.004751
0.888361 0.146081 0.004751
0.880048 0.147268 0.008314
0.339667 0.149644 0.005938
0.843230 0.149644 0.013064
0.852732 0.149644 0.005938
0.862233 0.149644 0.011876
0.830166 0.150831 0.004751
0.821853 0.153207 0.011876
0.799287 0.154394 0.008314
0.811164 0.154394 0.007126
0.789786 0.155582 0.005938
0.764846 0.156770 0.007126
0.777910 0.156770 0.008314
0.267221 0.157957 0.004751
0.678147 0.157957 0.008314
0.704276 0.157957 0.008314
0.716152 0.157957 0.005938
0.739905 0.157957 0.008314
0.752969 0.157957 0.008314
0.175772 0.159145 0.005938
0.210214 0.159145 0.008314
0.222090 0.159145 0.007126
0.233967 0.159145 0.005938
0.242280 0.159145 0.004751
0.257720 0.159145 0.005938
0.565321 0.159145 0.005938
0.619952 0.159145 0.007126
0.630641 0.159145 0.007126
0.653207 0.159145 0.007126
0.691211 0.159145 0.008314
0.726841 0.159145 0.008314
0.165083 0.160333 0.008314
0.186461 0.160333 0.007126
0.197150 0.160333 0.008314
0.286223 0.160333 0.008314
0.371734 0.160333 0.008314
0.385986 0.160333 0.009501
0.519002 0.160333 0.005938
0.529691 0.160333 0.007126
0.578385 0.160333 0.007126
0.640143 0.160333 0.008314
0.116390 0.161520 0.008314
0.128266 0.161520 0.007126
0.152019 0.161520 0.008314
0.317102 0.161520 0.008314
0.326603 0.161520 0.008314
0.340855 0.161520 0.008314
0.399050 0.161520 0.008314
0.456057 0.161520 0.008314
0.466746 0.161520 0.005938
0.477435 0.161520 0.008314
0.490499 0.161520 0.008314
0.541568 0.161520 0.010689
0.587886 0.161520 0.013064
0.137767 0.162708 0.008314
0.410926 0.162708 0.008314
0.418052 0.162708 0.005938
0.434679 0.162708 0.011876
0.500000 0.162708 0.008314
0.509501 0.162708 0.005938
0.426366 0.163895 0.007126
0.845606 0.163895 0.005938
0.883610 0.163895 0.008314
0.893112 0.163895 0.008314
0.874109 0.165083 0.005938
0.855107 0.166271 0.007126
0.865796 0.166271 0.005938
0.826603 0.168646 0.007126
0.815914 0.169834 0.005938
0.806413 0.171021 0.005938
0.787411 0.172209 0.007126
0.798100 0.172209 0.005938
0.643705 0.174584 0.007126
0.716152 0.174584 0.007126
0.115202 0.175772 0.007126
0.123515 0.175772 0.005938
0.133017 0.175772 0.005938
0.168646 0.175772 0.008314
0.201900 0.175772 0.005938
0.211401 0.175772 0.005938
0.219715 0.175772 0.005938
0.230404 0.175772 0.007126
0.254157 0.175772 0.007126
0.631829 0.175772 0.007126
0.653207 0.175772 0.005938
0.680523 0.175772 0.008314
0.728029 0.175772 0.005938
0.144893 0.176960 0.007126
0.155582 0.176960 0.008314
0.181710 0.176960 0.007126
0.192399 0.176960 0.005938
0.242280 0.176960 0.008314
0.267221 0.176960 0.010689
0.292162 0.176960 0.008314
0.298100 0.176960 0.004751
0.482185 0.176960 0.005938
0.535629 0.176960 0.007126
0.611639 0.176960 0.007126
0.622328 0.176960 0.005938
0.282660 0.178147 0.007126
0.309976 0.178147 0.008314
0.319477 0.178147 0.004751
0.342043 0.178147 0.007126
0.362233 0.178147 0.011876
0.465558 0.178147 0.008314
0.494062 0.178147 0.005938
0.547506 0.178147 0.007126
0.562945 0.178147 0.008314
0.574822 0.178147 0.005938
0.583135 0.178147 0.008314
0.598575 0.178147 0.007126
0.330166 0.179335 0.007126
0.376485 0.179335 0.005938
0.435867 0.179335 0.005938
0.445368 0.179335 0.007126
0.456057 0.179335 0.008314
0.503563 0.179335 0.008314
0.352732 0.180523 0.005938
0.387173 0.180523 0.007126
0.406176 0.180523 0.008314
0.416865 0.180523 0.007126
0.426366 0.180523 0.004751
0.521378 0.180523 0.007126
0.861045 0.180523 0.008314
0.872922 0.180523 0.007126
0.883610 0.180523 0.008314
0.850356 0.181710 0.008314
0.820665 0.184086 0.008314
0.831354 0.184086 0.007126
0.809976 0.185273 0.007126
0.532067 0.187648 0.005938
0.800475 0.187648 0.008314
0.540380 0.188836 0.005938
0.720903 0.188836 0.005938
0.769596 0.188836 0.008314
0.515439 0.190024 0.007126
0.609264 0.190024 0.005938
0.654394 0.190024 0.008314
0.695962 0.190024 0.004751
0.701900 0.190024 0.004751
0.731591 0.190024 0.008314
0.756532 0.190024 0.008314
0.201900 0.191211 0.010689
0.559382 0.191211 0.008314
0.567696 0.191211 0.005938
0.578385 0.191211 0.005938
0.621140 0.191211 0.007126
0.630641 0.191211 0.005938
0.641330 0.191211 0.008314
0.665083 0.191211 0.005938
0.674584 0.191211 0.007126
0.686461 0.191211 0.007126
0.739905 0.191211 0.014252
0.115202 0.192399 0.007126
0.127078 0.192399 0.004751
0.257720 0.192399 0.008314
0.315914 0.192399 0.007126
0.426366 0.192399 0.008314
0.507126 0.192399 0.005938
0.589074 0.192399 0.008314
0.147268 0.193587 0.005938
0.155582 0.193587 0.008314
0.165083 0.193587 0.007126
0.176960 0.193587 0.008314
0.186461 0.193587 0.008314
0.219715 0.193587 0.008314
0.233967 0.193587 0.007126
0.245843 0.193587 0.008314
0.305226 0.193587 0.008314
0.326603 0.193587 0.014252
0.439430 0.193587 0.008314
0.476247 0.193587 0.013064
0.495249 0.193587 0.008314
0.135392 0.194774 0.008314
0.292162 0.194774 0.013064
0.338480 0.194774 0.008314
0.351544 0.194774 0.010689
0.388361 0.194774 0.008314
0.401425 0.194774 0.008314
0.413302 0.194774 0.007126
0.452494 0.194774 0.008314
0.465558 0.194774 0.008314
0.273159 0.195962 0.011876
0.365796 0.195962 0.007126
0.375297 0.197150 0.008314
