0.941805 0.004751 0.016627
0.767221 0.009501 0.027316
0.850356 0.009501 0.020190
0.817102 0.011876 0.013064
0.881235 0.011876 0.020190
0.184086 0.024941 0.011876
0.121140 0.026128 0.013064
0.636580 0.042755 0.004751
0.755344 0.042755 0.007126
0.764846 0.042755 0.005938
0.786223 0.042755 0.008314
0.694774 0.043943 0.007126
0.736342 0.043943 0.008314
0.745843 0.043943 0.005938
0.771971 0.043943 0.004751
0.795724 0.043943 0.008314
0.807601 0.043943 0.005938
0.814727 0.043943 0.004751
0.823040 0.043943 0.004751
0.831354 0.043943 0.007126
0.850356 0.043943 0.005938
0.540380 0.045131 0.008314
0.553444 0.045131 0.013064
0.561758 0.045131 0.004751
0.571259 0.045131 0.007126
0.580760 0.045131 0.007126
0.592637 0.045131 0.008314
0.605701 0.045131 0.008314
0.628266 0.045131 0.010689
0.643705 0.045131 0.013064
0.653207 0.045131 0.004751
0.660333 0.045131 0.004751
0.668646 0.045131 0.011876
0.680523 0.045131 0.009501
0.703088 0.045131 0.013064
0.712589 0.045131 0.007126
0.724466 0.045131 0.008314
0.839667 0.045131 0.013064
0.186461 0.046318 0.016627
0.616390 0.046318 0.008314
0.382423 0.047506 0.010689
0.500000 0.047506 0.010689
0.517815 0.047506 0.008314
0.526128 0.047506 0.013064
0.431116 0.048694 0.008314
0.441805 0.048694 0.007126
0.452494 0.048694 0.007126
0.463183 0.048694 0.005938
0.477435 0.048694 0.013064
0.488124 0.048694 0.008314
0.225653 0.049881 0.015439
0.237530 0.049881 0.014252
0.245843 0.049881 0.005938
0.271971 0.049881 0.010689
0.355107 0.049881 0.005938
0.365796 0.049881 0.005938
0.397862 0.049881 0.008314
0.407363 0.049881 0.005938
0.418052 0.049881 0.008314
0.219715 0.051069 0.013064
0.256532 0.051069 0.008314
0.286223 0.051069 0.008314
0.294537 0.051069 0.004751
0.301663 0.051069 0.004751
0.321853 0.051069 0.008314
0.336105 0.051069 0.013064
0.346793 0.051069 0.005938
0.184086 0.052257 0.008314
0.193587 0.052257 0.007126
0.205463 0.052257 0.007126
0.309976 0.052257 0.005938
0.173397 0.053444 0.005938
0.161520 0.054632 0.007126
0.149644 0.055819 0.007126
0.140143 0.057007 0.007126
0.128266 0.058195 0.007126
0.629454 0.061758 0.007126
0.641330 0.061758 0.008314
0.649644 0.061758 0.004751
0.660333 0.061758 0.007126
0.711401 0.061758 0.005938
0.720903 0.061758 0.005938
0.741093 0.061758 0.008314
0.754157 0.061758 0.008314
0.764846 0.061758 0.007126
0.773159 0.061758 0.005938
0.783848 0.061758 0.005938
0.858670 0.061758 0.008314
0.869359 0.061758 0.008314
0.577197 0.062945 0.007126
0.590261 0.062945 0.008314
0.604513 0.062945 0.008314
0.672209 0.062945 0.008314
0.688836 0.062945 0.010689
0.701900 0.062945 0.007126
0.732779 0.062945 0.008314
0.793349 0.062945 0.004751
0.801663 0.062945 0.010689
0.814727 0.062945 0.007126
0.845606 0.062945 0.008314
0.546318 0.064133 0.008314
0.557007 0.064133 0.007126
0.566508 0.064133 0.005938
0.617577 0.064133 0.008314
0.824228 0.064133 0.004751
0.831354 0.064133 0.010689
0.296912 0.065321 0.008314
0.483373 0.066508 0.007126
0.494062 0.066508 0.005938
0.502375 0.066508 0.004751
0.511876 0.066508 0.007126
0.521378 0.066508 0.004751
0.530879 0.066508 0.013064
0.250594 0.067696 0.004751
0.282660 0.067696 0.008314
0.305226 0.067696 0.010689
0.471496 0.067696 0.008314
0.216152 0.068884 0.007126
0.226841 0.068884 0.008314
0.238717 0.068884 0.008314
0.258907 0.068884 0.004751
0.269596 0.068884 0.008314
0.326603 0.068884 0.005938
0.361045 0.068884 0.007126
0.408551 0.068884 0.005938
0.415677 0.068884 0.008314
0.439430 0.068884 0.008314
0.451306 0.068884 0.008314
0.461995 0.068884 0.008314
0.206651 0.070071 0.007126
0.350356 0.070071 0.008314
0.375297 0.070071 0.008314
0.385986 0.070071 0.007126
0.396675 0.070071 0.008314
0.428741 0.070071 0.008314
0.185273 0.071259 0.004751
0.337292 0.071259 0.008314
0.160333 0.072447 0.008314
0.175772 0.072447 0.013064
0.140143 0.073634 0.004751
0.127078 0.074822 0.008314
0.781473 0.076010 0.008314
0.869359 0.076010 0.005938
0.699525 0.077197 0.005938
0.719715 0.077197 0.010689
0.726841 0.077197 0.004751
0.733967 0.077197 0.010689
0.756532 0.077197 0.007126
0.766033 0.077197 0.008314
0.859857 0.077197 0.005938
0.637767 0.078385 0.007126
0.647268 0.078385 0.008314
0.657957 0.078385 0.007126
0.674584 0.078385 0.008314
0.688836 0.078385 0.008314
0.707838 0.078385 0.005938
0.743468 0.078385 0.007126
0.796912 0.078385 0.009501
0.808789 0.079572 0.007126
0.818290 0.079572 0.004751
0.825416 0.079572 0.010689
0.846793 0.079572 0.009501
0.562945 0.080760 0.010689
0.614014 0.080760 0.007126
0.625891 0.080760 0.008314
0.573634 0.081948 0.008314
0.584323 0.081948 0.005938
0.592637 0.081948 0.005938
0.604513 0.081948 0.008314
0.547506 0.083135 0.004751
0.231591 0.084323 0.007126
0.520190 0.084323 0.008314
0.539192 0.084323 0.007126
0.222090 0.085511 0.007126
0.242280 0.085511 0.008314
0.262470 0.085511 0.007126
0.299287 0.085511 0.007126
0.338480 0.085511 0.008314
0.457245 0.085511 0.008314
0.477435 0.085511 0.005938
0.486936 0.085511 0.007126
0.508314 0.085511 0.008314
0.527316 0.085511 0.008314
0.198337 0.086698 0.008314
0.210214 0.086698 0.008314
0.252969 0.086698 0.007126
0.273159 0.086698 0.009501
0.287411 0.086698 0.008314
0.308789 0.086698 0.004751
0.353919 0.086698 0.008314
0.364608 0.086698 0.008314
0.376485 0.086698 0.007126
0.387173 0.086698 0.007126
0.407363 0.086698 0.005938
0.422803 0.086698 0.008314
0.434679 0.086698 0.007126
0.446556 0.086698 0.007126
0.467933 0.086698 0.005938
0.496437 0.086698 0.005938
0.169834 0.087886 0.008314
0.184086 0.087886 0.005938
0.192399 0.087886 0.004751
0.397862 0.087886 0.007126
0.160333 0.089074 0.007126
0.150831 0.090261 0.004751
0.866983 0.090261 0.010689
0.142518 0.091449 0.005938
0.771971 0.091449 0.008314
0.844418 0.092637 0.004751
0.130641 0.093824 0.010689
0.744656 0.093824 0.009501
0.783848 0.093824 0.010689
0.792162 0.093824 0.004751
0.801663 0.093824 0.007126
0.811164 0.093824 0.004751
0.823040 0.093824 0.008314
0.836105 0.093824 0.010689
0.856295 0.093824 0.004751
0.724466 0.095012 0.004751
0.731591 0.095012 0.004751
0.756532 0.095012 0.008314
0.713777 0.096200 0.008314
0.650831 0.097387 0.004751
0.657957 0.097387 0.004751
0.593824 0.098575 0.011876
0.619952 0.098575 0.007126
0.212589 0.099762 0.008314
0.224466 0.099762 0.008314
0.555819 0.099762 0.004751
0.564133 0.099762 0.005938
0.577197 0.099762 0.010689
0.585511 0.099762 0.004751
0.606888 0.099762 0.008314
0.629454 0.099762 0.004751
0.195962 0.100950 0.004751
0.203088 0.100950 0.005938
0.235154 0.100950 0.005938
0.247031 0.100950 0.008314
0.383610 0.100950 0.010689
0.433492 0.100950 0.004751
0.500000 0.100950 0.005938
0.528504 0.100950 0.007126
0.548694 0.100950 0.004751
0.179335 0.102138 0.008314
0.186461 0.102138 0.013064
0.290974 0.102138 0.004751
0.400238 0.102138 0.005938
0.409739 0.102138 0.005938
0.422803 0.102138 0.009501
0.440618 0.102138 0.013064
0.477435 0.102138 0.004751
0.485748 0.102138 0.004751
0.539192 0.102138 0.008314
0.261283 0.103325 0.008314
0.276722 0.103325 0.010689
0.285036 0.103325 0.004751
0.333729 0.103325 0.008314
0.343230 0.103325 0.008314
0.353919 0.103325 0.005938
0.363420 0.103325 0.004751
0.371734 0.103325 0.007126
0.450119 0.103325 0.007126
0.459620 0.103325 0.005938
0.469121 0.103325 0.005938
0.508314 0.103325 0.008314
0.519002 0.103325 0.005938
0.157957 0.104513 0.007126
0.168646 0.104513 0.004751
0.134204 0.105701 0.004751
0.141330 0.105701 0.004751
0.148456 0.105701 0.004751
0.127078 0.106888 0.010689
0.786223 0.109264 0.008314
0.795724 0.109264 0.005938
0.812352 0.109264 0.010689
0.768409 0.110451 0.004751
0.776722 0.110451 0.005938
0.826603 0.110451 0.010689
0.839667 0.110451 0.004751
0.855107 0.110451 0.005938
0.864608 0.110451 0.004751
0.871734 0.110451 0.011876
0.718527 0.111639 0.008314
0.739905 0.111639 0.004751
0.751781 0.111639 0.008314
0.760095 0.111639 0.004751
0.846793 0.111639 0.004751
0.730404 0.112827 0.007126
0.625891 0.115202 0.008314
0.663895 0.115202 0.013064
0.617577 0.116390 0.007126
0.637767 0.116390 0.008314
0.646081 0.116390 0.005938
0.655582 0.116390 0.005938
0.181710 0.118765 0.010689
0.217340 0.118765 0.007126
0.254157 0.118765 0.008314
0.266033 0.118765 0.005938
0.560570 0.118765 0.008314
0.567696 0.118765 0.005938
0.578385 0.118765 0.005938
0.602138 0.118765 0.011876
0.163895 0.119952 0.005938
0.173397 0.119952 0.004751
0.195962 0.119952 0.008314
0.228029 0.119952 0.008314
0.241093 0.119952 0.008314
0.276722 0.119952 0.007126
0.282660 0.119952 0.007126
0.337292 0.119952 0.007126
0.347981 0.119952 0.008314
0.358670 0.119952 0.004751
0.488124 0.119952 0.005938
0.497625 0.119952 0.005938
0.528504 0.119952 0.007126
0.548694 0.119952 0.005938
0.590261 0.119952 0.008314
0.144893 0.121140 0.007126
0.155582 0.121140 0.007126
0.365796 0.121140 0.004751
0.375297 0.121140 0.005938
0.383610 0.121140 0.004751
0.391924 0.121140 0.004751
0.407363 0.121140 0.007126
0.507126 0.121140 0.005938
0.516627 0.121140 0.005938
0.539192 0.121140 0.004751
0.123515 0.122328 0.008314
0.134204 0.122328 0.008314
0.416865 0.122328 0.007126
0.425178 0.122328 0.013064
0.463183 0.122328 0.007126
0.472684 0.122328 0.004751
0.438242 0.123515 0.009501
0.451306 0.124703 0.008314
0.093824 0.125891 0.007126
0.774347 0.127078 0.004751
0.792162 0.127078 0.013064
0.781473 0.128266 0.011876
0.799287 0.128266 0.004751
0.827791 0.128266 0.005938
0.838480 0.128266 0.007126
0.849169 0.128266 0.005938
0.858670 0.128266 0.005938
0.865796 0.128266 0.004751
0.760095 0.129454 0.004751
0.807601 0.129454 0.007126
0.817102 0.129454 0.007126
0.754157 0.130641 0.009501
0.731591 0.131829 0.004751
0.743468 0.131829 0.014252
0.712589 0.133017 0.008314
0.722090 0.133017 0.007126
0.247031 0.134204 0.009501
0.252969 0.134204 0.008314
0.661520 0.134204 0.014252
0.634204 0.135392 0.007126
0.643705 0.135392 0.005938
0.652019 0.135392 0.008314
0.092637 0.136580 0.008314
0.536817 0.136580 0.008314
0.545131 0.136580 0.004751
0.572447 0.136580 0.008314
0.616390 0.136580 0.004751
0.624703 0.136580 0.005938
0.167458 0.137767 0.008314
0.176960 0.137767 0.008314
0.187648 0.137767 0.005938
0.195962 0.137767 0.004751
0.204276 0.137767 0.004751
0.258907 0.137767 0.010689
0.271971 0.137767 0.005938
0.283848 0.137767 0.013064
0.290974 0.137767 0.013064
0.355107 0.137767 0.005938
0.491686 0.137767 0.004751
0.584323 0.137767 0.008314
0.598575 0.137767 0.008314
0.606888 0.137767 0.007126
0.125891 0.138955 0.008314
0.135392 0.138955 0.005938
0.146081 0.138955 0.007126
0.156770 0.138955 0.008314
0.336105 0.138955 0.008314
0.345606 0.138955 0.005938
0.363420 0.138955 0.013064
0.515439 0.138955 0.011876
0.370546 0.140143 0.009501
0.382423 0.140143 0.007126
0.394299 0.140143 0.008314
0.480998 0.140143 0.008314
0.498812 0.140143 0.011876
0.404988 0.141330 0.004751
0.427553 0.141330 0.007126
0.471496 0.141330 0.005938
0.419240 0.142518 0.011876
0.437055 0.142518 0.007126
0.451306 0.142518 0.008314
0.461995 0.142518 0.008314
0.864608 0.142518 0.004751
0.840855 0.144893 0.008314
0.850356 0.144893 0.005938
0.777910 0.147268 0.013064
0.815914 0.147268 0.011876
0.832542 0.147268 0.007126
0.783848 0.149644 0.010689
0.806413 0.149644 0.005938
0.748219 0.150831 0.005938
0.767221 0.150831 0.005938
0.798100 0.150831 0.008314
0.756532 0.152019 0.011876
0.175772 0.154394 0.010689
0.200713 0.154394 0.004751
0.273159 0.154394 0.007126
0.560570 0.154394 0.008314
0.603325 0.154394 0.004751
0.700713 0.154394 0.004751
0.709026 0.154394 0.004751
0.738717 0.154394 0.007126
0.165083 0.155582 0.008314
0.191211 0.155582 0.005938
0.210214 0.155582 0.008314
0.229216 0.155582 0.008314
0.239905 0.155582 0.005938
0.248219 0.155582 0.007126
0.257720 0.155582 0.004751
0.533254 0.155582 0.011876
0.540380 0.155582 0.004751
0.548694 0.155582 0.008314
0.568884 0.155582 0.004751
0.590261 0.155582 0.008314
0.614014 0.155582 0.008314
0.624703 0.155582 0.007126
0.635392 0.155582 0.008314
0.692399 0.155582 0.005938
0.725653 0.155582 0.008314
0.124703 0.156770 0.008314
0.134204 0.156770 0.007126
0.144893 0.156770 0.005938
0.154394 0.156770 0.005938
0.286223 0.156770 0.008314
0.346793 0.156770 0.007126
0.522565 0.156770 0.007126
0.578385 0.156770 0.007126
0.648456 0.156770 0.004751
0.665083 0.156770 0.004751
0.674584 0.156770 0.005938
0.684086 0.156770 0.005938
0.296912 0.157957 0.007126
0.306413 0.157957 0.005938
0.315914 0.157957 0.005938
0.325416 0.157957 0.004751
0.334917 0.157957 0.007126
0.358670 0.157957 0.013064
0.366983 0.157957 0.007126
0.501188 0.157957 0.005938
0.510689 0.157957 0.007126
0.861045 0.157957 0.005938
0.408551 0.159145 0.008314
0.420428 0.159145 0.007126
0.428741 0.159145 0.004751
0.440618 0.159145 0.004751
0.448931 0.159145 0.010689
0.463183 0.159145 0.007126
0.472684 0.159145 0.008314
0.491686 0.159145 0.004751
0.377672 0.160333 0.007126
0.385986 0.160333 0.005938
0.395487 0.160333 0.004751
0.483373 0.160333 0.005938
0.852732 0.160333 0.004751
0.843230 0.161520 0.005938
0.826603 0.163895 0.005938
0.836105 0.163895 0.008314
0.806413 0.165083 0.005938
0.817102 0.165083 0.008314
0.768409 0.166271 0.005938
0.789786 0.166271 0.010689
0.796912 0.166271 0.004751
0.758907 0.167458 0.008314
0.777910 0.167458 0.004751
0.741093 0.168646 0.009501
0.748219 0.168646 0.004751
0.568884 0.169834 0.005938
0.589074 0.169834 0.007126
0.599762 0.169834 0.005938
0.718527 0.169834 0.005938
0.560570 0.171021 0.010689
0.608076 0.171021 0.005938
0.616390 0.171021 0.005938
0.624703 0.171021 0.005938
0.707838 0.171021 0.008314
0.729216 0.171021 0.007126
0.232779 0.172209 0.007126
0.244656 0.172209 0.008314
0.257720 0.172209 0.008314
0.546318 0.172209 0.008314
0.577197 0.172209 0.007126
0.635392 0.172209 0.008314
0.644893 0.172209 0.008314
0.656770 0.172209 0.007126
0.667458 0.172209 0.007126
0.676960 0.172209 0.004751
0.684086 0.172209 0.004751
0.693587 0.172209 0.005938
0.122328 0.173397 0.008314
0.169834 0.173397 0.007126
0.180523 0.173397 0.004751
0.188836 0.173397 0.005938
0.200713 0.173397 0.008314
0.222090 0.173397 0.007126
0.264846 0.173397 0.008314
0.277910 0.173397 0.011876
0.286223 0.173397 0.004751
0.515439 0.173397 0.004751
0.535629 0.173397 0.007126
0.134204 0.174584 0.004751
0.159145 0.174584 0.007126
0.211401 0.174584 0.005938
0.294537 0.174584 0.005938
0.314727 0.174584 0.008314
0.325416 0.174584 0.008314
0.351544 0.174584 0.007126
0.364608 0.174584 0.008314
0.378860 0.174584 0.005938
0.440618 0.174584 0.013064
0.502375 0.174584 0.008314
0.523753 0.174584 0.013064
0.149644 0.175772 0.005938
0.302850 0.175772 0.008314
0.333729 0.175772 0.005938
0.342043 0.175772 0.004751
0.388361 0.175772 0.007126
0.396675 0.175772 0.005938
0.406176 0.175772 0.004751
0.414489 0.175772 0.005938
0.422803 0.175772 0.005938
0.433492 0.175772 0.013064
0.460808 0.175772 0.007126
0.140143 0.176960 0.013064
0.451306 0.176960 0.007126
0.471496 0.176960 0.005938
0.480998 0.176960 0.008314
0.490499 0.176960 0.007126
0.866983 0.178147 0.008314
0.833729 0.179335 0.007126
0.853919 0.179335 0.008314
0.817102 0.180523 0.004751
0.823040 0.180523 0.010689
0.843230 0.180523 0.005938
0.808789 0.181710 0.005938
0.793349 0.182898 0.013064
0.763658 0.184086 0.008314
0.774347 0.184086 0.005938
0.783848 0.184086 0.008314
0.691211 0.187648 0.010689
0.717340 0.187648 0.005938
0.726841 0.187648 0.007126
0.750594 0.187648 0.007126
0.699525 0.188836 0.004751
0.707838 0.188836 0.005938
0.741093 0.188836 0.015439
0.662708 0.190024 0.004751
0.678147 0.190024 0.004751
0.131829 0.191211 0.007126
0.167458 0.191211 0.013064
0.175772 0.191211 0.005938
0.194774 0.191211 0.008314
0.269596 0.191211 0.015439
0.587886 0.191211 0.004751
0.617577 0.191211 0.004751
0.636580 0.191211 0.005938
0.644893 0.191211 0.004751
0.654394 0.191211 0.005938
0.669834 0.191211 0.011876
0.121140 0.192399 0.008314
0.156770 0.192399 0.008314
0.185273 0.192399 0.004751
0.205463 0.192399 0.003563
0.222090 0.192399 0.005938
0.375297 0.192399 0.007126
0.397862 0.192399 0.008314
0.410926 0.192399 0.008314
0.420428 0.192399 0.008314
0.428741 0.192399 0.004751
0.606888 0.192399 0.008314
0.627078 0.192399 0.005938
0.144893 0.193587 0.008314
0.235154 0.193587 0.008314
0.257720 0.193587 0.016627
0.290974 0.193587 0.005938
0.301663 0.193587 0.008314
0.327791 0.193587 0.008314
0.385986 0.193587 0.007126
0.435867 0.193587 0.010689
0.535629 0.193587 0.008314
0.579572 0.193587 0.005938
0.596200 0.193587 0.013064
0.244656 0.194774 0.008314
0.450119 0.194774 0.007126
0.464371 0.194774 0.009501
0.504751 0.194774 0.013064
0.514252 0.194774 0.005938
0.526128 0.194774 0.008314
0.561758 0.194774 0.013064
0.477435 0.195962 0.008314
0.497625 0.195962 0.004751
0.549881 0.195962 0.008314
0.568884 0.195962 0.005938
0.489311 0.197150 0.005938
