0.560570 0.070071 0.008314
0.615202 0.070071 0.008314
0.628266 0.070071 0.005938
0.514252 0.071259 0.008314
0.526128 0.071259 0.011876
0.546318 0.071259 0.009501
0.571259 0.071259 0.008314
0.584323 0.071259 0.010689
0.596200 0.071259 0.007126
0.606888 0.071259 0.004751
0.636580 0.071259 0.004751
0.676960 0.071259 0.013064
0.439430 0.072447 0.008314
0.498812 0.072447 0.008314
0.448931 0.073634 0.007126
0.412114 0.074822 0.004751
0.425178 0.074822 0.009501
0.458432 0.074822 0.007126
0.470309 0.074822 0.007126
0.369359 0.076010 0.008314
0.381235 0.076010 0.008314
0.393112 0.076010 0.007126
0.402613 0.076010 0.005938
0.308789 0.078385 0.005938
0.318290 0.078385 0.004751
0.328979 0.078385 0.008314
0.342043 0.078385 0.008314
0.353919 0.078385 0.008314
0.257720 0.079572 0.008314
0.281473 0.079572 0.008314
0.239905 0.080760 0.004751
0.205463 0.081948 0.010689
0.231591 0.081948 0.005938
0.270784 0.081948 0.008314
0.149644 0.083135 0.008314
0.173397 0.083135 0.008314
0.182898 0.083135 0.005938
0.192399 0.083135 0.008314
0.222090 0.083135 0.008314
0.161520 0.084323 0.009501
0.134204 0.085511 0.009501
0.609264 0.085511 0.008314
0.653207 0.086698 0.004751
0.545131 0.087886 0.008314
0.553444 0.087886 0.005938
0.562945 0.087886 0.008314
0.573634 0.087886 0.005938
0.619952 0.087886 0.008314
0.631829 0.087886 0.008314
0.643705 0.087886 0.005938
0.692399 0.087886 0.010689
0.503563 0.089074 0.008314
0.519002 0.089074 0.008314
0.530879 0.089074 0.007126
0.587886 0.089074 0.009501
0.598575 0.089074 0.007126
0.483373 0.090261 0.005938
0.491686 0.090261 0.008314
0.453682 0.091449 0.008314
0.464371 0.091449 0.007126
0.475059 0.091449 0.007126
0.293349 0.092637 0.008314
0.358670 0.092637 0.007126
0.378860 0.092637 0.008314
0.388361 0.092637 0.004751
0.395487 0.092637 0.004751
0.404988 0.092637 0.007126
0.419240 0.092637 0.007126
0.431116 0.092637 0.009501
0.301663 0.093824 0.007126
0.314727 0.093824 0.010689
0.331354 0.093824 0.008314
0.343230 0.093824 0.008314
0.255344 0.095012 0.008314
0.245843 0.096200 0.007126
0.269596 0.096200 0.004751
0.280285 0.096200 0.008314
0.178147 0.098575 0.004751
0.224466 0.098575 0.004751
0.233967 0.098575 0.007126
0.186461 0.099762 0.004751
0.206651 0.099762 0.008314
0.214964 0.099762 0.005938
0.130641 0.100950 0.007126
0.141330 0.100950 0.004751
0.156770 0.100950 0.008314
0.168646 0.100950 0.005938
0.195962 0.100950 0.007126
0.662708 0.103325 0.007126
0.617577 0.104513 0.010689
0.637767 0.104513 0.004751
0.647268 0.104513 0.011876
0.451306 0.105701 0.003563
0.517815 0.105701 0.013064
0.535629 0.105701 0.008314
0.591449 0.105701 0.005938
0.611639 0.105701 0.008314
0.628266 0.105701 0.008314
0.433492 0.106888 0.005938
0.505938 0.106888 0.008314
0.524941 0.106888 0.011876
0.549881 0.106888 0.007126
0.559382 0.106888 0.005938
0.600950 0.106888 0.007126
0.349169 0.108076 0.004751
0.359857 0.108076 0.007126
0.442993 0.108076 0.005938
0.467933 0.108076 0.007126
0.478622 0.108076 0.010689
0.496437 0.108076 0.007126
0.567696 0.108076 0.008314
0.302850 0.109264 0.008314
0.325416 0.109264 0.005938
0.334917 0.109264 0.010689
0.369359 0.109264 0.007126
0.380048 0.109264 0.007126
0.391924 0.109264 0.005938
0.401425 0.109264 0.007126
0.410926 0.109264 0.007126
0.421615 0.109264 0.008314
0.580760 0.109264 0.008314
0.273159 0.110451 0.008314
0.290974 0.110451 0.008314
0.258907 0.111639 0.008314
0.313539 0.111639 0.008314
0.248219 0.112827 0.005938
0.225653 0.114014 0.009501
0.162708 0.115202 0.004751
0.186461 0.115202 0.008314
0.197150 0.115202 0.005938
0.213777 0.115202 0.004751
0.237530 0.115202 0.008314
0.130641 0.116390 0.008314
0.141330 0.116390 0.005938
0.153207 0.116390 0.008314
0.169834 0.116390 0.011876
0.178147 0.116390 0.008314
0.206651 0.116390 0.004751
0.605701 0.122328 0.010689
0.614014 0.122328 0.008314
0.490499 0.123515 0.010689
0.496437 0.123515 0.008314
0.516627 0.123515 0.005938
0.527316 0.123515 0.008314
0.590261 0.123515 0.005938
0.627078 0.123515 0.008314
0.507126 0.124703 0.008314
0.539192 0.124703 0.005938
0.548694 0.124703 0.005938
0.558195 0.124703 0.008314
0.570071 0.124703 0.007126
0.579572 0.124703 0.005938
0.364608 0.125891 0.008314
0.374109 0.125891 0.007126
0.410926 0.125891 0.005938
0.419240 0.125891 0.013064
0.331354 0.127078 0.005938
0.339667 0.127078 0.013064
0.388361 0.127078 0.008314
0.482185 0.127078 0.005938
0.399050 0.128266 0.007126
0.266033 0.129454 0.008314
0.279097 0.130641 0.008314
0.288599 0.130641 0.007126
0.159145 0.131829 0.005938
0.210214 0.131829 0.005938
0.238717 0.131829 0.008314
0.252969 0.131829 0.008314
0.128266 0.133017 0.009501
0.135392 0.133017 0.010689
0.149644 0.133017 0.005938
0.166271 0.133017 0.010689
0.178147 0.133017 0.008314
0.191211 0.133017 0.008314
0.201900 0.133017 0.005938
0.220903 0.133017 0.008314
0.710214 0.137767 0.015439
0.596200 0.140143 0.007126
0.608076 0.140143 0.008314
0.619952 0.140143 0.007126
0.634204 0.140143 0.011876
0.584323 0.141330 0.008314
0.652019 0.141330 0.010689
0.472684 0.142518 0.007126
0.516627 0.142518 0.005938
0.529691 0.142518 0.007126
0.551069 0.142518 0.007126
0.562945 0.142518 0.008314
0.573634 0.142518 0.004751
0.402613 0.143705 0.008314
0.445368 0.143705 0.008314
0.461995 0.143705 0.008314
0.495249 0.143705 0.008314
0.507126 0.143705 0.007126
0.540380 0.143705 0.008314
0.382423 0.144893 0.008314
0.393112 0.144893 0.005938
0.415677 0.144893 0.008314
0.426366 0.144893 0.005938
0.434679 0.144893 0.004751
0.337292 0.146081 0.008314
0.350356 0.146081 0.007126
0.361045 0.146081 0.005938
0.369359 0.146081 0.004751
0.482185 0.146081 0.010689
0.153207 0.148456 0.008314
0.163895 0.148456 0.005938
0.175772 0.148456 0.005938
0.206651 0.148456 0.008314
0.216152 0.148456 0.007126
0.226841 0.148456 0.005938
0.236342 0.148456 0.005938
0.248219 0.148456 0.008314
0.258907 0.148456 0.008314
0.271971 0.148456 0.005938
0.281473 0.148456 0.008314
0.186461 0.149644 0.008314
0.197150 0.149644 0.008314
0.604513 0.149644 0.004751
0.128266 0.150831 0.007126
0.138955 0.150831 0.008314
0.611639 0.156770 0.008314
0.633017 0.156770 0.005938
0.643705 0.156770 0.005938
0.653207 0.156770 0.005938
0.661520 0.156770 0.008314
0.597387 0.157957 0.005938
0.623515 0.157957 0.007126
0.454869 0.160333 0.005938
0.467933 0.160333 0.008314
0.511876 0.160333 0.008314
0.539192 0.160333 0.007126
0.549881 0.160333 0.007126
0.561758 0.160333 0.007126
0.573634 0.160333 0.008314
0.586698 0.160333 0.008314
0.390736 0.161520 0.007126
0.402613 0.161520 0.007126
0.416865 0.161520 0.009501
0.435867 0.161520 0.004751
0.444181 0.161520 0.007126
0.476247 0.161520 0.005938
0.484561 0.161520 0.004751
0.498812 0.161520 0.009501
0.526128 0.161520 0.008314
0.262470 0.162708 0.013064
0.375297 0.162708 0.005938
0.423990 0.162708 0.009501
0.365796 0.163895 0.011876
0.382423 0.163895 0.013064
0.230404 0.165083 0.008314
0.242280 0.165083 0.008314
0.252969 0.165083 0.008314
0.270784 0.165083 0.005938
0.347981 0.165083 0.008314
0.357482 0.165083 0.004751
0.172209 0.166271 0.004751
0.197150 0.166271 0.008314
0.210214 0.166271 0.011876
0.281473 0.166271 0.010689
0.334917 0.166271 0.010689
0.149644 0.167458 0.004751
0.159145 0.167458 0.011876
0.187648 0.167458 0.008314
0.216152 0.167458 0.011876
0.288599 0.167458 0.010689
0.136580 0.168646 0.008314
0.125891 0.169834 0.008314
0.635392 0.175772 0.008314
0.614014 0.176960 0.007126
0.669834 0.176960 0.008314
0.703088 0.176960 0.008314
0.309976 0.178147 0.009501
0.428741 0.178147 0.007126
0.438242 0.178147 0.004751
0.460808 0.178147 0.007126
0.471496 0.178147 0.008314
0.495249 0.178147 0.007126
0.504751 0.178147 0.004751
0.511876 0.178147 0.011876
0.529691 0.178147 0.008314
0.541568 0.178147 0.008314
0.590261 0.178147 0.007126
0.602138 0.178147 0.007126
0.648456 0.178147 0.008314
0.660333 0.178147 0.008314
0.714964 0.178147 0.008314
0.407363 0.179335 0.008314
0.415677 0.179335 0.008314
0.447743 0.179335 0.008314
0.549881 0.179335 0.007126
0.562945 0.179335 0.008314
0.571259 0.179335 0.004751
0.579572 0.179335 0.007126
0.243468 0.180523 0.007126
0.394299 0.180523 0.008314
0.251781 0.181710 0.005938
0.260095 0.181710 0.007126
0.281473 0.181710 0.007126
0.372922 0.181710 0.007126
0.383610 0.181710 0.005938
0.235154 0.182898 0.004751
0.271971 0.182898 0.007126
0.290974 0.182898 0.008314
0.340855 0.182898 0.007126
0.347981 0.182898 0.004751
0.359857 0.182898 0.008314
0.143705 0.184086 0.007126
0.182898 0.184086 0.005938
0.192399 0.184086 0.008314
0.200713 0.184086 0.005938
0.211401 0.184086 0.007126
0.225653 0.184086 0.007126
0.325416 0.184086 0.010689
0.125891 0.185273 0.013064
0.134204 0.185273 0.005938
0.157957 0.185273 0.011876
0.166271 0.185273 0.011876
0.640143 0.191211 0.005938
0.602138 0.192399 0.007126
0.611639 0.192399 0.008314
0.622328 0.192399 0.008314
0.631829 0.192399 0.004751
0.666271 0.192399 0.004751
0.710214 0.192399 0.008314
0.649644 0.193587 0.005938
0.659145 0.193587 0.004751
0.675772 0.193587 0.005938
0.685273 0.193587 0.008314
0.697150 0.193587 0.007126
0.720903 0.193587 0.008314
0.423990 0.194774 0.015439
0.590261 0.194774 0.008314
0.447743 0.195962 0.008314
0.488124 0.195962 0.007126
0.500000 0.195962 0.007126
0.511876 0.195962 0.008314
0.521378 0.195962 0.005938
0.529691 0.195962 0.007126
0.540380 0.195962 0.007126
0.554632 0.195962 0.008314
0.406176 0.197150 0.009501
0.433492 0.197150 0.008314
0.460808 0.197150 0.007126
0.475059 0.197150 0.008314
0.566508 0.197150 0.009501
0.579572 0.197150 0.008314
0.368171 0.198337 0.007126
0.212589 0.199525 0.011876
0.283848 0.199525 0.005938
0.290974 0.199525 0.004751
0.309976 0.199525 0.005938
0.357482 0.199525 0.005938
0.380048 0.199525 0.007126
0.393112 0.199525 0.010689
0.222090 0.200713 0.008314
0.251781 0.200713 0.008314
0.264846 0.200713 0.008314
0.273159 0.200713 0.007126
0.319477 0.200713 0.005938
0.338480 0.200713 0.013064
0.345606 0.200713 0.013064
0.186461 0.201900 0.007126
0.197150 0.201900 0.005938
0.205463 0.201900 0.004751
0.236342 0.201900 0.008314
0.123515 0.204276 0.009501
0.147268 0.204276 0.008314
0.157957 0.204276 0.008314
0.174584 0.204276 0.010689
0.135392 0.205463 0.009501
0.663895 0.213777 0.008314
0.674584 0.213777 0.009501
0.655582 0.214964 0.004751
0.687648 0.214964 0.004751
0.520190 0.216152 0.004751
0.529691 0.216152 0.008314
0.586698 0.216152 0.008314
0.599762 0.216152 0.007126
0.610451 0.216152 0.005938
0.618765 0.216152 0.004751
0.633017 0.216152 0.005938
0.482185 0.217340 0.007126
0.492874 0.217340 0.008314
0.540380 0.217340 0.008314
0.552257 0.217340 0.007126
0.270784 0.218527 0.011876
0.374109 0.218527 0.007126
0.429929 0.218527 0.004751
0.508314 0.218527 0.010689
0.561758 0.218527 0.016627
0.573634 0.218527 0.010689
0.263658 0.219715 0.004751
0.277910 0.219715 0.013064
0.287411 0.219715 0.013064
0.294537 0.219715 0.004751
0.309976 0.219715 0.008314
0.363420 0.219715 0.008314
0.385986 0.219715 0.015439
0.419240 0.219715 0.008314
0.445368 0.219715 0.013064
0.458432 0.219715 0.008314
0.471496 0.219715 0.008314
0.136580 0.220903 0.008314
0.211401 0.220903 0.007126
0.250594 0.220903 0.008314
0.323040 0.220903 0.005938
0.339667 0.220903 0.004751
0.349169 0.220903 0.008314
0.406176 0.220903 0.008314
0.123515 0.222090 0.008314
0.155582 0.222090 0.008314
0.168646 0.222090 0.005938
0.178147 0.222090 0.005938
0.187648 0.222090 0.008314
0.198337 0.222090 0.007126
0.223278 0.222090 0.008314
0.236342 0.222090 0.008314
0.332542 0.222090 0.013064
0.394299 0.222090 0.015439
0.144893 0.223278 0.004751
0.397862 0.241093 0.008314
