0.596200 0.077197 0.008314
0.661520 0.077197 0.004751
0.615202 0.078385 0.011876
0.634204 0.078385 0.007126
0.706651 0.078385 0.004751
0.717340 0.078385 0.008314
0.540380 0.079572 0.004751
0.549881 0.079572 0.007126
0.578385 0.079572 0.004751
0.586698 0.079572 0.004751
0.622328 0.079572 0.004751
0.642518 0.079572 0.004751
0.652019 0.079572 0.008314
0.690024 0.079572 0.005938
0.699525 0.079572 0.004751
0.724466 0.079572 0.004751
0.736342 0.079572 0.008314
0.756532 0.079572 0.004751
0.774347 0.079572 0.008314
0.446556 0.080760 0.008314
0.479810 0.080760 0.007126
0.489311 0.080760 0.005938
0.498812 0.080760 0.013064
0.508314 0.080760 0.007126
0.516627 0.080760 0.004751
0.524941 0.080760 0.011876
0.533254 0.080760 0.004751
0.558195 0.080760 0.008314
0.570071 0.080760 0.013064
0.748219 0.080760 0.011876
0.805226 0.080760 0.005938
0.813539 0.080760 0.004751
0.820665 0.080760 0.004751
0.831354 0.080760 0.008314
0.458432 0.081948 0.005938
0.467933 0.081948 0.005938
0.839667 0.081948 0.004751
0.847981 0.081948 0.005938
0.857482 0.081948 0.005938
0.866983 0.081948 0.014252
0.433492 0.083135 0.007126
0.794537 0.083135 0.008314
0.410926 0.084323 0.005938
0.421615 0.084323 0.007126
0.334917 0.085511 0.007126
0.345606 0.085511 0.007126
0.362233 0.085511 0.004751
0.401425 0.085511 0.008314
0.306413 0.086698 0.008314
0.315914 0.086698 0.005938
0.324228 0.086698 0.007126
0.353919 0.086698 0.005938
0.371734 0.086698 0.007126
0.382423 0.086698 0.013064
0.295724 0.087886 0.005938
0.264846 0.089074 0.005938
0.276722 0.089074 0.008314
0.287411 0.089074 0.008314
0.226841 0.090261 0.004751
0.233967 0.090261 0.004751
0.243468 0.090261 0.007126
0.255344 0.090261 0.007126
0.179335 0.091449 0.007126
0.218527 0.091449 0.011876
0.191211 0.092637 0.005938
0.201900 0.092637 0.007126
0.211401 0.092637 0.005938
0.168646 0.093824 0.008314
0.160333 0.095012 0.007126
0.134204 0.096200 0.004751
0.142518 0.096200 0.004751
0.150831 0.096200 0.005938
0.644893 0.096200 0.004751
0.661520 0.096200 0.005938
0.692399 0.096200 0.011876
0.709026 0.096200 0.004751
0.729216 0.096200 0.005938
0.747031 0.096200 0.007126
0.756532 0.096200 0.005938
0.767221 0.096200 0.005938
0.801663 0.096200 0.008314
0.812352 0.096200 0.004751
0.127078 0.097387 0.011876
0.485748 0.097387 0.005938
0.523753 0.097387 0.013064
0.591449 0.097387 0.005938
0.600950 0.097387 0.007126
0.611639 0.097387 0.005938
0.619952 0.097387 0.005938
0.629454 0.097387 0.005938
0.637767 0.097387 0.004751
0.650831 0.097387 0.008314
0.672209 0.097387 0.005938
0.682898 0.097387 0.007126
0.700713 0.097387 0.004751
0.719715 0.097387 0.008314
0.737530 0.097387 0.004751
0.776722 0.097387 0.007126
0.785036 0.097387 0.004751
0.792162 0.097387 0.008314
0.466746 0.098575 0.007126
0.500000 0.098575 0.008314
0.513064 0.098575 0.008314
0.545131 0.098575 0.005938
0.554632 0.098575 0.004751
0.561758 0.098575 0.004751
0.573634 0.098575 0.008314
0.581948 0.098575 0.005938
0.830166 0.098575 0.010689
0.837292 0.098575 0.010689
0.400238 0.099762 0.008314
0.457245 0.099762 0.008314
0.477435 0.099762 0.008314
0.821853 0.099762 0.008314
0.439430 0.100950 0.013064
0.446556 0.100950 0.013064
0.414489 0.102138 0.010689
0.429929 0.102138 0.011876
0.536817 0.102138 0.004751
0.319477 0.103325 0.007126
0.327791 0.103325 0.005938
0.337292 0.103325 0.004751
0.363420 0.103325 0.008314
0.375297 0.103325 0.005938
0.383610 0.103325 0.008314
0.292162 0.104513 0.007126
0.300475 0.104513 0.004751
0.309976 0.104513 0.008314
0.346793 0.104513 0.011876
0.263658 0.105701 0.005938
0.271971 0.105701 0.004751
0.280285 0.105701 0.005938
0.232779 0.106888 0.008314
0.216152 0.108076 0.008314
0.224466 0.108076 0.005938
0.244656 0.108076 0.007126
0.254157 0.108076 0.008314
0.201900 0.109264 0.008314
0.182898 0.110451 0.011876
0.190024 0.110451 0.004751
0.680523 0.110451 0.004751
0.748219 0.110451 0.008314
0.172209 0.111639 0.004751
0.649644 0.111639 0.004751
0.687648 0.111639 0.004751
0.694774 0.111639 0.004751
0.724466 0.111639 0.005938
0.735154 0.111639 0.008314
0.768409 0.111639 0.011876
0.150831 0.112827 0.007126
0.163895 0.112827 0.008314
0.631829 0.112827 0.004751
0.640143 0.112827 0.005938
0.656770 0.112827 0.011876
0.667458 0.112827 0.008314
0.713777 0.112827 0.008314
0.775534 0.112827 0.004751
0.786223 0.112827 0.007126
0.796912 0.112827 0.008314
0.809976 0.112827 0.008314
0.820665 0.112827 0.007126
0.836105 0.112827 0.007126
0.846793 0.112827 0.005938
0.135392 0.114014 0.008314
0.615202 0.114014 0.004751
0.623515 0.114014 0.005938
0.757720 0.114014 0.007126
0.125891 0.115202 0.007126
0.496437 0.115202 0.007126
0.545131 0.115202 0.005938
0.557007 0.115202 0.008314
0.567696 0.115202 0.007126
0.581948 0.115202 0.007126
0.599762 0.115202 0.004751
0.606888 0.115202 0.010689
0.483373 0.116390 0.005938
0.507126 0.116390 0.007126
0.519002 0.116390 0.008314
0.535629 0.116390 0.004751
0.591449 0.116390 0.010689
0.471496 0.117577 0.008314
0.315914 0.118765 0.007126
0.459620 0.118765 0.008314
0.326603 0.119952 0.005938
0.334917 0.119952 0.007126
0.344418 0.119952 0.007126
0.355107 0.119952 0.004751
0.363420 0.119952 0.007126
0.374109 0.119952 0.005938
0.403800 0.119952 0.004751
0.420428 0.119952 0.005938
0.429929 0.119952 0.004751
0.447743 0.119952 0.005938
0.383610 0.121140 0.007126
0.394299 0.121140 0.007126
0.438242 0.121140 0.005938
0.283848 0.122328 0.008314
0.298100 0.122328 0.008314
0.261283 0.123515 0.005938
0.270784 0.123515 0.007126
0.232779 0.124703 0.007126
0.250594 0.124703 0.007126
0.205463 0.125891 0.008314
0.218527 0.125891 0.008314
0.243468 0.125891 0.004751
0.187648 0.127078 0.011876
0.195962 0.127078 0.005938
0.179335 0.128266 0.004751
0.737530 0.128266 0.008314
0.806413 0.128266 0.004751
0.833729 0.128266 0.008314
0.845606 0.128266 0.004751
0.853919 0.128266 0.004751
0.665083 0.129454 0.010689
0.747031 0.129454 0.004751
0.755344 0.129454 0.004751
0.761283 0.129454 0.008314
0.787411 0.129454 0.007126
0.798100 0.129454 0.005938
0.813539 0.129454 0.010689
0.824228 0.129454 0.007126
0.152019 0.130641 0.005938
0.161520 0.130641 0.004751
0.168646 0.130641 0.007126
0.589074 0.130641 0.007126
0.628266 0.130641 0.004751
0.637767 0.130641 0.005938
0.646081 0.130641 0.004751
0.656770 0.130641 0.007126
0.712589 0.130641 0.008314
0.722090 0.130641 0.008314
0.770784 0.130641 0.011876
0.142518 0.131829 0.004751
0.539192 0.131829 0.008314
0.568884 0.131829 0.007126
0.578385 0.131829 0.004751
0.602138 0.131829 0.007126
0.611639 0.131829 0.004751
0.619952 0.131829 0.005938
0.125891 0.133017 0.007126
0.135392 0.133017 0.005938
0.494062 0.133017 0.007126
0.504751 0.133017 0.013064
0.522565 0.133017 0.008314
0.530879 0.133017 0.011876
0.552257 0.133017 0.004751
0.559382 0.133017 0.004751
0.876485 0.133017 0.014252
0.475059 0.134204 0.007126
0.483373 0.134204 0.007126
0.511876 0.134204 0.008314
0.289786 0.135392 0.008314
0.351544 0.135392 0.008314
0.408551 0.135392 0.007126
0.429929 0.135392 0.009501
0.445368 0.135392 0.004751
0.464371 0.135392 0.008314
0.336105 0.136580 0.008314
0.361045 0.136580 0.005938
0.369359 0.136580 0.005938
0.380048 0.136580 0.005938
0.397862 0.136580 0.007126
0.418052 0.136580 0.005938
0.452494 0.136580 0.010689
0.276722 0.137767 0.007126
0.388361 0.137767 0.004751
0.257720 0.138955 0.005938
0.267221 0.138955 0.007126
0.237530 0.140143 0.008314
0.249406 0.140143 0.005938
0.185273 0.141330 0.007126
0.193587 0.141330 0.004751
0.205463 0.141330 0.008314
0.212589 0.141330 0.010689
0.225653 0.141330 0.008314
0.174584 0.142518 0.008314
0.850356 0.142518 0.004751
0.868171 0.142518 0.004751
0.165083 0.143705 0.007126
0.830166 0.143705 0.007126
0.842043 0.143705 0.005938
0.152019 0.144893 0.007126
0.793349 0.144893 0.008314
0.802850 0.144893 0.008314
0.813539 0.144893 0.004751
0.724466 0.146081 0.004751
0.743468 0.146081 0.008314
0.757720 0.146081 0.009501
0.770784 0.146081 0.007126
0.781473 0.146081 0.008314
0.820665 0.146081 0.011876
0.134204 0.147268 0.004751
0.652019 0.147268 0.007126
0.662708 0.147268 0.008314
0.716152 0.147268 0.010689
0.732779 0.147268 0.008314
0.124703 0.148456 0.007126
0.142518 0.148456 0.010689
0.583135 0.148456 0.004751
0.592637 0.148456 0.007126
0.605701 0.148456 0.008314
0.616390 0.148456 0.007126
0.625891 0.148456 0.005938
0.635392 0.148456 0.004751
0.643705 0.148456 0.005938
0.507126 0.149644 0.005938
0.515439 0.149644 0.008314
0.527316 0.149644 0.008314
0.558195 0.149644 0.010689
0.565321 0.149644 0.004751
0.572447 0.149644 0.013064
0.497625 0.150831 0.011876
0.473872 0.152019 0.005938
0.483373 0.152019 0.005938
0.452494 0.153207 0.004751
0.463183 0.153207 0.007126
0.378860 0.154394 0.004751
0.416865 0.154394 0.008314
0.441805 0.154394 0.008314
0.252969 0.155582 0.008314
0.385986 0.155582 0.005938
0.395487 0.155582 0.007126
0.407363 0.155582 0.005938
0.197150 0.156770 0.007126
0.207838 0.156770 0.007126
0.219715 0.156770 0.008314
0.229216 0.156770 0.004751
0.239905 0.156770 0.007126
0.264846 0.156770 0.008314
0.283848 0.156770 0.005938
0.185273 0.157957 0.007126
0.428741 0.157957 0.004751
0.176960 0.159145 0.004751
0.167458 0.160333 0.005938
0.874109 0.160333 0.008314
0.159145 0.161520 0.004751
0.855107 0.161520 0.004751
0.862233 0.161520 0.011876
0.150831 0.162708 0.007126
0.792162 0.162708 0.005938
0.834917 0.162708 0.007126
0.845606 0.162708 0.008314
0.141330 0.163895 0.005938
0.783848 0.163895 0.005938
0.800475 0.163895 0.007126
0.811164 0.163895 0.007126
0.819477 0.163895 0.004751
0.122328 0.165083 0.013064
0.131829 0.165083 0.005938
0.711401 0.165083 0.008314
0.722090 0.165083 0.010689
0.730404 0.165083 0.010689
0.773159 0.165083 0.007126
0.825416 0.165083 0.010689
0.625891 0.166271 0.005938
0.643705 0.166271 0.005938
0.652019 0.166271 0.004751
0.750594 0.166271 0.010689
0.762470 0.166271 0.008314
0.616390 0.167458 0.007126
0.635392 0.167458 0.005938
0.663895 0.167458 0.009501
0.577197 0.168646 0.005938
0.603325 0.168646 0.008314
0.483373 0.169834 0.005938
0.495249 0.169834 0.008314
0.511876 0.169834 0.004751
0.526128 0.169834 0.004751
0.534442 0.169834 0.010689
0.548694 0.169834 0.005938
0.558195 0.169834 0.004751
0.566508 0.169834 0.005938
0.591449 0.169834 0.008314
0.461995 0.171021 0.005938
0.473872 0.171021 0.008314
0.503563 0.171021 0.010689
0.410926 0.172209 0.005938
0.429929 0.172209 0.008314
0.440618 0.172209 0.004751
0.226841 0.173397 0.005938
0.237530 0.173397 0.013064
0.244656 0.173397 0.013064
0.283848 0.173397 0.011876
0.420428 0.173397 0.007126
0.217340 0.174584 0.007126
0.269596 0.174584 0.011876
0.276722 0.174584 0.004751
0.194774 0.175772 0.008314
0.206651 0.175772 0.008314
0.256532 0.175772 0.008314
0.400238 0.175772 0.005938
0.163895 0.176960 0.008314
0.174584 0.178147 0.007126
0.184086 0.178147 0.008314
0.874109 0.179335 0.004751
0.140143 0.180523 0.007126
0.149644 0.180523 0.008314
0.863420 0.180523 0.008314
0.831354 0.181710 0.011876
0.838480 0.181710 0.008314
0.850356 0.181710 0.008314
0.798100 0.182898 0.008314
0.806413 0.182898 0.004751
0.814727 0.182898 0.011876
0.821853 0.182898 0.004751
0.725653 0.184086 0.004751
0.743468 0.184086 0.008314
0.774347 0.184086 0.009501
0.787411 0.184086 0.004751
0.513064 0.185273 0.008314
0.566508 0.185273 0.011876
0.577197 0.185273 0.009501
0.590261 0.185273 0.005938
0.634204 0.185273 0.005938
0.642518 0.185273 0.005938
0.650831 0.185273 0.007126
0.752969 0.185273 0.007126
0.762470 0.185273 0.007126
0.781473 0.185273 0.010689
0.552257 0.186461 0.004751
0.559382 0.186461 0.004751
0.603325 0.186461 0.005938
0.614014 0.186461 0.005938
0.624703 0.186461 0.005938
0.662708 0.186461 0.008314
0.488124 0.187648 0.004751
0.495249 0.187648 0.004751
0.530879 0.187648 0.005938
0.542755 0.187648 0.008314
0.674584 0.187648 0.008314
0.684086 0.187648 0.007126
0.711401 0.187648 0.010689
0.326603 0.188836 0.011876
0.478622 0.188836 0.013064
0.698337 0.188836 0.007126
0.423990 0.190024 0.008314
0.438242 0.190024 0.011876
0.454869 0.190024 0.004751
0.463183 0.190024 0.007126
0.299287 0.191211 0.008314
0.309976 0.191211 0.008314
0.333729 0.191211 0.013064
0.355107 0.191211 0.005938
0.363420 0.191211 0.005938
0.375297 0.191211 0.008314
0.407363 0.191211 0.010689
0.446556 0.191211 0.004751
0.214964 0.192399 0.008314
0.289786 0.192399 0.008314
0.179335 0.194774 0.007126
0.205463 0.194774 0.011876
0.188836 0.195962 0.005938
0.870546 0.195962 0.004751
0.887173 0.195962 0.005938
0.146081 0.197150 0.008314
0.166271 0.197150 0.008314
0.862233 0.197150 0.005938
0.122328 0.198337 0.008314
0.134204 0.198337 0.008314
0.792162 0.198337 0.007126
0.806413 0.198337 0.008314
0.815914 0.198337 0.004751
0.823040 0.198337 0.004751
0.834917 0.198337 0.009501
0.842043 0.198337 0.004751
0.852732 0.198337 0.007126
0.752969 0.199525 0.004751
0.747031 0.200713 0.009501
0.761283 0.200713 0.005938
0.770784 0.200713 0.008314
0.782660 0.200713 0.004751
0.558195 0.201900 0.004751
0.603325 0.201900 0.007126
0.653207 0.201900 0.004751
0.668646 0.201900 0.005938
0.584323 0.203088 0.004751
0.614014 0.203088 0.008314
0.633017 0.203088 0.005938
0.676960 0.203088 0.004751
0.688836 0.203088 0.008314
0.699525 0.203088 0.005938
0.707838 0.203088 0.004751
0.729216 0.203088 0.004751
0.513064 0.204276 0.005938
0.534442 0.204276 0.008314
0.545131 0.204276 0.008314
0.565321 0.204276 0.004751
0.574822 0.204276 0.007126
0.592637 0.204276 0.008314
0.624703 0.204276 0.004751
0.642518 0.204276 0.008314
0.720903 0.204276 0.004751
0.268409 0.205463 0.007126
0.495249 0.205463 0.008314
0.504751 0.205463 0.007126
0.522565 0.205463 0.008314
0.464371 0.206651 0.008314
0.476247 0.206651 0.005938
0.485748 0.206651 0.004751
0.220903 0.207838 0.008314
0.292162 0.207838 0.013064
0.301663 0.207838 0.005938
0.311164 0.207838 0.010689
0.325416 0.207838 0.005938
0.334917 0.207838 0.005938
0.344418 0.207838 0.004751
0.371734 0.207838 0.005938
0.385986 0.207838 0.009501
0.422803 0.207838 0.005938
0.433492 0.207838 0.007126
0.447743 0.207838 0.010689
0.454869 0.207838 0.005938
0.209026 0.209026 0.008314
0.362233 0.209026 0.005938
0.396675 0.209026 0.007126
0.406176 0.209026 0.005938
0.413302 0.209026 0.005938
0.178147 0.211401 0.013064
0.195962 0.211401 0.007126
0.127078 0.213777 0.010689
0.143705 0.213777 0.005938
0.152019 0.213777 0.011876
0.159145 0.213777 0.005938
0.168646 0.213777 0.005938
0.876485 0.213777 0.008314
0.119952 0.214964 0.010689
0.852732 0.214964 0.004751
0.861045 0.214964 0.011876
0.133017 0.216152 0.008314
0.809976 0.216152 0.005938
0.817102 0.216152 0.011876
0.837292 0.216152 0.004751
0.844418 0.216152 0.011876
0.728029 0.217340 0.008314
0.828979 0.217340 0.007126
0.710214 0.218527 0.010689
0.737530 0.218527 0.005938
0.745843 0.218527 0.005938
0.754157 0.218527 0.004751
0.762470 0.218527 0.013064
0.771971 0.218527 0.008314
0.785036 0.218527 0.007126
0.794537 0.218527 0.013064
0.674584 0.219715 0.008314
0.695962 0.219715 0.010689
0.614014 0.220903 0.008314
0.623515 0.220903 0.007126
0.635392 0.220903 0.008314
0.646081 0.220903 0.015439
0.665083 0.220903 0.007126
0.681710 0.220903 0.011876
0.476247 0.222090 0.004751
0.486936 0.222090 0.007126
0.547506 0.222090 0.008314
0.591449 0.222090 0.007126
0.654394 0.222090 0.005938
0.409739 0.223278 0.007126
0.420428 0.223278 0.005938
0.444181 0.223278 0.008314
0.452494 0.223278 0.008314
0.463183 0.223278 0.008314
0.527316 0.223278 0.013064
0.535629 0.223278 0.005938
0.558195 0.223278 0.007126
0.568884 0.223278 0.008314
0.580760 0.223278 0.008314
0.600950 0.223278 0.008314
0.237530 0.224466 0.005938
0.255344 0.224466 0.008314
0.294537 0.224466 0.008314
0.344418 0.224466 0.004751
0.351544 0.224466 0.004751
0.362233 0.224466 0.008314
0.400238 0.224466 0.007126
0.433492 0.224466 0.008314
0.497625 0.224466 0.007126
0.509501 0.224466 0.007126
0.519002 0.224466 0.004751
0.224466 0.225653 0.009501
0.264846 0.225653 0.005938
0.273159 0.225653 0.005938
0.306413 0.225653 0.008314
0.327791 0.225653 0.005938
0.336105 0.225653 0.004751
0.377672 0.225653 0.007126
0.388361 0.225653 0.008314
0.190024 0.228029 0.007126
0.212589 0.228029 0.008314
0.118765 0.229216 0.007126
0.129454 0.229216 0.007126
0.141330 0.229216 0.007126
0.150831 0.229216 0.004751
0.159145 0.229216 0.005938
0.171021 0.229216 0.007126
0.180523 0.229216 0.005938
0.199525 0.229216 0.008314
