0.767221 0.079572 0.004751
0.787411 0.079572 0.007126
0.795724 0.079572 0.008314
0.806413 0.079572 0.007126
0.819477 0.079572 0.008314
0.827791 0.079572 0.008314
0.838480 0.079572 0.005938
0.699525 0.080760 0.008314
0.711401 0.080760 0.013064
0.729216 0.080760 0.005938
0.737530 0.080760 0.014252
0.748219 0.080760 0.008314
0.758907 0.080760 0.008314
0.776722 0.080760 0.008314
0.850356 0.080760 0.007126
0.859857 0.080760 0.004751
0.865796 0.080760 0.011876
0.875297 0.080760 0.008314
0.644893 0.081948 0.008314
0.672209 0.081948 0.008314
0.685273 0.081948 0.008314
0.527316 0.083135 0.007126
0.566508 0.083135 0.013064
0.577197 0.083135 0.008314
0.584323 0.083135 0.004751
0.656770 0.083135 0.008314
0.718527 0.083135 0.008314
0.459620 0.084323 0.005938
0.469121 0.084323 0.005938
0.508314 0.084323 0.004751
0.516627 0.084323 0.005938
0.538005 0.084323 0.007126
0.548694 0.084323 0.008314
0.559382 0.084323 0.004751
0.596200 0.084323 0.008314
0.608076 0.084323 0.005938
0.619952 0.084323 0.008314
0.631829 0.084323 0.008314
0.292162 0.085511 0.008314
0.429929 0.085511 0.008314
0.442993 0.085511 0.013064
0.478622 0.085511 0.005938
0.485748 0.085511 0.004751
0.496437 0.085511 0.008314
0.307601 0.086698 0.010689
0.320665 0.086698 0.007126
0.331354 0.086698 0.008314
0.382423 0.086698 0.007126
0.393112 0.086698 0.004751
0.403800 0.086698 0.009501
0.419240 0.086698 0.008314
0.451306 0.086698 0.013064
0.255344 0.087886 0.010689
0.262470 0.087886 0.004751
0.269596 0.087886 0.011876
0.277910 0.087886 0.011876
0.343230 0.087886 0.005938
0.370546 0.087886 0.008314
0.357482 0.089074 0.009501
0.191211 0.090261 0.005938
0.200713 0.090261 0.005938
0.211401 0.090261 0.005938
0.220903 0.090261 0.007126
0.231591 0.090261 0.005938
0.242280 0.090261 0.008314
0.159145 0.091449 0.008314
0.172209 0.091449 0.007126
0.181710 0.091449 0.004751
0.148456 0.092637 0.008314
0.128266 0.093824 0.013064
0.136580 0.093824 0.005938
0.837292 0.095012 0.004751
0.847981 0.095012 0.007126
0.856295 0.095012 0.005938
0.801663 0.096200 0.008314
0.814727 0.096200 0.008314
0.826603 0.096200 0.007126
0.864608 0.096200 0.008314
0.874109 0.096200 0.008314
0.680523 0.097387 0.007126
0.738717 0.097387 0.008314
0.755344 0.097387 0.004751
0.771971 0.097387 0.005938
0.782660 0.097387 0.008314
0.704276 0.098575 0.008314
0.714964 0.098575 0.007126
0.725653 0.098575 0.008314
0.745843 0.098575 0.008314
0.762470 0.098575 0.004751
0.789786 0.098575 0.008314
0.505938 0.099762 0.008314
0.653207 0.099762 0.007126
0.663895 0.099762 0.004751
0.691211 0.099762 0.007126
0.562945 0.100950 0.007126
0.572447 0.100950 0.008314
0.614014 0.100950 0.008314
0.635392 0.100950 0.011876
0.435867 0.102138 0.007126
0.516627 0.102138 0.007126
0.529691 0.102138 0.008314
0.540380 0.102138 0.007126
0.585511 0.102138 0.009501
0.599762 0.102138 0.011876
0.624703 0.102138 0.008314
0.252969 0.103325 0.007126
0.271971 0.103325 0.005938
0.293349 0.103325 0.004751
0.300475 0.103325 0.004751
0.314727 0.103325 0.008314
0.352732 0.103325 0.007126
0.395487 0.103325 0.008314
0.407363 0.103325 0.005938
0.423990 0.103325 0.008314
0.446556 0.103325 0.005938
0.454869 0.103325 0.010689
0.467933 0.103325 0.005938
0.476247 0.103325 0.004751
0.486936 0.103325 0.010689
0.494062 0.103325 0.004751
0.551069 0.103325 0.007126
0.231591 0.104513 0.007126
0.242280 0.104513 0.005938
0.262470 0.104513 0.007126
0.283848 0.104513 0.008314
0.340855 0.104513 0.008314
0.363420 0.104513 0.004751
0.370546 0.104513 0.008314
0.383610 0.104513 0.008314
0.415677 0.104513 0.004751
0.220903 0.105701 0.007126
0.327791 0.105701 0.008314
0.201900 0.106888 0.011876
0.210214 0.106888 0.008314
0.168646 0.108076 0.004751
0.178147 0.108076 0.005938
0.190024 0.108076 0.007126
0.156770 0.109264 0.008314
0.128266 0.110451 0.007126
0.137767 0.110451 0.005938
0.807601 0.111639 0.004751
0.845606 0.111639 0.005938
0.864608 0.111639 0.004751
0.754157 0.112827 0.008314
0.788599 0.112827 0.005938
0.798100 0.112827 0.005938
0.827791 0.112827 0.013064
0.834917 0.112827 0.011876
0.872922 0.112827 0.011876
0.742280 0.114014 0.008314
0.767221 0.114014 0.005938
0.779097 0.114014 0.008314
0.815914 0.114014 0.008314
0.728029 0.115202 0.008314
0.718527 0.116390 0.007126
0.650831 0.117577 0.007126
0.674584 0.117577 0.008314
0.687648 0.117577 0.008314
0.698337 0.117577 0.005938
0.707838 0.117577 0.008314
0.568884 0.118765 0.008314
0.580760 0.118765 0.007126
0.590261 0.118765 0.005938
0.612827 0.118765 0.008314
0.640143 0.118765 0.011876
0.271971 0.119952 0.008314
0.416865 0.119952 0.008314
0.432304 0.119952 0.008314
0.445368 0.119952 0.008314
0.458432 0.119952 0.007126
0.467933 0.119952 0.007126
0.480998 0.119952 0.008314
0.492874 0.119952 0.005938
0.513064 0.119952 0.007126
0.523753 0.119952 0.007126
0.535629 0.119952 0.008314
0.548694 0.119952 0.007126
0.559382 0.119952 0.005938
0.599762 0.119952 0.008314
0.624703 0.119952 0.007126
0.662708 0.119952 0.007126
0.283848 0.121140 0.005938
0.294537 0.121140 0.007126
0.314727 0.121140 0.005938
0.323040 0.121140 0.005938
0.334917 0.121140 0.008314
0.393112 0.121140 0.008314
0.406176 0.121140 0.008314
0.502375 0.121140 0.008314
0.229216 0.122328 0.013064
0.242280 0.122328 0.007126
0.251781 0.122328 0.005938
0.261283 0.122328 0.008314
0.346793 0.122328 0.008314
0.363420 0.122328 0.008314
0.372922 0.122328 0.005938
0.381235 0.122328 0.008314
0.184086 0.123515 0.011876
0.201900 0.123515 0.008314
0.210214 0.123515 0.005938
0.218527 0.123515 0.004751
0.307601 0.123515 0.013064
0.169834 0.124703 0.008314
0.155582 0.125891 0.010689
0.858670 0.125891 0.008314
0.125891 0.127078 0.007126
0.146081 0.127078 0.007126
0.135392 0.128266 0.008314
0.831354 0.128266 0.004751
0.839667 0.128266 0.004751
0.849169 0.128266 0.005938
0.789786 0.129454 0.004751
0.796912 0.129454 0.005938
0.808789 0.129454 0.007126
0.820665 0.129454 0.008314
0.779097 0.130641 0.008314
0.766033 0.131829 0.008314
0.749406 0.134204 0.004751
0.714964 0.135392 0.008314
0.726841 0.135392 0.008314
0.736342 0.135392 0.008314
0.621140 0.136580 0.007126
0.629454 0.136580 0.005938
0.543943 0.137767 0.008314
0.609264 0.137767 0.008314
0.641330 0.137767 0.008314
0.650831 0.137767 0.007126
0.659145 0.137767 0.011876
0.276722 0.138955 0.007126
0.286223 0.138955 0.014252
0.463183 0.138955 0.007126
0.557007 0.138955 0.010689
0.587886 0.138955 0.007126
0.597387 0.138955 0.008314
0.244656 0.140143 0.007126
0.255344 0.140143 0.008314
0.267221 0.140143 0.008314
0.403800 0.140143 0.008314
0.431116 0.140143 0.008314
0.442993 0.140143 0.008314
0.453682 0.140143 0.005938
0.473872 0.140143 0.008314
0.492874 0.140143 0.004751
0.502375 0.140143 0.007126
0.513064 0.140143 0.008314
0.524941 0.140143 0.013064
0.533254 0.140143 0.005938
0.576010 0.140143 0.010689
0.194774 0.141330 0.007126
0.205463 0.141330 0.008314
0.220903 0.141330 0.007126
0.232779 0.141330 0.007126
0.334917 0.141330 0.008314
0.385986 0.141330 0.005938
0.394299 0.141330 0.005938
0.484561 0.141330 0.005938
0.161520 0.142518 0.007126
0.172209 0.142518 0.007126
0.184086 0.142518 0.007126
0.345606 0.142518 0.007126
0.356295 0.142518 0.005938
0.366983 0.142518 0.007126
0.377672 0.142518 0.005938
0.415677 0.142518 0.009501
0.874109 0.143705 0.007126
0.127078 0.144893 0.009501
0.863420 0.144893 0.008314
0.138955 0.146081 0.005938
0.842043 0.146081 0.008314
0.852732 0.146081 0.007126
0.149644 0.147268 0.008314
0.828979 0.147268 0.008314
0.761283 0.150831 0.007126
0.780285 0.150831 0.013064
0.793349 0.150831 0.013064
0.802850 0.150831 0.008314
0.815914 0.150831 0.009501
0.750594 0.152019 0.008314
0.710214 0.153207 0.010689
0.769596 0.153207 0.014252
0.726841 0.154394 0.008314
0.739905 0.154394 0.008314
0.635392 0.155582 0.004751
0.644893 0.155582 0.005938
0.661520 0.156770 0.013064
0.571259 0.157957 0.007126
0.583135 0.157957 0.008314
0.595012 0.157957 0.008314
0.605701 0.157957 0.004751
0.614014 0.157957 0.008314
0.623515 0.157957 0.008314
0.654394 0.157957 0.013064
0.174584 0.159145 0.010689
0.214964 0.159145 0.008314
0.252969 0.159145 0.008314
0.266033 0.159145 0.008314
0.274347 0.159145 0.005938
0.282660 0.159145 0.011876
0.337292 0.159145 0.008314
0.347981 0.159145 0.007126
0.357482 0.159145 0.004751
0.490499 0.159145 0.008314
0.547506 0.159145 0.009501
0.561758 0.159145 0.008314
0.192399 0.160333 0.008314
0.368171 0.160333 0.008314
0.378860 0.160333 0.008314
0.391924 0.160333 0.008314
0.406176 0.160333 0.009501
0.418052 0.160333 0.008314
0.453682 0.160333 0.008314
0.467933 0.160333 0.008314
0.479810 0.160333 0.005938
0.501188 0.160333 0.005938
0.534442 0.160333 0.008314
0.159145 0.161520 0.009501
0.428741 0.161520 0.005938
0.439430 0.161520 0.008314
0.513064 0.161520 0.008314
0.523753 0.161520 0.005938
0.203088 0.162708 0.007126
0.862233 0.163895 0.009501
0.849169 0.165083 0.010689
0.875297 0.165083 0.011876
0.832542 0.166271 0.008314
0.820665 0.167458 0.011876
0.804038 0.168646 0.007126
0.813539 0.168646 0.004751
0.783848 0.171021 0.007126
0.793349 0.171021 0.005938
0.773159 0.172209 0.005938
0.710214 0.173397 0.010689
0.716152 0.173397 0.011876
0.732779 0.173397 0.008314
0.742280 0.173397 0.004751
0.750594 0.173397 0.005938
0.763658 0.173397 0.008314
0.653207 0.175772 0.011876
0.665083 0.175772 0.010689
0.249406 0.176960 0.008314
0.287411 0.176960 0.013064
0.615202 0.176960 0.005938
0.624703 0.176960 0.008314
0.635392 0.176960 0.007126
0.204276 0.178147 0.008314
0.216152 0.178147 0.008314
0.228029 0.178147 0.008314
0.238717 0.178147 0.008314
0.262470 0.178147 0.008314
0.276722 0.178147 0.010689
0.336105 0.178147 0.008314
0.344418 0.178147 0.005938
0.368171 0.178147 0.008314
0.572447 0.178147 0.005938
0.581948 0.178147 0.008314
0.593824 0.178147 0.008314
0.604513 0.178147 0.008314
0.644893 0.178147 0.007126
0.191211 0.179335 0.008314
0.543943 0.179335 0.007126
0.553444 0.179335 0.005938
0.562945 0.179335 0.007126
0.182898 0.180523 0.013064
0.401425 0.180523 0.007126
0.413302 0.180523 0.008314
0.425178 0.180523 0.005938
0.445368 0.180523 0.008314
0.458432 0.180523 0.005938
0.488124 0.180523 0.005938
0.507126 0.180523 0.005938
0.533254 0.180523 0.008314
0.393112 0.181710 0.013064
0.434679 0.181710 0.004751
0.467933 0.181710 0.008314
0.478622 0.181710 0.007126
0.497625 0.181710 0.008314
0.519002 0.181710 0.009501
0.167458 0.182898 0.007126
0.136580 0.184086 0.008314
0.148456 0.184086 0.005938
0.156770 0.184086 0.008314
0.856295 0.184086 0.008314
0.865796 0.184086 0.005938
0.875297 0.184086 0.004751
0.827791 0.185273 0.011876
0.839667 0.185273 0.008314
0.820665 0.186461 0.013064
0.809976 0.187648 0.007126
0.798100 0.188836 0.008314
0.743468 0.190024 0.007126
0.776722 0.190024 0.008314
0.786223 0.190024 0.007126
0.732779 0.191211 0.005938
0.752969 0.191211 0.008314
0.766033 0.191211 0.008314
0.723278 0.192399 0.007126
0.231591 0.194774 0.008314
0.623515 0.194774 0.007126
0.663895 0.194774 0.005938
0.673397 0.194774 0.008314
0.682898 0.194774 0.005938
0.712589 0.194774 0.008314
0.224466 0.195962 0.011876
0.441805 0.195962 0.005938
0.604513 0.195962 0.008314
0.612827 0.195962 0.008314
0.631829 0.195962 0.004751
0.641330 0.195962 0.008314
0.654394 0.195962 0.008314
0.697150 0.195962 0.007126
0.193587 0.197150 0.007126
0.205463 0.197150 0.007126
0.216152 0.197150 0.007126
0.254157 0.197150 0.005938
0.263658 0.197150 0.008314
0.277910 0.197150 0.008314
0.358670 0.197150 0.007126
0.484561 0.197150 0.007126
0.579572 0.197150 0.007126
0.590261 0.197150 0.008314
0.125891 0.198337 0.007126
0.134204 0.198337 0.004751
0.172209 0.198337 0.008314
0.184086 0.198337 0.005938
0.243468 0.198337 0.008314
0.289786 0.198337 0.007126
0.346793 0.198337 0.008314
0.369359 0.198337 0.008314
0.382423 0.198337 0.004751
0.393112 0.198337 0.008314
0.408551 0.198337 0.005938
0.416865 0.198337 0.011876
0.451306 0.198337 0.008314
0.461995 0.198337 0.005938
0.471496 0.198337 0.008314
0.541568 0.198337 0.007126
0.553444 0.198337 0.008314
0.566508 0.198337 0.007126
0.143705 0.199525 0.005938
0.153207 0.199525 0.005938
0.160333 0.199525 0.005938
0.300475 0.199525 0.008314
0.334917 0.199525 0.008314
0.492874 0.199525 0.004751
0.503563 0.199525 0.007126
0.532067 0.199525 0.007126
0.311164 0.200713 0.008314
0.516627 0.200713 0.008314
0.883610 0.200713 0.014252
0.889549 0.200713 0.011876
0.324228 0.201900 0.008314
0.874109 0.201900 0.008314
0.833729 0.203088 0.005938
0.842043 0.203088 0.008314
0.864608 0.203088 0.007126
0.853919 0.204276 0.007126
0.805226 0.205463 0.004751
0.823040 0.205463 0.007126
0.787411 0.206651 0.007126
0.798100 0.206651 0.011876
0.763658 0.209026 0.008314
0.775534 0.209026 0.008314
0.728029 0.210214 0.008314
0.751781 0.210214 0.008314
0.578385 0.211401 0.007126
0.614014 0.211401 0.005938
0.634204 0.211401 0.005938
0.679335 0.211401 0.007126
0.706651 0.211401 0.005938
0.739905 0.211401 0.008314
0.231591 0.212589 0.007126
0.254157 0.212589 0.008314
0.517815 0.212589 0.007126
0.589074 0.212589 0.004751
0.596200 0.212589 0.004751
0.623515 0.212589 0.008314
0.656770 0.212589 0.008314
0.669834 0.212589 0.007126
0.693587 0.212589 0.008314
0.716152 0.212589 0.008314
0.124703 0.213777 0.011876
0.144893 0.213777 0.007126
0.192399 0.213777 0.004751
0.201900 0.213777 0.008314
0.242280 0.213777 0.007126
0.445368 0.213777 0.008314
0.456057 0.213777 0.007126
0.477435 0.213777 0.007126
0.486936 0.213777 0.008314
0.498812 0.213777 0.010689
0.504751 0.213777 0.008314
0.534442 0.213777 0.004751
0.543943 0.213777 0.007126
0.554632 0.213777 0.008314
0.642518 0.213777 0.008314
0.133017 0.214964 0.008314
0.154394 0.214964 0.007126
0.163895 0.214964 0.005938
0.174584 0.214964 0.007126
0.184086 0.214964 0.004751
0.216152 0.214964 0.010689
0.347981 0.214964 0.008314
0.358670 0.214964 0.008314
0.565321 0.214964 0.008314
0.271971 0.216152 0.011876
0.283848 0.216152 0.005938
0.336105 0.216152 0.008314
0.370546 0.216152 0.008314
0.378860 0.216152 0.005938
0.388361 0.216152 0.005938
0.400238 0.216152 0.008314
0.410926 0.216152 0.008314
0.423990 0.216152 0.008314
0.434679 0.216152 0.005938
0.293349 0.217340 0.007126
0.302850 0.217340 0.005938
0.312352 0.217340 0.007126
0.324228 0.217340 0.007126
0.872922 0.218527 0.008314
0.881235 0.218527 0.005938
0.889549 0.218527 0.011876
0.852732 0.220903 0.008314
0.864608 0.220903 0.008314
0.832542 0.222090 0.004751
0.824228 0.223278 0.011876
0.793349 0.225653 0.008314
0.809976 0.225653 0.005938
0.802850 0.226841 0.013064
0.705463 0.228029 0.008314
0.780285 0.228029 0.008314
0.127078 0.229216 0.004751
0.641330 0.229216 0.008314
0.748219 0.229216 0.008314
0.758907 0.229216 0.007126
0.769596 0.229216 0.008314
0.133017 0.230404 0.004751
0.153207 0.230404 0.009501
0.179335 0.230404 0.004751
0.541568 0.230404 0.007126
0.618765 0.230404 0.008314
0.630641 0.230404 0.008314
0.650831 0.230404 0.005938
0.142518 0.231591 0.005938
0.172209 0.231591 0.004751
0.553444 0.231591 0.008314
0.562945 0.231591 0.004751
0.581948 0.231591 0.007126
0.593824 0.231591 0.008314
0.606888 0.231591 0.008314
0.193587 0.232779 0.008314
0.200713 0.232779 0.008314
0.280285 0.232779 0.005938
0.460808 0.232779 0.005938
0.470309 0.232779 0.007126
0.480998 0.232779 0.005938
0.488124 0.232779 0.004751
0.526128 0.232779 0.016627
0.571259 0.232779 0.013064
0.212589 0.233967 0.007126
0.258907 0.233967 0.008314
0.270784 0.233967 0.007126
0.305226 0.233967 0.008314
0.390736 0.233967 0.008314
0.401425 0.233967 0.005938
0.409739 0.233967 0.005938
0.418052 0.233967 0.007126
0.450119 0.233967 0.007126
0.501188 0.233967 0.010689
0.515439 0.233967 0.007126
0.223278 0.235154 0.008314
0.235154 0.235154 0.008314
0.247031 0.235154 0.008314
0.290974 0.235154 0.008314
0.332542 0.235154 0.004751
0.339667 0.235154 0.010689
0.351544 0.235154 0.008314
0.361045 0.235154 0.005938
0.370546 0.235154 0.008314
0.382423 0.235154 0.007126
0.438242 0.235154 0.009501
0.320665 0.236342 0.008314
0.426366 0.236342 0.011876
