0.758907 0.074822 0.004751
0.553444 0.076010 0.015439
0.634204 0.076010 0.005938
0.643705 0.076010 0.007126
0.653207 0.076010 0.007126
0.663895 0.076010 0.008314
0.723278 0.076010 0.008314
0.732779 0.076010 0.004751
0.739905 0.076010 0.013064
0.751781 0.076010 0.009501
0.792162 0.076010 0.007126
0.819477 0.076010 0.007126
0.834917 0.076010 0.004751
0.843230 0.076010 0.007126
0.852732 0.076010 0.008314
0.863420 0.076010 0.007126
0.874109 0.076010 0.013064
0.305226 0.077197 0.004751
0.597387 0.077197 0.008314
0.609264 0.077197 0.005938
0.675772 0.077197 0.007126
0.685273 0.077197 0.007126
0.710214 0.077197 0.008314
0.780285 0.077197 0.011876
0.806413 0.077197 0.010689
0.521378 0.078385 0.004751
0.542755 0.078385 0.008314
0.561758 0.078385 0.013064
0.585511 0.078385 0.007126
0.623515 0.078385 0.010689
0.498812 0.079572 0.007126
0.510689 0.079572 0.008314
0.529691 0.079572 0.011876
0.573634 0.079572 0.008314
0.695962 0.079572 0.008314
0.470309 0.080760 0.008314
0.480998 0.080760 0.008314
0.490499 0.080760 0.005938
0.445368 0.081948 0.008314
0.458432 0.081948 0.008314
0.399050 0.083135 0.008314
0.412114 0.083135 0.008314
0.325416 0.084323 0.005938
0.332542 0.084323 0.008314
0.342043 0.084323 0.008314
0.351544 0.084323 0.013064
0.358670 0.084323 0.008314
0.370546 0.084323 0.005938
0.380048 0.084323 0.007126
0.420428 0.084323 0.007126
0.432304 0.084323 0.008314
0.236342 0.085511 0.007126
0.250594 0.085511 0.008314
0.268409 0.085511 0.004751
0.276722 0.085511 0.010689
0.287411 0.085511 0.007126
0.298100 0.085511 0.005938
0.308789 0.085511 0.007126
0.317102 0.085511 0.004751
0.225653 0.086698 0.004751
0.260095 0.086698 0.005938
0.387173 0.086698 0.008314
0.172209 0.087886 0.005938
0.197150 0.087886 0.005938
0.207838 0.087886 0.005938
0.216152 0.087886 0.005938
0.185273 0.089074 0.008314
0.130641 0.090261 0.007126
0.142518 0.090261 0.008314
0.153207 0.090261 0.007126
0.162708 0.090261 0.005938
0.656770 0.091449 0.005938
0.703088 0.091449 0.004751
0.774347 0.091449 0.004751
0.839667 0.091449 0.005938
0.636580 0.092637 0.008314
0.647268 0.092637 0.005938
0.668646 0.092637 0.007126
0.681710 0.092637 0.007126
0.691211 0.092637 0.007126
0.709026 0.092637 0.008314
0.718527 0.092637 0.004751
0.726841 0.092637 0.004751
0.735154 0.092637 0.005938
0.744656 0.092637 0.005938
0.755344 0.092637 0.008314
0.764846 0.092637 0.005938
0.781473 0.092637 0.004751
0.792162 0.092637 0.008314
0.802850 0.092637 0.004751
0.813539 0.092637 0.007126
0.832542 0.092637 0.008314
0.864608 0.092637 0.004751
0.874109 0.092637 0.005938
0.598575 0.093824 0.005938
0.608076 0.093824 0.005938
0.618765 0.093824 0.007126
0.628266 0.093824 0.004751
0.820665 0.093824 0.008314
0.847981 0.093824 0.005938
0.857482 0.093824 0.005938
0.557007 0.095012 0.005938
0.564133 0.095012 0.005938
0.589074 0.095012 0.007126
0.527316 0.096200 0.007126
0.536817 0.096200 0.007126
0.547506 0.096200 0.008314
0.486936 0.097387 0.008314
0.495249 0.097387 0.008314
0.516627 0.097387 0.005938
0.572447 0.097387 0.011876
0.452494 0.098575 0.008314
0.464371 0.098575 0.008314
0.475059 0.098575 0.007126
0.505938 0.098575 0.007126
0.255344 0.099762 0.008314
0.293349 0.099762 0.010689
0.314727 0.099762 0.004751
0.323040 0.099762 0.004751
0.334917 0.099762 0.004751
0.353919 0.099762 0.007126
0.366983 0.099762 0.007126
0.377672 0.099762 0.005938
0.387173 0.099762 0.005938
0.397862 0.099762 0.004751
0.406176 0.099762 0.007126
0.418052 0.099762 0.005938
0.427553 0.099762 0.005938
0.439430 0.099762 0.008314
0.218527 0.100950 0.008314
0.228029 0.100950 0.005938
0.237530 0.100950 0.004751
0.245843 0.100950 0.008314
0.268409 0.100950 0.004751
0.276722 0.100950 0.008314
0.302850 0.100950 0.005938
0.198337 0.102138 0.008314
0.207838 0.102138 0.004751
0.186461 0.103325 0.005938
0.175772 0.104513 0.007126
0.129454 0.106888 0.007126
0.159145 0.106888 0.010689
0.776722 0.106888 0.011876
0.799287 0.106888 0.009501
0.815914 0.106888 0.008314
0.827791 0.106888 0.008314
0.834917 0.106888 0.004751
0.842043 0.106888 0.005938
0.850356 0.106888 0.004751
0.863420 0.106888 0.004751
0.881235 0.106888 0.009501
0.147268 0.108076 0.008314
0.711401 0.108076 0.008314
0.723278 0.108076 0.008314
0.739905 0.108076 0.005938
0.749406 0.108076 0.005938
0.763658 0.108076 0.009501
0.785036 0.108076 0.005938
0.874109 0.108076 0.008314
0.137767 0.109264 0.007126
0.684086 0.109264 0.005938
0.692399 0.109264 0.004751
0.731591 0.109264 0.004751
0.656770 0.110451 0.005938
0.665083 0.110451 0.005938
0.543943 0.111639 0.008314
0.586698 0.111639 0.008314
0.608076 0.111639 0.008314
0.619952 0.111639 0.007126
0.644893 0.111639 0.007126
0.674584 0.111639 0.008314
0.330166 0.112827 0.007126
0.500000 0.112827 0.008314
0.533254 0.112827 0.007126
0.560570 0.112827 0.008314
0.572447 0.112827 0.005938
0.596200 0.112827 0.007126
0.633017 0.112827 0.008314
0.344418 0.114014 0.007126
0.356295 0.114014 0.007126
0.451306 0.114014 0.008314
0.476247 0.114014 0.007126
0.486936 0.114014 0.005938
0.509501 0.114014 0.007126
0.520190 0.114014 0.008314
0.309976 0.115202 0.007126
0.320665 0.115202 0.008314
0.365796 0.115202 0.004751
0.374109 0.115202 0.008314
0.387173 0.115202 0.008314
0.396675 0.115202 0.005938
0.432304 0.115202 0.008314
0.441805 0.115202 0.005938
0.464371 0.115202 0.008314
0.236342 0.116390 0.008314
0.270784 0.116390 0.008314
0.298100 0.116390 0.008314
0.407363 0.116390 0.008314
0.420428 0.116390 0.008314
0.223278 0.117577 0.008314
0.252969 0.117577 0.008314
0.262470 0.117577 0.004751
0.214964 0.118765 0.005938
0.188836 0.119952 0.005938
0.198337 0.119952 0.008314
0.179335 0.121140 0.005938
0.859857 0.121140 0.005938
0.872922 0.121140 0.004751
0.880048 0.121140 0.008314
0.825416 0.122328 0.008314
0.833729 0.122328 0.008314
0.844418 0.122328 0.004751
0.851544 0.122328 0.004751
0.134204 0.123515 0.007126
0.143705 0.123515 0.005938
0.154394 0.123515 0.007126
0.167458 0.123515 0.007126
0.804038 0.123515 0.007126
0.814727 0.123515 0.008314
0.711401 0.124703 0.008314
0.773159 0.124703 0.008314
0.781473 0.124703 0.004751
0.792162 0.124703 0.007126
0.647268 0.125891 0.008314
0.657957 0.125891 0.007126
0.667458 0.125891 0.005938
0.723278 0.125891 0.008314
0.736342 0.125891 0.005938
0.747031 0.125891 0.005938
0.758907 0.125891 0.008314
0.599762 0.127078 0.008314
0.611639 0.127078 0.008314
0.624703 0.127078 0.007126
0.636580 0.127078 0.007126
0.577197 0.128266 0.008314
0.589074 0.128266 0.008314
0.402613 0.129454 0.008314
0.451306 0.129454 0.007126
0.509501 0.129454 0.008314
0.523753 0.129454 0.005938
0.533254 0.129454 0.007126
0.541568 0.129454 0.004751
0.562945 0.129454 0.005938
0.389549 0.130641 0.007126
0.428741 0.130641 0.007126
0.440618 0.130641 0.008314
0.465558 0.130641 0.008314
0.477435 0.130641 0.008314
0.552257 0.130641 0.008314
0.256532 0.131829 0.007126
0.266033 0.131829 0.007126
0.338480 0.131829 0.008314
0.349169 0.131829 0.007126
0.414489 0.131829 0.008314
0.490499 0.131829 0.007126
0.498812 0.131829 0.007126
0.231591 0.133017 0.010689
0.243468 0.133017 0.008314
0.276722 0.133017 0.008314
0.192399 0.134204 0.007126
0.200713 0.134204 0.005938
0.213777 0.134204 0.008314
0.224466 0.134204 0.008314
0.181710 0.135392 0.004751
0.154394 0.136580 0.004751
0.172209 0.136580 0.005938
0.850356 0.136580 0.008314
0.862233 0.136580 0.008314
0.871734 0.136580 0.004751
0.128266 0.137767 0.010689
0.136580 0.137767 0.004751
0.144893 0.137767 0.005938
0.162708 0.137767 0.004751
0.838480 0.138955 0.004751
0.724466 0.140143 0.008314
0.807601 0.140143 0.007126
0.817102 0.140143 0.007126
0.650831 0.141330 0.005938
0.662708 0.141330 0.010689
0.711401 0.141330 0.009501
0.742280 0.141330 0.010689
0.749406 0.141330 0.004751
0.774347 0.141330 0.008314
0.787411 0.141330 0.008314
0.795724 0.141330 0.007126
0.565321 0.142518 0.008314
0.577197 0.142518 0.007126
0.609264 0.142518 0.007126
0.618765 0.142518 0.005938
0.633017 0.142518 0.008314
0.642518 0.142518 0.004751
0.762470 0.142518 0.008314
0.587886 0.143705 0.007126
0.597387 0.143705 0.007126
0.551069 0.144893 0.004751
0.440618 0.146081 0.005938
0.451306 0.146081 0.007126
0.463183 0.146081 0.007126
0.508314 0.146081 0.005938
0.519002 0.146081 0.004751
0.542755 0.146081 0.005938
0.263658 0.147268 0.008314
0.275534 0.147268 0.007126
0.404988 0.147268 0.008314
0.416865 0.147268 0.007126
0.427553 0.147268 0.008314
0.475059 0.147268 0.008314
0.486936 0.147268 0.008314
0.497625 0.147268 0.007126
0.532067 0.147268 0.008314
0.252969 0.148456 0.008314
0.349169 0.148456 0.005938
0.242280 0.149644 0.008314
0.339667 0.149644 0.007126
0.364608 0.149644 0.010689
0.144893 0.150831 0.007126
0.178147 0.150831 0.005938
0.187648 0.150831 0.005938
0.195962 0.150831 0.005938
0.205463 0.150831 0.005938
0.214964 0.150831 0.004751
0.130641 0.152019 0.008314
0.156770 0.152019 0.007126
0.168646 0.152019 0.005938
0.852732 0.153207 0.008314
0.862233 0.153207 0.004751
0.872922 0.153207 0.009501
0.880048 0.153207 0.005938
0.840855 0.154394 0.008314
0.787411 0.155582 0.008314
0.827791 0.155582 0.008314
0.710214 0.156770 0.007126
0.795724 0.156770 0.005938
0.804038 0.156770 0.004751
0.596200 0.157957 0.008314
0.625891 0.157957 0.008314
0.719715 0.157957 0.005938
0.726841 0.157957 0.004751
0.733967 0.157957 0.004751
0.741093 0.157957 0.010689
0.581948 0.159145 0.008314
0.606888 0.159145 0.011876
0.614014 0.159145 0.010689
0.638955 0.159145 0.007126
0.649644 0.159145 0.007126
0.659145 0.159145 0.007126
0.752969 0.159145 0.008314
0.767221 0.159145 0.011876
0.775534 0.159145 0.004751
0.540380 0.160333 0.005938
0.571259 0.160333 0.008314
0.451306 0.161520 0.008314
0.508314 0.161520 0.008314
0.519002 0.161520 0.008314
0.529691 0.161520 0.007126
0.551069 0.161520 0.007126
0.561758 0.161520 0.005938
0.435867 0.162708 0.008314
0.467933 0.162708 0.010689
0.486936 0.162708 0.007126
0.497625 0.162708 0.007126
0.390736 0.163895 0.008314
0.414489 0.163895 0.008314
0.426366 0.163895 0.005938
0.476247 0.163895 0.004751
0.260095 0.165083 0.008314
0.270784 0.165083 0.007126
0.362233 0.165083 0.004751
0.380048 0.165083 0.005938
0.402613 0.165083 0.008314
0.235154 0.166271 0.008314
0.248219 0.166271 0.008314
0.346793 0.166271 0.010689
0.353919 0.166271 0.004751
0.210214 0.167458 0.008314
0.223278 0.167458 0.007126
0.127078 0.168646 0.008314
0.187648 0.168646 0.010689
0.198337 0.168646 0.007126
0.883610 0.168646 0.008314
0.140143 0.169834 0.007126
0.149644 0.169834 0.005938
0.157957 0.169834 0.005938
0.168646 0.169834 0.008314
0.871734 0.169834 0.004751
0.863420 0.171021 0.004751
0.836105 0.172209 0.004751
0.844418 0.172209 0.004751
0.804038 0.173397 0.004751
0.811164 0.173397 0.004751
0.821853 0.173397 0.007126
0.712589 0.174584 0.011876
0.729216 0.174584 0.008314
0.739905 0.174584 0.008314
0.761283 0.174584 0.005938
0.777910 0.174584 0.004751
0.783848 0.174584 0.004751
0.792162 0.174584 0.008314
0.704276 0.175772 0.007126
0.606888 0.176960 0.005938
0.616390 0.176960 0.013064
0.622328 0.176960 0.011876
0.634204 0.176960 0.008314
0.646081 0.176960 0.007126
0.655582 0.176960 0.007126
0.539192 0.178147 0.008314
0.548694 0.178147 0.004751
0.576010 0.178147 0.007126
0.586698 0.178147 0.005938
0.597387 0.178147 0.008314
0.665083 0.178147 0.005938
0.433492 0.179335 0.005938
0.489311 0.179335 0.007126
0.498812 0.179335 0.005938
0.508314 0.179335 0.005938
0.516627 0.179335 0.005938
0.527316 0.179335 0.007126
0.558195 0.179335 0.005938
0.566508 0.179335 0.004751
0.420428 0.180523 0.008314
0.445368 0.180523 0.013064
0.453682 0.180523 0.007126
0.465558 0.180523 0.007126
0.477435 0.180523 0.007126
0.381235 0.181710 0.005938
0.218527 0.182898 0.007126
0.370546 0.182898 0.005938
0.389549 0.182898 0.005938
0.400238 0.182898 0.007126
0.409739 0.182898 0.004751
0.185273 0.184086 0.005938
0.228029 0.184086 0.008314
0.239905 0.184086 0.009501
0.334917 0.184086 0.011876
0.343230 0.184086 0.011876
0.361045 0.184086 0.008314
0.872922 0.184086 0.005938
0.881235 0.184086 0.007126
0.192399 0.185273 0.010689
0.209026 0.185273 0.007126
0.245843 0.185273 0.011876
0.353919 0.185273 0.013064
0.849169 0.185273 0.004751
0.857482 0.185273 0.004751
0.174584 0.186461 0.005938
0.838480 0.186461 0.008314
0.125891 0.187648 0.008314
0.165083 0.187648 0.008314
0.814727 0.187648 0.008314
0.825416 0.187648 0.008314
0.136580 0.188836 0.005938
0.144893 0.188836 0.007126
0.154394 0.188836 0.005938
0.764846 0.188836 0.005938
0.775534 0.188836 0.008314
0.788599 0.188836 0.005938
0.799287 0.188836 0.008314
0.806413 0.188836 0.004751
0.728029 0.190024 0.004751
0.737530 0.190024 0.005938
0.747031 0.190024 0.005938
0.756532 0.190024 0.004751
0.680523 0.191211 0.003563
0.718527 0.191211 0.007126
0.643705 0.192399 0.008314
0.656770 0.192399 0.007126
0.668646 0.192399 0.008314
0.697150 0.192399 0.007126
0.707838 0.192399 0.008314
0.540380 0.193587 0.007126
0.551069 0.193587 0.007126
0.560570 0.193587 0.005938
0.571259 0.193587 0.007126
0.581948 0.193587 0.008314
0.614014 0.193587 0.010689
0.623515 0.193587 0.004751
0.631829 0.193587 0.005938
0.513064 0.194774 0.007126
0.522565 0.194774 0.004751
0.530879 0.194774 0.005938
0.597387 0.194774 0.007126
0.608076 0.194774 0.004751
0.466746 0.195962 0.008314
0.480998 0.195962 0.009501
0.501188 0.195962 0.007126
0.446556 0.197150 0.005938
0.356295 0.198337 0.004751
0.375297 0.198337 0.005938
0.384798 0.198337 0.007126
0.402613 0.198337 0.005938
0.412114 0.198337 0.005938
0.426366 0.198337 0.008314
0.437055 0.198337 0.007126
0.454869 0.198337 0.008314
0.211401 0.199525 0.007126
0.231591 0.199525 0.005938
0.271971 0.199525 0.008314
0.282660 0.199525 0.008314
0.294537 0.199525 0.014252
0.323040 0.199525 0.004751
0.364608 0.199525 0.005938
0.877672 0.199525 0.008314
0.884798 0.199525 0.009501
0.222090 0.200713 0.005938
0.241093 0.200713 0.005938
0.251781 0.200713 0.008314
0.260095 0.200713 0.005938
0.313539 0.200713 0.005938
0.344418 0.200713 0.008314
0.188836 0.201900 0.007126
0.199525 0.201900 0.007126
0.330166 0.201900 0.010689
0.851544 0.201900 0.005938
0.861045 0.201900 0.008314
0.866983 0.201900 0.004751
0.146081 0.203088 0.005938
0.832542 0.203088 0.010689
0.840855 0.203088 0.005938
0.124703 0.204276 0.007126
0.135392 0.204276 0.007126
0.154394 0.204276 0.005938
0.163895 0.204276 0.007126
0.741093 0.204276 0.010689
0.768409 0.204276 0.008314
0.776722 0.204276 0.004751
0.785036 0.204276 0.007126
0.795724 0.204276 0.011876
0.802850 0.204276 0.004751
0.815914 0.204276 0.008314
0.749406 0.205463 0.004751
0.730404 0.206651 0.007126
0.530879 0.207838 0.004751
0.577197 0.207838 0.007126
0.611639 0.207838 0.007126
0.697150 0.207838 0.005938
0.709026 0.207838 0.008314
0.720903 0.207838 0.008314
0.505938 0.209026 0.007126
0.516627 0.209026 0.008314
0.543943 0.209026 0.008314
0.555819 0.209026 0.007126
0.567696 0.209026 0.007126
0.592637 0.209026 0.005938
0.600950 0.209026 0.007126
0.623515 0.209026 0.008314
0.630641 0.209026 0.004751
0.641330 0.209026 0.007126
0.652019 0.209026 0.007126
0.661520 0.209026 0.004751
0.668646 0.209026 0.004751
0.678147 0.209026 0.013064
0.686461 0.209026 0.007126
0.380048 0.211401 0.008314
0.477435 0.211401 0.007126
0.490499 0.211401 0.008314
0.412114 0.212589 0.010689
0.419240 0.212589 0.005938
0.428741 0.212589 0.005938
0.435867 0.212589 0.004751
0.445368 0.212589 0.007126
0.456057 0.212589 0.005938
0.466746 0.212589 0.007126
0.389549 0.213777 0.005938
0.397862 0.213777 0.007126
0.880048 0.213777 0.010689
0.232779 0.214964 0.005938
0.351544 0.214964 0.008314
0.363420 0.214964 0.008314
0.866983 0.214964 0.004751
0.872922 0.214964 0.004751
0.216152 0.216152 0.005938
0.223278 0.216152 0.004751
0.248219 0.216152 0.007126
0.258907 0.216152 0.004751
0.277910 0.216152 0.007126
0.287411 0.216152 0.004751
0.296912 0.216152 0.005938
0.307601 0.216152 0.010689
0.123515 0.217340 0.005938
0.141330 0.217340 0.008314
0.153207 0.217340 0.004751
0.188836 0.217340 0.008314
0.198337 0.217340 0.005938
0.206651 0.217340 0.004751
0.846793 0.217340 0.008314
0.858670 0.217340 0.005938
0.133017 0.218527 0.005938
0.160333 0.218527 0.004751
0.325416 0.218527 0.008314
0.823040 0.218527 0.009501
0.831354 0.218527 0.008314
0.758907 0.220903 0.005938
0.769596 0.220903 0.007126
0.792162 0.220903 0.010689
0.809976 0.220903 0.008314
0.572447 0.222090 0.004751
0.739905 0.222090 0.013064
0.749406 0.222090 0.005938
0.780285 0.222090 0.008314
0.718527 0.223278 0.008314
0.724466 0.223278 0.004751
0.732779 0.223278 0.004751
0.564133 0.224466 0.005938
0.707838 0.224466 0.007126
0.554632 0.225653 0.008314
0.578385 0.225653 0.008314
0.587886 0.225653 0.005938
0.596200 0.225653 0.010689
0.614014 0.225653 0.011876
0.622328 0.225653 0.004751
0.633017 0.225653 0.008314
0.668646 0.225653 0.004751
0.686461 0.225653 0.005938
0.699525 0.225653 0.011876
0.522565 0.226841 0.007126
0.542755 0.226841 0.005938
0.644893 0.226841 0.007126
0.657957 0.226841 0.008314
0.676960 0.226841 0.004751
0.471496 0.228029 0.008314
0.507126 0.228029 0.010689
0.532067 0.228029 0.008314
0.344418 0.229216 0.008314
0.403800 0.229216 0.008314
0.428741 0.229216 0.008314
0.439430 0.229216 0.008314
0.451306 0.229216 0.008314
0.461995 0.229216 0.004751
0.484561 0.229216 0.008314
0.495249 0.229216 0.005938
0.226841 0.230404 0.005938
0.236342 0.230404 0.007126
0.247031 0.230404 0.005938
0.255344 0.230404 0.007126
0.382423 0.230404 0.007126
0.394299 0.230404 0.007126
0.415677 0.230404 0.008314
0.148456 0.231591 0.005938
0.161520 0.231591 0.008314
0.169834 0.231591 0.014252
0.195962 0.231591 0.010689
0.216152 0.231591 0.007126
0.269596 0.231591 0.010689
0.276722 0.231591 0.004751
0.285036 0.231591 0.005938
0.294537 0.231591 0.005938
0.305226 0.231591 0.013064
0.312352 0.231591 0.010689
0.325416 0.231591 0.007126
0.364608 0.231591 0.004751
0.371734 0.231591 0.008314
0.129454 0.233967 0.008314
0.140143 0.233967 0.004751
0.206651 0.233967 0.005938
