0.942993 0.000000 0.033254
0.770784 0.008314 0.029691
0.757720 0.009501 0.042755
0.818290 0.010689 0.014252
0.880048 0.010689 0.011876
0.693587 0.013064 0.015439
0.156770 0.022565 0.022565
0.185273 0.022565 0.013064
0.122328 0.024941 0.013064
0.138955 0.026128 0.027316
0.801663 0.035629 0.013064
0.811164 0.036817 0.007126
0.820665 0.036817 0.007126
0.842043 0.036817 0.005938
0.832542 0.038005 0.005938
0.857482 0.038005 0.008314
0.551069 0.039192 0.008314
0.576010 0.039192 0.008314
0.585511 0.039192 0.004751
0.501188 0.040380 0.005938
0.510689 0.040380 0.005938
0.519002 0.040380 0.005938
0.529691 0.040380 0.007126
0.690024 0.040380 0.008314
0.869359 0.040380 0.008314
0.881235 0.040380 0.007126
0.416865 0.041568 0.004751
0.427553 0.041568 0.005938
0.435867 0.041568 0.004751
0.463183 0.041568 0.008314
0.476247 0.041568 0.008314
0.488124 0.041568 0.008314
0.408551 0.042755 0.005938
0.446556 0.042755 0.008314
0.261283 0.043943 0.004751
0.337292 0.043943 0.004751
0.344418 0.043943 0.010689
0.400238 0.043943 0.004751
0.254157 0.045131 0.004751
0.268409 0.045131 0.010689
0.280285 0.045131 0.005938
0.299287 0.045131 0.007126
0.321853 0.045131 0.005938
0.330166 0.045131 0.010689
0.371734 0.045131 0.008314
0.383610 0.045131 0.005938
0.288599 0.046318 0.005938
0.311164 0.046318 0.007126
0.391924 0.046318 0.005938
0.238717 0.047506 0.013064
0.229216 0.048694 0.005938
0.212589 0.049881 0.010689
0.821853 0.049881 0.007126
0.203088 0.051069 0.005938
0.807601 0.051069 0.008314
0.191211 0.052257 0.007126
0.662708 0.052257 0.009501
0.673397 0.052257 0.008314
0.681710 0.052257 0.009501
0.831354 0.052257 0.007126
0.844418 0.052257 0.008314
0.853919 0.052257 0.005938
0.861045 0.052257 0.005938
0.871734 0.052257 0.005938
0.880048 0.052257 0.007126
0.585511 0.053444 0.008314
0.615202 0.053444 0.010689
0.622328 0.053444 0.004751
0.629454 0.053444 0.005938
0.694774 0.053444 0.004751
0.172209 0.054632 0.005938
0.181710 0.054632 0.005938
0.497625 0.054632 0.008314
0.547506 0.054632 0.007126
0.574822 0.054632 0.005938
0.598575 0.054632 0.009501
0.703088 0.054632 0.004751
0.162708 0.055819 0.004751
0.428741 0.055819 0.005938
0.475059 0.055819 0.007126
0.484561 0.055819 0.004751
0.507126 0.055819 0.005938
0.516627 0.055819 0.005938
0.526128 0.055819 0.004751
0.555819 0.055819 0.004751
0.564133 0.055819 0.005938
0.710214 0.055819 0.004751
0.154394 0.057007 0.007126
0.419240 0.057007 0.008314
0.441805 0.057007 0.007126
0.451306 0.057007 0.008314
0.464371 0.057007 0.007126
0.534442 0.057007 0.008314
0.131829 0.058195 0.007126
0.142518 0.058195 0.005938
0.361045 0.058195 0.013064
0.287411 0.059382 0.005938
0.370546 0.059382 0.005938
0.385986 0.059382 0.008314
0.397862 0.059382 0.007126
0.407363 0.059382 0.005938
0.262470 0.060570 0.008314
0.273159 0.060570 0.008314
0.300475 0.060570 0.004751
0.309976 0.060570 0.007126
0.331354 0.060570 0.007126
0.338480 0.060570 0.004751
0.321853 0.061758 0.007126
0.230404 0.062945 0.005938
0.239905 0.062945 0.004751
0.248219 0.062945 0.008314
0.214964 0.064133 0.004751
0.222090 0.064133 0.004751
0.201900 0.065321 0.005938
0.875297 0.065321 0.004751
0.883610 0.065321 0.004751
0.191211 0.066508 0.005938
0.678147 0.066508 0.005938
0.815914 0.066508 0.007126
0.825416 0.066508 0.007126
0.843230 0.066508 0.008314
0.859857 0.066508 0.004751
0.866983 0.066508 0.005938
0.182898 0.067696 0.005938
0.629454 0.067696 0.007126
0.641330 0.067696 0.005938
0.649644 0.067696 0.008314
0.660333 0.067696 0.005938
0.668646 0.067696 0.005938
0.685273 0.067696 0.011876
0.762470 0.067696 0.007126
0.774347 0.067696 0.008314
0.796912 0.067696 0.008314
0.836105 0.067696 0.004751
0.852732 0.067696 0.005938
0.619952 0.068884 0.007126
0.701900 0.068884 0.008314
0.787411 0.068884 0.008314
0.154394 0.070071 0.008314
0.167458 0.070071 0.008314
0.504751 0.070071 0.011876
0.592637 0.070071 0.005938
0.604513 0.070071 0.007126
0.716152 0.070071 0.011876
0.419240 0.071259 0.008314
0.464371 0.071259 0.008314
0.511876 0.071259 0.008314
0.523753 0.071259 0.007126
0.533254 0.071259 0.007126
0.543943 0.071259 0.005938
0.553444 0.071259 0.008314
0.573634 0.071259 0.004751
0.581948 0.071259 0.005938
0.724466 0.071259 0.008314
0.130641 0.072447 0.008314
0.141330 0.072447 0.007126
0.432304 0.072447 0.007126
0.444181 0.072447 0.007126
0.454869 0.072447 0.005938
0.476247 0.072447 0.007126
0.496437 0.072447 0.007126
0.565321 0.072447 0.007126
0.277910 0.073634 0.007126
0.286223 0.073634 0.008314
0.295724 0.073634 0.007126
0.312352 0.073634 0.005938
0.334917 0.073634 0.008314
0.347981 0.073634 0.005938
0.368171 0.073634 0.005938
0.376485 0.073634 0.004751
0.384798 0.073634 0.007126
0.395487 0.073634 0.004751
0.406176 0.073634 0.007126
0.488124 0.073634 0.010689
0.267221 0.074822 0.008314
0.304038 0.074822 0.011876
0.323040 0.074822 0.005938
0.358670 0.074822 0.005938
0.252969 0.076010 0.008314
0.225653 0.077197 0.005938
0.235154 0.077197 0.008314
0.200713 0.079572 0.007126
0.210214 0.079572 0.008314
0.188836 0.080760 0.008314
0.179335 0.081948 0.005938
0.160333 0.083135 0.005938
0.169834 0.083135 0.005938
0.767221 0.083135 0.010689
0.858670 0.083135 0.005938
0.752969 0.084323 0.008314
0.773159 0.084323 0.010689
0.839667 0.084323 0.008314
0.847981 0.084323 0.007126
0.869359 0.084323 0.007126
0.881235 0.084323 0.008314
0.153207 0.085511 0.004751
0.609264 0.085511 0.004751
0.643705 0.085511 0.013064
0.653207 0.085511 0.013064
0.714964 0.085511 0.008314
0.738717 0.085511 0.008314
0.786223 0.085511 0.008314
0.796912 0.085511 0.008314
0.809976 0.085511 0.007126
0.820665 0.085511 0.004751
0.830166 0.085511 0.007126
0.146081 0.086698 0.005938
0.593824 0.086698 0.005938
0.602138 0.086698 0.004751
0.724466 0.086698 0.008314
0.129454 0.087886 0.005938
0.136580 0.087886 0.004751
0.426366 0.087886 0.008314
0.437055 0.087886 0.010689
0.529691 0.087886 0.005938
0.539192 0.087886 0.005938
0.548694 0.087886 0.005938
0.558195 0.087886 0.005938
0.283848 0.089074 0.005938
0.294537 0.089074 0.008314
0.336105 0.089074 0.008314
0.365796 0.089074 0.005938
0.374109 0.089074 0.004751
0.384798 0.089074 0.008314
0.444181 0.089074 0.004751
0.486936 0.089074 0.008314
0.500000 0.089074 0.008314
0.511876 0.089074 0.005938
0.520190 0.089074 0.005938
0.568884 0.089074 0.008314
0.580760 0.089074 0.008314
0.264846 0.090261 0.008314
0.274347 0.090261 0.008314
0.345606 0.090261 0.010689
0.352732 0.090261 0.009501
0.395487 0.090261 0.008314
0.404988 0.090261 0.005938
0.414489 0.090261 0.004751
0.452494 0.090261 0.007126
0.464371 0.090261 0.011876
0.472684 0.090261 0.004751
0.480998 0.090261 0.011876
0.243468 0.091449 0.007126
0.254157 0.091449 0.008314
0.228029 0.092637 0.004751
0.205463 0.095012 0.007126
0.216152 0.095012 0.008314
0.193587 0.096200 0.007126
0.172209 0.097387 0.005938
0.161520 0.098575 0.007126
0.182898 0.098575 0.008314
0.140143 0.099762 0.005938
0.150831 0.099762 0.007126
0.865796 0.099762 0.010689
0.881235 0.099762 0.005938
0.763658 0.100950 0.007126
0.781473 0.100950 0.004751
0.789786 0.100950 0.005938
0.798100 0.100950 0.005938
0.837292 0.100950 0.005938
0.847981 0.100950 0.008314
0.857482 0.100950 0.005938
0.129454 0.102138 0.008314
0.656770 0.102138 0.010689
0.736342 0.102138 0.005938
0.745843 0.102138 0.004751
0.754157 0.102138 0.004751
0.773159 0.102138 0.005938
0.809976 0.102138 0.008314
0.825416 0.102138 0.009501
0.642518 0.103325 0.005938
0.663895 0.103325 0.010689
0.728029 0.103325 0.005938
0.534442 0.104513 0.010689
0.624703 0.104513 0.008314
0.633017 0.104513 0.005938
0.717340 0.104513 0.008314
0.288599 0.105701 0.008314
0.339667 0.105701 0.005938
0.349169 0.105701 0.007126
0.415677 0.105701 0.010689
0.483373 0.105701 0.013064
0.491686 0.105701 0.005938
0.502375 0.105701 0.005938
0.511876 0.105701 0.007126
0.521378 0.105701 0.009501
0.545131 0.105701 0.005938
0.553444 0.105701 0.005938
0.562945 0.105701 0.005938
0.573634 0.105701 0.005938
0.583135 0.105701 0.004751
0.592637 0.105701 0.008314
0.604513 0.105701 0.005938
0.614014 0.105701 0.007126
0.274347 0.106888 0.008314
0.361045 0.106888 0.007126
0.374109 0.106888 0.008314
0.404988 0.106888 0.008314
0.473872 0.106888 0.005938
0.254157 0.108076 0.005938
0.263658 0.108076 0.008314
0.387173 0.108076 0.007126
0.396675 0.108076 0.004751
0.432304 0.108076 0.007126
0.441805 0.108076 0.005938
0.451306 0.108076 0.007126
0.231591 0.109264 0.007126
0.243468 0.109264 0.008314
0.464371 0.109264 0.008314
0.222090 0.110451 0.005938
0.203088 0.111639 0.005938
0.211401 0.111639 0.008314
0.166271 0.112827 0.011876
0.175772 0.112827 0.007126
0.182898 0.112827 0.004751
0.193587 0.112827 0.007126
0.865796 0.112827 0.008314
0.874109 0.114014 0.004751
0.852732 0.115202 0.005938
0.152019 0.116390 0.004751
0.159145 0.116390 0.010689
0.789786 0.116390 0.008314
0.801663 0.116390 0.004751
0.808789 0.116390 0.004751
0.838480 0.116390 0.008314
0.845606 0.116390 0.011876
0.143705 0.117577 0.010689
0.769596 0.117577 0.004751
0.780285 0.117577 0.007126
0.815914 0.117577 0.008314
0.827791 0.117577 0.005938
0.648456 0.118765 0.010689
0.735154 0.118765 0.008314
0.749406 0.118765 0.008314
0.758907 0.118765 0.007126
0.631829 0.119952 0.008314
0.656770 0.119952 0.004751
0.725653 0.119952 0.011876
0.130641 0.121140 0.008314
0.524941 0.121140 0.008314
0.542755 0.121140 0.009501
0.598575 0.121140 0.004751
0.606888 0.121140 0.008314
0.717340 0.121140 0.008314
0.371734 0.122328 0.008314
0.385986 0.122328 0.011876
0.391924 0.122328 0.009501
0.402613 0.122328 0.005938
0.412114 0.122328 0.005938
0.511876 0.122328 0.009501
0.558195 0.122328 0.008314
0.570071 0.122328 0.008314
0.583135 0.122328 0.008314
0.591449 0.122328 0.004751
0.619952 0.122328 0.008314
0.109264 0.123515 0.010689
0.286223 0.123515 0.007126
0.352732 0.123515 0.005938
0.361045 0.123515 0.008314
0.421615 0.123515 0.008314
0.274347 0.124703 0.005938
0.344418 0.124703 0.004751
0.433492 0.124703 0.008314
0.447743 0.124703 0.009501
0.473872 0.124703 0.008314
0.486936 0.124703 0.008314
0.497625 0.124703 0.008314
0.229216 0.125891 0.007126
0.241093 0.125891 0.009501
0.255344 0.125891 0.004751
0.264846 0.125891 0.007126
0.460808 0.125891 0.008314
0.218527 0.128266 0.011876
0.211401 0.129454 0.013064
0.180523 0.130641 0.005938
0.190024 0.130641 0.008314
0.203088 0.130641 0.008314
0.172209 0.131829 0.005938
0.795724 0.131829 0.013064
0.806413 0.131829 0.008314
0.863420 0.131829 0.004751
0.883610 0.131829 0.008314
0.162708 0.133017 0.008314
0.814727 0.133017 0.004751
0.824228 0.133017 0.005938
0.834917 0.133017 0.007126
0.844418 0.133017 0.008314
0.855107 0.133017 0.008314
0.875297 0.133017 0.008314
0.741093 0.134204 0.005938
0.780285 0.134204 0.004751
0.894299 0.134204 0.008314
0.148456 0.135392 0.005938
0.706651 0.135392 0.011876
0.720903 0.135392 0.008314
0.732779 0.135392 0.004751
0.751781 0.135392 0.005938
0.760095 0.135392 0.008314
0.770784 0.135392 0.005938
0.787411 0.135392 0.011876
0.140143 0.136580 0.004751
0.130641 0.137767 0.007126
0.347981 0.137767 0.005938
0.646081 0.137767 0.008314
0.337292 0.138955 0.014252
0.355107 0.138955 0.010689
0.369359 0.138955 0.007126
0.380048 0.138955 0.005938
0.410926 0.138955 0.010689
0.615202 0.138955 0.008314
0.631829 0.138955 0.008314
0.287411 0.140143 0.008314
0.389549 0.140143 0.004751
0.399050 0.140143 0.008314
0.425178 0.140143 0.008314
0.435867 0.140143 0.005938
0.551069 0.140143 0.005938
0.559382 0.140143 0.008314
0.574822 0.140143 0.007126
0.596200 0.140143 0.004751
0.604513 0.140143 0.007126
0.267221 0.141330 0.008314
0.445368 0.141330 0.005938
0.470309 0.141330 0.008314
0.482185 0.141330 0.005938
0.491686 0.141330 0.004751
0.507126 0.141330 0.009501
0.513064 0.141330 0.004751
0.520190 0.141330 0.008314
0.532067 0.141330 0.005938
0.540380 0.141330 0.005938
0.586698 0.141330 0.005938
0.457245 0.142518 0.009501
0.249406 0.143705 0.005938
0.257720 0.143705 0.011876
0.230404 0.144893 0.005938
0.239905 0.144893 0.005938
0.219715 0.146081 0.008314
0.878860 0.146081 0.007126
0.211401 0.147268 0.013064
0.869359 0.147268 0.005938
0.203088 0.148456 0.013064
0.836105 0.148456 0.011876
0.852732 0.148456 0.007126
0.861045 0.148456 0.004751
0.175772 0.149644 0.008314
0.187648 0.149644 0.007126
0.817102 0.149644 0.005938
0.826603 0.149644 0.004751
0.162708 0.150831 0.007126
0.789786 0.150831 0.008314
0.806413 0.150831 0.005938
0.134204 0.152019 0.005938
0.143705 0.152019 0.005938
0.152019 0.152019 0.004751
0.781473 0.152019 0.005938
0.127078 0.153207 0.011876
0.599762 0.153207 0.008314
0.611639 0.153207 0.005938
0.628266 0.153207 0.008314
0.574822 0.154394 0.008314
0.583135 0.154394 0.005938
0.591449 0.154394 0.004751
0.634204 0.154394 0.004751
0.420428 0.155582 0.008314
0.532067 0.155582 0.007126
0.554632 0.155582 0.008314
0.562945 0.155582 0.007126
0.353919 0.156770 0.004751
0.365796 0.156770 0.008314
0.378860 0.156770 0.008314
0.391924 0.156770 0.008314
0.404988 0.156770 0.009501
0.516627 0.156770 0.008314
0.543943 0.156770 0.008314
0.321853 0.157957 0.007126
0.332542 0.157957 0.005938
0.343230 0.157957 0.007126
0.432304 0.157957 0.004751
0.440618 0.157957 0.005938
0.463183 0.157957 0.010689
0.496437 0.157957 0.005938
0.507126 0.157957 0.007126
0.254157 0.159145 0.007126
0.263658 0.159145 0.008314
0.300475 0.159145 0.005938
0.311164 0.159145 0.005938
0.453682 0.159145 0.008314
0.485748 0.159145 0.007126
0.290974 0.160333 0.007126
0.279097 0.161520 0.008314
0.823040 0.161520 0.008314
0.874109 0.161520 0.004751
0.209026 0.162708 0.007126
0.844418 0.162708 0.004751
0.865796 0.162708 0.007126
0.885986 0.162708 0.008314
0.805226 0.163895 0.004751
0.833729 0.163895 0.007126
0.855107 0.163895 0.007126
0.185273 0.165083 0.009501
0.782660 0.165083 0.007126
0.794537 0.165083 0.008314
0.178147 0.166271 0.009501
0.199525 0.166271 0.007126
0.150831 0.167458 0.008314
0.165083 0.167458 0.008314
0.652019 0.167458 0.008314
0.135392 0.168646 0.004751
0.125891 0.171021 0.005938
0.552257 0.172209 0.004751
0.559382 0.172209 0.004751
0.532067 0.173397 0.008314
0.541568 0.173397 0.007126
0.358670 0.174584 0.008314
0.369359 0.174584 0.007126
0.380048 0.174584 0.005938
0.389549 0.174584 0.007126
0.400238 0.174584 0.008314
0.415677 0.174584 0.008314
0.425178 0.174584 0.007126
0.439430 0.174584 0.008314
0.453682 0.174584 0.008314
0.509501 0.174584 0.005938
0.520190 0.174584 0.008314
0.292162 0.175772 0.004751
0.326603 0.175772 0.009501
0.466746 0.175772 0.010689
0.482185 0.175772 0.007126
0.498812 0.175772 0.008314
0.280285 0.176960 0.005938
0.344418 0.176960 0.008314
0.818290 0.176960 0.005938
0.213777 0.178147 0.007126
0.226841 0.178147 0.007126
0.238717 0.178147 0.008314
0.248219 0.178147 0.005938
0.258907 0.178147 0.008314
0.269596 0.178147 0.007126
0.872922 0.178147 0.005938
0.881235 0.178147 0.013064
0.131829 0.179335 0.004751
0.174584 0.179335 0.008314
0.191211 0.179335 0.005938
0.201900 0.179335 0.007126
0.798100 0.179335 0.007126
0.836105 0.179335 0.005938
0.845606 0.179335 0.004751
0.852732 0.179335 0.011876
0.863420 0.179335 0.007126
0.160333 0.180523 0.007126
0.789786 0.180523 0.010689
0.809976 0.180523 0.005938
0.152019 0.181710 0.007126
0.141330 0.182898 0.005938
0.659145 0.184086 0.010689
0.824228 0.184086 0.017815
0.124703 0.186461 0.005938
0.633017 0.187648 0.005938
0.491686 0.188836 0.007126
0.618765 0.188836 0.010689
0.646081 0.188836 0.017815
0.361045 0.190024 0.008314
0.441805 0.190024 0.013064
0.471496 0.190024 0.008314
0.605701 0.190024 0.015439
0.375297 0.191211 0.008314
0.447743 0.191211 0.008314
0.458432 0.191211 0.007126
0.534442 0.191211 0.008314
0.543943 0.191211 0.014252
0.560570 0.191211 0.008314
0.584323 0.191211 0.007126
0.596200 0.191211 0.007126
0.207838 0.192399 0.022565
0.325416 0.192399 0.008314
0.338480 0.192399 0.008314
0.349169 0.192399 0.008314
0.422803 0.192399 0.008314
0.433492 0.192399 0.011876
0.505938 0.192399 0.009501
0.522565 0.192399 0.007126
0.572447 0.192399 0.008314
0.247031 0.193587 0.007126
0.268409 0.193587 0.008314
0.292162 0.193587 0.013064
0.190024 0.194774 0.007126
0.200713 0.194774 0.007126
0.219715 0.194774 0.008314
0.232779 0.194774 0.009501
0.283848 0.194774 0.005938
0.168646 0.195962 0.007126
0.179335 0.195962 0.007126
0.257720 0.195962 0.008314
0.144893 0.197150 0.005938
0.154394 0.197150 0.008314
0.127078 0.198337 0.007126
0.136580 0.198337 0.005938
