0.941805 0.004751 0.016627
0.849169 0.007126 0.023753
0.782660 0.008314 0.022565
0.755344 0.009501 0.016627
0.763658 0.010689 0.020190
0.817102 0.010689 0.013064
0.881235 0.011876 0.013064
0.806413 0.038005 0.004751
0.815914 0.038005 0.005938
0.609264 0.039192 0.005938
0.617577 0.039192 0.010689
0.634204 0.039192 0.008314
0.752969 0.039192 0.008314
0.763658 0.039192 0.005938
0.785036 0.039192 0.008314
0.825416 0.039192 0.005938
0.838480 0.039192 0.008314
0.872922 0.039192 0.008314
0.496437 0.040380 0.007126
0.516627 0.040380 0.008314
0.576010 0.040380 0.005938
0.592637 0.040380 0.004751
0.600950 0.040380 0.004751
0.644893 0.040380 0.007126
0.671021 0.040380 0.008314
0.699525 0.040380 0.007126
0.725653 0.040380 0.004751
0.733967 0.040380 0.013064
0.742280 0.040380 0.008314
0.773159 0.040380 0.008314
0.852732 0.040380 0.008314
0.861045 0.040380 0.004751
0.882423 0.040380 0.008314
0.444181 0.041568 0.013064
0.451306 0.041568 0.004751
0.460808 0.041568 0.005938
0.472684 0.041568 0.007126
0.484561 0.041568 0.008314
0.507126 0.041568 0.008314
0.533254 0.041568 0.005938
0.541568 0.041568 0.004751
0.559382 0.041568 0.004751
0.567696 0.041568 0.005938
0.584323 0.041568 0.007126
0.657957 0.041568 0.008314
0.685273 0.041568 0.009501
0.709026 0.041568 0.004751
0.232779 0.042755 0.005938
0.256532 0.042755 0.005938
0.324228 0.042755 0.004751
0.332542 0.042755 0.004751
0.370546 0.042755 0.004751
0.404988 0.042755 0.007126
0.415677 0.042755 0.005938
0.425178 0.042755 0.008314
0.437055 0.042755 0.011876
0.549881 0.042755 0.008314
0.216152 0.043943 0.005938
0.225653 0.043943 0.004751
0.242280 0.043943 0.004751
0.264846 0.043943 0.005938
0.274347 0.043943 0.004751
0.283848 0.043943 0.007126
0.295724 0.043943 0.008314
0.314727 0.043943 0.008314
0.340855 0.043943 0.005938
0.350356 0.043943 0.005938
0.361045 0.043943 0.007126
0.380048 0.043943 0.007126
0.391924 0.043943 0.008314
0.205463 0.045131 0.007126
0.194774 0.046318 0.008314
0.169834 0.048694 0.004751
0.155582 0.049881 0.004751
0.138955 0.052257 0.008314
0.129454 0.053444 0.008314
0.634204 0.053444 0.005938
0.832542 0.053444 0.007126
0.619952 0.054632 0.008314
0.646081 0.054632 0.007126
0.725653 0.054632 0.004751
0.808789 0.054632 0.008314
0.843230 0.054632 0.005938
0.856295 0.054632 0.008314
0.882423 0.054632 0.004751
0.489311 0.055819 0.007126
0.593824 0.055819 0.005938
0.602138 0.055819 0.004751
0.610451 0.055819 0.005938
0.656770 0.055819 0.005938
0.667458 0.055819 0.007126
0.675772 0.055819 0.004751
0.710214 0.055819 0.008314
0.718527 0.055819 0.004751
0.731591 0.055819 0.004751
0.751781 0.055819 0.004751
0.760095 0.055819 0.005938
0.783848 0.055819 0.005938
0.793349 0.055819 0.005938
0.820665 0.055819 0.007126
0.865796 0.055819 0.005938
0.875297 0.055819 0.004751
0.267221 0.057007 0.005938
0.275534 0.057007 0.004751
0.290974 0.057007 0.007126
0.305226 0.057007 0.007126
0.477435 0.057007 0.008314
0.498812 0.057007 0.005938
0.510689 0.057007 0.008314
0.520190 0.057007 0.011876
0.527316 0.057007 0.005938
0.535629 0.057007 0.008314
0.546318 0.057007 0.007126
0.557007 0.057007 0.005938
0.567696 0.057007 0.005938
0.576010 0.057007 0.005938
0.586698 0.057007 0.008314
0.684086 0.057007 0.005938
0.698337 0.057007 0.008314
0.743468 0.057007 0.008314
0.773159 0.057007 0.008314
0.298100 0.058195 0.004751
0.314727 0.058195 0.005938
0.362233 0.058195 0.008314
0.374109 0.058195 0.007126
0.385986 0.058195 0.005938
0.396675 0.058195 0.007126
0.238717 0.059382 0.005938
0.256532 0.059382 0.007126
0.334917 0.059382 0.008314
0.349169 0.059382 0.008314
0.406176 0.059382 0.007126
0.420428 0.059382 0.008314
0.428741 0.059382 0.004751
0.220903 0.060570 0.007126
0.230404 0.060570 0.004751
0.193587 0.061758 0.007126
0.203088 0.061758 0.011876
0.175772 0.064133 0.010689
0.167458 0.065321 0.005938
0.157957 0.066508 0.005938
0.138955 0.067696 0.004751
0.148456 0.067696 0.005938
0.839667 0.067696 0.005938
0.852732 0.067696 0.008314
0.861045 0.067696 0.004751
0.868171 0.067696 0.004751
0.883610 0.067696 0.008314
0.130641 0.068884 0.008314
0.820665 0.068884 0.005938
0.315914 0.070071 0.004751
0.665083 0.070071 0.005938
0.768409 0.070071 0.005938
0.777910 0.070071 0.004751
0.811164 0.070071 0.008314
0.580760 0.071259 0.004751
0.615202 0.071259 0.005938
0.657957 0.071259 0.004751
0.675772 0.071259 0.005938
0.723278 0.071259 0.008314
0.733967 0.071259 0.007126
0.748219 0.071259 0.010689
0.757720 0.071259 0.005938
0.548694 0.072447 0.007126
0.564133 0.072447 0.008314
0.573634 0.072447 0.004751
0.587886 0.072447 0.008314
0.598575 0.072447 0.004751
0.605701 0.072447 0.011876
0.688836 0.072447 0.009501
0.700713 0.072447 0.008314
0.711401 0.072447 0.008314
0.273159 0.073634 0.004751
0.296912 0.073634 0.008314
0.307601 0.073634 0.004751
0.366983 0.073634 0.011876
0.375297 0.073634 0.007126
0.385986 0.073634 0.007126
0.396675 0.073634 0.005938
0.492874 0.073634 0.005938
0.503563 0.073634 0.007126
0.515439 0.073634 0.007126
0.256532 0.074822 0.008314
0.264846 0.074822 0.005938
0.325416 0.074822 0.010689
0.406176 0.074822 0.005938
0.414489 0.074822 0.007126
0.423990 0.074822 0.007126
0.435867 0.074822 0.007126
0.445368 0.074822 0.005938
0.456057 0.074822 0.004751
0.471496 0.074822 0.007126
0.482185 0.074822 0.008314
0.201900 0.076010 0.005938
0.225653 0.076010 0.004751
0.332542 0.076010 0.004751
0.342043 0.076010 0.007126
0.352732 0.076010 0.004751
0.463183 0.076010 0.004751
0.212589 0.077197 0.008314
0.185273 0.078385 0.004751
0.192399 0.078385 0.010689
0.168646 0.079572 0.005938
0.150831 0.081948 0.004751
0.157957 0.081948 0.008314
0.175772 0.081948 0.011876
0.885986 0.083135 0.004751
0.127078 0.084323 0.005938
0.141330 0.084323 0.010689
0.864608 0.084323 0.004751
0.871734 0.084323 0.010689
0.880048 0.084323 0.004751
0.821853 0.085511 0.007126
0.831354 0.085511 0.005938
0.839667 0.085511 0.011876
0.847981 0.085511 0.004751
0.856295 0.085511 0.011876
0.654394 0.086698 0.005938
0.669834 0.086698 0.004751
0.764846 0.086698 0.005938
0.773159 0.086698 0.005938
0.781473 0.086698 0.008314
0.794537 0.086698 0.005938
0.804038 0.086698 0.004751
0.811164 0.086698 0.004751
0.633017 0.087886 0.008314
0.643705 0.087886 0.007126
0.754157 0.087886 0.005938
0.523753 0.089074 0.007126
0.534442 0.089074 0.007126
0.543943 0.089074 0.007126
0.554632 0.089074 0.005938
0.581948 0.089074 0.005938
0.591449 0.089074 0.008314
0.602138 0.089074 0.005938
0.610451 0.089074 0.004751
0.619952 0.089074 0.007126
0.712589 0.089074 0.008314
0.723278 0.089074 0.008314
0.732779 0.089074 0.004751
0.258907 0.090261 0.010689
0.274347 0.090261 0.010689
0.282660 0.090261 0.010689
0.408551 0.090261 0.008314
0.419240 0.090261 0.005938
0.447743 0.090261 0.007126
0.457245 0.090261 0.005938
0.477435 0.090261 0.008314
0.490499 0.090261 0.009501
0.514252 0.090261 0.008314
0.564133 0.090261 0.008314
0.572447 0.090261 0.005938
0.362233 0.091449 0.007126
0.372922 0.091449 0.008314
0.396675 0.091449 0.008314
0.428741 0.091449 0.005938
0.467933 0.091449 0.007126
0.244656 0.092637 0.011876
0.251781 0.092637 0.011876
0.384798 0.092637 0.008314
0.437055 0.092637 0.007126
0.502375 0.092637 0.008314
0.187648 0.093824 0.008314
0.200713 0.093824 0.005938
0.209026 0.093824 0.004751
0.216152 0.093824 0.010689
0.915677 0.095012 0.021378
0.162708 0.097387 0.004751
0.144893 0.098575 0.008314
0.883610 0.098575 0.004751
0.136580 0.099762 0.005938
0.872922 0.099762 0.004751
0.128266 0.100950 0.011876
0.849169 0.100950 0.007126
0.858670 0.100950 0.004751
0.866983 0.100950 0.004751
0.788599 0.102138 0.004751
0.809976 0.102138 0.004751
0.838480 0.102138 0.007126
0.665083 0.103325 0.008314
0.777910 0.103325 0.008314
0.801663 0.103325 0.004751
0.828979 0.103325 0.008314
0.616390 0.104513 0.005938
0.636580 0.104513 0.007126
0.646081 0.104513 0.005938
0.654394 0.104513 0.008314
0.722090 0.104513 0.007126
0.730404 0.104513 0.004751
0.744656 0.104513 0.005938
0.763658 0.104513 0.004751
0.769596 0.104513 0.004751
0.580760 0.105701 0.008314
0.590261 0.105701 0.004751
0.597387 0.105701 0.004751
0.604513 0.105701 0.010689
0.625891 0.105701 0.007126
0.754157 0.105701 0.007126
0.270784 0.106888 0.008314
0.279097 0.106888 0.004751
0.396675 0.106888 0.007126
0.426366 0.106888 0.004751
0.451306 0.106888 0.005938
0.465558 0.106888 0.008314
0.539192 0.106888 0.008314
0.228029 0.108076 0.005938
0.235154 0.108076 0.010689
0.258907 0.108076 0.009501
0.344418 0.108076 0.007126
0.408551 0.108076 0.005938
0.440618 0.108076 0.007126
0.528504 0.108076 0.007126
0.548694 0.108076 0.005938
0.557007 0.108076 0.008314
0.567696 0.108076 0.008314
0.209026 0.109264 0.004751
0.217340 0.109264 0.007126
0.355107 0.109264 0.007126
0.364608 0.109264 0.005938
0.374109 0.109264 0.004751
0.385986 0.109264 0.008314
0.418052 0.109264 0.007126
0.479810 0.109264 0.008314
0.498812 0.109264 0.007126
0.517815 0.109264 0.004751
0.199525 0.110451 0.007126
0.509501 0.110451 0.005938
0.168646 0.111639 0.008314
0.180523 0.111639 0.004751
0.486936 0.111639 0.005938
0.157957 0.114014 0.008314
0.141330 0.115202 0.008314
0.149644 0.115202 0.004751
0.858670 0.116390 0.009501
0.865796 0.116390 0.010689
0.878860 0.116390 0.007126
0.128266 0.117577 0.008314
0.823040 0.117577 0.007126
0.836105 0.117577 0.008314
0.844418 0.117577 0.005938
0.805226 0.118765 0.011876
0.813539 0.118765 0.007126
0.730404 0.119952 0.008314
0.407363 0.121140 0.007126
0.713777 0.121140 0.004751
0.724466 0.121140 0.008314
0.741093 0.121140 0.007126
0.750594 0.121140 0.004751
0.793349 0.121140 0.008314
0.470309 0.122328 0.008314
0.596200 0.122328 0.004751
0.605701 0.122328 0.005938
0.615202 0.122328 0.005938
0.637767 0.122328 0.005938
0.654394 0.122328 0.004751
0.662708 0.122328 0.005938
0.757720 0.122328 0.005938
0.767221 0.122328 0.004751
0.775534 0.122328 0.010689
0.257720 0.123515 0.007126
0.269596 0.123515 0.010689
0.281473 0.123515 0.008314
0.288599 0.123515 0.008314
0.339667 0.123515 0.007126
0.415677 0.123515 0.008314
0.435867 0.123515 0.004751
0.444181 0.123515 0.004751
0.483373 0.123515 0.007126
0.587886 0.123515 0.008314
0.625891 0.123515 0.008314
0.646081 0.123515 0.004751
0.195962 0.124703 0.004751
0.236342 0.124703 0.007126
0.247031 0.124703 0.008314
0.349169 0.124703 0.005938
0.358670 0.124703 0.008314
0.382423 0.124703 0.007126
0.394299 0.124703 0.008314
0.426366 0.124703 0.008314
0.529691 0.124703 0.008314
0.546318 0.124703 0.008314
0.558195 0.124703 0.004751
0.206651 0.125891 0.008314
0.213777 0.125891 0.005938
0.224466 0.125891 0.008314
0.370546 0.125891 0.007126
0.494062 0.125891 0.007126
0.567696 0.125891 0.005938
0.577197 0.125891 0.007126
0.174584 0.127078 0.011876
0.184086 0.127078 0.008314
0.137767 0.130641 0.005938
0.146081 0.130641 0.010689
0.162708 0.130641 0.007126
0.877672 0.130641 0.010689
0.125891 0.131829 0.008314
0.863420 0.131829 0.005938
0.853919 0.134204 0.007126
0.806413 0.135392 0.008314
0.786223 0.136580 0.008314
0.795724 0.136580 0.005938
0.815914 0.136580 0.008314
0.828979 0.136580 0.005938
0.292162 0.137767 0.008314
0.712589 0.137767 0.007126
0.764846 0.137767 0.013064
0.774347 0.137767 0.008314
0.838480 0.137767 0.008314
0.279097 0.138955 0.008314
0.606888 0.138955 0.007126
0.616390 0.138955 0.005938
0.722090 0.138955 0.008314
0.730404 0.138955 0.005938
0.446556 0.140143 0.004751
0.492874 0.140143 0.005938
0.535629 0.140143 0.005938
0.545131 0.140143 0.007126
0.554632 0.140143 0.004751
0.573634 0.140143 0.008314
0.624703 0.140143 0.007126
0.634204 0.140143 0.007126
0.647268 0.140143 0.007126
0.660333 0.140143 0.010689
0.739905 0.140143 0.005938
0.229216 0.141330 0.004751
0.243468 0.141330 0.005938
0.252969 0.141330 0.005938
0.262470 0.141330 0.005938
0.336105 0.141330 0.011876
0.343230 0.141330 0.013064
0.353919 0.141330 0.008314
0.362233 0.141330 0.004751
0.382423 0.141330 0.008314
0.402613 0.141330 0.004751
0.429929 0.141330 0.004751
0.463183 0.141330 0.008314
0.475059 0.141330 0.013064
0.482185 0.141330 0.013064
0.507126 0.141330 0.005938
0.524941 0.141330 0.008314
0.562945 0.141330 0.008314
0.585511 0.141330 0.005938
0.596200 0.141330 0.007126
0.748219 0.141330 0.005938
0.220903 0.142518 0.004751
0.368171 0.142518 0.010689
0.393112 0.142518 0.007126
0.408551 0.142518 0.010689
0.418052 0.142518 0.007126
0.437055 0.142518 0.011876
0.515439 0.142518 0.008314
0.193587 0.143705 0.009501
0.211401 0.143705 0.008314
0.181710 0.144893 0.007126
0.161520 0.146081 0.008314
0.169834 0.146081 0.008314
0.137767 0.147268 0.008314
0.125891 0.148456 0.007126
0.884798 0.149644 0.008314
0.872922 0.150831 0.010689
0.838480 0.152019 0.011876
0.844418 0.152019 0.004751
0.852732 0.152019 0.004751
0.427553 0.153207 0.007126
0.828979 0.153207 0.008314
0.792162 0.154394 0.007126
0.801663 0.154394 0.008314
0.815914 0.154394 0.008314
0.435867 0.155582 0.007126
0.781473 0.155582 0.008314
0.414489 0.156770 0.007126
0.552257 0.156770 0.004751
0.559382 0.156770 0.011876
0.576010 0.156770 0.009501
0.587886 0.156770 0.009501
0.624703 0.156770 0.005938
0.634204 0.156770 0.004751
0.642518 0.156770 0.013064
0.652019 0.156770 0.008314
0.762470 0.156770 0.008314
0.773159 0.156770 0.004751
0.274347 0.157957 0.008314
0.452494 0.157957 0.013064
0.461995 0.157957 0.004751
0.472684 0.157957 0.007126
0.480998 0.157957 0.008314
0.543943 0.157957 0.007126
0.568884 0.157957 0.004751
0.616390 0.157957 0.004751
0.711401 0.157957 0.005938
0.742280 0.157957 0.004751
0.752969 0.157957 0.007126
0.235154 0.159145 0.008314
0.244656 0.159145 0.004751
0.287411 0.159145 0.004751
0.306413 0.159145 0.014252
0.327791 0.159145 0.013064
0.337292 0.159145 0.005938
0.351544 0.159145 0.010689
0.382423 0.159145 0.005938
0.394299 0.159145 0.004751
0.492874 0.159145 0.005938
0.500000 0.159145 0.004751
0.521378 0.159145 0.008314
0.533254 0.159145 0.007126
0.605701 0.159145 0.008314
0.674584 0.159145 0.009501
0.701900 0.159145 0.008314
0.719715 0.159145 0.004751
0.733967 0.159145 0.004751
0.173397 0.160333 0.004751
0.194774 0.160333 0.008314
0.201900 0.160333 0.011876
0.212589 0.160333 0.005938
0.220903 0.160333 0.005938
0.257720 0.160333 0.010689
0.295724 0.160333 0.008314
0.359857 0.160333 0.004751
0.509501 0.160333 0.007126
0.688836 0.160333 0.009501
0.166271 0.161520 0.008314
0.148456 0.163895 0.010689
0.124703 0.165083 0.008314
0.137767 0.165083 0.007126
0.423990 0.167458 0.008314
0.404988 0.168646 0.004751
0.413302 0.168646 0.004751
0.397862 0.169834 0.004751
0.872922 0.169834 0.008314
0.882423 0.169834 0.005938
0.895487 0.169834 0.019002
0.390736 0.171021 0.004751
0.857482 0.171021 0.004751
0.850356 0.172209 0.013064
0.812352 0.173397 0.014252
0.823040 0.173397 0.005938
0.833729 0.173397 0.008314
0.842043 0.173397 0.004751
0.459620 0.174584 0.007126
0.469121 0.174584 0.005938
0.478622 0.174584 0.005938
0.488124 0.174584 0.008314
0.496437 0.174584 0.008314
0.510689 0.174584 0.008314
0.520190 0.174584 0.005938
0.794537 0.174584 0.008314
0.539192 0.175772 0.004751
0.555819 0.175772 0.004751
0.648456 0.175772 0.007126
0.659145 0.175772 0.007126
0.737530 0.175772 0.008314
0.748219 0.175772 0.007126
0.758907 0.175772 0.004751
0.767221 0.175772 0.005938
0.775534 0.175772 0.011876
0.783848 0.175772 0.004751
0.802850 0.175772 0.015439
0.187648 0.176960 0.011876
0.213777 0.176960 0.008314
0.226841 0.176960 0.008314
0.239905 0.176960 0.008314
0.255344 0.176960 0.009501
0.268409 0.176960 0.008314
0.280285 0.176960 0.005938
0.289786 0.176960 0.004751
0.300475 0.176960 0.007126
0.448931 0.176960 0.007126
0.529691 0.176960 0.005938
0.584323 0.176960 0.007126
0.593824 0.176960 0.008314
0.606888 0.176960 0.007126
0.637767 0.176960 0.008314
0.669834 0.176960 0.010689
0.684086 0.176960 0.005938
0.693587 0.176960 0.005938
0.703088 0.176960 0.004751
0.728029 0.176960 0.008314
0.143705 0.178147 0.007126
0.155582 0.178147 0.008314
0.168646 0.178147 0.008314
0.179335 0.178147 0.005938
0.201900 0.178147 0.008314
0.311164 0.178147 0.007126
0.321853 0.178147 0.008314
0.333729 0.178147 0.005938
0.343230 0.178147 0.008314
0.365796 0.178147 0.005938
0.429929 0.178147 0.005938
0.546318 0.178147 0.013064
0.573634 0.178147 0.015439
0.625891 0.178147 0.015439
0.717340 0.178147 0.004751
0.131829 0.179335 0.007126
0.352732 0.179335 0.015439
0.377672 0.179335 0.008314
0.390736 0.179335 0.004751
0.399050 0.179335 0.004751
0.407363 0.179335 0.005938
0.419240 0.179335 0.007126
0.438242 0.179335 0.007126
