0.637767 0.081948 0.013064
0.647268 0.081948 0.005938
0.667458 0.081948 0.008314
0.831354 0.081948 0.007126
0.851544 0.081948 0.008314
0.562945 0.083135 0.008314
0.587886 0.083135 0.008314
0.630641 0.083135 0.004751
0.656770 0.083135 0.007126
0.697150 0.083135 0.013064
0.714964 0.083135 0.005938
0.788599 0.083135 0.007126
0.796912 0.083135 0.004751
0.820665 0.083135 0.004751
0.839667 0.083135 0.008314
0.861045 0.083135 0.004751
0.470309 0.084323 0.008314
0.521378 0.084323 0.007126
0.529691 0.084323 0.004751
0.536817 0.084323 0.011876
0.546318 0.084323 0.008314
0.573634 0.084323 0.008314
0.600950 0.084323 0.008314
0.610451 0.084323 0.007126
0.619952 0.084323 0.008314
0.679335 0.084323 0.009501
0.706651 0.084323 0.008314
0.724466 0.084323 0.008314
0.736342 0.084323 0.008314
0.744656 0.084323 0.004751
0.752969 0.084323 0.004751
0.763658 0.084323 0.010689
0.770784 0.084323 0.004751
0.777910 0.084323 0.010689
0.809976 0.084323 0.009501
0.875297 0.084323 0.011876
0.458432 0.085511 0.007126
0.482185 0.085511 0.008314
0.492874 0.085511 0.005938
0.502375 0.085511 0.005938
0.418052 0.086698 0.004751
0.427553 0.086698 0.005938
0.447743 0.086698 0.005938
0.410926 0.087886 0.011876
0.438242 0.087886 0.008314
0.319477 0.089074 0.008314
0.338480 0.089074 0.005938
0.346793 0.089074 0.004751
0.400238 0.089074 0.007126
0.233967 0.090261 0.009501
0.245843 0.090261 0.008314
0.268409 0.090261 0.005938
0.283848 0.090261 0.010689
0.300475 0.090261 0.008314
0.358670 0.090261 0.004751
0.365796 0.090261 0.010689
0.385986 0.090261 0.010689
0.391924 0.090261 0.013064
0.203088 0.091449 0.008314
0.211401 0.091449 0.011876
0.254157 0.091449 0.010689
0.136580 0.092637 0.007126
0.156770 0.092637 0.004751
0.191211 0.092637 0.008314
0.220903 0.092637 0.009501
0.147268 0.093824 0.007126
0.127078 0.095012 0.007126
0.165083 0.097387 0.004751
0.853919 0.097387 0.008314
0.625891 0.098575 0.005938
0.863420 0.098575 0.008314
0.583135 0.099762 0.008314
0.608076 0.099762 0.007126
0.616390 0.099762 0.005938
0.638955 0.099762 0.007126
0.648456 0.099762 0.007126
0.673397 0.099762 0.009501
0.686461 0.099762 0.008314
0.738717 0.099762 0.005938
0.747031 0.099762 0.005938
0.756532 0.099762 0.007126
0.769596 0.099762 0.005938
0.779097 0.099762 0.007126
0.787411 0.099762 0.004751
0.793349 0.099762 0.008314
0.802850 0.099762 0.005938
0.811164 0.099762 0.004751
0.818290 0.099762 0.004751
0.831354 0.099762 0.004751
0.840855 0.099762 0.007126
0.533254 0.100950 0.005938
0.542755 0.100950 0.005938
0.551069 0.100950 0.004751
0.562945 0.100950 0.008314
0.572447 0.100950 0.007126
0.595012 0.100950 0.008314
0.659145 0.100950 0.005938
0.698337 0.100950 0.005938
0.707838 0.100950 0.004751
0.717340 0.100950 0.007126
0.728029 0.100950 0.007126
0.450119 0.102138 0.004751
0.523753 0.102138 0.008314
0.437055 0.103325 0.008314
0.458432 0.103325 0.005938
0.469121 0.103325 0.005938
0.478622 0.103325 0.008314
0.491686 0.103325 0.008314
0.501188 0.103325 0.004751
0.511876 0.103325 0.008314
0.344418 0.104513 0.005938
0.380048 0.104513 0.004751
0.395487 0.104513 0.004751
0.406176 0.104513 0.008314
0.413302 0.104513 0.005938
0.422803 0.104513 0.011876
0.205463 0.105701 0.007126
0.224466 0.105701 0.007126
0.232779 0.105701 0.004751
0.274347 0.105701 0.007126
0.307601 0.105701 0.005938
0.317102 0.105701 0.005938
0.326603 0.105701 0.005938
0.336105 0.105701 0.005938
0.352732 0.105701 0.004751
0.364608 0.105701 0.010689
0.190024 0.106888 0.010689
0.195962 0.106888 0.010689
0.242280 0.106888 0.008314
0.258907 0.106888 0.009501
0.299287 0.106888 0.008314
0.286223 0.108076 0.008314
0.160333 0.109264 0.008314
0.172209 0.109264 0.013064
0.179335 0.109264 0.008314
0.128266 0.110451 0.007126
0.136580 0.110451 0.004751
0.144893 0.110451 0.010689
0.579572 0.114014 0.007126
0.680523 0.114014 0.010689
0.818290 0.114014 0.007126
0.851544 0.114014 0.009501
0.687648 0.115202 0.004751
0.698337 0.115202 0.007126
0.706651 0.115202 0.005938
0.719715 0.115202 0.010689
0.728029 0.115202 0.004751
0.739905 0.115202 0.008314
0.751781 0.115202 0.009501
0.758907 0.115202 0.004751
0.771971 0.115202 0.010689
0.790974 0.115202 0.008314
0.800475 0.115202 0.005938
0.808789 0.115202 0.004751
0.830166 0.115202 0.007126
0.557007 0.116390 0.004751
0.589074 0.116390 0.005938
0.606888 0.116390 0.004751
0.615202 0.116390 0.005938
0.625891 0.116390 0.005938
0.638955 0.116390 0.008314
0.666271 0.116390 0.005938
0.780285 0.116390 0.008314
0.839667 0.116390 0.008314
0.488124 0.117577 0.007126
0.514252 0.117577 0.005938
0.566508 0.117577 0.007126
0.598575 0.117577 0.005938
0.657957 0.117577 0.005938
0.465558 0.118765 0.007126
0.476247 0.118765 0.007126
0.500000 0.118765 0.008314
0.524941 0.118765 0.005938
0.534442 0.118765 0.007126
0.547506 0.118765 0.008314
0.305226 0.119952 0.009501
0.312352 0.119952 0.004751
0.456057 0.119952 0.004751
0.201900 0.121140 0.005938
0.213777 0.121140 0.007126
0.225653 0.121140 0.008314
0.236342 0.121140 0.005938
0.267221 0.121140 0.008314
0.282660 0.121140 0.007126
0.292162 0.121140 0.005938
0.323040 0.121140 0.008314
0.345606 0.121140 0.014252
0.353919 0.121140 0.007126
0.432304 0.121140 0.004751
0.245843 0.122328 0.005938
0.256532 0.122328 0.008314
0.365796 0.122328 0.008314
0.381235 0.122328 0.008314
0.395487 0.122328 0.005938
0.404988 0.122328 0.004751
0.412114 0.122328 0.004751
0.446556 0.122328 0.010689
0.178147 0.123515 0.004751
0.185273 0.123515 0.004751
0.193587 0.123515 0.004751
0.160333 0.124703 0.004751
0.125891 0.125891 0.011876
0.134204 0.127078 0.004751
0.141330 0.127078 0.010689
0.152019 0.127078 0.005938
0.777910 0.129454 0.004751
0.813539 0.129454 0.008314
0.826603 0.129454 0.008314
0.756532 0.130641 0.007126
0.789786 0.130641 0.008314
0.801663 0.130641 0.008314
0.837292 0.130641 0.004751
0.844418 0.130641 0.004751
0.851544 0.130641 0.004751
0.770784 0.131829 0.010689
0.869359 0.131829 0.008314
0.877672 0.131829 0.004751
0.610451 0.133017 0.004751
0.621140 0.133017 0.007126
0.633017 0.133017 0.008314
0.745843 0.133017 0.007126
0.536817 0.134204 0.008314
0.548694 0.134204 0.008314
0.571259 0.134204 0.008314
0.580760 0.134204 0.005938
0.591449 0.134204 0.008314
0.602138 0.134204 0.005938
0.643705 0.134204 0.005938
0.653207 0.134204 0.008314
0.663895 0.134204 0.007126
0.717340 0.134204 0.005938
0.726841 0.134204 0.005938
0.736342 0.134204 0.005938
0.497625 0.135392 0.008314
0.510689 0.135392 0.008314
0.523753 0.135392 0.008314
0.709026 0.135392 0.004751
0.483373 0.136580 0.008314
0.260095 0.137767 0.008314
0.270784 0.137767 0.008314
0.283848 0.137767 0.013064
0.451306 0.137767 0.007126
0.461995 0.137767 0.007126
0.471496 0.137767 0.008314
0.229216 0.138955 0.007126
0.241093 0.138955 0.005938
0.250594 0.138955 0.008314
0.345606 0.138955 0.008314
0.413302 0.138955 0.008314
0.440618 0.138955 0.008314
0.198337 0.140143 0.007126
0.207838 0.140143 0.008314
0.400238 0.140143 0.008314
0.428741 0.140143 0.008314
0.169834 0.141330 0.008314
0.188836 0.141330 0.007126
0.217340 0.141330 0.007126
0.388361 0.141330 0.008314
0.143705 0.142518 0.007126
0.153207 0.142518 0.005938
0.160333 0.142518 0.008314
0.123515 0.143705 0.008314
0.134204 0.144893 0.007126
0.711401 0.144893 0.004751
0.834917 0.146081 0.005938
0.853919 0.146081 0.005938
0.863420 0.146081 0.004751
0.787411 0.147268 0.010689
0.795724 0.147268 0.005938
0.808789 0.147268 0.008314
0.818290 0.147268 0.004751
0.826603 0.147268 0.011876
0.844418 0.147268 0.005938
0.774347 0.148456 0.007126
0.508314 0.149644 0.007126
0.630641 0.149644 0.008314
0.732779 0.149644 0.008314
0.743468 0.149644 0.004751
0.763658 0.149644 0.007126
0.517815 0.150831 0.005938
0.539192 0.150831 0.004751
0.558195 0.150831 0.007126
0.567696 0.150831 0.004751
0.609264 0.150831 0.008314
0.618765 0.150831 0.004751
0.640143 0.150831 0.007126
0.650831 0.150831 0.005938
0.659145 0.150831 0.005938
0.751781 0.150831 0.008314
0.498812 0.152019 0.004751
0.527316 0.152019 0.008314
0.574822 0.152019 0.004751
0.585511 0.152019 0.011876
0.599762 0.152019 0.004751
0.591449 0.153207 0.011876
0.710214 0.153207 0.004751
0.718527 0.153207 0.008314
0.461995 0.154394 0.008314
0.472684 0.154394 0.007126
0.480998 0.154394 0.005938
0.490499 0.154394 0.005938
0.173397 0.155582 0.005938
0.195962 0.155582 0.004751
0.214964 0.155582 0.007126
0.226841 0.155582 0.007126
0.236342 0.155582 0.005938
0.250594 0.155582 0.008314
0.264846 0.155582 0.009501
0.270784 0.155582 0.004751
0.395487 0.155582 0.007126
0.152019 0.156770 0.007126
0.161520 0.156770 0.005938
0.280285 0.156770 0.008314
0.340855 0.156770 0.008314
0.406176 0.156770 0.005938
0.414489 0.156770 0.007126
0.425178 0.156770 0.005938
0.434679 0.156770 0.007126
0.445368 0.156770 0.008314
0.137767 0.157957 0.004751
0.144893 0.157957 0.004751
0.184086 0.157957 0.008314
0.352732 0.157957 0.004751
0.119952 0.159145 0.010689
0.128266 0.159145 0.005938
0.864608 0.161520 0.008314
0.871734 0.161520 0.010689
0.853919 0.162708 0.004751
0.808789 0.163895 0.008314
0.819477 0.163895 0.005938
0.830166 0.163895 0.007126
0.844418 0.163895 0.007126
0.733967 0.165083 0.004751
0.762470 0.165083 0.007126
0.771971 0.165083 0.005938
0.786223 0.165083 0.010689
0.794537 0.165083 0.004751
0.800475 0.165083 0.004751
0.656770 0.166271 0.008314
0.722090 0.166271 0.004751
0.742280 0.166271 0.008314
0.754157 0.166271 0.004751
0.600950 0.167458 0.007126
0.618765 0.167458 0.004751
0.646081 0.167458 0.005938
0.712589 0.167458 0.008314
0.546318 0.168646 0.004751
0.554632 0.168646 0.004751
0.590261 0.168646 0.005938
0.610451 0.168646 0.013064
0.631829 0.168646 0.010689
0.638955 0.168646 0.004751
0.529691 0.169834 0.004751
0.573634 0.169834 0.010689
0.580760 0.169834 0.004751
0.484561 0.171021 0.005938
0.491686 0.171021 0.005938
0.501188 0.171021 0.005938
0.510689 0.171021 0.005938
0.520190 0.171021 0.007126
0.538005 0.171021 0.013064
0.159145 0.172209 0.007126
0.182898 0.172209 0.008314
0.211401 0.172209 0.010689
0.219715 0.172209 0.007126
0.230404 0.172209 0.005938
0.239905 0.172209 0.007126
0.250594 0.172209 0.007126
0.261283 0.172209 0.008314
0.273159 0.172209 0.008314
0.338480 0.172209 0.011876
0.475059 0.172209 0.007126
0.561758 0.172209 0.004751
0.147268 0.173397 0.004751
0.168646 0.173397 0.005938
0.200713 0.173397 0.008314
0.283848 0.173397 0.007126
0.357482 0.173397 0.004751
0.364608 0.173397 0.004751
0.372922 0.173397 0.013064
0.414489 0.173397 0.004751
0.442993 0.173397 0.005938
0.453682 0.173397 0.007126
0.464371 0.173397 0.007126
0.138955 0.174584 0.005938
0.406176 0.174584 0.011876
0.421615 0.174584 0.010689
0.433492 0.174584 0.007126
0.121140 0.175772 0.005938
0.129454 0.175772 0.011876
0.849169 0.179335 0.008314
0.881235 0.179335 0.011876
0.813539 0.180523 0.008314
0.827791 0.180523 0.008314
0.838480 0.180523 0.008314
0.863420 0.180523 0.010689
0.874109 0.180523 0.013064
0.739905 0.181710 0.004751
0.756532 0.181710 0.005938
0.787411 0.181710 0.005938
0.795724 0.181710 0.004751
0.804038 0.181710 0.010689
0.768409 0.182898 0.008314
0.777910 0.182898 0.004751
0.718527 0.184086 0.008314
0.730404 0.184086 0.007126
0.637767 0.185273 0.008314
0.666271 0.185273 0.011876
0.705463 0.185273 0.008314
0.612827 0.186461 0.007126
0.621140 0.186461 0.004751
0.648456 0.186461 0.007126
0.657957 0.186461 0.004751
0.225653 0.187648 0.011876
0.242280 0.187648 0.005938
0.252969 0.187648 0.007126
0.263658 0.187648 0.007126
0.273159 0.187648 0.004751
0.356295 0.187648 0.004751
0.502375 0.187648 0.007126
0.558195 0.187648 0.005938
0.568884 0.187648 0.005938
0.578385 0.187648 0.007126
0.587886 0.187648 0.008314
0.600950 0.187648 0.005938
0.160333 0.188836 0.007126
0.171021 0.188836 0.008314
0.185273 0.188836 0.008314
0.193587 0.188836 0.007126
0.203088 0.188836 0.007126
0.211401 0.188836 0.008314
0.511876 0.188836 0.004751
0.522565 0.188836 0.008314
0.533254 0.188836 0.004751
0.542755 0.188836 0.008314
0.149644 0.190024 0.007126
0.232779 0.190024 0.013064
0.422803 0.190024 0.008314
0.434679 0.190024 0.007126
0.445368 0.190024 0.007126
0.454869 0.190024 0.005938
0.464371 0.190024 0.008314
0.475059 0.190024 0.008314
0.482185 0.190024 0.013064
0.491686 0.190024 0.004751
0.124703 0.191211 0.004751
0.130641 0.191211 0.004751
0.141330 0.191211 0.007126
0.383610 0.191211 0.009501
0.406176 0.191211 0.005938
0.414489 0.191211 0.004751
0.872922 0.194774 0.004751
0.878860 0.194774 0.004751
0.861045 0.195962 0.004751
0.832542 0.197150 0.004751
0.839667 0.197150 0.010689
0.851544 0.197150 0.007126
0.820665 0.198337 0.008314
0.798100 0.199525 0.013064
0.671021 0.200713 0.005938
0.776722 0.200713 0.005938
0.596200 0.201900 0.007126
0.606888 0.201900 0.005938
0.641330 0.201900 0.008314
0.650831 0.201900 0.005938
0.660333 0.201900 0.007126
0.686461 0.201900 0.004751
0.717340 0.201900 0.005938
0.726841 0.201900 0.008314
0.748219 0.201900 0.007126
0.757720 0.201900 0.004751
0.768409 0.201900 0.005938
0.788599 0.201900 0.007126
0.520190 0.203088 0.005938
0.546318 0.203088 0.007126
0.559382 0.203088 0.007126
0.617577 0.203088 0.007126
0.629454 0.203088 0.005938
0.705463 0.203088 0.008314
0.121140 0.204276 0.008314
0.134204 0.204276 0.007126
0.143705 0.204276 0.004751
0.210214 0.204276 0.007126
0.273159 0.204276 0.007126
0.293349 0.204276 0.005938
0.534442 0.204276 0.008314
0.568884 0.204276 0.008314
0.585511 0.204276 0.007126
0.152019 0.205463 0.005938
0.161520 0.205463 0.007126
0.169834 0.205463 0.005938
0.198337 0.205463 0.008314
0.218527 0.205463 0.008314
0.229216 0.205463 0.005938
0.254157 0.205463 0.005938
0.263658 0.205463 0.007126
0.285036 0.205463 0.005938
0.324228 0.205463 0.007126
0.334917 0.205463 0.008314
0.346793 0.205463 0.004751
0.428741 0.205463 0.005938
0.439430 0.205463 0.007126
0.450119 0.205463 0.007126
0.459620 0.205463 0.013064
0.475059 0.205463 0.004751
0.486936 0.205463 0.008314
0.497625 0.205463 0.007126
0.509501 0.205463 0.008314
0.179335 0.206651 0.004751
0.186461 0.206651 0.008314
0.301663 0.206651 0.008314
0.313539 0.206651 0.007126
0.353919 0.206651 0.004751
0.362233 0.206651 0.005938
0.371734 0.206651 0.008314
0.400238 0.206651 0.008314
0.466746 0.206651 0.004751
0.383610 0.207838 0.008314
0.393112 0.207838 0.004751
0.413302 0.207838 0.009501
0.875297 0.207838 0.004751
0.882423 0.207838 0.004751
0.866983 0.209026 0.005938
0.845606 0.210214 0.005938
0.853919 0.210214 0.007126
0.836105 0.211401 0.004751
0.827791 0.212589 0.004751
0.774347 0.213777 0.007126
0.782660 0.213777 0.007126
0.764846 0.214964 0.007126
0.628266 0.216152 0.004751
0.643705 0.216152 0.007126
0.653207 0.216152 0.008314
0.752969 0.216152 0.007126
0.611639 0.217340 0.010689
0.695962 0.217340 0.008314
0.707838 0.217340 0.007126
0.717340 0.217340 0.004751
0.725653 0.217340 0.005938
0.733967 0.217340 0.007126
0.743468 0.217340 0.004751
0.573634 0.218527 0.008314
0.618765 0.218527 0.005938
0.666271 0.218527 0.010689
0.681710 0.218527 0.007126
0.168646 0.219715 0.007126
0.203088 0.219715 0.007126
0.353919 0.219715 0.005938
0.362233 0.219715 0.004751
0.422803 0.219715 0.007126
0.433492 0.219715 0.007126
0.444181 0.219715 0.005938
0.497625 0.219715 0.007126
0.510689 0.219715 0.007126
0.529691 0.219715 0.007126
0.541568 0.219715 0.007126
0.549881 0.219715 0.005938
0.559382 0.219715 0.007126
0.585511 0.219715 0.005938
0.597387 0.219715 0.008314
0.896675 0.219715 0.009501
0.121140 0.220903 0.007126
0.150831 0.220903 0.005938
0.159145 0.220903 0.005938
0.184086 0.220903 0.008314
0.192399 0.220903 0.004751
0.212589 0.220903 0.005938
0.222090 0.220903 0.007126
0.256532 0.220903 0.009501
0.263658 0.220903 0.004751
0.271971 0.220903 0.007126
0.299287 0.220903 0.007126
0.407363 0.220903 0.008314
0.452494 0.220903 0.005938
0.475059 0.220903 0.007126
0.519002 0.220903 0.005938
0.878860 0.220903 0.004751
0.133017 0.222090 0.007126
0.140143 0.222090 0.008314
0.233967 0.222090 0.005938
0.244656 0.222090 0.007126
0.286223 0.222090 0.007126
0.312352 0.222090 0.007126
0.342043 0.222090 0.008314
0.486936 0.222090 0.005938
0.866983 0.222090 0.003563
0.330166 0.223278 0.008314
0.463183 0.223278 0.007126
0.837292 0.223278 0.005938
0.849169 0.223278 0.007126
0.857482 0.223278 0.007126
0.828979 0.224466 0.004751
0.805226 0.225653 0.010689
0.812352 0.225653 0.004751
0.782660 0.226841 0.005938
0.792162 0.226841 0.005938
0.748219 0.228029 0.007126
0.760095 0.228029 0.007126
0.773159 0.228029 0.008314
0.653207 0.230404 0.008314
0.711401 0.230404 0.007126
0.722090 0.230404 0.007126
0.735154 0.230404 0.007126
0.618765 0.231591 0.007126
0.641330 0.231591 0.008314
0.681710 0.231591 0.007126
0.492874 0.232779 0.005938
0.507126 0.232779 0.008314
0.558195 0.232779 0.005938
0.566508 0.232779 0.004751
0.577197 0.232779 0.007126
0.586698 0.232779 0.005938
0.597387 0.232779 0.007126
0.608076 0.232779 0.007126
0.631829 0.232779 0.005938
0.660333 0.232779 0.004751
0.672209 0.232779 0.007126
0.695962 0.232779 0.008314
0.121140 0.233967 0.007126
0.230404 0.233967 0.007126
0.254157 0.233967 0.007126
0.393112 0.233967 0.008314
0.402613 0.233967 0.005938
0.434679 0.233967 0.008314
0.444181 0.233967 0.013064
0.471496 0.233967 0.005938
0.482185 0.233967 0.007126
0.516627 0.233967 0.005938
0.526128 0.233967 0.007126
0.546318 0.233967 0.008314
0.131829 0.235154 0.005938
0.141330 0.235154 0.005938
0.160333 0.235154 0.010689
0.174584 0.235154 0.005938
0.182898 0.235154 0.004751
0.191211 0.235154 0.008314
0.200713 0.235154 0.008314
0.216152 0.235154 0.009501
0.242280 0.235154 0.007126
0.273159 0.235154 0.008314
0.285036 0.235154 0.005938
0.296912 0.235154 0.007126
0.306413 0.235154 0.011876
0.321853 0.235154 0.005938
0.351544 0.235154 0.010689
0.365796 0.235154 0.005938
0.412114 0.235154 0.005938
0.421615 0.235154 0.008314
0.460808 0.235154 0.007126
0.536817 0.235154 0.005938
0.150831 0.236342 0.004751
0.331354 0.236342 0.007126
0.344418 0.236342 0.004751
