0.941805 0.004751 0.016627
0.755344 0.009501 0.013064
0.770784 0.009501 0.023753
0.851544 0.009501 0.020190
0.817102 0.011876 0.016627
0.880048 0.011876 0.013064
0.894299 0.034442 0.013064
0.766033 0.036817 0.005938
0.530879 0.038005 0.010689
0.591449 0.038005 0.007126
0.704276 0.038005 0.005938
0.523753 0.039192 0.004751
0.562945 0.039192 0.007126
0.573634 0.039192 0.005938
0.581948 0.039192 0.004751
0.609264 0.039192 0.004751
0.619952 0.039192 0.008314
0.629454 0.039192 0.008314
0.640143 0.039192 0.008314
0.650831 0.039192 0.005938
0.660333 0.039192 0.004751
0.666271 0.039192 0.010689
0.675772 0.039192 0.005938
0.697150 0.039192 0.005938
0.750594 0.039192 0.008314
0.293349 0.040380 0.004751
0.390736 0.040380 0.008314
0.458432 0.040380 0.008314
0.511876 0.040380 0.008314
0.543943 0.040380 0.008314
0.552257 0.040380 0.005938
0.600950 0.040380 0.005938
0.686461 0.040380 0.007126
0.739905 0.040380 0.004751
0.757720 0.040380 0.004751
0.774347 0.040380 0.005938
0.782660 0.040380 0.004751
0.853919 0.040380 0.007126
0.232779 0.041568 0.007126
0.266033 0.041568 0.004751
0.276722 0.041568 0.007126
0.286223 0.041568 0.010689
0.300475 0.041568 0.010689
0.327791 0.041568 0.007126
0.338480 0.041568 0.007126
0.346793 0.041568 0.013064
0.356295 0.041568 0.004751
0.363420 0.041568 0.004751
0.375297 0.041568 0.009501
0.408551 0.041568 0.007126
0.420428 0.041568 0.008314
0.432304 0.041568 0.007126
0.446556 0.041568 0.009501
0.472684 0.041568 0.005938
0.480998 0.041568 0.008314
0.504751 0.041568 0.005938
0.713777 0.041568 0.011876
0.722090 0.041568 0.004751
0.731591 0.041568 0.008314
0.792162 0.041568 0.010689
0.799287 0.041568 0.004751
0.807601 0.041568 0.005938
0.815914 0.041568 0.004751
0.836105 0.041568 0.004751
0.843230 0.041568 0.004751
0.864608 0.041568 0.005938
0.193587 0.042755 0.013064
0.220903 0.042755 0.007126
0.245843 0.042755 0.007126
0.257720 0.042755 0.005938
0.312352 0.042755 0.008314
0.396675 0.042755 0.008314
0.872922 0.042755 0.007126
0.150831 0.043943 0.007126
0.173397 0.043943 0.007126
0.204276 0.043943 0.008314
0.494062 0.043943 0.008314
0.131829 0.045131 0.011876
0.163895 0.045131 0.008314
0.140143 0.046318 0.005938
0.640143 0.054632 0.008314
0.662708 0.054632 0.004751
0.675772 0.054632 0.004751
0.857482 0.054632 0.007126
0.243468 0.055819 0.005938
0.252969 0.055819 0.004751
0.260095 0.055819 0.004751
0.268409 0.055819 0.004751
0.276722 0.055819 0.007126
0.482185 0.055819 0.004751
0.502375 0.055819 0.004751
0.511876 0.055819 0.007126
0.521378 0.055819 0.005938
0.552257 0.055819 0.007126
0.567696 0.055819 0.004751
0.576010 0.055819 0.004751
0.587886 0.055819 0.004751
0.606888 0.055819 0.007126
0.618765 0.055819 0.008314
0.649644 0.055819 0.008314
0.685273 0.055819 0.005938
0.694774 0.055819 0.007126
0.738717 0.055819 0.008314
0.782660 0.055819 0.004751
0.808789 0.055819 0.007126
0.836105 0.055819 0.009501
0.849169 0.055819 0.005938
0.218527 0.057007 0.004751
0.225653 0.057007 0.004751
0.235154 0.057007 0.004751
0.288599 0.057007 0.005938
0.312352 0.057007 0.007126
0.324228 0.057007 0.007126
0.336105 0.057007 0.007126
0.357482 0.057007 0.010689
0.364608 0.057007 0.008314
0.418052 0.057007 0.008314
0.444181 0.057007 0.005938
0.456057 0.057007 0.008314
0.466746 0.057007 0.004751
0.473872 0.057007 0.010689
0.495249 0.057007 0.004751
0.530879 0.057007 0.007126
0.541568 0.057007 0.007126
0.710214 0.057007 0.008314
0.717340 0.057007 0.004751
0.728029 0.057007 0.007126
0.752969 0.057007 0.007126
0.764846 0.057007 0.005938
0.774347 0.057007 0.005938
0.790974 0.057007 0.005938
0.800475 0.057007 0.005938
0.820665 0.057007 0.008314
0.828979 0.057007 0.004751
0.866983 0.057007 0.008314
0.874109 0.057007 0.005938
0.141330 0.058195 0.008314
0.156770 0.058195 0.004751
0.173397 0.058195 0.005938
0.300475 0.058195 0.005938
0.375297 0.058195 0.007126
0.384798 0.058195 0.004751
0.407363 0.058195 0.007126
0.427553 0.058195 0.005938
0.435867 0.058195 0.004751
0.134204 0.059382 0.008314
0.182898 0.059382 0.005938
0.395487 0.059382 0.008314
0.617577 0.070071 0.005938
0.631829 0.070071 0.008314
0.641330 0.070071 0.007126
0.680523 0.070071 0.008314
0.218527 0.071259 0.005938
0.228029 0.071259 0.004751
0.256532 0.071259 0.004751
0.264846 0.071259 0.008314
0.277910 0.071259 0.007126
0.289786 0.071259 0.008314
0.301663 0.071259 0.007126
0.559382 0.071259 0.007126
0.578385 0.071259 0.011876
0.586698 0.071259 0.005938
0.596200 0.071259 0.007126
0.606888 0.071259 0.007126
0.650831 0.071259 0.005938
0.725653 0.071259 0.008314
0.736342 0.071259 0.011876
0.786223 0.071259 0.008314
0.796912 0.071259 0.007126
0.850356 0.071259 0.004751
0.859857 0.071259 0.008314
0.871734 0.071259 0.010689
0.878860 0.071259 0.008314
0.249406 0.072447 0.004751
0.312352 0.072447 0.008314
0.324228 0.072447 0.008314
0.331354 0.072447 0.013064
0.351544 0.072447 0.007126
0.370546 0.072447 0.008314
0.452494 0.072447 0.007126
0.568884 0.072447 0.005938
0.709026 0.072447 0.008314
0.751781 0.072447 0.010689
0.764846 0.072447 0.004751
0.805226 0.072447 0.004751
0.813539 0.072447 0.004751
0.825416 0.072447 0.008314
0.843230 0.072447 0.004751
0.150831 0.073634 0.004751
0.159145 0.073634 0.008314
0.193587 0.073634 0.008314
0.207838 0.073634 0.008314
0.238717 0.073634 0.009501
0.359857 0.073634 0.004751
0.378860 0.073634 0.005938
0.387173 0.073634 0.005938
0.400238 0.073634 0.007126
0.431116 0.073634 0.007126
0.441805 0.073634 0.007126
0.465558 0.073634 0.007126
0.477435 0.073634 0.007126
0.486936 0.073634 0.005938
0.497625 0.073634 0.008314
0.510689 0.073634 0.008314
0.524941 0.073634 0.008314
0.534442 0.073634 0.008314
0.547506 0.073634 0.008314
0.833729 0.073634 0.008314
0.129454 0.074822 0.008314
0.142518 0.074822 0.005938
0.410926 0.074822 0.007126
0.421615 0.074822 0.007126
0.186461 0.076010 0.010689
0.624703 0.086698 0.004751
0.836105 0.086698 0.010689
0.275534 0.087886 0.004751
0.293349 0.087886 0.005938
0.581948 0.087886 0.004751
0.590261 0.087886 0.004751
0.599762 0.087886 0.013064
0.614014 0.087886 0.008314
0.631829 0.087886 0.004751
0.641330 0.087886 0.013064
0.649644 0.087886 0.004751
0.805226 0.087886 0.008314
0.819477 0.087886 0.010689
0.827791 0.087886 0.004751
0.851544 0.087886 0.007126
0.862233 0.087886 0.004751
0.209026 0.089074 0.007126
0.243468 0.089074 0.004751
0.263658 0.089074 0.008314
0.365796 0.089074 0.004751
0.382423 0.089074 0.013064
0.389549 0.089074 0.005938
0.400238 0.089074 0.007126
0.447743 0.089074 0.008314
0.546318 0.089074 0.005938
0.557007 0.089074 0.010689
0.562945 0.089074 0.004751
0.572447 0.089074 0.005938
0.669834 0.089074 0.008314
0.717340 0.089074 0.004751
0.731591 0.089074 0.004751
0.769596 0.089074 0.010689
0.788599 0.089074 0.007126
0.869359 0.089074 0.005938
0.149644 0.090261 0.005938
0.192399 0.090261 0.004751
0.200713 0.090261 0.007126
0.222090 0.090261 0.010689
0.235154 0.090261 0.007126
0.252969 0.090261 0.007126
0.351544 0.090261 0.011876
0.358670 0.090261 0.004751
0.372922 0.090261 0.004751
0.409739 0.090261 0.005938
0.419240 0.090261 0.005938
0.428741 0.090261 0.008314
0.434679 0.090261 0.010689
0.460808 0.090261 0.008314
0.472684 0.090261 0.008314
0.495249 0.090261 0.008314
0.526128 0.090261 0.008314
0.538005 0.090261 0.008314
0.657957 0.090261 0.007126
0.710214 0.090261 0.004751
0.130641 0.091449 0.008314
0.141330 0.091449 0.005938
0.160333 0.091449 0.008314
0.171021 0.091449 0.005938
0.182898 0.091449 0.008314
0.483373 0.091449 0.008314
0.513064 0.091449 0.008314
0.776722 0.091449 0.005938
0.776722 0.102138 0.004751
0.811164 0.102138 0.004751
0.843230 0.102138 0.004751
0.861045 0.102138 0.005938
0.868171 0.102138 0.004751
0.876485 0.102138 0.008314
0.752969 0.103325 0.004751
0.769596 0.103325 0.008314
0.783848 0.103325 0.004751
0.790974 0.103325 0.009501
0.823040 0.103325 0.008314
0.833729 0.103325 0.007126
0.852732 0.103325 0.008314
0.634204 0.104513 0.011876
0.654394 0.104513 0.007126
0.712589 0.104513 0.010689
0.719715 0.104513 0.004751
0.732779 0.104513 0.008314
0.743468 0.104513 0.007126
0.804038 0.104513 0.010689
0.250594 0.105701 0.008314
0.258907 0.105701 0.005938
0.269596 0.105701 0.007126
0.381235 0.105701 0.008314
0.602138 0.105701 0.005938
0.618765 0.105701 0.004751
0.625891 0.105701 0.010689
0.155582 0.106888 0.009501
0.171021 0.106888 0.008314
0.182898 0.106888 0.009501
0.198337 0.106888 0.008314
0.211401 0.106888 0.011876
0.219715 0.106888 0.007126
0.230404 0.106888 0.005938
0.239905 0.106888 0.008314
0.391924 0.106888 0.005938
0.402613 0.106888 0.008314
0.578385 0.106888 0.008314
0.591449 0.106888 0.007126
0.609264 0.106888 0.011876
0.130641 0.108076 0.008314
0.146081 0.108076 0.008314
0.369359 0.108076 0.008314
0.414489 0.108076 0.007126
0.425178 0.108076 0.005938
0.434679 0.108076 0.005938
0.445368 0.108076 0.008314
0.470309 0.108076 0.007126
0.480998 0.108076 0.007126
0.511876 0.108076 0.013064
0.521378 0.108076 0.007126
0.530879 0.108076 0.005938
0.539192 0.108076 0.005938
0.547506 0.108076 0.004751
0.557007 0.108076 0.005938
0.565321 0.108076 0.004751
0.458432 0.109264 0.008314
0.490499 0.109264 0.005938
0.503563 0.109264 0.011876
0.877672 0.116390 0.005938
0.869359 0.117577 0.004751
0.885986 0.117577 0.011876
0.842043 0.118765 0.013064
0.852732 0.118765 0.007126
0.862233 0.118765 0.004751
0.712589 0.119952 0.008314
0.748219 0.119952 0.005938
0.801663 0.119952 0.005938
0.812352 0.119952 0.008314
0.724466 0.121140 0.008314
0.738717 0.121140 0.008314
0.757720 0.121140 0.005938
0.768409 0.121140 0.008314
0.780285 0.121140 0.008314
0.792162 0.121140 0.008314
0.823040 0.121140 0.008314
0.257720 0.122328 0.007126
0.630641 0.122328 0.005938
0.640143 0.122328 0.005938
0.129454 0.123515 0.008314
0.148456 0.123515 0.004751
0.211401 0.123515 0.007126
0.222090 0.123515 0.004751
0.230404 0.123515 0.005938
0.239905 0.123515 0.004751
0.247031 0.123515 0.011876
0.268409 0.123515 0.005938
0.349169 0.123515 0.008314
0.577197 0.123515 0.007126
0.602138 0.123515 0.007126
0.611639 0.123515 0.005938
0.621140 0.123515 0.008314
0.649644 0.123515 0.005938
0.657957 0.123515 0.004751
0.092637 0.124703 0.008314
0.140143 0.124703 0.005938
0.180523 0.124703 0.005938
0.188836 0.124703 0.004751
0.199525 0.124703 0.008314
0.361045 0.124703 0.008314
0.401425 0.124703 0.004751
0.422803 0.124703 0.008314
0.567696 0.124703 0.007126
0.589074 0.124703 0.008314
0.168646 0.125891 0.008314
0.372922 0.125891 0.007126
0.385986 0.125891 0.010689
0.410926 0.125891 0.008314
0.434679 0.125891 0.008314
0.457245 0.125891 0.008314
0.467933 0.125891 0.007126
0.554632 0.125891 0.010689
0.447743 0.127078 0.008314
0.479810 0.127078 0.008314
0.530879 0.127078 0.005938
0.540380 0.127078 0.005938
0.490499 0.128266 0.005938
0.500000 0.128266 0.004751
0.509501 0.128266 0.007126
0.521378 0.128266 0.008314
0.856295 0.135392 0.008314
0.864608 0.135392 0.005938
0.872922 0.135392 0.004751
0.833729 0.136580 0.007126
0.845606 0.136580 0.008314
0.777910 0.137767 0.005938
0.801663 0.137767 0.010689
0.814727 0.137767 0.008314
0.824228 0.137767 0.005938
0.705463 0.138955 0.007126
0.732779 0.138955 0.004751
0.738717 0.138955 0.004751
0.748219 0.138955 0.013064
0.761283 0.138955 0.004751
0.768409 0.138955 0.005938
0.787411 0.138955 0.011876
0.127078 0.140143 0.007126
0.141330 0.140143 0.008314
0.149644 0.140143 0.004751
0.157957 0.140143 0.007126
0.169834 0.140143 0.007126
0.191211 0.140143 0.008314
0.220903 0.140143 0.008314
0.235154 0.140143 0.011876
0.250594 0.140143 0.008314
0.261283 0.140143 0.007126
0.280285 0.140143 0.013064
0.713777 0.140143 0.013064
0.724466 0.140143 0.011876
0.179335 0.141330 0.005938
0.198337 0.141330 0.008314
0.211401 0.141330 0.005938
0.271971 0.141330 0.008314
0.287411 0.141330 0.011876
0.640143 0.141330 0.007126
0.650831 0.141330 0.008314
0.661520 0.141330 0.004751
0.334917 0.142518 0.011876
0.352732 0.142518 0.009501
0.365796 0.142518 0.007126
0.447743 0.142518 0.005938
0.469121 0.142518 0.007126
0.573634 0.142518 0.005938
0.584323 0.142518 0.005938
0.602138 0.142518 0.005938
0.629454 0.142518 0.005938
0.668646 0.142518 0.011876
0.375297 0.143705 0.008314
0.389549 0.143705 0.008314
0.402613 0.143705 0.007126
0.414489 0.143705 0.008314
0.421615 0.143705 0.008314
0.435867 0.143705 0.008314
0.457245 0.143705 0.008314
0.478622 0.143705 0.004751
0.610451 0.143705 0.007126
0.621140 0.143705 0.005938
0.486936 0.144893 0.008314
0.498812 0.144893 0.008314
0.507126 0.144893 0.004751
0.528504 0.144893 0.008314
0.535629 0.144893 0.004751
0.554632 0.144893 0.005938
0.564133 0.144893 0.005938
0.592637 0.144893 0.011876
0.516627 0.146081 0.007126
0.545131 0.146081 0.005938
0.878860 0.148456 0.005938
0.869359 0.150831 0.008314
0.844418 0.152019 0.004751
0.856295 0.152019 0.008314
0.825416 0.153207 0.005938
0.834917 0.153207 0.005938
0.793349 0.154394 0.007126
0.806413 0.154394 0.007126
0.815914 0.154394 0.004751
0.128266 0.155582 0.008314
0.141330 0.155582 0.008314
0.150831 0.155582 0.004751
0.159145 0.155582 0.005938
0.168646 0.155582 0.004751
0.175772 0.155582 0.004751
0.185273 0.155582 0.005938
0.763658 0.155582 0.005938
0.773159 0.155582 0.005938
0.194774 0.156770 0.005938
0.204276 0.156770 0.005938
0.214964 0.156770 0.007126
0.223278 0.156770 0.008314
0.731591 0.156770 0.005938
0.741093 0.156770 0.008314
0.754157 0.156770 0.007126
0.782660 0.156770 0.007126
0.235154 0.157957 0.007126
0.245843 0.157957 0.005938
0.254157 0.157957 0.004751
0.281473 0.157957 0.004751
0.372922 0.157957 0.007126
0.396675 0.157957 0.007126
0.420428 0.157957 0.004751
0.434679 0.157957 0.008314
0.553444 0.157957 0.007126
0.723278 0.157957 0.005938
0.264846 0.159145 0.008314
0.273159 0.159145 0.004751
0.292162 0.159145 0.008314
0.315914 0.159145 0.005938
0.324228 0.159145 0.007126
0.339667 0.159145 0.008314
0.352732 0.159145 0.008314
0.363420 0.159145 0.005938
0.383610 0.159145 0.008314
0.404988 0.159145 0.011876
0.413302 0.159145 0.004751
0.450119 0.159145 0.007126
0.463183 0.159145 0.005938
0.564133 0.159145 0.005938
0.573634 0.159145 0.007126
0.586698 0.159145 0.004751
0.602138 0.159145 0.004751
0.611639 0.159145 0.007126
0.636580 0.159145 0.008314
0.646081 0.159145 0.005938
0.655582 0.159145 0.005938
0.665083 0.159145 0.005938
0.674584 0.159145 0.005938
0.706651 0.159145 0.004751
0.306413 0.160333 0.008314
0.484561 0.160333 0.007126
0.495249 0.160333 0.007126
0.505938 0.160333 0.008314
0.517815 0.160333 0.007126
0.530879 0.160333 0.004751
0.540380 0.160333 0.008314
0.624703 0.160333 0.008314
0.686461 0.160333 0.007126
0.697150 0.160333 0.007126
0.713777 0.160333 0.011876
0.471496 0.161520 0.007126
0.876485 0.166271 0.004751
0.849169 0.167458 0.004751
0.863420 0.167458 0.004751
0.832542 0.168646 0.005938
0.842043 0.168646 0.004751
0.798100 0.169834 0.007126
0.137767 0.171021 0.007126
0.148456 0.171021 0.005938
0.157957 0.171021 0.007126
0.167458 0.171021 0.007126
0.179335 0.171021 0.007126
0.190024 0.171021 0.005938
0.199525 0.171021 0.004751
0.770784 0.171021 0.004751
0.780285 0.171021 0.005938
0.788599 0.171021 0.005938
0.808789 0.171021 0.007126
0.819477 0.171021 0.008314
0.127078 0.172209 0.005938
0.209026 0.172209 0.005938
0.219715 0.172209 0.005938
0.228029 0.172209 0.005938
0.239905 0.172209 0.007126
0.251781 0.172209 0.007126
0.273159 0.172209 0.007126
0.304038 0.172209 0.005938
0.315914 0.172209 0.007126
0.332542 0.172209 0.008314
0.364608 0.172209 0.004751
0.432304 0.172209 0.007126
0.605701 0.172209 0.004751
0.762470 0.172209 0.004751
0.262470 0.173397 0.005938
0.286223 0.173397 0.008314
0.294537 0.173397 0.005938
0.325416 0.173397 0.005938
0.345606 0.173397 0.005938
0.355107 0.173397 0.005938
0.383610 0.173397 0.005938
0.393112 0.173397 0.008314
0.401425 0.173397 0.004751
0.409739 0.173397 0.007126
0.420428 0.173397 0.005938
0.442993 0.173397 0.007126
0.453682 0.173397 0.005938
0.464371 0.173397 0.007126
0.476247 0.173397 0.005938
0.546318 0.173397 0.007126
0.558195 0.173397 0.007126
0.576010 0.173397 0.005938
0.586698 0.173397 0.005938
0.595012 0.173397 0.005938
0.745843 0.173397 0.007126
0.754157 0.173397 0.005938
0.371734 0.174584 0.008314
0.501188 0.174584 0.005938
0.514252 0.174584 0.008314
0.523753 0.174584 0.005938
0.533254 0.174584 0.005938
0.567696 0.174584 0.005938
0.614014 0.174584 0.005938
0.624703 0.174584 0.007126
0.634204 0.174584 0.005938
0.643705 0.174584 0.005938
0.652019 0.174584 0.005938
0.673397 0.174584 0.008314
0.686461 0.174584 0.005938
0.705463 0.174584 0.005938
0.714964 0.174584 0.005938
0.733967 0.174584 0.007126
0.488124 0.175772 0.007126
0.662708 0.175772 0.005938
0.697150 0.175772 0.004751
0.723278 0.175772 0.005938
0.877672 0.179335 0.023753
0.884798 0.179335 0.004751
0.857482 0.182898 0.004751
0.144893 0.184086 0.004751
0.152019 0.184086 0.010689
0.830166 0.184086 0.005938
0.842043 0.184086 0.010689
0.127078 0.185273 0.008314
0.136580 0.185273 0.005938
0.163895 0.185273 0.008314
0.174584 0.185273 0.004751
0.194774 0.185273 0.005938
0.823040 0.185273 0.008314
0.849169 0.185273 0.004751
0.184086 0.186461 0.008314
0.205463 0.186461 0.008314
0.216152 0.186461 0.005938
0.225653 0.186461 0.005938
0.238717 0.186461 0.008314
0.251781 0.186461 0.008314
0.263658 0.186461 0.007126
0.380048 0.186461 0.008314
0.400238 0.186461 0.008314
0.428741 0.186461 0.007126
0.800475 0.186461 0.008314
0.811164 0.186461 0.008314
0.277910 0.187648 0.007126
0.287411 0.187648 0.004751
0.312352 0.187648 0.008314
0.326603 0.187648 0.008314
0.338480 0.187648 0.008314
0.363420 0.187648 0.009501
0.408551 0.187648 0.008314
0.418052 0.187648 0.005938
0.439430 0.187648 0.008314
0.451306 0.187648 0.005938
0.458432 0.187648 0.013064
0.482185 0.187648 0.007126
0.492874 0.187648 0.005938
0.513064 0.187648 0.007126
0.522565 0.187648 0.005938
0.747031 0.187648 0.007126
0.757720 0.187648 0.004751
0.769596 0.187648 0.008314
0.790974 0.187648 0.005938
0.349169 0.188836 0.008314
0.469121 0.188836 0.008314
0.501188 0.188836 0.008314
0.564133 0.188836 0.004751
0.572447 0.188836 0.008314
0.581948 0.188836 0.005938
0.625891 0.188836 0.008314
0.636580 0.188836 0.007126
0.705463 0.188836 0.004751
0.711401 0.188836 0.004751
0.728029 0.188836 0.005938
0.736342 0.188836 0.007126
0.298100 0.190024 0.010689
0.538005 0.190024 0.010689
0.553444 0.190024 0.008314
0.590261 0.190024 0.013064
0.603325 0.190024 0.008314
0.612827 0.190024 0.005938
0.647268 0.190024 0.008314
0.659145 0.190024 0.008314
0.679335 0.190024 0.007126
0.693587 0.190024 0.009501
0.666271 0.192399 0.013064
