0.735154 0.073634 0.009501
0.709026 0.074822 0.004751
0.722090 0.074822 0.010689
0.760095 0.074822 0.007126
0.768409 0.074822 0.004751
0.794537 0.074822 0.004751
0.522565 0.076010 0.007126
0.561758 0.076010 0.005938
0.583135 0.076010 0.007126
0.592637 0.076010 0.008314
0.635392 0.076010 0.004751
0.646081 0.076010 0.007126
0.656770 0.076010 0.005938
0.663895 0.076010 0.004751
0.671021 0.076010 0.008314
0.682898 0.076010 0.010689
0.690024 0.076010 0.004751
0.700713 0.076010 0.008314
0.741093 0.076010 0.007126
0.749406 0.076010 0.004751
0.775534 0.076010 0.005938
0.786223 0.076010 0.005938
0.811164 0.076010 0.004751
0.834917 0.076010 0.004751
0.532067 0.077197 0.005938
0.552257 0.077197 0.005938
0.571259 0.077197 0.015439
0.604513 0.077197 0.007126
0.627078 0.077197 0.010689
0.802850 0.077197 0.011876
0.818290 0.077197 0.005938
0.826603 0.077197 0.005938
0.440618 0.078385 0.004751
0.476247 0.078385 0.008314
0.496437 0.078385 0.004751
0.513064 0.078385 0.004751
0.541568 0.078385 0.007126
0.615202 0.078385 0.008314
0.842043 0.078385 0.011876
0.851544 0.078385 0.004751
0.863420 0.078385 0.004751
0.450119 0.079572 0.005938
0.458432 0.079572 0.004751
0.465558 0.079572 0.004751
0.485748 0.079572 0.008314
0.503563 0.079572 0.011876
0.870546 0.079572 0.005938
0.425178 0.080760 0.005938
0.433492 0.080760 0.004751
0.385986 0.081948 0.004751
0.414489 0.081948 0.004751
0.300475 0.083135 0.004751
0.308789 0.083135 0.013064
0.362233 0.083135 0.004751
0.371734 0.083135 0.007126
0.378860 0.083135 0.004751
0.396675 0.083135 0.007126
0.406176 0.083135 0.007126
0.321853 0.084323 0.005938
0.330166 0.084323 0.007126
0.339667 0.084323 0.007126
0.351544 0.084323 0.007126
0.256532 0.085511 0.008314
0.197150 0.086698 0.004751
0.228029 0.086698 0.008314
0.235154 0.086698 0.004751
0.247031 0.086698 0.007126
0.267221 0.086698 0.005938
0.289786 0.086698 0.007126
0.207838 0.087886 0.007126
0.277910 0.087886 0.008314
0.165083 0.089074 0.004751
0.178147 0.089074 0.004751
0.185273 0.089074 0.004751
0.774347 0.089074 0.008314
0.144893 0.090261 0.005938
0.667458 0.090261 0.008314
0.704276 0.090261 0.004751
0.711401 0.090261 0.010689
0.763658 0.090261 0.008314
0.786223 0.090261 0.007126
0.798100 0.090261 0.007126
0.818290 0.090261 0.004751
0.135392 0.091449 0.008314
0.636580 0.091449 0.005938
0.644893 0.091449 0.004751
0.655582 0.091449 0.008314
0.678147 0.091449 0.005938
0.687648 0.091449 0.005938
0.695962 0.091449 0.005938
0.722090 0.091449 0.004751
0.729216 0.091449 0.004751
0.752969 0.091449 0.005938
0.809976 0.091449 0.007126
0.837292 0.091449 0.007126
0.850356 0.091449 0.005938
0.859857 0.091449 0.008314
0.585511 0.092637 0.008314
0.596200 0.092637 0.004751
0.624703 0.092637 0.007126
0.737530 0.092637 0.005938
0.875297 0.092637 0.008314
0.123515 0.093824 0.008314
0.434679 0.093824 0.011876
0.461995 0.093824 0.007126
0.471496 0.093824 0.007126
0.554632 0.093824 0.008314
0.566508 0.093824 0.007126
0.615202 0.093824 0.007126
0.404988 0.095012 0.004751
0.425178 0.095012 0.007126
0.452494 0.095012 0.005938
0.483373 0.095012 0.008314
0.503563 0.095012 0.007126
0.523753 0.095012 0.004751
0.535629 0.095012 0.010689
0.543943 0.095012 0.004751
0.576010 0.095012 0.005938
0.495249 0.096200 0.005938
0.380048 0.097387 0.007126
0.389549 0.097387 0.004751
0.396675 0.097387 0.005938
0.414489 0.097387 0.008314
0.276722 0.098575 0.005938
0.317102 0.098575 0.004751
0.353919 0.098575 0.005938
0.371734 0.098575 0.004751
0.287411 0.099762 0.004751
0.295724 0.099762 0.004751
0.308789 0.099762 0.008314
0.324228 0.099762 0.005938
0.332542 0.099762 0.004751
0.344418 0.099762 0.007126
0.363420 0.099762 0.005938
0.268409 0.100950 0.004751
0.212589 0.102138 0.007126
0.223278 0.102138 0.005938
0.235154 0.102138 0.009501
0.249406 0.102138 0.004751
0.258907 0.102138 0.005938
0.169834 0.103325 0.008314
0.187648 0.103325 0.009501
0.762470 0.103325 0.008314
0.800475 0.103325 0.004751
0.149644 0.104513 0.010689
0.157957 0.104513 0.007126
0.181710 0.104513 0.004751
0.203088 0.104513 0.008314
0.737530 0.104513 0.004751
0.774347 0.104513 0.008314
0.785036 0.104513 0.007126
0.793349 0.104513 0.004751
0.688836 0.105701 0.005938
0.697150 0.105701 0.007126
0.707838 0.105701 0.004751
0.716152 0.105701 0.005938
0.745843 0.105701 0.005938
0.812352 0.105701 0.008314
0.823040 0.105701 0.004751
0.839667 0.105701 0.008314
0.850356 0.105701 0.005938
0.863420 0.105701 0.008314
0.880048 0.105701 0.008314
0.119952 0.106888 0.004751
0.136580 0.106888 0.004751
0.649644 0.106888 0.007126
0.659145 0.106888 0.004751
0.666271 0.106888 0.004751
0.675772 0.106888 0.008314
0.830166 0.106888 0.004751
0.127078 0.108076 0.010689
0.583135 0.108076 0.004751
0.592637 0.108076 0.005938
0.603325 0.108076 0.007126
0.631829 0.108076 0.005938
0.574822 0.109264 0.007126
0.611639 0.109264 0.005938
0.623515 0.109264 0.007126
0.439430 0.110451 0.008314
0.452494 0.110451 0.004751
0.497625 0.110451 0.010689
0.520190 0.110451 0.004751
0.529691 0.110451 0.007126
0.542755 0.110451 0.007126
0.553444 0.110451 0.007126
0.377672 0.111639 0.004751
0.384798 0.111639 0.004751
0.394299 0.111639 0.005938
0.419240 0.111639 0.008314
0.428741 0.111639 0.007126
0.459620 0.111639 0.010689
0.465558 0.111639 0.004751
0.488124 0.111639 0.005938
0.511876 0.111639 0.004751
0.564133 0.111639 0.007126
0.340855 0.112827 0.004751
0.347981 0.112827 0.008314
0.369359 0.112827 0.007126
0.404988 0.112827 0.007126
0.283848 0.114014 0.004751
0.290974 0.114014 0.004751
0.299287 0.114014 0.004751
0.305226 0.114014 0.009501
0.317102 0.114014 0.004751
0.229216 0.115202 0.009501
0.251781 0.115202 0.004751
0.262470 0.115202 0.007126
0.273159 0.115202 0.007126
0.324228 0.115202 0.004751
0.193587 0.116390 0.005938
0.213777 0.116390 0.007126
0.223278 0.116390 0.004751
0.242280 0.116390 0.005938
0.180523 0.117577 0.007126
0.201900 0.117577 0.005938
0.150831 0.118765 0.007126
0.161520 0.118765 0.005938
0.171021 0.118765 0.005938
0.743468 0.118765 0.010689
0.137767 0.119952 0.004751
0.751781 0.119952 0.004751
0.766033 0.119952 0.008314
0.786223 0.119952 0.005938
0.802850 0.119952 0.007126
0.813539 0.119952 0.008314
0.839667 0.119952 0.004751
0.851544 0.119952 0.008314
0.877672 0.119952 0.008314
0.883610 0.119952 0.008314
0.707838 0.121140 0.008314
0.717340 0.121140 0.008314
0.730404 0.121140 0.010689
0.777910 0.121140 0.005938
0.794537 0.121140 0.005938
0.819477 0.121140 0.004751
0.831354 0.121140 0.008314
0.863420 0.121140 0.008314
0.121140 0.122328 0.011876
0.129454 0.122328 0.004751
0.600950 0.122328 0.005938
0.609264 0.122328 0.005938
0.644893 0.122328 0.008314
0.654394 0.122328 0.008314
0.665083 0.122328 0.007126
0.621140 0.123515 0.008314
0.628266 0.123515 0.004751
0.580760 0.124703 0.007126
0.590261 0.124703 0.007126
0.488124 0.125891 0.009501
0.495249 0.125891 0.004751
0.539192 0.125891 0.004751
0.547506 0.125891 0.004751
0.557007 0.125891 0.008314
0.568884 0.125891 0.008314
0.292162 0.127078 0.007126
0.445368 0.127078 0.004751
0.452494 0.127078 0.004751
0.463183 0.127078 0.007126
0.475059 0.127078 0.008314
0.505938 0.127078 0.008314
0.516627 0.127078 0.005938
0.524941 0.127078 0.004751
0.365796 0.128266 0.008314
0.378860 0.128266 0.008314
0.395487 0.128266 0.008314
0.409739 0.128266 0.008314
0.422803 0.128266 0.005938
0.431116 0.128266 0.010689
0.273159 0.129454 0.007126
0.286223 0.129454 0.004751
0.346793 0.129454 0.010689
0.353919 0.129454 0.008314
0.195962 0.130641 0.008314
0.207838 0.130641 0.008314
0.228029 0.130641 0.011876
0.250594 0.130641 0.008314
0.261283 0.130641 0.008314
0.166271 0.131829 0.004751
0.159145 0.133017 0.005938
0.178147 0.134204 0.004751
0.141330 0.135392 0.005938
0.814727 0.135392 0.004751
0.836105 0.135392 0.005938
0.865796 0.135392 0.010689
0.872922 0.135392 0.004751
0.880048 0.135392 0.004751
0.129454 0.136580 0.007126
0.756532 0.136580 0.008314
0.764846 0.136580 0.004751
0.770784 0.136580 0.004751
0.793349 0.136580 0.011876
0.805226 0.136580 0.008314
0.644893 0.137767 0.008314
0.654394 0.137767 0.007126
0.714964 0.137767 0.008314
0.739905 0.137767 0.009501
0.777910 0.137767 0.004751
0.785036 0.137767 0.004751
0.843230 0.137767 0.010689
0.117577 0.138955 0.007126
0.611639 0.138955 0.010689
0.627078 0.138955 0.004751
0.635392 0.138955 0.005938
0.725653 0.138955 0.008314
0.618765 0.140143 0.004751
0.431116 0.141330 0.005938
0.485748 0.141330 0.007126
0.515439 0.141330 0.007126
0.595012 0.141330 0.011876
0.412114 0.142518 0.007126
0.422803 0.142518 0.004751
0.459620 0.142518 0.005938
0.467933 0.142518 0.008314
0.496437 0.142518 0.007126
0.507126 0.142518 0.004751
0.526128 0.142518 0.005938
0.534442 0.142518 0.008314
0.543943 0.142518 0.005938
0.557007 0.142518 0.008314
0.566508 0.142518 0.005938
0.576010 0.142518 0.008314
0.586698 0.142518 0.005938
0.400238 0.143705 0.007126
0.450119 0.143705 0.005938
0.333729 0.144893 0.010689
0.349169 0.144893 0.008314
0.361045 0.144893 0.004751
0.372922 0.144893 0.008314
0.390736 0.144893 0.004751
0.382423 0.146081 0.005938
0.203088 0.147268 0.008314
0.214964 0.147268 0.007126
0.248219 0.147268 0.005938
0.186461 0.148456 0.011876
0.193587 0.148456 0.011876
0.178147 0.149644 0.005938
0.163895 0.150831 0.010689
0.869359 0.150831 0.004751
0.884798 0.150831 0.011876
0.128266 0.152019 0.005938
0.136580 0.152019 0.004751
0.852732 0.152019 0.004751
0.859857 0.152019 0.005938
0.876485 0.152019 0.004751
0.840855 0.153207 0.008314
0.655582 0.154394 0.010689
0.742280 0.154394 0.004751
0.750594 0.154394 0.004751
0.801663 0.154394 0.005938
0.813539 0.154394 0.010689
0.821853 0.154394 0.004751
0.828979 0.154394 0.011876
0.647268 0.155582 0.008314
0.714964 0.155582 0.008314
0.735154 0.155582 0.005938
0.779097 0.155582 0.008314
0.792162 0.155582 0.008314
0.725653 0.156770 0.008314
0.471496 0.157957 0.004751
0.545131 0.157957 0.008314
0.587886 0.157957 0.008314
0.605701 0.157957 0.008314
0.615202 0.157957 0.005938
0.635392 0.157957 0.008314
0.510689 0.159145 0.007126
0.521378 0.159145 0.007126
0.532067 0.159145 0.005938
0.565321 0.159145 0.008314
0.571259 0.159145 0.004751
0.578385 0.159145 0.004751
0.623515 0.159145 0.013064
0.415677 0.160333 0.010689
0.432304 0.160333 0.007126
0.440618 0.160333 0.005938
0.450119 0.160333 0.008314
0.461995 0.160333 0.007126
0.498812 0.160333 0.010689
0.483373 0.161520 0.009501
0.338480 0.162708 0.008314
0.350356 0.162708 0.008314
0.400238 0.162708 0.010689
0.212589 0.163895 0.009501
0.366983 0.163895 0.008314
0.194774 0.165083 0.008314
0.357482 0.165083 0.007126
0.381235 0.165083 0.010689
0.862233 0.166271 0.005938
0.871734 0.166271 0.008314
0.882423 0.167458 0.004751
0.125891 0.168646 0.008314
0.852732 0.168646 0.004751
0.833729 0.169834 0.005938
0.711401 0.171021 0.010689
0.814727 0.171021 0.005938
0.843230 0.171021 0.008314
0.795724 0.172209 0.008314
0.805226 0.172209 0.005938
0.725653 0.173397 0.005938
0.741093 0.173397 0.011876
0.751781 0.173397 0.007126
0.761283 0.173397 0.004751
0.769596 0.173397 0.010689
0.782660 0.173397 0.004751
0.552257 0.174584 0.016627
0.634204 0.174584 0.008314
0.649644 0.174584 0.013064
0.659145 0.174584 0.008314
0.545131 0.175772 0.004751
0.610451 0.175772 0.005938
0.618765 0.175772 0.008314
0.564133 0.176960 0.008314
0.573634 0.176960 0.007126
0.600950 0.176960 0.008314
0.516627 0.178147 0.013064
0.532067 0.178147 0.013064
0.585511 0.178147 0.008314
0.250594 0.179335 0.008314
0.270784 0.179335 0.004751
0.338480 0.179335 0.008314
0.426366 0.179335 0.007126
0.437055 0.179335 0.007126
0.507126 0.179335 0.007126
0.226841 0.180523 0.010689
0.241093 0.180523 0.005938
0.262470 0.180523 0.004751
0.350356 0.180523 0.005938
0.359857 0.180523 0.007126
0.394299 0.180523 0.007126
0.447743 0.180523 0.005938
0.461995 0.180523 0.008314
0.484561 0.180523 0.008314
0.495249 0.180523 0.007126
0.371734 0.181710 0.008314
0.382423 0.181710 0.008314
0.404988 0.181710 0.007126
0.415677 0.181710 0.008314
0.472684 0.181710 0.008314
0.193587 0.182898 0.009501
0.865796 0.182898 0.004751
0.872922 0.182898 0.005938
0.856295 0.184086 0.008314
0.828979 0.185273 0.009501
0.842043 0.185273 0.005938
0.820665 0.186461 0.008314
0.763658 0.187648 0.007126
0.774347 0.187648 0.008314
0.808789 0.187648 0.004751
0.726841 0.188836 0.005938
0.736342 0.188836 0.007126
0.744656 0.188836 0.005938
0.754157 0.188836 0.005938
0.800475 0.188836 0.011876
0.717340 0.190024 0.005938
0.785036 0.190024 0.009501
0.652019 0.192399 0.004751
0.662708 0.192399 0.008314
0.674584 0.192399 0.008314
0.685273 0.192399 0.008314
0.698337 0.192399 0.007126
0.709026 0.192399 0.008314
0.622328 0.193587 0.005938
0.631829 0.193587 0.007126
0.642518 0.193587 0.008314
0.593824 0.194774 0.004751
0.599762 0.194774 0.010689
0.611639 0.194774 0.008314
0.459620 0.195962 0.007126
0.545131 0.195962 0.004751
0.353919 0.197150 0.004751
0.369359 0.197150 0.007126
0.421615 0.197150 0.007126
0.448931 0.197150 0.007126
0.470309 0.197150 0.007126
0.482185 0.197150 0.007126
0.492874 0.197150 0.008314
0.500000 0.197150 0.004751
0.515439 0.197150 0.007126
0.527316 0.197150 0.005938
0.535629 0.197150 0.005938
0.257720 0.198337 0.008314
0.296912 0.198337 0.008314
0.305226 0.198337 0.011876
0.336105 0.198337 0.007126
0.346793 0.198337 0.004751
0.383610 0.198337 0.007126
0.397862 0.198337 0.008314
0.428741 0.198337 0.005938
0.437055 0.198337 0.005938
0.230404 0.199525 0.005938
0.239905 0.199525 0.011876
0.270784 0.199525 0.008314
0.285036 0.199525 0.007126
0.323040 0.199525 0.008314
0.408551 0.199525 0.004751
0.581948 0.199525 0.008314
0.220903 0.200713 0.005938
0.850356 0.200713 0.007126
0.863420 0.200713 0.008314
0.203088 0.201900 0.013064
0.211401 0.201900 0.013064
0.836105 0.201900 0.008314
0.796912 0.203088 0.005938
0.809976 0.203088 0.009501
0.821853 0.203088 0.008314
0.788599 0.204276 0.004751
0.716152 0.205463 0.004751
0.739905 0.205463 0.008314
0.707838 0.206651 0.004751
0.755344 0.206651 0.007126
0.766033 0.206651 0.005938
0.779097 0.206651 0.008314
0.700713 0.207838 0.010689
0.617577 0.210214 0.007126
0.629454 0.210214 0.007126
0.641330 0.210214 0.008314
0.653207 0.210214 0.007126
0.358670 0.211401 0.005938
0.444181 0.211401 0.007126
0.524941 0.211401 0.007126
0.538005 0.211401 0.008314
0.587886 0.211401 0.004751
0.596200 0.211401 0.004751
0.605701 0.211401 0.005938
0.340855 0.212589 0.005938
0.347981 0.212589 0.011876
0.383610 0.212589 0.005938
0.415677 0.212589 0.009501
0.428741 0.212589 0.004751
0.458432 0.212589 0.007126
0.502375 0.212589 0.007126
0.513064 0.212589 0.005938
0.885986 0.212589 0.013064
0.281473 0.213777 0.008314
0.365796 0.213777 0.005938
0.372922 0.213777 0.008314
0.394299 0.213777 0.007126
0.403800 0.213777 0.008314
0.469121 0.213777 0.005938
0.480998 0.213777 0.007126
0.491686 0.213777 0.007126
0.548694 0.213777 0.007126
0.561758 0.213777 0.008314
0.572447 0.213777 0.005938
0.267221 0.214964 0.007126
0.292162 0.214964 0.007126
0.302850 0.214964 0.007126
0.312352 0.214964 0.007126
0.324228 0.214964 0.010689
0.331354 0.214964 0.011876
0.869359 0.214964 0.004751
0.180523 0.216152 0.008314
0.237530 0.216152 0.008314
0.247031 0.216152 0.005938
0.257720 0.216152 0.007126
0.844418 0.216152 0.005938
0.862233 0.216152 0.008314
0.224466 0.217340 0.005938
0.821853 0.217340 0.009501
0.833729 0.217340 0.008314
0.852732 0.217340 0.004751
0.787411 0.218527 0.004751
0.809976 0.218527 0.008314
0.779097 0.219715 0.004751
0.798100 0.219715 0.008314
0.116390 0.220903 0.005938
0.134204 0.220903 0.004751
0.707838 0.220903 0.007126
0.737530 0.220903 0.004751
0.743468 0.220903 0.004751
0.124703 0.222090 0.016627
0.695962 0.222090 0.008314
0.718527 0.222090 0.008314
0.728029 0.222090 0.005938
0.758907 0.222090 0.008314
0.769596 0.222090 0.008314
0.660333 0.223278 0.005938
0.669834 0.223278 0.005938
0.679335 0.223278 0.008314
0.628266 0.225653 0.008314
0.591449 0.226841 0.008314
0.616390 0.226841 0.008314
0.638955 0.226841 0.008314
0.649644 0.226841 0.007126
0.425178 0.228029 0.010689
0.464371 0.228029 0.005938
0.472684 0.228029 0.005938
0.484561 0.228029 0.008314
0.239905 0.229216 0.008314
0.409739 0.229216 0.010689
0.441805 0.229216 0.008314
0.454869 0.229216 0.008314
0.497625 0.229216 0.008314
0.508314 0.229216 0.008314
0.522565 0.229216 0.008314
0.534442 0.229216 0.007126
0.545131 0.229216 0.008314
0.571259 0.229216 0.009501
0.605701 0.229216 0.008314
0.377672 0.230404 0.008314
0.391924 0.230404 0.008314
0.401425 0.230404 0.005938
0.557007 0.230404 0.008314
0.277910 0.231591 0.007126
0.290974 0.231591 0.008314
0.302850 0.231591 0.007126
0.325416 0.231591 0.008314
0.342043 0.231591 0.008314
0.355107 0.231591 0.008314
0.366983 0.231591 0.008314
0.260095 0.232779 0.011876
0.268409 0.232779 0.004751
0.313539 0.232779 0.008314
