0.376485 0.001188 0.011876
0.941805 0.004751 0.019002
0.726841 0.007126 0.020190
0.766033 0.009501 0.028504
0.852732 0.009501 0.019002
0.655582 0.011876 0.020190
0.817102 0.011876 0.013064
0.880048 0.011876 0.013064
0.692399 0.015439 0.011876
0.629454 0.016627 0.013064
0.372922 0.020190 0.013064
0.213777 0.021378 0.020190
0.309976 0.021378 0.013064
0.403800 0.021378 0.020190
0.350356 0.022565 0.016627
0.255344 0.023753 0.023753
0.324228 0.023753 0.023753
0.149644 0.024941 0.020190
0.184086 0.024941 0.013064
0.122328 0.026128 0.011876
0.866983 0.040380 0.015439
0.882423 0.041568 0.010689
0.857482 0.042755 0.007126
0.809976 0.043943 0.008314
0.831354 0.043943 0.013064
0.846793 0.043943 0.008314
0.750594 0.045131 0.008314
0.799287 0.045131 0.007126
0.777910 0.046318 0.007126
0.788599 0.046318 0.007126
0.562945 0.047506 0.013064
0.576010 0.047506 0.008314
0.587886 0.047506 0.007126
0.609264 0.047506 0.004751
0.669834 0.047506 0.008314
0.682898 0.047506 0.008314
0.699525 0.047506 0.008314
0.710214 0.047506 0.007126
0.720903 0.047506 0.010689
0.739905 0.047506 0.008314
0.758907 0.047506 0.007126
0.769596 0.047506 0.013064
0.598575 0.048694 0.008314
0.638955 0.048694 0.005938
0.648456 0.048694 0.008314
0.659145 0.048694 0.008314
0.516627 0.049881 0.005938
0.539192 0.049881 0.011876
0.628266 0.049881 0.007126
0.478622 0.051069 0.010689
0.508314 0.051069 0.005938
0.528504 0.051069 0.008314
0.616390 0.051069 0.010689
0.279097 0.052257 0.004751
0.285036 0.052257 0.013064
0.294537 0.052257 0.004751
0.311164 0.052257 0.004751
0.376485 0.052257 0.009501
0.393112 0.052257 0.008314
0.403800 0.052257 0.005938
0.414489 0.052257 0.008314
0.446556 0.052257 0.007126
0.456057 0.052257 0.007126
0.466746 0.052257 0.007126
0.497625 0.052257 0.008314
0.129454 0.053444 0.011876
0.136580 0.053444 0.004751
0.144893 0.053444 0.004751
0.153207 0.053444 0.013064
0.165083 0.053444 0.004751
0.222090 0.053444 0.004751
0.230404 0.053444 0.007126
0.239905 0.053444 0.004751
0.257720 0.053444 0.007126
0.268409 0.053444 0.008314
0.302850 0.053444 0.005938
0.318290 0.053444 0.004751
0.330166 0.053444 0.004751
0.357482 0.053444 0.005938
0.364608 0.053444 0.011876
0.423990 0.053444 0.004751
0.434679 0.053444 0.008314
0.173397 0.054632 0.005938
0.182898 0.054632 0.004751
0.191211 0.054632 0.011876
0.206651 0.054632 0.008314
0.214964 0.054632 0.004751
0.248219 0.054632 0.005938
0.339667 0.054632 0.005938
0.347981 0.054632 0.005938
0.882423 0.058195 0.011876
0.876485 0.059382 0.013064
0.823040 0.061758 0.007126
0.857482 0.061758 0.007126
0.865796 0.061758 0.004751
0.661520 0.062945 0.011876
0.832542 0.062945 0.007126
0.680523 0.064133 0.008314
0.692399 0.064133 0.009501
0.703088 0.064133 0.007126
0.713777 0.064133 0.007126
0.724466 0.064133 0.005938
0.732779 0.064133 0.004751
0.744656 0.064133 0.008314
0.754157 0.064133 0.007126
0.764846 0.064133 0.007126
0.777910 0.064133 0.007126
0.787411 0.064133 0.005938
0.811164 0.064133 0.008314
0.845606 0.064133 0.008314
0.561758 0.065321 0.008314
0.571259 0.065321 0.010689
0.585511 0.065321 0.004751
0.593824 0.065321 0.004751
0.671021 0.065321 0.005938
0.800475 0.065321 0.008314
0.542755 0.066508 0.004751
0.549881 0.066508 0.004751
0.600950 0.066508 0.010689
0.610451 0.066508 0.005938
0.622328 0.066508 0.008314
0.633017 0.066508 0.007126
0.646081 0.066508 0.008314
0.300475 0.067696 0.004751
0.425178 0.067696 0.005938
0.453682 0.067696 0.005938
0.463183 0.067696 0.013064
0.492874 0.067696 0.009501
0.514252 0.067696 0.008314
0.523753 0.067696 0.004751
0.530879 0.067696 0.008314
0.255344 0.068884 0.008314
0.267221 0.068884 0.004751
0.415677 0.068884 0.005938
0.444181 0.068884 0.005938
0.471496 0.068884 0.008314
0.482185 0.068884 0.007126
0.206651 0.070071 0.004751
0.224466 0.070071 0.009501
0.276722 0.070071 0.005938
0.283848 0.070071 0.004751
0.333729 0.070071 0.004751
0.344418 0.070071 0.007126
0.365796 0.070071 0.004751
0.375297 0.070071 0.005938
0.387173 0.070071 0.008314
0.396675 0.070071 0.005938
0.403800 0.070071 0.011876
0.432304 0.070071 0.010689
0.128266 0.071259 0.008314
0.140143 0.071259 0.008314
0.150831 0.071259 0.005938
0.160333 0.071259 0.005938
0.168646 0.071259 0.005938
0.178147 0.071259 0.007126
0.188836 0.071259 0.005938
0.213777 0.071259 0.010689
0.239905 0.071259 0.008314
0.324228 0.071259 0.008314
0.356295 0.071259 0.008314
0.197150 0.072447 0.007126
0.881235 0.077197 0.004751
0.888361 0.077197 0.004751
0.750594 0.078385 0.008314
0.723278 0.079572 0.008314
0.732779 0.079572 0.004751
0.738717 0.079572 0.004751
0.833729 0.079572 0.010689
0.842043 0.079572 0.004751
0.850356 0.079572 0.005938
0.861045 0.079572 0.008314
0.654394 0.080760 0.008314
0.662708 0.080760 0.004751
0.680523 0.080760 0.004751
0.700713 0.080760 0.007126
0.758907 0.080760 0.005938
0.786223 0.080760 0.009501
0.794537 0.080760 0.005938
0.804038 0.080760 0.008314
0.818290 0.080760 0.009501
0.669834 0.081948 0.010689
0.547506 0.083135 0.010689
0.566508 0.083135 0.009501
0.581948 0.083135 0.008314
0.600950 0.083135 0.007126
0.611639 0.083135 0.004751
0.622328 0.083135 0.007126
0.631829 0.083135 0.005938
0.641330 0.083135 0.005938
0.539192 0.084323 0.007126
0.591449 0.084323 0.007126
0.188836 0.085511 0.011876
0.281473 0.085511 0.008314
0.464371 0.085511 0.007126
0.488124 0.085511 0.007126
0.498812 0.085511 0.007126
0.528504 0.085511 0.005938
0.129454 0.086698 0.008314
0.156770 0.086698 0.007126
0.169834 0.086698 0.008314
0.223278 0.086698 0.011876
0.294537 0.086698 0.004751
0.314727 0.086698 0.007126
0.344418 0.086698 0.005938
0.395487 0.086698 0.008314
0.446556 0.086698 0.008314
0.476247 0.086698 0.008314
0.509501 0.086698 0.005938
0.519002 0.086698 0.007126
0.138955 0.087886 0.004751
0.146081 0.087886 0.005938
0.195962 0.087886 0.005938
0.206651 0.087886 0.005938
0.216152 0.087886 0.011876
0.252969 0.087886 0.009501
0.263658 0.087886 0.005938
0.305226 0.087886 0.007126
0.324228 0.087886 0.005938
0.333729 0.087886 0.007126
0.352732 0.087886 0.013064
0.362233 0.087886 0.005938
0.370546 0.087886 0.004751
0.382423 0.087886 0.008314
0.409739 0.087886 0.008314
0.434679 0.087886 0.005938
0.453682 0.087886 0.008314
0.238717 0.089074 0.008314
0.423990 0.089074 0.008314
0.883610 0.093824 0.005938
0.891924 0.093824 0.005938
0.856295 0.095012 0.008314
0.825416 0.096200 0.005938
0.838480 0.096200 0.008314
0.866983 0.096200 0.005938
0.875297 0.096200 0.004751
0.712589 0.097387 0.008314
0.756532 0.097387 0.008314
0.767221 0.097387 0.005938
0.779097 0.097387 0.007126
0.790974 0.097387 0.008314
0.804038 0.097387 0.008314
0.814727 0.097387 0.005938
0.656770 0.098575 0.011876
0.723278 0.098575 0.007126
0.731591 0.098575 0.004751
0.744656 0.098575 0.004751
0.538005 0.099762 0.008314
0.630641 0.099762 0.004751
0.638955 0.099762 0.005938
0.649644 0.099762 0.010689
0.666271 0.099762 0.007126
0.548694 0.100950 0.007126
0.558195 0.100950 0.004751
0.567696 0.100950 0.008314
0.576010 0.100950 0.007126
0.585511 0.100950 0.013064
0.602138 0.100950 0.005938
0.619952 0.100950 0.008314
0.495249 0.102138 0.004751
0.503563 0.102138 0.005938
0.513064 0.102138 0.004751
0.523753 0.102138 0.007126
0.592637 0.102138 0.005938
0.610451 0.102138 0.011876
0.203088 0.103325 0.008314
0.410926 0.103325 0.005938
0.459620 0.103325 0.007126
0.470309 0.103325 0.007126
0.480998 0.103325 0.008314
0.127078 0.104513 0.008314
0.137767 0.104513 0.007126
0.149644 0.104513 0.007126
0.159145 0.104513 0.004751
0.168646 0.104513 0.007126
0.180523 0.104513 0.008314
0.193587 0.104513 0.005938
0.216152 0.104513 0.008314
0.438242 0.104513 0.004751
0.447743 0.104513 0.008314
0.226841 0.105701 0.004751
0.236342 0.105701 0.008314
0.249406 0.105701 0.007126
0.384798 0.105701 0.008314
0.402613 0.105701 0.005938
0.420428 0.105701 0.007126
0.429929 0.105701 0.005938
0.260095 0.106888 0.008314
0.270784 0.106888 0.007126
0.346793 0.106888 0.004751
0.356295 0.106888 0.008314
0.370546 0.106888 0.008314
0.394299 0.106888 0.007126
0.281473 0.108076 0.005938
0.889549 0.109264 0.004751
0.896675 0.109264 0.011876
0.875297 0.110451 0.004751
0.881235 0.110451 0.004751
0.825416 0.111639 0.011876
0.838480 0.111639 0.008314
0.851544 0.111639 0.007126
0.754157 0.112827 0.004751
0.807601 0.112827 0.007126
0.818290 0.112827 0.013064
0.862233 0.112827 0.010689
0.712589 0.114014 0.013064
0.720903 0.114014 0.005938
0.733967 0.114014 0.008314
0.745843 0.114014 0.008314
0.767221 0.114014 0.010689
0.777910 0.114014 0.007126
0.788599 0.114014 0.007126
0.798100 0.114014 0.007126
0.097387 0.116390 0.007126
0.611639 0.116390 0.005938
0.657957 0.116390 0.004751
0.501188 0.117577 0.007126
0.541568 0.117577 0.008314
0.578385 0.117577 0.007126
0.587886 0.117577 0.005938
0.600950 0.117577 0.008314
0.617577 0.117577 0.008314
0.630641 0.117577 0.007126
0.649644 0.117577 0.005938
0.665083 0.117577 0.010689
0.185273 0.118765 0.005938
0.524941 0.118765 0.013064
0.533254 0.118765 0.013064
0.553444 0.118765 0.004751
0.567696 0.118765 0.008314
0.640143 0.118765 0.007126
0.152019 0.119952 0.004751
0.167458 0.119952 0.011876
0.175772 0.119952 0.004751
0.193587 0.119952 0.005938
0.204276 0.119952 0.004751
0.489311 0.119952 0.007126
0.514252 0.119952 0.004751
0.125891 0.121140 0.011876
0.133017 0.121140 0.004751
0.142518 0.121140 0.005938
0.211401 0.121140 0.011876
0.247031 0.121140 0.007126
0.456057 0.121140 0.007126
0.466746 0.121140 0.008314
0.478622 0.121140 0.007126
0.236342 0.122328 0.007126
0.256532 0.122328 0.008314
0.267221 0.122328 0.007126
0.275534 0.122328 0.005938
0.285036 0.122328 0.005938
0.395487 0.122328 0.005938
0.429929 0.122328 0.005938
0.438242 0.122328 0.004751
0.445368 0.122328 0.004751
0.366983 0.123515 0.007126
0.409739 0.123515 0.008314
0.420428 0.123515 0.007126
0.377672 0.124703 0.005938
0.385986 0.124703 0.008314
0.096200 0.125891 0.020190
0.894299 0.127078 0.004751
0.871734 0.128266 0.004751
0.878860 0.128266 0.010689
0.856295 0.129454 0.007126
0.865796 0.129454 0.008314
0.808789 0.130641 0.011876
0.845606 0.130641 0.007126
0.709026 0.131829 0.015439
0.739905 0.131829 0.008314
0.767221 0.131829 0.005938
0.827791 0.131829 0.008314
0.836105 0.131829 0.005938
0.719715 0.133017 0.005938
0.729216 0.133017 0.007126
0.751781 0.133017 0.004751
0.779097 0.133017 0.013064
0.786223 0.133017 0.013064
0.603325 0.134204 0.013064
0.615202 0.134204 0.007126
0.627078 0.134204 0.008314
0.646081 0.134204 0.004751
0.758907 0.134204 0.005938
0.172209 0.135392 0.004751
0.179335 0.135392 0.011876
0.190024 0.135392 0.008314
0.203088 0.135392 0.005938
0.596200 0.135392 0.013064
0.638955 0.135392 0.004751
0.653207 0.135392 0.004751
0.660333 0.135392 0.004751
0.668646 0.135392 0.007126
0.154394 0.136580 0.008314
0.162708 0.136580 0.005938
0.243468 0.136580 0.004751
0.483373 0.136580 0.005938
0.492874 0.136580 0.005938
0.548694 0.136580 0.004751
0.558195 0.136580 0.008314
0.572447 0.136580 0.008314
0.124703 0.137767 0.007126
0.140143 0.137767 0.009501
0.211401 0.137767 0.007126
0.223278 0.137767 0.007126
0.233967 0.137767 0.005938
0.256532 0.137767 0.009501
0.337292 0.137767 0.008314
0.501188 0.137767 0.005938
0.540380 0.137767 0.005938
0.585511 0.137767 0.008314
0.454869 0.138955 0.005938
0.465558 0.138955 0.013064
0.513064 0.138955 0.008314
0.522565 0.138955 0.004751
0.530879 0.138955 0.007126
0.347981 0.140143 0.007126
0.357482 0.140143 0.007126
0.365796 0.140143 0.005938
0.427553 0.140143 0.005938
0.445368 0.140143 0.005938
0.374109 0.141330 0.004751
0.381235 0.141330 0.004751
0.389549 0.141330 0.013064
0.408551 0.141330 0.004751
0.416865 0.141330 0.008314
0.437055 0.141330 0.005938
0.400238 0.142518 0.005938
0.882423 0.144893 0.004751
0.893112 0.144893 0.007126
0.864608 0.146081 0.005938
0.874109 0.146081 0.005938
0.856295 0.147268 0.004751
0.847981 0.148456 0.004751
0.828979 0.149644 0.008314
0.840855 0.149644 0.011876
0.755344 0.153207 0.010689
0.771971 0.153207 0.007126
0.781473 0.153207 0.008314
0.124703 0.154394 0.010689
0.713777 0.154394 0.007126
0.748219 0.154394 0.008314
0.140143 0.155582 0.005938
0.162708 0.155582 0.008314
0.492874 0.155582 0.004751
0.663895 0.155582 0.008314
0.676960 0.155582 0.008314
0.699525 0.155582 0.011876
0.722090 0.155582 0.007126
0.735154 0.155582 0.008314
0.149644 0.156770 0.008314
0.174584 0.156770 0.013064
0.182898 0.156770 0.005938
0.192399 0.156770 0.007126
0.201900 0.156770 0.013064
0.217340 0.156770 0.005938
0.342043 0.156770 0.007126
0.428741 0.156770 0.008314
0.439430 0.156770 0.005938
0.457245 0.156770 0.008314
0.469121 0.156770 0.004751
0.480998 0.156770 0.008314
0.498812 0.156770 0.009501
0.513064 0.156770 0.005938
0.533254 0.156770 0.007126
0.543943 0.156770 0.008314
0.557007 0.156770 0.008314
0.570071 0.156770 0.008314
0.593824 0.156770 0.005938
0.602138 0.156770 0.007126
0.627078 0.156770 0.005938
0.636580 0.156770 0.007126
0.652019 0.156770 0.008314
0.690024 0.156770 0.008314
0.225653 0.157957 0.007126
0.236342 0.157957 0.008314
0.299287 0.157957 0.008314
0.332542 0.157957 0.008314
0.361045 0.157957 0.011876
0.372922 0.157957 0.008314
0.416865 0.157957 0.007126
0.447743 0.157957 0.011876
0.523753 0.157957 0.007126
0.583135 0.157957 0.008314
0.615202 0.157957 0.008314
0.352732 0.159145 0.007126
0.390736 0.160333 0.009501
0.407363 0.160333 0.008314
0.889549 0.160333 0.008314
0.878860 0.161520 0.004751
0.863420 0.162708 0.004751
0.870546 0.162708 0.011876
0.853919 0.163895 0.008314
0.833729 0.165083 0.004751
0.843230 0.165083 0.007126
0.811164 0.166271 0.007126
0.823040 0.166271 0.008314
0.769596 0.167458 0.008314
0.780285 0.167458 0.007126
0.789786 0.167458 0.007126
0.800475 0.167458 0.004751
0.747031 0.169834 0.004751
0.755344 0.169834 0.005938
0.726841 0.171021 0.008314
0.739905 0.171021 0.010689
0.703088 0.172209 0.005938
0.714964 0.172209 0.007126
0.122328 0.173397 0.007126
0.558195 0.173397 0.007126
0.570071 0.173397 0.009501
0.587886 0.173397 0.008314
0.599762 0.173397 0.004751
0.646081 0.173397 0.007126
0.655582 0.173397 0.005938
0.666271 0.173397 0.008314
0.675772 0.173397 0.008314
0.692399 0.173397 0.008314
0.131829 0.174584 0.005938
0.163895 0.174584 0.007126
0.173397 0.174584 0.005938
0.182898 0.174584 0.005938
0.485748 0.174584 0.007126
0.495249 0.174584 0.005938
0.505938 0.174584 0.007126
0.517815 0.174584 0.005938
0.526128 0.174584 0.010689
0.546318 0.174584 0.009501
0.610451 0.174584 0.007126
0.619952 0.174584 0.005938
0.631829 0.174584 0.008314
0.142518 0.175772 0.008314
0.153207 0.175772 0.004751
0.193587 0.175772 0.005938
0.201900 0.175772 0.005938
0.210214 0.175772 0.005938
0.233967 0.175772 0.008314
0.266033 0.175772 0.005938
0.274347 0.175772 0.011876
0.314727 0.175772 0.007126
0.446556 0.175772 0.007126
0.460808 0.175772 0.008314
0.472684 0.175772 0.008314
0.219715 0.176960 0.007126
0.243468 0.176960 0.007126
0.325416 0.176960 0.008314
0.353919 0.176960 0.005938
0.362233 0.176960 0.008314
0.434679 0.176960 0.009501
0.334917 0.178147 0.007126
0.343230 0.178147 0.008314
0.394299 0.178147 0.005938
0.416865 0.178147 0.008314
0.882423 0.179335 0.008314
0.891924 0.179335 0.008314
0.842043 0.180523 0.007126
0.859857 0.180523 0.004751
0.869359 0.180523 0.008314
0.851544 0.181710 0.005938
0.806413 0.182898 0.015439
0.817102 0.182898 0.007126
0.828979 0.182898 0.008314
0.786223 0.184086 0.007126
0.798100 0.184086 0.013064
0.710214 0.185273 0.007126
0.756532 0.185273 0.008314
0.774347 0.185273 0.013064
0.730404 0.186461 0.007126
0.767221 0.186461 0.014252
0.720903 0.187648 0.007126
0.742280 0.187648 0.007126
0.589074 0.188836 0.005938
0.602138 0.188836 0.008314
0.644893 0.188836 0.008314
0.695962 0.188836 0.008314
0.557007 0.190024 0.008314
0.579572 0.190024 0.005938
0.611639 0.190024 0.004751
0.619952 0.190024 0.004751
0.633017 0.190024 0.008314
0.665083 0.190024 0.013064
0.673397 0.190024 0.007126
0.684086 0.190024 0.007126
0.182898 0.191211 0.004751
0.543943 0.191211 0.008314
0.567696 0.191211 0.008314
0.121140 0.192399 0.009501
0.134204 0.192399 0.004751
0.157957 0.192399 0.004751
0.175772 0.192399 0.004751
0.211401 0.192399 0.007126
0.222090 0.192399 0.008314
0.232779 0.192399 0.007126
0.510689 0.192399 0.008314
0.523753 0.192399 0.013064
0.530879 0.192399 0.013064
0.142518 0.193587 0.005938
0.149644 0.193587 0.011876
0.371734 0.193587 0.008314
0.435867 0.193587 0.008314
0.445368 0.193587 0.004751
0.454869 0.193587 0.007126
0.465558 0.193587 0.008314
0.476247 0.193587 0.007126
0.486936 0.193587 0.005938
0.496437 0.193587 0.007126
0.244656 0.194774 0.005938
0.252969 0.194774 0.008314
0.263658 0.194774 0.005938
0.273159 0.194774 0.005938
0.282660 0.194774 0.005938
0.293349 0.194774 0.007126
0.313539 0.194774 0.004751
0.321853 0.194774 0.005938
0.394299 0.194774 0.007126
0.415677 0.194774 0.010689
0.427553 0.194774 0.008314
0.305226 0.195962 0.011876
0.330166 0.195962 0.005938
0.384798 0.195962 0.008314
0.339667 0.197150 0.013064
0.353919 0.197150 0.008314
