0.828979 0.073634 0.004751
0.837292 0.073634 0.004751
0.847981 0.073634 0.008314
0.787411 0.074822 0.008314
0.811164 0.074822 0.007126
0.820665 0.074822 0.005938
0.883610 0.074822 0.010689
0.735154 0.076010 0.011876
0.751781 0.076010 0.007126
0.766033 0.076010 0.013064
0.775534 0.076010 0.004751
0.799287 0.076010 0.008314
0.861045 0.076010 0.009501
0.871734 0.076010 0.007126
0.713777 0.077197 0.010689
0.687648 0.078385 0.007126
0.697150 0.078385 0.004751
0.705463 0.078385 0.005938
0.725653 0.078385 0.005938
0.669834 0.079572 0.005938
0.678147 0.079572 0.004751
0.631829 0.080760 0.007126
0.648456 0.080760 0.009501
0.622328 0.081948 0.008314
0.659145 0.081948 0.008314
0.573634 0.083135 0.004751
0.610451 0.083135 0.008314
0.509501 0.084323 0.010689
0.527316 0.084323 0.007126
0.539192 0.084323 0.008314
0.557007 0.084323 0.004751
0.565321 0.084323 0.005938
0.583135 0.084323 0.005938
0.592637 0.084323 0.005938
0.602138 0.084323 0.005938
0.495249 0.085511 0.005938
0.517815 0.085511 0.004751
0.547506 0.085511 0.005938
0.438242 0.086698 0.008314
0.448931 0.086698 0.007126
0.458432 0.086698 0.004751
0.466746 0.086698 0.004751
0.473872 0.086698 0.004751
0.483373 0.086698 0.007126
0.409739 0.087886 0.007126
0.419240 0.087886 0.005938
0.428741 0.087886 0.005938
0.317102 0.089074 0.013064
0.325416 0.089074 0.011876
0.343230 0.089074 0.008314
0.376485 0.089074 0.004751
0.388361 0.089074 0.007126
0.397862 0.089074 0.004751
0.874109 0.089074 0.008314
0.352732 0.090261 0.011876
0.361045 0.090261 0.004751
0.369359 0.090261 0.005938
0.799287 0.090261 0.008314
0.809976 0.090261 0.004751
0.833729 0.090261 0.007126
0.842043 0.090261 0.004751
0.256532 0.091449 0.004751
0.301663 0.091449 0.008314
0.781473 0.091449 0.007126
0.792162 0.091449 0.004751
0.824228 0.091449 0.007126
0.849169 0.091449 0.004751
0.862233 0.091449 0.005938
0.248219 0.092637 0.005938
0.273159 0.092637 0.007126
0.282660 0.092637 0.005938
0.292162 0.092637 0.004751
0.724466 0.092637 0.010689
0.751781 0.092637 0.004751
0.758907 0.092637 0.008314
0.770784 0.092637 0.007126
0.193587 0.093824 0.013064
0.229216 0.093824 0.008314
0.239905 0.093824 0.005938
0.705463 0.093824 0.007126
0.714964 0.093824 0.005938
0.741093 0.093824 0.008314
0.182898 0.095012 0.005938
0.214964 0.095012 0.009501
0.669834 0.095012 0.008314
0.679335 0.095012 0.005938
0.688836 0.095012 0.004751
0.159145 0.096200 0.008314
0.171021 0.096200 0.007126
0.147268 0.097387 0.011876
0.642518 0.097387 0.005938
0.652019 0.097387 0.004751
0.659145 0.097387 0.004751
0.138955 0.098575 0.004751
0.631829 0.098575 0.008314
0.130641 0.099762 0.010689
0.456057 0.099762 0.011876
0.552257 0.099762 0.008314
0.561758 0.099762 0.005938
0.570071 0.099762 0.005938
0.583135 0.099762 0.008314
0.592637 0.099762 0.005938
0.600950 0.099762 0.004751
0.609264 0.099762 0.005938
0.621140 0.099762 0.008314
0.496437 0.100950 0.007126
0.507126 0.100950 0.008314
0.515439 0.100950 0.005938
0.526128 0.100950 0.004751
0.535629 0.100950 0.007126
0.437055 0.102138 0.007126
0.448931 0.102138 0.005938
0.463183 0.102138 0.008314
0.473872 0.102138 0.007126
0.485748 0.102138 0.008314
0.397862 0.103325 0.008314
0.408551 0.103325 0.005938
0.418052 0.103325 0.005938
0.426366 0.103325 0.004751
0.385986 0.104513 0.007126
0.260095 0.105701 0.005938
0.347981 0.105701 0.005938
0.359857 0.105701 0.008314
0.368171 0.105701 0.004751
0.880048 0.105701 0.008314
0.248219 0.106888 0.007126
0.269596 0.106888 0.004751
0.281473 0.106888 0.008314
0.295724 0.106888 0.008314
0.305226 0.106888 0.007126
0.317102 0.106888 0.007126
0.328979 0.106888 0.005938
0.338480 0.106888 0.005938
0.777910 0.106888 0.005938
0.796912 0.106888 0.004751
0.807601 0.106888 0.007126
0.825416 0.106888 0.005938
0.834917 0.106888 0.011876
0.842043 0.106888 0.004751
0.851544 0.106888 0.007126
0.869359 0.106888 0.010689
0.217340 0.108076 0.004751
0.237530 0.108076 0.004751
0.767221 0.108076 0.008314
0.787411 0.108076 0.008314
0.815914 0.108076 0.005938
0.201900 0.109264 0.005938
0.210214 0.109264 0.004751
0.226841 0.109264 0.007126
0.757720 0.109264 0.005938
0.168646 0.110451 0.007126
0.181710 0.110451 0.007126
0.191211 0.110451 0.007126
0.738717 0.110451 0.005938
0.749406 0.110451 0.005938
0.144893 0.111639 0.005938
0.155582 0.111639 0.008314
0.725653 0.111639 0.008314
0.137767 0.112827 0.004751
0.697150 0.112827 0.008314
0.705463 0.112827 0.005938
0.714964 0.112827 0.005938
0.128266 0.114014 0.005938
0.662708 0.114014 0.005938
0.674584 0.114014 0.008314
0.687648 0.114014 0.008314
0.642518 0.115202 0.005938
0.652019 0.115202 0.007126
0.514252 0.116390 0.008314
0.538005 0.116390 0.007126
0.548694 0.116390 0.007126
0.584323 0.116390 0.008314
0.608076 0.116390 0.008314
0.619952 0.116390 0.008314
0.633017 0.116390 0.008314
0.501188 0.117577 0.005938
0.526128 0.117577 0.008314
0.558195 0.117577 0.008314
0.570071 0.117577 0.008314
0.592637 0.117577 0.008314
0.444181 0.118765 0.005938
0.453682 0.118765 0.004751
0.482185 0.118765 0.008314
0.494062 0.118765 0.008314
0.432304 0.119952 0.005938
0.469121 0.119952 0.008314
0.267221 0.121140 0.005938
0.287411 0.121140 0.007126
0.295724 0.121140 0.004751
0.305226 0.121140 0.008314
0.318290 0.121140 0.007126
0.377672 0.121140 0.007126
0.397862 0.121140 0.004751
0.413302 0.121140 0.008314
0.423990 0.121140 0.004751
0.859857 0.121140 0.008314
0.238717 0.122328 0.008314
0.256532 0.122328 0.008314
0.369359 0.122328 0.004751
0.388361 0.122328 0.005938
0.850356 0.122328 0.005938
0.872922 0.122328 0.008314
0.882423 0.122328 0.008314
0.205463 0.123515 0.008314
0.217340 0.123515 0.007126
0.229216 0.123515 0.007126
0.275534 0.123515 0.010689
0.327791 0.123515 0.008314
0.339667 0.123515 0.007126
0.352732 0.123515 0.010689
0.814727 0.123515 0.007126
0.838480 0.123515 0.008314
0.805226 0.124703 0.007126
0.824228 0.124703 0.008314
0.178147 0.125891 0.008314
0.775534 0.125891 0.004751
0.793349 0.125891 0.008314
0.157957 0.127078 0.007126
0.167458 0.127078 0.004751
0.747031 0.127078 0.010689
0.758907 0.127078 0.011876
0.767221 0.127078 0.005938
0.782660 0.127078 0.004751
0.128266 0.128266 0.011876
0.136580 0.129454 0.004751
0.144893 0.129454 0.010689
0.735154 0.129454 0.008314
0.712589 0.130641 0.008314
0.723278 0.130641 0.004751
0.648456 0.133017 0.005938
0.657957 0.133017 0.005938
0.600950 0.134204 0.005938
0.611639 0.134204 0.005938
0.629454 0.134204 0.004751
0.636580 0.134204 0.008314
0.665083 0.134204 0.011876
0.477435 0.135392 0.005938
0.484561 0.135392 0.004751
0.491686 0.135392 0.010689
0.559382 0.135392 0.005938
0.581948 0.135392 0.005938
0.592637 0.135392 0.005938
0.618765 0.135392 0.008314
0.507126 0.136580 0.009501
0.522565 0.136580 0.008314
0.532067 0.136580 0.005938
0.540380 0.136580 0.004751
0.549881 0.136580 0.005938
0.570071 0.136580 0.008314
0.336105 0.137767 0.009501
0.393112 0.137767 0.008314
0.426366 0.137767 0.008314
0.434679 0.137767 0.005938
0.465558 0.137767 0.009501
0.877672 0.137767 0.013064
0.281473 0.138955 0.005938
0.292162 0.138955 0.008314
0.362233 0.138955 0.008314
0.370546 0.138955 0.008314
0.384798 0.138955 0.008314
0.406176 0.138955 0.008314
0.414489 0.138955 0.010689
0.442993 0.138955 0.004751
0.859857 0.138955 0.008314
0.868171 0.138955 0.005938
0.238717 0.140143 0.007126
0.264846 0.140143 0.010689
0.273159 0.140143 0.004751
0.349169 0.140143 0.005938
0.195962 0.141330 0.011876
0.211401 0.141330 0.004751
0.226841 0.141330 0.010689
0.250594 0.141330 0.008314
0.831354 0.141330 0.008314
0.846793 0.141330 0.010689
0.174584 0.142518 0.004751
0.186461 0.142518 0.008314
0.201900 0.142518 0.011876
0.815914 0.142518 0.011876
0.838480 0.142518 0.008314
0.167458 0.143705 0.011876
0.798100 0.143705 0.007126
0.806413 0.143705 0.007126
0.150831 0.144893 0.011876
0.157957 0.144893 0.004751
0.757720 0.144893 0.008314
0.768409 0.144893 0.008314
0.779097 0.144893 0.007126
0.787411 0.144893 0.004751
0.127078 0.146081 0.008314
0.141330 0.146081 0.008314
0.714964 0.146081 0.007126
0.723278 0.146081 0.011876
0.737530 0.146081 0.010689
0.630641 0.149644 0.008314
0.640143 0.149644 0.007126
0.528504 0.150831 0.004751
0.548694 0.150831 0.008314
0.598575 0.150831 0.005938
0.608076 0.150831 0.007126
0.650831 0.150831 0.005938
0.661520 0.150831 0.008314
0.489311 0.152019 0.008314
0.503563 0.152019 0.008314
0.535629 0.152019 0.004751
0.559382 0.152019 0.008314
0.568884 0.152019 0.007126
0.580760 0.152019 0.004751
0.589074 0.152019 0.007126
0.618765 0.152019 0.005938
0.456057 0.153207 0.004751
0.477435 0.153207 0.007126
0.416865 0.154394 0.005938
0.423990 0.154394 0.004751
0.444181 0.154394 0.008314
0.465558 0.154394 0.008314
0.513064 0.154394 0.008314
0.849169 0.154394 0.004751
0.884798 0.154394 0.008314
0.890736 0.154394 0.004751
0.249406 0.155582 0.008314
0.270784 0.155582 0.005938
0.342043 0.155582 0.009501
0.349169 0.155582 0.010689
0.361045 0.155582 0.005938
0.385986 0.155582 0.008314
0.394299 0.155582 0.004751
0.404988 0.155582 0.008314
0.434679 0.155582 0.008314
0.859857 0.155582 0.008314
0.868171 0.155582 0.004751
0.874109 0.155582 0.004751
0.218527 0.156770 0.008314
0.226841 0.156770 0.007126
0.239905 0.156770 0.007126
0.261283 0.156770 0.005938
0.277910 0.156770 0.011876
0.371734 0.156770 0.008314
0.833729 0.156770 0.008314
0.839667 0.156770 0.008314
0.207838 0.157957 0.008314
0.813539 0.157957 0.005938
0.821853 0.157957 0.004751
0.802850 0.159145 0.008314
0.195962 0.160333 0.005938
0.764846 0.160333 0.007126
0.777910 0.160333 0.007126
0.788599 0.160333 0.009501
0.185273 0.161520 0.008314
0.748219 0.161520 0.010689
0.755344 0.161520 0.004751
0.154394 0.162708 0.007126
0.165083 0.162708 0.005938
0.174584 0.162708 0.007126
0.143705 0.163895 0.007126
0.735154 0.163895 0.005938
0.124703 0.165083 0.013064
0.133017 0.165083 0.008314
0.726841 0.165083 0.007126
0.713777 0.166271 0.008314
0.558195 0.167458 0.007126
0.611639 0.167458 0.007126
0.623515 0.167458 0.005938
0.631829 0.167458 0.004751
0.640143 0.167458 0.005938
0.648456 0.167458 0.007126
0.547506 0.168646 0.004751
0.568884 0.168646 0.008314
0.584323 0.168646 0.011876
0.600950 0.168646 0.005938
0.889549 0.168646 0.008314
0.478622 0.169834 0.008314
0.501188 0.169834 0.013064
0.508314 0.169834 0.007126
0.519002 0.169834 0.007126
0.528504 0.169834 0.008314
0.540380 0.169834 0.011876
0.591449 0.169834 0.008314
0.878860 0.169834 0.008314
0.340855 0.171021 0.007126
0.393112 0.171021 0.004751
0.434679 0.171021 0.008314
0.456057 0.171021 0.005938
0.469121 0.171021 0.008314
0.490499 0.171021 0.008314
0.856295 0.171021 0.008314
0.868171 0.171021 0.008314
0.252969 0.172209 0.010689
0.260095 0.172209 0.004751
0.267221 0.172209 0.004751
0.277910 0.172209 0.007126
0.288599 0.172209 0.010689
0.351544 0.172209 0.005938
0.372922 0.172209 0.005938
0.381235 0.172209 0.004751
0.400238 0.172209 0.004751
0.423990 0.172209 0.008314
0.446556 0.172209 0.007126
0.837292 0.172209 0.009501
0.844418 0.172209 0.009501
0.363420 0.173397 0.008314
0.408551 0.173397 0.008314
0.824228 0.173397 0.008314
0.238717 0.174584 0.009501
0.192399 0.175772 0.004751
0.199525 0.175772 0.005938
0.209026 0.175772 0.007126
0.218527 0.175772 0.008314
0.228029 0.175772 0.007126
0.184086 0.176960 0.008314
0.173397 0.178147 0.005938
0.795724 0.178147 0.008314
0.806413 0.178147 0.011876
0.813539 0.178147 0.013064
0.747031 0.179335 0.010689
0.755344 0.179335 0.004751
0.768409 0.179335 0.008314
0.777910 0.179335 0.013064
0.153207 0.180523 0.005938
0.163895 0.180523 0.007126
0.725653 0.180523 0.008314
0.735154 0.180523 0.013064
0.133017 0.181710 0.005938
0.143705 0.181710 0.005938
0.653207 0.181710 0.008314
0.663895 0.181710 0.009501
0.713777 0.181710 0.008314
0.124703 0.182898 0.008314
0.671021 0.182898 0.004751
0.703088 0.182898 0.008314
0.640143 0.184086 0.007126
0.678147 0.184086 0.010689
0.608076 0.185273 0.005938
0.617577 0.185273 0.005938
0.627078 0.185273 0.008314
0.510689 0.186461 0.011876
0.529691 0.186461 0.008314
0.584323 0.186461 0.008314
0.596200 0.186461 0.008314
0.890736 0.186461 0.007126
0.517815 0.187648 0.008314
0.535629 0.187648 0.010689
0.549881 0.187648 0.007126
0.560570 0.187648 0.007126
0.572447 0.187648 0.008314
0.419240 0.188836 0.005938
0.427553 0.188836 0.005938
0.471496 0.188836 0.004751
0.482185 0.188836 0.007126
0.491686 0.188836 0.007126
0.880048 0.188836 0.004751
0.239905 0.190024 0.005938
0.248219 0.190024 0.004751
0.260095 0.190024 0.008314
0.281473 0.190024 0.007126
0.328979 0.190024 0.008314
0.339667 0.190024 0.007126
0.349169 0.190024 0.007126
0.409739 0.190024 0.005938
0.439430 0.190024 0.008314
0.453682 0.190024 0.008314
0.464371 0.190024 0.011876
0.864608 0.190024 0.007126
0.872922 0.190024 0.004751
0.271971 0.191211 0.008314
0.290974 0.191211 0.008314
0.299287 0.191211 0.007126
0.359857 0.191211 0.008314
0.375297 0.191211 0.010689
0.390736 0.191211 0.005938
0.400238 0.191211 0.007126
0.851544 0.191211 0.008314
0.205463 0.192399 0.004751
0.217340 0.192399 0.007126
0.228029 0.192399 0.005938
0.843230 0.192399 0.005938
0.194774 0.193587 0.008314
0.833729 0.193587 0.008314
0.181710 0.194774 0.008314
0.823040 0.194774 0.005938
0.171021 0.195962 0.004751
0.813539 0.195962 0.011876
0.160333 0.197150 0.007126
0.789786 0.197150 0.008314
0.799287 0.197150 0.010689
0.123515 0.198337 0.009501
0.138955 0.198337 0.007126
0.148456 0.198337 0.008314
0.748219 0.198337 0.008314
0.757720 0.198337 0.008314
0.767221 0.198337 0.007126
0.777910 0.198337 0.005938
0.735154 0.199525 0.007126
0.718527 0.200713 0.010689
0.631829 0.201900 0.004751
0.638955 0.201900 0.004751
0.648456 0.201900 0.008314
0.659145 0.201900 0.013064
0.676960 0.201900 0.008314
0.692399 0.201900 0.007126
0.497625 0.203088 0.005938
0.507126 0.203088 0.007126
0.516627 0.203088 0.004751
0.553444 0.203088 0.004751
0.562945 0.203088 0.007126
0.591449 0.203088 0.008314
0.618765 0.203088 0.008314
0.666271 0.203088 0.004751
0.703088 0.203088 0.011876
0.307601 0.204276 0.014252
0.486936 0.204276 0.007126
0.524941 0.204276 0.007126
0.535629 0.204276 0.005938
0.543943 0.204276 0.005938
0.577197 0.204276 0.008314
0.605701 0.204276 0.008314
0.286223 0.205463 0.004751
0.295724 0.205463 0.008314
0.435867 0.205463 0.004751
0.268409 0.206651 0.004751
0.276722 0.206651 0.005938
0.314727 0.206651 0.005938
0.396675 0.206651 0.004751
0.406176 0.206651 0.008314
0.420428 0.206651 0.011876
0.428741 0.206651 0.004751
0.445368 0.206651 0.005938
0.454869 0.206651 0.008314
0.464371 0.206651 0.007126
0.476247 0.206651 0.009501
0.231591 0.207838 0.008314
0.251781 0.207838 0.005938
0.260095 0.207838 0.005938
0.345606 0.207838 0.007126
0.387173 0.207838 0.007126
0.222090 0.209026 0.005938
0.242280 0.209026 0.004751
0.326603 0.209026 0.008314
0.334917 0.209026 0.004751
0.356295 0.209026 0.007126
0.366983 0.209026 0.008314
0.375297 0.209026 0.005938
0.868171 0.209026 0.004751
0.884798 0.209026 0.005938
0.893112 0.209026 0.011876
0.856295 0.210214 0.008314
0.876485 0.210214 0.013064
0.193587 0.211401 0.004751
0.211401 0.211401 0.007126
0.846793 0.211401 0.007126
0.173397 0.212589 0.004751
0.182898 0.212589 0.008314
0.836105 0.212589 0.013064
0.163895 0.213777 0.007126
0.780285 0.213777 0.007126
0.800475 0.213777 0.013064
0.807601 0.213777 0.005938
0.817102 0.213777 0.014252
0.825416 0.213777 0.005938
0.135392 0.214964 0.005938
0.153207 0.214964 0.008314
0.790974 0.214964 0.007126
0.123515 0.216152 0.008314
0.143705 0.216152 0.004751
0.736342 0.216152 0.008314
0.744656 0.216152 0.005938
0.757720 0.216152 0.009501
0.769596 0.216152 0.008314
0.724466 0.217340 0.010689
0.657957 0.218527 0.005938
0.614014 0.219715 0.008314
0.625891 0.219715 0.008314
0.637767 0.219715 0.007126
0.648456 0.219715 0.007126
0.667458 0.219715 0.007126
0.678147 0.219715 0.007126
0.687648 0.219715 0.008314
0.713777 0.219715 0.008314
0.573634 0.220903 0.008314
0.701900 0.220903 0.007126
0.500000 0.222090 0.005938
0.509501 0.222090 0.004751
0.515439 0.222090 0.004751
0.526128 0.222090 0.007126
0.536817 0.222090 0.008314
0.551069 0.222090 0.008314
0.561758 0.222090 0.008314
0.589074 0.222090 0.008314
0.600950 0.222090 0.007126
0.375297 0.223278 0.004751
0.479810 0.223278 0.004751
0.489311 0.223278 0.007126
0.383610 0.224466 0.011876
0.416865 0.224466 0.007126
0.427553 0.224466 0.005938
0.368171 0.225653 0.011876
0.400238 0.225653 0.011876
0.434679 0.225653 0.013064
0.445368 0.225653 0.007126
0.454869 0.225653 0.004751
0.461995 0.225653 0.004751
0.471496 0.225653 0.013064
0.298100 0.226841 0.004751
0.307601 0.226841 0.013064
0.315914 0.226841 0.005938
0.406176 0.226841 0.016627
0.248219 0.228029 0.008314
0.256532 0.228029 0.004751
0.268409 0.228029 0.008314
0.277910 0.228029 0.008314
0.289786 0.228029 0.004751
0.325416 0.228029 0.005938
0.216152 0.229216 0.005938
0.228029 0.229216 0.005938
0.236342 0.229216 0.004751
0.199525 0.230404 0.013064
0.206651 0.230404 0.004751
0.143705 0.232779 0.005938
0.154394 0.232779 0.007126
0.165083 0.232779 0.005938
0.176960 0.232779 0.007126
0.188836 0.232779 0.008314
0.122328 0.233967 0.007126
0.133017 0.233967 0.007126
