0.717340 0.081948 0.004751
0.733967 0.081948 0.004751
0.742280 0.081948 0.013064
0.754157 0.081948 0.007126
0.762470 0.081948 0.005938
0.770784 0.081948 0.004751
0.809976 0.081948 0.008314
0.819477 0.081948 0.005938
0.830166 0.081948 0.008314
0.578385 0.083135 0.004751
0.622328 0.083135 0.005938
0.636580 0.083135 0.011876
0.644893 0.083135 0.004751
0.655582 0.083135 0.013064
0.672209 0.083135 0.007126
0.682898 0.083135 0.005938
0.692399 0.083135 0.005938
0.700713 0.083135 0.004751
0.709026 0.083135 0.004751
0.723278 0.083135 0.008314
0.787411 0.083135 0.008314
0.798100 0.083135 0.005938
0.862233 0.083135 0.005938
0.870546 0.083135 0.013064
0.508314 0.084323 0.004751
0.515439 0.084323 0.004751
0.524941 0.084323 0.005938
0.533254 0.084323 0.004751
0.542755 0.084323 0.011876
0.570071 0.084323 0.005938
0.592637 0.084323 0.005938
0.602138 0.084323 0.008314
0.614014 0.084323 0.005938
0.847981 0.084323 0.010689
0.450119 0.085511 0.005938
0.458432 0.085511 0.008314
0.469121 0.085511 0.007126
0.488124 0.085511 0.008314
0.500000 0.085511 0.013064
0.419240 0.086698 0.008314
0.426366 0.086698 0.005938
0.439430 0.086698 0.008314
0.478622 0.086698 0.004751
0.558195 0.086698 0.008314
0.245843 0.087886 0.004751
0.370546 0.087886 0.007126
0.381235 0.087886 0.008314
0.408551 0.087886 0.008314
0.201900 0.089074 0.008314
0.235154 0.089074 0.008314
0.263658 0.089074 0.007126
0.273159 0.089074 0.007126
0.285036 0.089074 0.008314
0.300475 0.089074 0.008314
0.323040 0.089074 0.008314
0.347981 0.089074 0.008314
0.359857 0.089074 0.008314
0.394299 0.089074 0.008314
0.160333 0.090261 0.008314
0.171021 0.090261 0.005938
0.179335 0.090261 0.004751
0.190024 0.090261 0.008314
0.224466 0.090261 0.004751
0.252969 0.090261 0.013064
0.311164 0.090261 0.008314
0.333729 0.090261 0.007126
0.152019 0.091449 0.014252
0.214964 0.091449 0.008314
0.141330 0.092637 0.008314
0.131829 0.095012 0.008314
0.779097 0.097387 0.005938
0.694774 0.098575 0.005938
0.703088 0.098575 0.004751
0.769596 0.098575 0.008314
0.787411 0.098575 0.007126
0.636580 0.099762 0.007126
0.646081 0.099762 0.005938
0.673397 0.099762 0.005938
0.684086 0.099762 0.007126
0.712589 0.099762 0.005938
0.725653 0.099762 0.008314
0.735154 0.099762 0.004751
0.747031 0.099762 0.004751
0.798100 0.099762 0.008314
0.808789 0.099762 0.005938
0.818290 0.099762 0.008314
0.830166 0.099762 0.007126
0.839667 0.099762 0.008314
0.845606 0.099762 0.004751
0.856295 0.099762 0.007126
0.577197 0.100950 0.005938
0.587886 0.100950 0.007126
0.597387 0.100950 0.005938
0.627078 0.100950 0.005938
0.654394 0.100950 0.004751
0.663895 0.100950 0.007126
0.757720 0.100950 0.008314
0.865796 0.100950 0.004751
0.483373 0.102138 0.008314
0.491686 0.102138 0.004751
0.509501 0.102138 0.008314
0.553444 0.102138 0.005938
0.565321 0.102138 0.008314
0.606888 0.102138 0.008314
0.617577 0.102138 0.008314
0.340855 0.103325 0.007126
0.350356 0.103325 0.007126
0.434679 0.103325 0.005938
0.461995 0.103325 0.004751
0.471496 0.103325 0.008314
0.519002 0.103325 0.008314
0.529691 0.103325 0.007126
0.543943 0.103325 0.008314
0.294537 0.104513 0.008314
0.305226 0.104513 0.007126
0.314727 0.104513 0.004751
0.331354 0.104513 0.005938
0.403800 0.104513 0.005938
0.414489 0.104513 0.004751
0.446556 0.104513 0.011876
0.453682 0.104513 0.011876
0.274347 0.105701 0.004751
0.282660 0.105701 0.008314
0.362233 0.105701 0.008314
0.391924 0.105701 0.008314
0.422803 0.105701 0.008314
0.190024 0.106888 0.005938
0.252969 0.106888 0.007126
0.263658 0.106888 0.007126
0.374109 0.106888 0.008314
0.383610 0.106888 0.005938
0.180523 0.108076 0.007126
0.198337 0.108076 0.008314
0.217340 0.108076 0.005938
0.226841 0.108076 0.007126
0.160333 0.109264 0.008314
0.172209 0.109264 0.005938
0.209026 0.109264 0.005938
0.238717 0.109264 0.008314
0.149644 0.111639 0.008314
0.134204 0.114014 0.009501
0.554632 0.116390 0.010689
0.669834 0.116390 0.007126
0.682898 0.116390 0.007126
0.693587 0.116390 0.008314
0.701900 0.116390 0.004751
0.737530 0.116390 0.008314
0.776722 0.116390 0.005938
0.838480 0.116390 0.008314
0.849169 0.116390 0.004751
0.861045 0.116390 0.007126
0.870546 0.116390 0.005938
0.485748 0.117577 0.008314
0.496437 0.117577 0.005938
0.515439 0.117577 0.007126
0.547506 0.117577 0.004751
0.640143 0.117577 0.007126
0.659145 0.117577 0.008314
0.711401 0.117577 0.011876
0.726841 0.117577 0.010689
0.749406 0.117577 0.007126
0.758907 0.117577 0.005938
0.768409 0.117577 0.005938
0.807601 0.117577 0.007126
0.818290 0.117577 0.008314
0.826603 0.117577 0.004751
0.317102 0.118765 0.008314
0.425178 0.118765 0.004751
0.478622 0.118765 0.008314
0.505938 0.118765 0.005938
0.528504 0.118765 0.005938
0.539192 0.118765 0.005938
0.564133 0.118765 0.007126
0.573634 0.118765 0.005938
0.584323 0.118765 0.007126
0.619952 0.118765 0.007126
0.629454 0.118765 0.007126
0.650831 0.118765 0.005938
0.785036 0.118765 0.008314
0.795724 0.118765 0.008314
0.356295 0.119952 0.005938
0.413302 0.119952 0.004751
0.433492 0.119952 0.005938
0.454869 0.119952 0.007126
0.465558 0.119952 0.008314
0.596200 0.119952 0.008314
0.606888 0.119952 0.005938
0.306413 0.121140 0.008314
0.365796 0.121140 0.005938
0.400238 0.121140 0.004751
0.263658 0.122328 0.005938
0.283848 0.122328 0.007126
0.293349 0.122328 0.005938
0.377672 0.122328 0.007126
0.385986 0.122328 0.010689
0.440618 0.122328 0.010689
0.200713 0.123515 0.005938
0.210214 0.123515 0.004751
0.271971 0.123515 0.005938
0.167458 0.124703 0.008314
0.223278 0.124703 0.009501
0.247031 0.124703 0.004751
0.254157 0.124703 0.004751
0.180523 0.125891 0.005938
0.191211 0.125891 0.008314
0.235154 0.125891 0.008314
0.157957 0.127078 0.005938
0.146081 0.128266 0.008314
0.134204 0.129454 0.008314
0.858670 0.130641 0.010689
0.819477 0.131829 0.007126
0.832542 0.131829 0.008314
0.844418 0.131829 0.009501
0.868171 0.131829 0.008314
0.876485 0.131829 0.011876
0.519002 0.134204 0.004751
0.606888 0.134204 0.007126
0.621140 0.134204 0.009501
0.635392 0.134204 0.008314
0.646081 0.134204 0.005938
0.659145 0.134204 0.008314
0.666271 0.134204 0.009501
0.713777 0.134204 0.008314
0.744656 0.134204 0.010689
0.766033 0.134204 0.008314
0.776722 0.134204 0.005938
0.795724 0.134204 0.004751
0.804038 0.134204 0.010689
0.508314 0.135392 0.007126
0.526128 0.135392 0.013064
0.535629 0.135392 0.004751
0.577197 0.135392 0.008314
0.587886 0.135392 0.005938
0.597387 0.135392 0.005938
0.726841 0.135392 0.007126
0.737530 0.135392 0.005938
0.786223 0.135392 0.008314
0.412114 0.136580 0.005938
0.422803 0.136580 0.008314
0.453682 0.136580 0.004751
0.461995 0.136580 0.011876
0.498812 0.136580 0.005938
0.548694 0.136580 0.011876
0.558195 0.136580 0.004751
0.566508 0.136580 0.008314
0.445368 0.137767 0.008314
0.476247 0.137767 0.008314
0.489311 0.137767 0.008314
0.296912 0.138955 0.010689
0.345606 0.138955 0.008314
0.356295 0.138955 0.008314
0.368171 0.138955 0.007126
0.378860 0.138955 0.013064
0.395487 0.138955 0.004751
0.403800 0.138955 0.011876
0.434679 0.138955 0.007126
0.268409 0.140143 0.005938
0.290974 0.140143 0.013064
0.258907 0.141330 0.005938
0.280285 0.141330 0.008314
0.245843 0.142518 0.008314
0.385986 0.142518 0.013064
0.214964 0.143705 0.005938
0.225653 0.143705 0.007126
0.236342 0.143705 0.005938
0.163895 0.144893 0.004751
0.176960 0.144893 0.004751
0.187648 0.144893 0.008314
0.195962 0.144893 0.004751
0.204276 0.144893 0.008314
0.155582 0.146081 0.011876
0.130641 0.147268 0.009501
0.147268 0.147268 0.011876
0.731591 0.148456 0.008314
0.741093 0.149644 0.007126
0.844418 0.149644 0.004751
0.852732 0.149644 0.008314
0.868171 0.149644 0.008314
0.878860 0.149644 0.004751
0.649644 0.150831 0.007126
0.713777 0.150831 0.009501
0.720903 0.150831 0.004751
0.752969 0.150831 0.007126
0.771971 0.150831 0.007126
0.813539 0.150831 0.008314
0.824228 0.150831 0.007126
0.618765 0.152019 0.008314
0.640143 0.152019 0.008314
0.661520 0.152019 0.010689
0.762470 0.152019 0.007126
0.782660 0.152019 0.005938
0.793349 0.152019 0.008314
0.801663 0.152019 0.014252
0.591449 0.153207 0.007126
0.600950 0.153207 0.005938
0.609264 0.153207 0.004751
0.628266 0.153207 0.007126
0.513064 0.154394 0.004751
0.521378 0.154394 0.005938
0.530879 0.154394 0.004751
0.538005 0.154394 0.004751
0.503563 0.155582 0.007126
0.547506 0.155582 0.007126
0.558195 0.155582 0.007126
0.567696 0.155582 0.005938
0.577197 0.155582 0.013064
0.352732 0.156770 0.007126
0.384798 0.156770 0.008314
0.467933 0.156770 0.004751
0.491686 0.156770 0.008314
0.425178 0.157957 0.013064
0.444181 0.157957 0.007126
0.476247 0.157957 0.011876
0.399050 0.159145 0.008314
0.412114 0.159145 0.008314
0.431116 0.159145 0.011876
0.458432 0.159145 0.008314
0.226841 0.160333 0.007126
0.237530 0.160333 0.004751
0.255344 0.160333 0.005938
0.263658 0.160333 0.005938
0.273159 0.160333 0.004751
0.216152 0.161520 0.008314
0.245843 0.161520 0.013064
0.280285 0.161520 0.011876
0.181710 0.162708 0.007126
0.125891 0.163895 0.004751
0.143705 0.163895 0.004751
0.172209 0.163895 0.004751
0.194774 0.163895 0.008314
0.205463 0.163895 0.005938
0.153207 0.165083 0.008314
0.162708 0.165083 0.008314
0.828979 0.168646 0.005938
0.870546 0.169834 0.013064
0.818290 0.171021 0.007126
0.837292 0.171021 0.007126
0.847981 0.171021 0.007126
0.584323 0.172209 0.007126
0.597387 0.172209 0.008314
0.730404 0.172209 0.010689
0.776722 0.172209 0.011876
0.783848 0.172209 0.004751
0.794537 0.172209 0.011876
0.861045 0.172209 0.010689
0.570071 0.173397 0.007126
0.621140 0.173397 0.005938
0.738717 0.173397 0.004751
0.801663 0.173397 0.004751
0.808789 0.173397 0.005938
0.534442 0.174584 0.011876
0.559382 0.174584 0.011876
0.611639 0.174584 0.008314
0.633017 0.174584 0.008314
0.667458 0.174584 0.008314
0.706651 0.174584 0.005938
0.747031 0.174584 0.005938
0.756532 0.174584 0.008314
0.369359 0.175772 0.010689
0.385986 0.175772 0.008314
0.397862 0.175772 0.008314
0.409739 0.175772 0.005938
0.420428 0.175772 0.008314
0.440618 0.175772 0.008314
0.452494 0.175772 0.008314
0.494062 0.175772 0.005938
0.507126 0.175772 0.008314
0.520190 0.175772 0.008314
0.540380 0.175772 0.008314
0.552257 0.175772 0.008314
0.642518 0.175772 0.007126
0.659145 0.175772 0.011876
0.713777 0.175772 0.010689
0.347981 0.176960 0.008314
0.464371 0.176960 0.007126
0.473872 0.176960 0.004751
0.483373 0.176960 0.007126
0.333729 0.178147 0.008314
0.275534 0.179335 0.005938
0.288599 0.179335 0.008314
0.216152 0.180523 0.013064
0.236342 0.180523 0.008314
0.245843 0.180523 0.004751
0.254157 0.180523 0.005938
0.263658 0.180523 0.007126
0.127078 0.181710 0.005938
0.138955 0.181710 0.008314
0.148456 0.182898 0.008314
0.198337 0.182898 0.007126
0.207838 0.182898 0.005938
0.166271 0.184086 0.010689
0.176960 0.184086 0.004751
0.186461 0.184086 0.007126
0.878860 0.185273 0.010689
0.852732 0.186461 0.004751
0.858670 0.186461 0.004751
0.865796 0.186461 0.004751
0.775534 0.188836 0.008314
0.807601 0.188836 0.007126
0.842043 0.188836 0.008314
0.593824 0.190024 0.008314
0.755344 0.190024 0.004751
0.763658 0.190024 0.011876
0.795724 0.190024 0.008314
0.817102 0.190024 0.005938
0.830166 0.190024 0.008314
0.604513 0.191211 0.007126
0.648456 0.191211 0.007126
0.659145 0.191211 0.005938
0.710214 0.191211 0.004751
0.719715 0.191211 0.010689
0.732779 0.191211 0.011876
0.745843 0.191211 0.008314
0.440618 0.192399 0.008314
0.616390 0.192399 0.008314
0.638955 0.192399 0.007126
0.682898 0.192399 0.004751
0.690024 0.192399 0.004751
0.700713 0.192399 0.007126
0.427553 0.193587 0.008314
0.457245 0.193587 0.008314
0.496437 0.193587 0.008314
0.504751 0.193587 0.004751
0.540380 0.193587 0.008314
0.548694 0.193587 0.004751
0.557007 0.193587 0.004751
0.564133 0.193587 0.004751
0.579572 0.193587 0.008314
0.628266 0.193587 0.008314
0.673397 0.193587 0.011876
0.403800 0.194774 0.009501
0.416865 0.194774 0.005938
0.484561 0.194774 0.008314
0.514252 0.194774 0.008314
0.529691 0.194774 0.008314
0.395487 0.195962 0.008314
0.361045 0.197150 0.008314
0.372922 0.197150 0.007126
0.128266 0.198337 0.008314
0.138955 0.198337 0.005938
0.345606 0.198337 0.009501
0.148456 0.199525 0.007126
0.157957 0.199525 0.005938
0.223278 0.199525 0.008314
0.242280 0.199525 0.008314
0.254157 0.199525 0.008314
0.262470 0.199525 0.005938
0.273159 0.199525 0.007126
0.282660 0.199525 0.005938
0.332542 0.199525 0.008314
0.382423 0.199525 0.008314
0.169834 0.200713 0.008314
0.181710 0.200713 0.004751
0.191211 0.200713 0.007126
0.231591 0.200713 0.005938
0.289786 0.200713 0.011876
0.306413 0.200713 0.009501
0.321853 0.200713 0.005938
0.203088 0.201900 0.007126
0.869359 0.201900 0.005938
0.878860 0.201900 0.007126
0.856295 0.203088 0.008314
0.820665 0.204276 0.008314
0.846793 0.204276 0.008314
0.786223 0.205463 0.010689
0.793349 0.205463 0.004751
0.811164 0.205463 0.007126
0.833729 0.205463 0.004751
0.774347 0.206651 0.008314
0.801663 0.206651 0.011876
0.703088 0.207838 0.005938
0.751781 0.207838 0.007126
0.763658 0.207838 0.008314
0.630641 0.209026 0.005938
0.640143 0.209026 0.005938
0.648456 0.209026 0.011876
0.662708 0.209026 0.007126
0.686461 0.209026 0.010689
0.710214 0.209026 0.004751
0.521378 0.210214 0.010689
0.590261 0.210214 0.008314
0.602138 0.210214 0.008314
0.612827 0.210214 0.005938
0.621140 0.210214 0.005938
0.675772 0.210214 0.008314
0.692399 0.210214 0.010689
0.425178 0.211401 0.007126
0.444181 0.211401 0.008314
0.453682 0.211401 0.008314
0.497625 0.211401 0.007126
0.508314 0.211401 0.007126
0.528504 0.211401 0.005938
0.543943 0.211401 0.008314
0.554632 0.211401 0.007126
0.566508 0.211401 0.008314
0.577197 0.211401 0.005938
0.738717 0.211401 0.009501
0.410926 0.212589 0.007126
0.434679 0.212589 0.004751
0.461995 0.212589 0.007126
0.475059 0.212589 0.008314
0.486936 0.212589 0.008314
0.725653 0.212589 0.007126
0.401425 0.213777 0.007126
0.222090 0.214964 0.004751
0.237530 0.214964 0.005938
0.257720 0.214964 0.008314
0.311164 0.214964 0.005938
0.336105 0.214964 0.005938
0.344418 0.214964 0.004751
0.355107 0.214964 0.008314
0.368171 0.214964 0.007126
0.382423 0.214964 0.007126
0.390736 0.214964 0.004751
0.128266 0.216152 0.009501
0.140143 0.216152 0.008314
0.155582 0.216152 0.007126
0.204276 0.216152 0.007126
0.213777 0.216152 0.005938
0.247031 0.216152 0.007126
0.268409 0.216152 0.007126
0.323040 0.216152 0.008314
0.166271 0.217340 0.007126
0.176960 0.217340 0.004751
0.185273 0.217340 0.004751
0.193587 0.217340 0.005938
0.301663 0.217340 0.005938
0.281473 0.218527 0.007126
0.292162 0.218527 0.004751
0.871734 0.219715 0.004751
0.877672 0.219715 0.010689
0.824228 0.220903 0.008314
0.836105 0.220903 0.008314
0.850356 0.220903 0.008314
0.862233 0.220903 0.008314
0.756532 0.222090 0.008314
0.766033 0.222090 0.008314
0.798100 0.222090 0.008314
0.813539 0.222090 0.008314
0.745843 0.223278 0.008314
0.779097 0.223278 0.005938
0.788599 0.223278 0.008314
0.667458 0.224466 0.005938
0.712589 0.224466 0.007126
0.564133 0.225653 0.010689
0.578385 0.225653 0.005938
0.611639 0.225653 0.008314
0.631829 0.225653 0.009501
0.678147 0.225653 0.008314
0.703088 0.225653 0.005938
0.724466 0.225653 0.005938
0.429929 0.226841 0.011876
0.437055 0.226841 0.008314
0.478622 0.226841 0.008314
0.528504 0.226841 0.008314
0.538005 0.226841 0.005938
0.547506 0.226841 0.005938
0.555819 0.226841 0.005938
0.590261 0.226841 0.008314
0.602138 0.226841 0.008314
0.693587 0.226841 0.008314
0.374109 0.228029 0.004751
0.382423 0.228029 0.004751
0.399050 0.228029 0.007126
0.409739 0.228029 0.007126
0.418052 0.228029 0.008314
0.452494 0.228029 0.008314
0.465558 0.228029 0.008314
0.490499 0.228029 0.008314
0.504751 0.228029 0.013064
0.515439 0.228029 0.008314
0.159145 0.229216 0.008314
0.260095 0.229216 0.004751
0.365796 0.229216 0.008314
0.124703 0.230404 0.007126
0.135392 0.230404 0.005938
0.146081 0.230404 0.008314
0.186461 0.230404 0.007126
0.195962 0.230404 0.005938
0.205463 0.230404 0.005938
0.213777 0.230404 0.008314
0.239905 0.230404 0.005938
0.250594 0.230404 0.007126
0.268409 0.230404 0.008314
0.299287 0.230404 0.007126
0.311164 0.230404 0.009501
0.345606 0.230404 0.008314
0.353919 0.230404 0.007126
0.172209 0.231591 0.008314
0.228029 0.231591 0.009501
0.280285 0.231591 0.005938
0.288599 0.231591 0.004751
0.331354 0.231591 0.010689
