0.876485 0.074822 0.015439
0.823040 0.078385 0.005938
0.659145 0.079572 0.004751
0.666271 0.079572 0.004751
0.737530 0.079572 0.005938
0.754157 0.079572 0.005938
0.782660 0.079572 0.011876
0.792162 0.079572 0.003563
0.813539 0.079572 0.007126
0.833729 0.079572 0.007126
0.842043 0.079572 0.007126
0.864608 0.079572 0.009501
0.652019 0.080760 0.005938
0.681710 0.080760 0.007126
0.694774 0.080760 0.010689
0.709026 0.080760 0.004751
0.730404 0.080760 0.008314
0.745843 0.080760 0.005938
0.766033 0.080760 0.005938
0.775534 0.080760 0.007126
0.851544 0.080760 0.010689
0.600950 0.081948 0.007126
0.610451 0.081948 0.005938
0.617577 0.081948 0.004751
0.627078 0.081948 0.005938
0.701900 0.081948 0.004751
0.718527 0.081948 0.007126
0.488124 0.083135 0.004751
0.524941 0.083135 0.005938
0.536817 0.083135 0.008314
0.546318 0.083135 0.007126
0.558195 0.083135 0.008314
0.590261 0.083135 0.004751
0.637767 0.083135 0.008314
0.385986 0.084323 0.004751
0.410926 0.084323 0.005938
0.448931 0.084323 0.007126
0.458432 0.084323 0.005938
0.476247 0.084323 0.009501
0.495249 0.084323 0.011876
0.504751 0.084323 0.004751
0.516627 0.084323 0.008314
0.571259 0.084323 0.008314
0.581948 0.084323 0.005938
0.357482 0.085511 0.008314
0.368171 0.085511 0.004751
0.400238 0.085511 0.005938
0.419240 0.085511 0.008314
0.439430 0.085511 0.005938
0.466746 0.085511 0.005938
0.274347 0.086698 0.005938
0.318290 0.086698 0.008314
0.331354 0.086698 0.008314
0.343230 0.086698 0.008314
0.376485 0.086698 0.005938
0.429929 0.086698 0.008314
0.201900 0.087886 0.008314
0.258907 0.087886 0.004751
0.283848 0.087886 0.005938
0.293349 0.087886 0.005938
0.301663 0.087886 0.004751
0.229216 0.089074 0.005938
0.238717 0.089074 0.008314
0.250594 0.089074 0.004751
0.161520 0.091449 0.007126
0.172209 0.091449 0.005938
0.180523 0.091449 0.008314
0.191211 0.091449 0.008314
0.214964 0.091449 0.008314
0.150831 0.092637 0.004751
0.140143 0.093824 0.007126
0.781473 0.093824 0.005938
0.789786 0.093824 0.004751
0.796912 0.093824 0.004751
0.808789 0.093824 0.007126
0.128266 0.095012 0.008314
0.742280 0.095012 0.005938
0.755344 0.095012 0.007126
0.767221 0.095012 0.008314
0.817102 0.095012 0.008314
0.828979 0.095012 0.008314
0.838480 0.095012 0.005938
0.847981 0.095012 0.004751
0.858670 0.095012 0.004751
0.865796 0.095012 0.004751
0.641330 0.096200 0.008314
0.662708 0.096200 0.011876
0.669834 0.096200 0.005938
0.682898 0.096200 0.007126
0.694774 0.096200 0.008314
0.725653 0.096200 0.004751
0.612827 0.097387 0.008314
0.633017 0.097387 0.005938
0.710214 0.097387 0.010689
0.732779 0.097387 0.005938
0.528504 0.098575 0.004751
0.535629 0.098575 0.004751
0.545131 0.098575 0.005938
0.553444 0.098575 0.004751
0.591449 0.098575 0.007126
0.602138 0.098575 0.007126
0.623515 0.098575 0.008314
0.716152 0.098575 0.008314
0.416865 0.099762 0.005938
0.444181 0.099762 0.005938
0.452494 0.099762 0.013064
0.490499 0.099762 0.004751
0.510689 0.099762 0.005938
0.520190 0.099762 0.004751
0.561758 0.099762 0.005938
0.571259 0.099762 0.005938
0.580760 0.099762 0.005938
0.377672 0.100950 0.005938
0.396675 0.100950 0.007126
0.406176 0.100950 0.005938
0.434679 0.100950 0.007126
0.464371 0.100950 0.005938
0.472684 0.100950 0.004751
0.480998 0.100950 0.005938
0.500000 0.100950 0.005938
0.275534 0.102138 0.005938
0.285036 0.102138 0.004751
0.293349 0.102138 0.010689
0.317102 0.102138 0.004751
0.326603 0.102138 0.008314
0.339667 0.102138 0.004751
0.347981 0.102138 0.004751
0.359857 0.102138 0.008314
0.368171 0.102138 0.004751
0.387173 0.102138 0.007126
0.254157 0.103325 0.007126
0.264846 0.103325 0.007126
0.306413 0.103325 0.008314
0.217340 0.104513 0.005938
0.226841 0.104513 0.009501
0.239905 0.104513 0.007126
0.174584 0.105701 0.008314
0.186461 0.105701 0.010689
0.205463 0.105701 0.008314
0.167458 0.106888 0.004751
0.192399 0.106888 0.007126
0.861045 0.106888 0.008314
0.866983 0.106888 0.003563
0.146081 0.108076 0.008314
0.157957 0.108076 0.005938
0.852732 0.108076 0.004751
0.881235 0.108076 0.007126
0.127078 0.109264 0.005938
0.787411 0.109264 0.007126
0.799287 0.109264 0.004751
0.837292 0.109264 0.008314
0.845606 0.109264 0.004751
0.136580 0.110451 0.005938
0.739905 0.110451 0.005938
0.749406 0.110451 0.005938
0.757720 0.110451 0.005938
0.776722 0.110451 0.007126
0.806413 0.110451 0.005938
0.813539 0.110451 0.008314
0.826603 0.110451 0.007126
0.665083 0.111639 0.004751
0.672209 0.111639 0.004751
0.703088 0.111639 0.005938
0.730404 0.111639 0.008314
0.766033 0.111639 0.008314
0.488124 0.112827 0.007126
0.636580 0.112827 0.005938
0.646081 0.112827 0.004751
0.656770 0.112827 0.008314
0.681710 0.112827 0.007126
0.692399 0.112827 0.008314
0.722090 0.112827 0.007126
0.539192 0.114014 0.007126
0.560570 0.114014 0.004751
0.567696 0.114014 0.004751
0.617577 0.114014 0.004751
0.710214 0.114014 0.010689
0.528504 0.115202 0.004751
0.552257 0.115202 0.008314
0.578385 0.115202 0.005938
0.587886 0.115202 0.007126
0.598575 0.115202 0.007126
0.609264 0.115202 0.007126
0.625891 0.115202 0.005938
0.276722 0.116390 0.004751
0.295724 0.116390 0.005938
0.309976 0.116390 0.004751
0.317102 0.116390 0.004751
0.325416 0.116390 0.004751
0.340855 0.116390 0.005938
0.350356 0.116390 0.004751
0.357482 0.116390 0.004751
0.369359 0.116390 0.004751
0.427553 0.116390 0.005938
0.450119 0.116390 0.007126
0.496437 0.116390 0.008314
0.514252 0.116390 0.004751
0.521378 0.116390 0.004751
0.285036 0.117577 0.005938
0.380048 0.117577 0.004751
0.387173 0.117577 0.008314
0.410926 0.117577 0.005938
0.418052 0.117577 0.004751
0.439430 0.117577 0.008314
0.459620 0.117577 0.008314
0.466746 0.117577 0.005938
0.475059 0.117577 0.004751
0.243468 0.118765 0.005938
0.252969 0.118765 0.004751
0.260095 0.118765 0.004751
0.401425 0.118765 0.008314
0.216152 0.119952 0.005938
0.223278 0.119952 0.004751
0.232779 0.119952 0.005938
0.197150 0.121140 0.004751
0.205463 0.121140 0.005938
0.179335 0.122328 0.007126
0.188836 0.122328 0.011876
0.123515 0.123515 0.008314
0.135392 0.123515 0.004751
0.157957 0.123515 0.005938
0.166271 0.123515 0.007126
0.871734 0.123515 0.004751
0.148456 0.124703 0.008314
0.813539 0.124703 0.004751
0.850356 0.124703 0.004751
0.862233 0.124703 0.007126
0.780285 0.125891 0.005938
0.788599 0.125891 0.004751
0.798100 0.125891 0.011876
0.806413 0.125891 0.004751
0.820665 0.125891 0.004751
0.831354 0.125891 0.008314
0.840855 0.125891 0.005938
0.730404 0.127078 0.005938
0.768409 0.127078 0.005938
0.653207 0.128266 0.004751
0.660333 0.128266 0.005938
0.668646 0.128266 0.011876
0.720903 0.128266 0.008314
0.739905 0.128266 0.005938
0.750594 0.128266 0.004751
0.590261 0.129454 0.008314
0.638955 0.129454 0.007126
0.711401 0.129454 0.008314
0.757720 0.129454 0.010689
0.571259 0.130641 0.013064
0.599762 0.130641 0.005938
0.611639 0.130641 0.008314
0.627078 0.130641 0.009501
0.505938 0.131829 0.007126
0.535629 0.131829 0.005938
0.545131 0.131829 0.004751
0.552257 0.131829 0.011876
0.561758 0.131829 0.005938
0.578385 0.131829 0.011876
0.254157 0.133017 0.008314
0.268409 0.133017 0.007126
0.277910 0.133017 0.005938
0.287411 0.133017 0.008314
0.357482 0.133017 0.004751
0.365796 0.133017 0.005938
0.418052 0.133017 0.005938
0.427553 0.133017 0.004751
0.435867 0.133017 0.005938
0.445368 0.133017 0.005938
0.454869 0.133017 0.005938
0.496437 0.133017 0.007126
0.515439 0.133017 0.005938
0.524941 0.133017 0.007126
0.333729 0.134204 0.004751
0.342043 0.134204 0.005938
0.351544 0.134204 0.011876
0.376485 0.134204 0.008314
0.389549 0.134204 0.008314
0.400238 0.134204 0.005938
0.408551 0.134204 0.004751
0.466746 0.134204 0.007126
0.476247 0.134204 0.008314
0.486936 0.134204 0.004751
0.191211 0.136580 0.004751
0.200713 0.136580 0.007126
0.210214 0.136580 0.007126
0.230404 0.136580 0.005938
0.237530 0.136580 0.005938
0.245843 0.136580 0.005938
0.219715 0.137767 0.008314
0.166271 0.138955 0.004751
0.181710 0.138955 0.005938
0.876485 0.138955 0.010689
0.123515 0.140143 0.008314
0.133017 0.140143 0.005938
0.141330 0.140143 0.004751
0.149644 0.140143 0.010689
0.173397 0.140143 0.004751
0.815914 0.140143 0.013064
0.857482 0.140143 0.004751
0.868171 0.140143 0.008314
0.849169 0.141330 0.005938
0.805226 0.142518 0.008314
0.840855 0.142518 0.011876
0.779097 0.143705 0.007126
0.789786 0.143705 0.011876
0.832542 0.143705 0.011876
0.640143 0.144893 0.007126
0.649644 0.144893 0.004751
0.657957 0.144893 0.011876
0.717340 0.144893 0.008314
0.726841 0.144893 0.005938
0.736342 0.144893 0.005938
0.744656 0.144893 0.004751
0.752969 0.144893 0.008314
0.763658 0.144893 0.010689
0.795724 0.144893 0.010689
0.619952 0.146081 0.007126
0.629454 0.146081 0.004751
0.587886 0.147268 0.010689
0.599762 0.147268 0.008314
0.608076 0.147268 0.007126
0.552257 0.148456 0.007126
0.562945 0.148456 0.008314
0.571259 0.148456 0.008314
0.252969 0.149644 0.011876
0.465558 0.149644 0.004751
0.482185 0.149644 0.004751
0.489311 0.149644 0.005938
0.501188 0.149644 0.008314
0.511876 0.149644 0.005938
0.530879 0.149644 0.007126
0.542755 0.149644 0.008314
0.336105 0.150831 0.007126
0.448931 0.150831 0.005938
0.458432 0.150831 0.004751
0.475059 0.150831 0.010689
0.520190 0.150831 0.008314
0.243468 0.152019 0.008314
0.346793 0.152019 0.008314
0.356295 0.152019 0.007126
0.368171 0.152019 0.007126
0.378860 0.152019 0.008314
0.387173 0.152019 0.004751
0.397862 0.152019 0.007126
0.407363 0.152019 0.008314
0.415677 0.152019 0.005938
0.425178 0.152019 0.007126
0.438242 0.152019 0.008314
0.233967 0.153207 0.004751
0.167458 0.154394 0.005938
0.178147 0.154394 0.007126
0.198337 0.154394 0.007126
0.205463 0.154394 0.005938
0.214964 0.154394 0.013064
0.223278 0.154394 0.008314
0.140143 0.155582 0.004751
0.147268 0.155582 0.004751
0.157957 0.155582 0.007126
0.188836 0.155582 0.004751
0.876485 0.155582 0.004751
0.121140 0.156770 0.007126
0.131829 0.156770 0.004751
0.869359 0.157957 0.014252
0.713777 0.159145 0.007126
0.738717 0.159145 0.008314
0.812352 0.159145 0.005938
0.838480 0.159145 0.007126
0.849169 0.159145 0.005938
0.859857 0.159145 0.004751
0.637767 0.160333 0.008314
0.723278 0.160333 0.004751
0.730404 0.160333 0.010689
0.751781 0.160333 0.005938
0.760095 0.160333 0.004751
0.767221 0.160333 0.004751
0.783848 0.160333 0.008314
0.792162 0.160333 0.004751
0.801663 0.160333 0.007126
0.820665 0.160333 0.004751
0.827791 0.160333 0.004751
0.657957 0.161520 0.004751
0.666271 0.161520 0.011876
0.649644 0.162708 0.007126
0.622328 0.163895 0.008314
0.596200 0.165083 0.008314
0.609264 0.165083 0.008314
0.453682 0.166271 0.005938
0.466746 0.166271 0.008314
0.585511 0.166271 0.008314
0.345606 0.167458 0.004751
0.401425 0.167458 0.005938
0.409739 0.167458 0.008314
0.428741 0.167458 0.005938
0.438242 0.167458 0.007126
0.446556 0.167458 0.004751
0.476247 0.167458 0.005938
0.484561 0.167458 0.004751
0.496437 0.167458 0.008314
0.542755 0.167458 0.008314
0.549881 0.167458 0.010689
0.562945 0.167458 0.005938
0.572447 0.167458 0.007126
0.254157 0.168646 0.008314
0.275534 0.168646 0.004751
0.283848 0.168646 0.011876
0.336105 0.168646 0.011876
0.353919 0.168646 0.005938
0.384798 0.168646 0.004751
0.393112 0.168646 0.011876
0.420428 0.168646 0.005938
0.505938 0.168646 0.005938
0.514252 0.168646 0.004751
0.523753 0.168646 0.005938
0.533254 0.168646 0.005938
0.268409 0.169834 0.010689
0.364608 0.169834 0.007126
0.376485 0.169834 0.008314
0.211401 0.171021 0.004751
0.220903 0.171021 0.007126
0.241093 0.171021 0.007126
0.148456 0.172209 0.005938
0.157957 0.172209 0.004751
0.166271 0.172209 0.008314
0.176960 0.172209 0.004751
0.201900 0.172209 0.007126
0.232779 0.172209 0.008314
0.184086 0.173397 0.005938
0.193587 0.173397 0.004751
0.887173 0.173397 0.008314
0.118765 0.174584 0.010689
0.130641 0.174584 0.007126
0.138955 0.174584 0.004751
0.856295 0.174584 0.011876
0.874109 0.175772 0.008314
0.751781 0.178147 0.009501
0.763658 0.178147 0.004751
0.774347 0.178147 0.005938
0.785036 0.178147 0.005938
0.793349 0.178147 0.004751
0.823040 0.178147 0.007126
0.836105 0.178147 0.009501
0.719715 0.179335 0.005938
0.729216 0.179335 0.005938
0.739905 0.179335 0.007126
0.802850 0.179335 0.007126
0.812352 0.179335 0.008314
0.641330 0.181710 0.004751
0.648456 0.181710 0.004751
0.656770 0.181710 0.004751
0.669834 0.181710 0.005938
0.710214 0.181710 0.005938
0.353919 0.182898 0.004751
0.452494 0.182898 0.005938
0.460808 0.182898 0.004751
0.467933 0.182898 0.003563
0.480998 0.182898 0.005938
0.504751 0.182898 0.005938
0.514252 0.182898 0.007126
0.522565 0.182898 0.005938
0.567696 0.182898 0.007126
0.602138 0.182898 0.004751
0.609264 0.182898 0.004751
0.619952 0.182898 0.007126
0.631829 0.182898 0.008314
0.678147 0.182898 0.013064
0.699525 0.182898 0.007126
0.256532 0.184086 0.011876
0.276722 0.184086 0.008314
0.326603 0.184086 0.007126
0.425178 0.184086 0.005938
0.434679 0.184086 0.005938
0.442993 0.184086 0.007126
0.495249 0.184086 0.004751
0.534442 0.184086 0.008314
0.546318 0.184086 0.007126
0.557007 0.184086 0.005938
0.585511 0.184086 0.007126
0.249406 0.185273 0.010689
0.264846 0.185273 0.005938
0.288599 0.185273 0.008314
0.336105 0.185273 0.005938
0.344418 0.185273 0.005938
0.365796 0.185273 0.010689
0.372922 0.185273 0.004751
0.407363 0.185273 0.004751
0.416865 0.185273 0.005938
0.576010 0.185273 0.005938
0.194774 0.186461 0.008314
0.206651 0.186461 0.007126
0.217340 0.186461 0.005938
0.228029 0.186461 0.007126
0.381235 0.186461 0.008314
0.400238 0.186461 0.004751
0.187648 0.187648 0.004751
0.239905 0.187648 0.007126
0.393112 0.187648 0.010689
0.153207 0.188836 0.005938
0.171021 0.188836 0.004751
0.179335 0.188836 0.004751
0.135392 0.190024 0.004751
0.162708 0.190024 0.005938
0.868171 0.190024 0.005938
0.128266 0.191211 0.004751
0.119952 0.192399 0.011876
0.819477 0.192399 0.004751
0.859857 0.192399 0.008314
0.850356 0.193587 0.008314
0.786223 0.194774 0.007126
0.809976 0.194774 0.004751
0.775534 0.195962 0.008314
0.801663 0.195962 0.010689
0.750594 0.197150 0.008314
0.762470 0.197150 0.008314
0.647268 0.198337 0.008314
0.657957 0.198337 0.007126
0.713777 0.198337 0.008314
0.726841 0.198337 0.007126
0.736342 0.198337 0.008314
0.517815 0.199525 0.007126
0.561758 0.199525 0.005938
0.583135 0.199525 0.008314
0.591449 0.199525 0.007126
0.625891 0.199525 0.007126
0.637767 0.199525 0.008314
0.668646 0.199525 0.007126
0.679335 0.199525 0.008314
0.690024 0.199525 0.005938
0.701900 0.199525 0.008314
0.427553 0.200713 0.008314
0.463183 0.200713 0.005938
0.473872 0.200713 0.008314
0.485748 0.200713 0.008314
0.497625 0.200713 0.004751
0.507126 0.200713 0.007126
0.529691 0.200713 0.007126
0.553444 0.200713 0.010689
0.571259 0.200713 0.005938
0.602138 0.200713 0.008314
0.614014 0.200713 0.008314
0.277910 0.201900 0.005938
0.342043 0.201900 0.005938
0.374109 0.201900 0.005938
0.414489 0.201900 0.005938
0.435867 0.201900 0.010689
0.451306 0.201900 0.007126
0.539192 0.201900 0.008314
0.225653 0.203088 0.004751
0.247031 0.203088 0.007126
0.257720 0.203088 0.005938
0.267221 0.203088 0.008314
0.307601 0.203088 0.013064
0.324228 0.203088 0.005938
0.333729 0.203088 0.004751
0.351544 0.203088 0.008314
0.363420 0.203088 0.004751
0.383610 0.203088 0.005938
0.391924 0.203088 0.007126
0.406176 0.203088 0.007126
0.173397 0.204276 0.009501
0.190024 0.204276 0.008314
0.201900 0.204276 0.008314
0.211401 0.204276 0.008314
0.235154 0.204276 0.008314
0.288599 0.204276 0.007126
0.298100 0.204276 0.007126
0.153207 0.205463 0.004751
0.161520 0.205463 0.007126
0.129454 0.207838 0.008314
0.143705 0.207838 0.008314
0.119952 0.209026 0.007126
0.882423 0.211401 0.014252
0.874109 0.212589 0.004751
0.724466 0.213777 0.009501
0.865796 0.213777 0.004751
0.828979 0.214964 0.007126
0.839667 0.214964 0.016627
0.855107 0.214964 0.014252
0.739905 0.216152 0.007126
0.764846 0.216152 0.009501
0.781473 0.216152 0.003563
0.809976 0.216152 0.007126
0.820665 0.216152 0.005938
0.663895 0.217340 0.004751
0.675772 0.217340 0.008314
0.684086 0.217340 0.010689
0.591449 0.218527 0.005938
0.600950 0.218527 0.005938
0.610451 0.218527 0.013064
0.617577 0.218527 0.004751
0.656770 0.218527 0.008314
0.700713 0.218527 0.008314
0.711401 0.218527 0.007126
0.750594 0.218527 0.008314
0.799287 0.218527 0.008314
0.485748 0.219715 0.007126
0.496437 0.219715 0.013064
0.568884 0.219715 0.008314
0.581948 0.219715 0.008314
0.627078 0.219715 0.005938
0.636580 0.219715 0.005938
0.646081 0.219715 0.007126
0.334917 0.220903 0.009501
0.346793 0.220903 0.008314
0.476247 0.220903 0.007126
0.503563 0.220903 0.004751
0.513064 0.220903 0.013064
0.521378 0.220903 0.008314
0.533254 0.220903 0.008314
0.555819 0.220903 0.008314
0.260095 0.222090 0.004751
0.280285 0.222090 0.008314
0.328979 0.222090 0.004751
0.391924 0.222090 0.008314
0.400238 0.222090 0.013064
0.431116 0.222090 0.008314
0.444181 0.222090 0.008314
0.454869 0.222090 0.005938
0.464371 0.222090 0.008314
0.543943 0.222090 0.007126
0.198337 0.223278 0.005938
0.228029 0.223278 0.008314
0.238717 0.223278 0.005938
0.249406 0.223278 0.007126
0.267221 0.223278 0.011876
0.293349 0.223278 0.010689
0.358670 0.223278 0.008314
0.368171 0.223278 0.005938
0.378860 0.223278 0.008314
0.188836 0.224466 0.007126
0.206651 0.224466 0.004751
0.214964 0.224466 0.013064
0.320665 0.224466 0.007126
0.415677 0.224466 0.010689
0.129454 0.225653 0.008314
0.138955 0.225653 0.005938
0.148456 0.225653 0.007126
0.156770 0.225653 0.007126
0.168646 0.225653 0.008314
0.178147 0.225653 0.005938
0.306413 0.225653 0.008314
0.118765 0.226841 0.008314
