0.751781 0.080760 0.013064
0.761283 0.080760 0.004751
0.843230 0.080760 0.009501
0.707838 0.081948 0.008314
0.716152 0.081948 0.010689
0.729216 0.081948 0.008314
0.773159 0.081948 0.010689
0.789786 0.081948 0.007126
0.798100 0.081948 0.005938
0.809976 0.081948 0.005938
0.819477 0.081948 0.008314
0.833729 0.081948 0.010689
0.857482 0.081948 0.008314
0.868171 0.081948 0.008314
0.876485 0.081948 0.008314
0.596200 0.083135 0.005938
0.605701 0.083135 0.008314
0.640143 0.083135 0.007126
0.656770 0.083135 0.008314
0.669834 0.083135 0.008314
0.691211 0.083135 0.010689
0.739905 0.083135 0.004751
0.780285 0.083135 0.004751
0.539192 0.084323 0.008314
0.551069 0.084323 0.014252
0.578385 0.084323 0.005938
0.586698 0.084323 0.005938
0.617577 0.084323 0.009501
0.625891 0.084323 0.011876
0.682898 0.084323 0.011876
0.475059 0.085511 0.005938
0.483373 0.085511 0.005938
0.492874 0.085511 0.008314
0.504751 0.085511 0.008314
0.513064 0.085511 0.005938
0.522565 0.085511 0.004751
0.528504 0.085511 0.013064
0.558195 0.085511 0.014252
0.416865 0.086698 0.007126
0.425178 0.086698 0.008314
0.464371 0.086698 0.007126
0.568884 0.086698 0.008314
0.437055 0.087886 0.008314
0.453682 0.087886 0.013064
0.375297 0.089074 0.007126
0.388361 0.089074 0.008314
0.347981 0.090261 0.005938
0.357482 0.090261 0.004751
0.364608 0.090261 0.004751
0.304038 0.091449 0.008314
0.318290 0.091449 0.008314
0.330166 0.091449 0.005938
0.338480 0.091449 0.014252
0.242280 0.093824 0.004751
0.258907 0.093824 0.005938
0.266033 0.093824 0.004751
0.279097 0.093824 0.008314
0.290974 0.093824 0.008314
0.210214 0.095012 0.013064
0.219715 0.095012 0.005938
0.228029 0.095012 0.004751
0.249406 0.095012 0.004751
0.878860 0.095012 0.008314
0.188836 0.096200 0.007126
0.197150 0.096200 0.004751
0.233967 0.096200 0.011876
0.128266 0.097387 0.011876
0.136580 0.097387 0.005938
0.144893 0.097387 0.004751
0.152019 0.097387 0.011876
0.163895 0.097387 0.007126
0.175772 0.097387 0.007126
0.847981 0.097387 0.004751
0.857482 0.097387 0.007126
0.868171 0.097387 0.008314
0.749406 0.098575 0.008314
0.767221 0.098575 0.010689
0.780285 0.098575 0.008314
0.798100 0.098575 0.004751
0.813539 0.098575 0.004751
0.819477 0.098575 0.004751
0.838480 0.098575 0.007126
0.704276 0.099762 0.004751
0.718527 0.099762 0.008314
0.730404 0.099762 0.009501
0.758907 0.099762 0.004751
0.788599 0.099762 0.005938
0.597387 0.102138 0.007126
0.606888 0.102138 0.005938
0.638955 0.102138 0.008314
0.657957 0.102138 0.004751
0.667458 0.102138 0.008314
0.676960 0.102138 0.007126
0.687648 0.102138 0.004751
0.695962 0.102138 0.005938
0.539192 0.103325 0.004751
0.547506 0.103325 0.005938
0.570071 0.103325 0.008314
0.584323 0.103325 0.008314
0.617577 0.103325 0.007126
0.648456 0.103325 0.007126
0.460808 0.104513 0.007126
0.472684 0.104513 0.007126
0.510689 0.104513 0.005938
0.521378 0.104513 0.007126
0.532067 0.104513 0.011876
0.557007 0.104513 0.007126
0.627078 0.104513 0.007126
0.484561 0.105701 0.007126
0.501188 0.105701 0.011876
0.393112 0.106888 0.004751
0.429929 0.106888 0.008314
0.439430 0.106888 0.005938
0.450119 0.106888 0.005938
0.375297 0.108076 0.005938
0.384798 0.108076 0.005938
0.319477 0.109264 0.005938
0.328979 0.109264 0.008314
0.339667 0.109264 0.007126
0.350356 0.109264 0.008314
0.359857 0.109264 0.005938
0.366983 0.109264 0.004751
0.279097 0.110451 0.009501
0.287411 0.110451 0.004751
0.294537 0.110451 0.004751
0.301663 0.110451 0.004751
0.311164 0.110451 0.005938
0.199525 0.111639 0.011876
0.228029 0.111639 0.004751
0.237530 0.111639 0.008314
0.258907 0.111639 0.005938
0.267221 0.111639 0.004751
0.184086 0.112827 0.004751
0.192399 0.112827 0.004751
0.249406 0.112827 0.005938
0.862233 0.112827 0.008314
0.874109 0.112827 0.008314
0.150831 0.114014 0.004751
0.160333 0.114014 0.007126
0.171021 0.114014 0.008314
0.209026 0.114014 0.007126
0.219715 0.114014 0.013064
0.793349 0.114014 0.008314
0.882423 0.114014 0.013064
0.129454 0.115202 0.007126
0.140143 0.115202 0.008314
0.769596 0.115202 0.011876
0.779097 0.115202 0.007126
0.801663 0.115202 0.005938
0.830166 0.115202 0.004751
0.838480 0.115202 0.005938
0.849169 0.115202 0.008314
0.752969 0.116390 0.005938
0.762470 0.116390 0.005938
0.811164 0.116390 0.004751
0.818290 0.117577 0.011876
0.596200 0.118765 0.008314
0.610451 0.118765 0.008314
0.675772 0.118765 0.008314
0.690024 0.118765 0.008314
0.699525 0.118765 0.007126
0.710214 0.118765 0.007126
0.741093 0.118765 0.008314
0.581948 0.119952 0.008314
0.621140 0.119952 0.005938
0.720903 0.119952 0.008314
0.730404 0.119952 0.007126
0.568884 0.121140 0.008314
0.630641 0.121140 0.007126
0.643705 0.121140 0.008314
0.653207 0.121140 0.007126
0.663895 0.121140 0.005938
0.425178 0.122328 0.007126
0.460808 0.122328 0.008314
0.470309 0.122328 0.007126
0.491686 0.122328 0.007126
0.503563 0.122328 0.008314
0.526128 0.122328 0.008314
0.555819 0.122328 0.007126
0.435867 0.123515 0.008314
0.448931 0.123515 0.010689
0.480998 0.123515 0.008314
0.514252 0.123515 0.008314
0.542755 0.123515 0.010689
0.382423 0.124703 0.008314
0.410926 0.124703 0.009501
0.350356 0.125891 0.007126
0.319477 0.127078 0.007126
0.340855 0.127078 0.005938
0.171021 0.128266 0.007126
0.179335 0.128266 0.008314
0.266033 0.128266 0.010689
0.280285 0.128266 0.009501
0.292162 0.128266 0.009501
0.328979 0.128266 0.008314
0.149644 0.129454 0.004751
0.159145 0.129454 0.007126
0.193587 0.129454 0.008314
0.250594 0.129454 0.007126
0.308789 0.129454 0.008314
0.874109 0.129454 0.007126
0.127078 0.130641 0.010689
0.133017 0.130641 0.004751
0.141330 0.130641 0.005938
0.205463 0.130641 0.004751
0.213777 0.130641 0.005938
0.225653 0.130641 0.005938
0.236342 0.130641 0.007126
0.864608 0.130641 0.008314
0.882423 0.130641 0.011876
0.853919 0.131829 0.007126
0.806413 0.133017 0.005938
0.815914 0.133017 0.004751
0.840855 0.133017 0.008314
0.735154 0.134204 0.004751
0.796912 0.134204 0.005938
0.827791 0.134204 0.008314
0.716152 0.135392 0.008314
0.723278 0.135392 0.008314
0.752969 0.135392 0.004751
0.771971 0.135392 0.004751
0.779097 0.135392 0.013064
0.788599 0.135392 0.005938
0.592637 0.136580 0.007126
0.603325 0.136580 0.005938
0.611639 0.136580 0.005938
0.621140 0.136580 0.008314
0.641330 0.136580 0.007126
0.662708 0.136580 0.007126
0.743468 0.136580 0.007126
0.761283 0.136580 0.008314
0.581948 0.137767 0.008314
0.652019 0.137767 0.008314
0.498812 0.138955 0.008314
0.513064 0.138955 0.007126
0.485748 0.140143 0.008314
0.524941 0.140143 0.004751
0.533254 0.140143 0.007126
0.553444 0.140143 0.004751
0.561758 0.140143 0.005938
0.571259 0.140143 0.007126
0.425178 0.141330 0.007126
0.434679 0.141330 0.007126
0.446556 0.141330 0.008314
0.458432 0.141330 0.005938
0.472684 0.141330 0.008314
0.545131 0.141330 0.008314
0.414489 0.142518 0.008314
0.391924 0.143705 0.009501
0.404988 0.143705 0.005938
0.213777 0.144893 0.008314
0.336105 0.144893 0.008314
0.344418 0.144893 0.008314
0.358670 0.144893 0.008314
0.376485 0.144893 0.010689
0.161520 0.146081 0.008314
0.172209 0.146081 0.007126
0.181710 0.146081 0.008314
0.193587 0.146081 0.008314
0.203088 0.146081 0.008314
0.223278 0.146081 0.007126
0.249406 0.146081 0.008314
0.261283 0.146081 0.005938
0.271971 0.146081 0.008314
0.125891 0.147268 0.007126
0.235154 0.147268 0.008314
0.135392 0.148456 0.004751
0.143705 0.148456 0.008314
0.880048 0.148456 0.010689
0.824228 0.149644 0.004751
0.861045 0.149644 0.004751
0.832542 0.150831 0.005938
0.840855 0.150831 0.004751
0.852732 0.150831 0.007126
0.777910 0.152019 0.005938
0.786223 0.152019 0.004751
0.798100 0.152019 0.009501
0.805226 0.152019 0.009501
0.817102 0.152019 0.004751
0.591449 0.153207 0.010689
0.768409 0.153207 0.004751
0.600950 0.154394 0.007126
0.732779 0.154394 0.004751
0.743468 0.154394 0.007126
0.752969 0.154394 0.010689
0.761283 0.154394 0.004751
0.611639 0.155582 0.008314
0.619952 0.155582 0.008314
0.635392 0.155582 0.008314
0.644893 0.155582 0.007126
0.714964 0.155582 0.008314
0.725653 0.155582 0.013064
0.495249 0.156770 0.008314
0.577197 0.156770 0.007126
0.508314 0.157957 0.008314
0.522565 0.157957 0.008314
0.548694 0.157957 0.010689
0.558195 0.157957 0.005938
0.566508 0.157957 0.004751
0.464371 0.159145 0.004751
0.472684 0.159145 0.008314
0.482185 0.159145 0.005938
0.534442 0.159145 0.004751
0.418052 0.160333 0.007126
0.447743 0.160333 0.005938
0.456057 0.160333 0.004751
0.336105 0.161520 0.013064
0.345606 0.161520 0.005938
0.356295 0.161520 0.008314
0.365796 0.161520 0.005938
0.394299 0.161520 0.008314
0.428741 0.161520 0.008314
0.438242 0.161520 0.005938
0.231591 0.162708 0.008314
0.276722 0.162708 0.004751
0.378860 0.162708 0.010689
0.404988 0.162708 0.007126
0.157957 0.163895 0.008314
0.168646 0.163895 0.008314
0.193587 0.163895 0.008314
0.203088 0.163895 0.007126
0.214964 0.163895 0.008314
0.244656 0.163895 0.010689
0.181710 0.165083 0.009501
0.251781 0.165083 0.004751
0.871734 0.165083 0.010689
0.884798 0.165083 0.009501
0.146081 0.166271 0.008314
0.862233 0.166271 0.008314
0.133017 0.168646 0.008314
0.770784 0.168646 0.005938
0.805226 0.168646 0.007126
0.815914 0.168646 0.009501
0.838480 0.168646 0.007126
0.847981 0.168646 0.008314
0.752969 0.169834 0.005938
0.762470 0.169834 0.013064
0.781473 0.169834 0.008314
0.796912 0.169834 0.008314
0.828979 0.169834 0.005938
0.733967 0.171021 0.008314
0.743468 0.171021 0.004751
0.720903 0.172209 0.008314
0.597387 0.173397 0.007126
0.709026 0.173397 0.008314
0.505938 0.174584 0.013064
0.516627 0.174584 0.008314
0.527316 0.174584 0.004751
0.536817 0.174584 0.005938
0.545131 0.174584 0.005938
0.554632 0.174584 0.005938
0.564133 0.174584 0.007126
0.586698 0.174584 0.008314
0.631829 0.174584 0.005938
0.644893 0.174584 0.008314
0.653207 0.174584 0.005938
0.662708 0.174584 0.008314
0.478622 0.175772 0.008314
0.489311 0.175772 0.004751
0.497625 0.175772 0.005938
0.573634 0.175772 0.005938
0.605701 0.175772 0.007126
0.618765 0.175772 0.008314
0.466746 0.176960 0.008314
0.441805 0.178147 0.011876
0.450119 0.178147 0.004751
0.415677 0.179335 0.008314
0.427553 0.179335 0.007126
0.250594 0.180523 0.004751
0.257720 0.180523 0.008314
0.268409 0.180523 0.008314
0.283848 0.180523 0.004751
0.382423 0.180523 0.008314
0.404988 0.180523 0.007126
0.876485 0.180523 0.004751
0.893112 0.180523 0.008314
0.229216 0.181710 0.007126
0.238717 0.181710 0.008314
0.276722 0.181710 0.004751
0.290974 0.181710 0.010689
0.328979 0.181710 0.013064
0.337292 0.181710 0.008314
0.391924 0.181710 0.008314
0.156770 0.182898 0.008314
0.216152 0.182898 0.007126
0.350356 0.182898 0.008314
0.362233 0.182898 0.008314
0.369359 0.182898 0.008314
0.870546 0.182898 0.004751
0.144893 0.184086 0.004751
0.165083 0.184086 0.005938
0.176960 0.184086 0.009501
0.192399 0.184086 0.008314
0.204276 0.184086 0.007126
0.795724 0.184086 0.007126
0.849169 0.184086 0.004751
0.856295 0.184086 0.004751
0.125891 0.185273 0.008314
0.136580 0.185273 0.007126
0.805226 0.185273 0.005938
0.818290 0.185273 0.008314
0.826603 0.185273 0.008314
0.839667 0.185273 0.007126
0.777910 0.186461 0.005938
0.786223 0.186461 0.004751
0.730404 0.187648 0.008314
0.742280 0.187648 0.008314
0.767221 0.187648 0.008314
0.684086 0.188836 0.007126
0.714964 0.188836 0.010689
0.754157 0.188836 0.007126
0.564133 0.190024 0.005938
0.647268 0.190024 0.005938
0.655582 0.190024 0.007126
0.665083 0.190024 0.005938
0.674584 0.190024 0.007126
0.695962 0.190024 0.007126
0.706651 0.190024 0.008314
0.521378 0.191211 0.004751
0.541568 0.191211 0.008314
0.553444 0.191211 0.008314
0.573634 0.191211 0.004751
0.583135 0.191211 0.005938
0.591449 0.191211 0.004751
0.599762 0.191211 0.008314
0.625891 0.191211 0.008314
0.636580 0.191211 0.008314
0.477435 0.192399 0.008314
0.529691 0.192399 0.008314
0.611639 0.192399 0.005938
0.511876 0.193587 0.007126
0.467933 0.194774 0.007126
0.489311 0.194774 0.007126
0.501188 0.194774 0.008314
0.287411 0.195962 0.005938
0.435867 0.195962 0.008314
0.445368 0.195962 0.005938
0.454869 0.195962 0.007126
0.226841 0.197150 0.008314
0.238717 0.197150 0.008314
0.250594 0.197150 0.008314
0.263658 0.197150 0.008314
0.302850 0.197150 0.004751
0.308789 0.197150 0.008314
0.423990 0.197150 0.008314
0.885986 0.197150 0.011876
0.201900 0.198337 0.005938
0.213777 0.198337 0.008314
0.274347 0.198337 0.008314
0.320665 0.198337 0.007126
0.362233 0.198337 0.007126
0.401425 0.198337 0.007126
0.410926 0.198337 0.005938
0.878860 0.198337 0.004751
0.159145 0.199525 0.008314
0.169834 0.199525 0.005938
0.179335 0.199525 0.005938
0.191211 0.199525 0.007126
0.332542 0.199525 0.007126
0.342043 0.199525 0.007126
0.352732 0.199525 0.007126
0.372922 0.199525 0.004751
0.381235 0.199525 0.005938
0.391924 0.199525 0.005938
0.861045 0.199525 0.005938
0.870546 0.199525 0.005938
0.124703 0.200713 0.010689
0.146081 0.200713 0.007126
0.779097 0.200713 0.004751
0.806413 0.200713 0.005938
0.833729 0.200713 0.008314
0.852732 0.200713 0.005938
0.134204 0.201900 0.008314
0.786223 0.201900 0.004751
0.798100 0.201900 0.008314
0.815914 0.201900 0.010689
0.843230 0.201900 0.005938
0.719715 0.203088 0.008314
0.730404 0.203088 0.007126
0.739905 0.203088 0.007126
0.749406 0.203088 0.005938
0.768409 0.203088 0.005938
0.660333 0.204276 0.005938
0.671021 0.204276 0.008314
0.687648 0.204276 0.008314
0.699525 0.204276 0.007126
0.710214 0.204276 0.005938
0.758907 0.204276 0.008314
0.641330 0.205463 0.005938
0.649644 0.205463 0.007126
0.680523 0.205463 0.011876
0.581948 0.206651 0.004751
0.599762 0.206651 0.005938
0.609264 0.206651 0.004751
0.619952 0.206651 0.007126
0.631829 0.206651 0.005938
0.548694 0.207838 0.004751
0.562945 0.207838 0.007126
0.573634 0.207838 0.005938
0.590261 0.207838 0.005938
0.473872 0.209026 0.008314
0.485748 0.209026 0.005938
0.508314 0.209026 0.007126
0.529691 0.209026 0.008314
0.540380 0.209026 0.005938
0.465558 0.210214 0.005938
0.495249 0.210214 0.007126
0.516627 0.210214 0.007126
0.420428 0.211401 0.005938
0.456057 0.211401 0.007126
0.214964 0.212589 0.007126
0.224466 0.212589 0.004751
0.273159 0.212589 0.008314
0.285036 0.212589 0.005938
0.368171 0.212589 0.009501
0.378860 0.212589 0.007126
0.400238 0.212589 0.004751
0.408551 0.212589 0.005938
0.428741 0.212589 0.005938
0.440618 0.212589 0.008314
0.191211 0.213777 0.004751
0.201900 0.213777 0.007126
0.232779 0.213777 0.008314
0.243468 0.213777 0.007126
0.254157 0.213777 0.005938
0.262470 0.213777 0.005938
0.294537 0.213777 0.007126
0.306413 0.213777 0.008314
0.320665 0.213777 0.004751
0.355107 0.213777 0.004751
0.390736 0.213777 0.005938
0.331354 0.214964 0.007126
0.343230 0.214964 0.008314
0.880048 0.214964 0.008314
0.889549 0.214964 0.008314
0.146081 0.216152 0.005938
0.155582 0.216152 0.004751
0.178147 0.216152 0.008314
0.855107 0.216152 0.004751
0.871734 0.216152 0.008314
0.123515 0.217340 0.007126
0.134204 0.217340 0.007126
0.166271 0.217340 0.008314
0.807601 0.217340 0.005938
0.815914 0.217340 0.008314
0.826603 0.217340 0.008314
0.837292 0.217340 0.007126
0.845606 0.217340 0.005938
0.786223 0.218527 0.013064
0.798100 0.218527 0.007126
0.609264 0.219715 0.005938
0.716152 0.219715 0.007126
0.729216 0.219715 0.008314
0.739905 0.219715 0.008314
0.750594 0.219715 0.005938
0.760095 0.219715 0.005938
0.769596 0.219715 0.005938
0.777910 0.219715 0.005938
0.578385 0.220903 0.004751
0.596200 0.220903 0.008314
0.619952 0.220903 0.008314
0.631829 0.220903 0.007126
0.662708 0.220903 0.007126
0.675772 0.220903 0.008314
0.682898 0.220903 0.009501
0.697150 0.220903 0.007126
0.706651 0.220903 0.005938
0.558195 0.222090 0.007126
0.567696 0.222090 0.005938
0.586698 0.222090 0.008314
0.643705 0.222090 0.008314
0.650831 0.222090 0.004751
0.513064 0.223278 0.005938
0.522565 0.223278 0.007126
0.534442 0.223278 0.008314
0.548694 0.223278 0.007126
0.457245 0.224466 0.005938
0.466746 0.224466 0.007126
0.477435 0.224466 0.007126
0.502375 0.224466 0.007126
0.406176 0.225653 0.007126
0.416865 0.225653 0.008314
0.450119 0.225653 0.011876
0.489311 0.225653 0.008314
0.332542 0.226841 0.007126
0.343230 0.226841 0.004751
0.351544 0.226841 0.007126
0.361045 0.226841 0.007126
0.396675 0.226841 0.005938
0.427553 0.226841 0.005938
0.439430 0.226841 0.008314
0.283848 0.228029 0.007126
0.293349 0.228029 0.005938
0.302850 0.228029 0.004751
0.321853 0.228029 0.007126
0.374109 0.228029 0.007126
0.387173 0.228029 0.008314
0.192399 0.229216 0.008314
0.204276 0.229216 0.008314
0.214964 0.229216 0.005938
0.224466 0.229216 0.004751
0.243468 0.229216 0.008314
0.256532 0.229216 0.005938
0.273159 0.229216 0.004751
0.178147 0.230404 0.008314
0.232779 0.230404 0.005938
0.266033 0.230404 0.011876
0.165083 0.231591 0.008314
0.146081 0.232779 0.005938
0.155582 0.232779 0.005938
0.122328 0.233967 0.009501
0.135392 0.233967 0.008314
