0.513064 0.074822 0.008314
0.755344 0.074822 0.016627
0.763658 0.074822 0.015439
0.472684 0.076010 0.008314
0.527316 0.076010 0.008314
0.541568 0.076010 0.008314
0.566508 0.076010 0.007126
0.578385 0.076010 0.007126
0.602138 0.076010 0.008314
0.612827 0.076010 0.005938
0.623515 0.076010 0.007126
0.320665 0.077197 0.016627
0.388361 0.077197 0.008314
0.419240 0.077197 0.005938
0.428741 0.077197 0.007126
0.461995 0.077197 0.005938
0.495249 0.077197 0.010689
0.555819 0.077197 0.008314
0.587886 0.077197 0.005938
0.642518 0.077197 0.013064
0.789786 0.077197 0.008314
0.823040 0.077197 0.007126
0.842043 0.077197 0.008314
0.344418 0.078385 0.008314
0.364608 0.078385 0.004751
0.399050 0.078385 0.005938
0.408551 0.078385 0.007126
0.445368 0.078385 0.005938
0.452494 0.078385 0.008314
0.633017 0.078385 0.008314
0.811164 0.078385 0.005938
0.832542 0.078385 0.005938
0.852732 0.078385 0.005938
0.863420 0.078385 0.005938
0.871734 0.078385 0.022565
0.332542 0.079572 0.007126
0.356295 0.079572 0.007126
0.374109 0.079572 0.008314
0.802850 0.079572 0.008314
0.186461 0.080760 0.004751
0.257720 0.080760 0.007126
0.268409 0.080760 0.005938
0.277910 0.080760 0.004751
0.162708 0.081948 0.009501
0.175772 0.081948 0.008314
0.194774 0.081948 0.005938
0.205463 0.081948 0.005938
0.224466 0.081948 0.005938
0.248219 0.081948 0.008314
0.154394 0.083135 0.004751
0.168646 0.083135 0.004751
0.216152 0.083135 0.008314
0.233967 0.083135 0.007126
0.285036 0.083135 0.016627
0.129454 0.085511 0.007126
0.138955 0.085511 0.004751
0.600950 0.089074 0.008314
0.877672 0.089074 0.005938
0.528504 0.090261 0.005938
0.538005 0.090261 0.005938
0.545131 0.090261 0.008314
0.574822 0.090261 0.005938
0.585511 0.090261 0.007126
0.612827 0.090261 0.007126
0.407363 0.091449 0.008314
0.477435 0.091449 0.005938
0.516627 0.091449 0.008314
0.557007 0.091449 0.007126
0.564133 0.091449 0.008314
0.622328 0.091449 0.007126
0.634204 0.091449 0.007126
0.642518 0.091449 0.007126
0.681710 0.091449 0.008314
0.820665 0.091449 0.004751
0.262470 0.092637 0.004751
0.350356 0.092637 0.005938
0.359857 0.092637 0.004751
0.366983 0.092637 0.008314
0.378860 0.092637 0.004751
0.389549 0.092637 0.008314
0.397862 0.092637 0.005938
0.421615 0.092637 0.007126
0.431116 0.092637 0.005938
0.440618 0.092637 0.005938
0.450119 0.092637 0.007126
0.460808 0.092637 0.005938
0.469121 0.092637 0.004751
0.486936 0.092637 0.009501
0.504751 0.092637 0.008314
0.662708 0.092637 0.005938
0.672209 0.092637 0.004751
0.758907 0.092637 0.010689
0.781473 0.092637 0.007126
0.792162 0.092637 0.007126
0.805226 0.092637 0.008314
0.811164 0.092637 0.005938
0.830166 0.092637 0.005938
0.838480 0.092637 0.004751
0.846793 0.092637 0.005938
0.862233 0.092637 0.004751
0.269596 0.093824 0.005938
0.279097 0.093824 0.005938
0.324228 0.093824 0.008314
0.339667 0.093824 0.007126
0.856295 0.093824 0.004751
0.225653 0.095012 0.007126
0.242280 0.095012 0.007126
0.254157 0.095012 0.005938
0.156770 0.096200 0.004751
0.172209 0.096200 0.007126
0.179335 0.096200 0.004751
0.190024 0.096200 0.007126
0.200713 0.096200 0.008314
0.136580 0.097387 0.004751
0.212589 0.097387 0.005938
0.129454 0.098575 0.005938
0.567696 0.104513 0.009501
0.580760 0.104513 0.004751
0.587886 0.104513 0.010689
0.598575 0.104513 0.011876
0.612827 0.104513 0.008314
0.554632 0.105701 0.005938
0.606888 0.105701 0.004751
0.629454 0.105701 0.008314
0.855107 0.105701 0.005938
0.345606 0.106888 0.008314
0.371734 0.106888 0.008314
0.383610 0.106888 0.005938
0.502375 0.106888 0.008314
0.543943 0.106888 0.007126
0.637767 0.106888 0.004751
0.774347 0.106888 0.004751
0.782660 0.106888 0.005938
0.792162 0.106888 0.004751
0.838480 0.106888 0.005938
0.847981 0.106888 0.004751
0.876485 0.106888 0.008314
0.324228 0.108076 0.004751
0.331354 0.108076 0.004751
0.359857 0.108076 0.008314
0.393112 0.108076 0.007126
0.404988 0.108076 0.005938
0.422803 0.108076 0.005938
0.456057 0.108076 0.005938
0.488124 0.108076 0.005938
0.517815 0.108076 0.008314
0.533254 0.108076 0.008314
0.800475 0.108076 0.008314
0.817102 0.108076 0.007126
0.827791 0.108076 0.005938
0.868171 0.108076 0.007126
0.129454 0.109264 0.008314
0.168646 0.109264 0.008314
0.180523 0.109264 0.007126
0.243468 0.109264 0.007126
0.414489 0.109264 0.004751
0.434679 0.109264 0.008314
0.445368 0.109264 0.007126
0.466746 0.109264 0.008314
0.476247 0.109264 0.008314
0.142518 0.110451 0.007126
0.154394 0.110451 0.008314
0.191211 0.110451 0.004751
0.199525 0.110451 0.005938
0.231591 0.110451 0.008314
0.254157 0.110451 0.005938
0.211401 0.111639 0.005938
0.220903 0.111639 0.005938
0.269596 0.111639 0.008314
0.281473 0.111639 0.008314
0.661520 0.118765 0.010689
0.603325 0.119952 0.007126
0.611639 0.119952 0.004751
0.627078 0.119952 0.004751
0.700713 0.119952 0.008314
0.853919 0.119952 0.008314
0.864608 0.119952 0.007126
0.875297 0.119952 0.007126
0.548694 0.121140 0.004751
0.555819 0.121140 0.010689
0.567696 0.121140 0.007126
0.581948 0.121140 0.008314
0.592637 0.121140 0.007126
0.777910 0.121140 0.008314
0.788599 0.121140 0.005938
0.796912 0.121140 0.007126
0.812352 0.121140 0.008314
0.828979 0.121140 0.004751
0.837292 0.121140 0.008314
0.390736 0.122328 0.011876
0.399050 0.122328 0.004751
0.407363 0.122328 0.010689
0.501188 0.122328 0.007126
0.540380 0.122328 0.005938
0.821853 0.122328 0.004751
0.420428 0.123515 0.008314
0.510689 0.123515 0.008314
0.524941 0.123515 0.009501
0.375297 0.124703 0.008314
0.434679 0.124703 0.007126
0.451306 0.124703 0.009501
0.478622 0.124703 0.005938
0.489311 0.124703 0.007126
0.172209 0.125891 0.007126
0.180523 0.125891 0.004751
0.195962 0.125891 0.010689
0.219715 0.125891 0.008314
0.248219 0.125891 0.008314
0.270784 0.125891 0.004751
0.277910 0.125891 0.008314
0.288599 0.125891 0.009501
0.362233 0.125891 0.008314
0.127078 0.127078 0.013064
0.160333 0.127078 0.008314
0.233967 0.127078 0.008314
0.261283 0.127078 0.007126
0.333729 0.127078 0.007126
0.344418 0.127078 0.005938
0.352732 0.127078 0.004751
0.148456 0.128266 0.008314
0.135392 0.129454 0.008314
0.641330 0.135392 0.008314
0.653207 0.135392 0.008314
0.663895 0.135392 0.008314
0.859857 0.135392 0.008314
0.870546 0.135392 0.004751
0.722090 0.136580 0.004751
0.733967 0.136580 0.008314
0.789786 0.136580 0.008314
0.802850 0.136580 0.007126
0.814727 0.136580 0.008314
0.825416 0.136580 0.007126
0.839667 0.136580 0.008314
0.851544 0.136580 0.008314
0.881235 0.136580 0.008314
0.591449 0.137767 0.004751
0.600950 0.137767 0.005938
0.609264 0.137767 0.005938
0.617577 0.137767 0.004751
0.628266 0.137767 0.008314
0.713777 0.137767 0.005938
0.768409 0.137767 0.005938
0.268409 0.138955 0.011876
0.495249 0.138955 0.008314
0.546318 0.138955 0.007126
0.559382 0.138955 0.007126
0.571259 0.138955 0.007126
0.581948 0.138955 0.007126
0.747031 0.138955 0.008314
0.758907 0.138955 0.007126
0.776722 0.138955 0.010689
0.260095 0.140143 0.008314
0.380048 0.140143 0.005938
0.465558 0.140143 0.008314
0.476247 0.140143 0.011876
0.504751 0.140143 0.007126
0.515439 0.140143 0.007126
0.529691 0.140143 0.010689
0.274347 0.141330 0.004751
0.355107 0.141330 0.008314
0.366983 0.141330 0.008314
0.390736 0.141330 0.007126
0.401425 0.141330 0.004751
0.410926 0.141330 0.008314
0.420428 0.141330 0.005938
0.441805 0.141330 0.007126
0.453682 0.141330 0.007126
0.172209 0.142518 0.004751
0.233967 0.142518 0.008314
0.283848 0.142518 0.007126
0.337292 0.142518 0.011876
0.343230 0.142518 0.010689
0.431116 0.142518 0.007126
0.129454 0.143705 0.007126
0.138955 0.143705 0.005938
0.149644 0.143705 0.004751
0.159145 0.143705 0.008314
0.184086 0.143705 0.008314
0.207838 0.143705 0.007126
0.220903 0.143705 0.008314
0.248219 0.143705 0.007126
0.195962 0.144893 0.008314
0.851544 0.150831 0.008314
0.861045 0.150831 0.007126
0.872922 0.150831 0.005938
0.794537 0.152019 0.008314
0.805226 0.152019 0.008314
0.881235 0.152019 0.013064
0.631829 0.153207 0.008314
0.652019 0.153207 0.008314
0.712589 0.153207 0.007126
0.733967 0.153207 0.007126
0.815914 0.153207 0.007126
0.824228 0.153207 0.004751
0.832542 0.153207 0.004751
0.611639 0.154394 0.010689
0.618765 0.154394 0.004751
0.722090 0.154394 0.007126
0.744656 0.154394 0.008314
0.757720 0.154394 0.004751
0.766033 0.154394 0.004751
0.774347 0.154394 0.005938
0.782660 0.154394 0.004751
0.560570 0.155582 0.008314
0.567696 0.155582 0.009501
0.581948 0.155582 0.008314
0.599762 0.155582 0.008314
0.501188 0.156770 0.008314
0.511876 0.156770 0.007126
0.523753 0.156770 0.007126
0.535629 0.156770 0.007126
0.547506 0.156770 0.007126
0.591449 0.156770 0.005938
0.125891 0.157957 0.008314
0.160333 0.157957 0.005938
0.180523 0.157957 0.007126
0.199525 0.157957 0.004751
0.207838 0.157957 0.008314
0.220903 0.157957 0.005938
0.347981 0.157957 0.011876
0.365796 0.157957 0.008314
0.376485 0.157957 0.008314
0.423990 0.157957 0.008314
0.435867 0.157957 0.005938
0.136580 0.159145 0.005938
0.148456 0.159145 0.008314
0.169834 0.159145 0.005938
0.191211 0.159145 0.007126
0.231591 0.159145 0.005938
0.242280 0.159145 0.008314
0.254157 0.159145 0.005938
0.267221 0.159145 0.010689
0.282660 0.159145 0.004751
0.400238 0.159145 0.005938
0.410926 0.159145 0.005938
0.445368 0.159145 0.005938
0.453682 0.159145 0.004751
0.460808 0.159145 0.010689
0.472684 0.159145 0.008314
0.486936 0.159145 0.009501
0.273159 0.160333 0.008314
0.871734 0.165083 0.007126
0.851544 0.166271 0.007126
0.861045 0.166271 0.008314
0.788599 0.168646 0.005938
0.819477 0.168646 0.005938
0.831354 0.168646 0.008314
0.843230 0.168646 0.008314
0.710214 0.169834 0.014252
0.777910 0.169834 0.008314
0.799287 0.169834 0.005938
0.811164 0.169834 0.008314
0.637767 0.171021 0.008314
0.730404 0.171021 0.007126
0.739905 0.171021 0.008314
0.750594 0.171021 0.007126
0.768409 0.171021 0.005938
0.647268 0.172209 0.008314
0.657957 0.172209 0.013064
0.718527 0.172209 0.015439
0.760095 0.172209 0.005938
0.124703 0.173397 0.005938
0.135392 0.173397 0.005938
0.144893 0.173397 0.005938
0.154394 0.173397 0.004751
0.187648 0.173397 0.008314
0.574822 0.173397 0.010689
0.591449 0.173397 0.008314
0.612827 0.173397 0.005938
0.627078 0.173397 0.008314
0.663895 0.173397 0.010689
0.163895 0.174584 0.007126
0.175772 0.174584 0.007126
0.406176 0.174584 0.011876
0.415677 0.174584 0.008314
0.428741 0.174584 0.007126
0.459620 0.174584 0.007126
0.557007 0.174584 0.004751
0.566508 0.174584 0.007126
0.602138 0.174584 0.008314
0.200713 0.175772 0.007126
0.224466 0.175772 0.010689
0.258907 0.175772 0.008314
0.268409 0.175772 0.005938
0.279097 0.175772 0.008314
0.368171 0.175772 0.007126
0.380048 0.175772 0.008314
0.391924 0.175772 0.008314
0.440618 0.175772 0.005938
0.448931 0.175772 0.005938
0.483373 0.175772 0.005938
0.492874 0.175772 0.004751
0.511876 0.175772 0.008314
0.524941 0.175772 0.008314
0.547506 0.175772 0.007126
0.243468 0.176960 0.008314
0.290974 0.176960 0.005938
0.473872 0.176960 0.007126
0.536817 0.176960 0.008314
0.212589 0.178147 0.008314
0.334917 0.178147 0.008314
0.346793 0.178147 0.005938
0.358670 0.178147 0.005938
0.864608 0.184086 0.008314
0.875297 0.184086 0.009501
0.843230 0.185273 0.005938
0.851544 0.185273 0.004751
0.812352 0.187648 0.008314
0.824228 0.187648 0.005938
0.832542 0.187648 0.008314
0.650831 0.188836 0.004751
0.771971 0.188836 0.005938
0.781473 0.188836 0.008314
0.790974 0.188836 0.004751
0.799287 0.188836 0.010689
0.124703 0.190024 0.008314
0.143705 0.190024 0.005938
0.154394 0.190024 0.007126
0.641330 0.190024 0.008314
0.669834 0.190024 0.004751
0.679335 0.190024 0.008314
0.761283 0.190024 0.008314
0.135392 0.191211 0.005938
0.166271 0.191211 0.007126
0.176960 0.191211 0.007126
0.606888 0.191211 0.005938
0.660333 0.191211 0.008314
0.711401 0.191211 0.005938
0.730404 0.191211 0.004751
0.737530 0.191211 0.011876
0.748219 0.191211 0.008314
0.186461 0.192399 0.007126
0.546318 0.192399 0.008314
0.555819 0.192399 0.005938
0.565321 0.192399 0.008314
0.577197 0.192399 0.008314
0.587886 0.192399 0.007126
0.700713 0.192399 0.008314
0.719715 0.192399 0.008314
0.195962 0.193587 0.007126
0.343230 0.193587 0.009501
0.368171 0.193587 0.010689
0.380048 0.193587 0.008314
0.479810 0.193587 0.010689
0.522565 0.193587 0.009501
0.597387 0.193587 0.008314
0.205463 0.194774 0.008314
0.255344 0.194774 0.008314
0.271971 0.194774 0.011876
0.285036 0.194774 0.007126
0.355107 0.194774 0.009501
0.395487 0.194774 0.011876
0.404988 0.194774 0.008314
0.416865 0.194774 0.007126
0.438242 0.194774 0.004751
0.456057 0.194774 0.008314
0.497625 0.194774 0.008314
0.508314 0.194774 0.008314
0.529691 0.194774 0.010689
0.220903 0.195962 0.007126
0.243468 0.195962 0.008314
0.263658 0.195962 0.005938
0.428741 0.195962 0.008314
0.231591 0.197150 0.007126
0.296912 0.197150 0.007126
0.323040 0.197150 0.009501
0.308789 0.198337 0.008314
0.874109 0.203088 0.004751
0.882423 0.203088 0.011876
0.865796 0.204276 0.004751
0.123515 0.205463 0.007126
0.137767 0.205463 0.010689
0.805226 0.205463 0.009501
0.818290 0.205463 0.007126
0.830166 0.205463 0.008314
0.847981 0.205463 0.008314
0.856295 0.205463 0.007126
0.144893 0.206651 0.004751
0.730404 0.206651 0.008314
0.793349 0.206651 0.008314
0.154394 0.207838 0.005938
0.162708 0.207838 0.004751
0.172209 0.207838 0.007126
0.655582 0.207838 0.008314
0.668646 0.207838 0.007126
0.679335 0.207838 0.008314
0.690024 0.207838 0.008314
0.718527 0.207838 0.008314
0.775534 0.207838 0.011876
0.185273 0.209026 0.008314
0.624703 0.209026 0.008314
0.707838 0.209026 0.013064
0.749406 0.209026 0.008314
0.758907 0.209026 0.014252
0.198337 0.210214 0.004751
0.206651 0.210214 0.005938
0.520190 0.210214 0.007126
0.532067 0.210214 0.008314
0.216152 0.211401 0.005938
0.232779 0.211401 0.004751
0.238717 0.211401 0.010689
0.248219 0.211401 0.004751
0.256532 0.211401 0.005938
0.276722 0.211401 0.007126
0.286223 0.211401 0.005938
0.477435 0.211401 0.005938
0.498812 0.211401 0.007126
0.539192 0.211401 0.011876
0.568884 0.211401 0.008314
0.585511 0.211401 0.004751
0.592637 0.211401 0.008314
0.603325 0.211401 0.005938
0.616390 0.211401 0.008314
0.224466 0.212589 0.004751
0.266033 0.212589 0.008314
0.333729 0.212589 0.008314
0.346793 0.212589 0.005938
0.358670 0.212589 0.008314
0.368171 0.212589 0.005938
0.378860 0.212589 0.004751
0.464371 0.212589 0.008314
0.489311 0.212589 0.008314
0.509501 0.212589 0.007126
0.553444 0.212589 0.008314
0.295724 0.213777 0.004751
0.304038 0.213777 0.008314
0.389549 0.213777 0.008314
0.399050 0.213777 0.005938
0.407363 0.213777 0.004751
0.419240 0.213777 0.008314
0.431116 0.213777 0.005938
0.439430 0.213777 0.004751
0.448931 0.213777 0.007126
0.323040 0.214964 0.008314
0.875297 0.217340 0.005938
0.861045 0.218527 0.008314
0.838480 0.219715 0.004751
0.818290 0.220903 0.004751
0.824228 0.220903 0.004751
0.831354 0.220903 0.004751
0.849169 0.220903 0.008314
0.800475 0.222090 0.005938
0.122328 0.223278 0.011876
0.137767 0.223278 0.005938
0.148456 0.223278 0.005938
0.809976 0.223278 0.008314
0.159145 0.224466 0.004751
0.166271 0.224466 0.008314
0.653207 0.224466 0.008314
0.681710 0.224466 0.008314
0.178147 0.225653 0.005938
0.188836 0.225653 0.008314
0.199525 0.225653 0.007126
0.600950 0.225653 0.008314
0.242280 0.226841 0.004751
0.257720 0.226841 0.007126
0.267221 0.226841 0.008314
0.502375 0.226841 0.007126
0.567696 0.226841 0.010689
0.579572 0.226841 0.008314
0.591449 0.226841 0.008314
0.624703 0.226841 0.008314
0.635392 0.226841 0.005938
0.643705 0.226841 0.007126
0.210214 0.228029 0.007126
0.220903 0.228029 0.007126
0.231591 0.228029 0.007126
0.279097 0.228029 0.008314
0.306413 0.228029 0.007126
0.315914 0.228029 0.004751
0.369359 0.228029 0.008314
0.381235 0.228029 0.008314
0.420428 0.228029 0.007126
0.454869 0.228029 0.008314
0.465558 0.228029 0.005938
0.475059 0.228029 0.005938
0.483373 0.228029 0.004751
0.511876 0.228029 0.010689
0.528504 0.228029 0.008314
0.554632 0.228029 0.009501
0.325416 0.229216 0.008314
0.337292 0.229216 0.007126
0.349169 0.229216 0.008314
0.391924 0.229216 0.009501
0.408551 0.229216 0.008314
0.431116 0.229216 0.005938
0.490499 0.229216 0.010689
0.439430 0.230404 0.011876
0.540380 0.230404 0.008314
