0.944181 0.001188 0.020190
0.783848 0.007126 0.024941
0.852732 0.007126 0.021378
0.755344 0.009501 0.020190
0.880048 0.009501 0.013064
0.818290 0.010689 0.013064
0.692399 0.013064 0.013064
0.154394 0.019002 0.024941
0.277910 0.020190 0.020190
0.248219 0.022565 0.016627
0.122328 0.024941 0.013064
0.782660 0.040380 0.007126
0.755344 0.041568 0.004751
0.773159 0.041568 0.005938
0.790974 0.041568 0.007126
0.801663 0.041568 0.008314
0.831354 0.041568 0.005938
0.840855 0.041568 0.007126
0.851544 0.041568 0.004751
0.861045 0.041568 0.005938
0.700713 0.042755 0.005938
0.711401 0.042755 0.005938
0.731591 0.042755 0.008314
0.742280 0.042755 0.010689
0.763658 0.042755 0.005938
0.811164 0.042755 0.004751
0.870546 0.042755 0.008314
0.628266 0.043943 0.007126
0.665083 0.043943 0.007126
0.674584 0.043943 0.004751
0.682898 0.043943 0.005938
0.691211 0.043943 0.004751
0.718527 0.043943 0.011876
0.573634 0.045131 0.007126
0.584323 0.045131 0.008314
0.595012 0.045131 0.008314
0.608076 0.045131 0.008314
0.616390 0.045131 0.005938
0.640143 0.045131 0.008314
0.653207 0.045131 0.007126
0.543943 0.046318 0.011876
0.551069 0.046318 0.004751
0.561758 0.046318 0.007126
0.529691 0.047506 0.011876
0.515439 0.048694 0.011876
0.362233 0.049881 0.008314
0.377672 0.049881 0.008314
0.390736 0.049881 0.007126
0.428741 0.049881 0.005938
0.437055 0.049881 0.004751
0.486936 0.049881 0.007126
0.507126 0.049881 0.007126
0.257720 0.051069 0.005938
0.266033 0.051069 0.004751
0.274347 0.051069 0.004751
0.283848 0.051069 0.007126
0.294537 0.051069 0.005938
0.323040 0.051069 0.008314
0.336105 0.051069 0.004751
0.344418 0.051069 0.005938
0.352732 0.051069 0.005938
0.402613 0.051069 0.008314
0.460808 0.051069 0.008314
0.473872 0.051069 0.008314
0.496437 0.051069 0.007126
0.198337 0.052257 0.004751
0.224466 0.052257 0.005938
0.237530 0.052257 0.007126
0.248219 0.052257 0.008314
0.302850 0.052257 0.004751
0.311164 0.052257 0.007126
0.416865 0.052257 0.008314
0.446556 0.052257 0.008314
0.171021 0.053444 0.008314
0.181710 0.053444 0.003563
0.214964 0.053444 0.007126
0.160333 0.054632 0.007126
0.205463 0.054632 0.011876
0.130641 0.055819 0.011876
0.146081 0.055819 0.004751
0.138955 0.057007 0.005938
0.874109 0.057007 0.011876
0.788599 0.058195 0.007126
0.804038 0.058195 0.004751
0.821853 0.058195 0.007126
0.832542 0.058195 0.005938
0.842043 0.058195 0.007126
0.852732 0.058195 0.009501
0.861045 0.058195 0.011876
0.648456 0.059382 0.010689
0.713777 0.059382 0.004751
0.726841 0.059382 0.008314
0.749406 0.059382 0.004751
0.777910 0.059382 0.008314
0.811164 0.059382 0.007126
0.656770 0.060570 0.013064
0.666271 0.060570 0.005938
0.674584 0.060570 0.004751
0.681710 0.060570 0.004751
0.691211 0.060570 0.007126
0.703088 0.060570 0.007126
0.738717 0.060570 0.008314
0.756532 0.060570 0.010689
0.767221 0.060570 0.007126
0.625891 0.061758 0.005938
0.616390 0.062945 0.008314
0.634204 0.062945 0.011876
0.339667 0.064133 0.005938
0.362233 0.064133 0.007126
0.572447 0.064133 0.007126
0.581948 0.064133 0.007126
0.592637 0.064133 0.007126
0.604513 0.064133 0.008314
0.330166 0.065321 0.004751
0.351544 0.065321 0.007126
0.370546 0.065321 0.007126
0.381235 0.065321 0.007126
0.390736 0.065321 0.008314
0.402613 0.065321 0.008314
0.520190 0.065321 0.005938
0.529691 0.065321 0.008314
0.546318 0.065321 0.008314
0.560570 0.065321 0.009501
0.262470 0.066508 0.004751
0.270784 0.066508 0.005938
0.280285 0.066508 0.005938
0.288599 0.066508 0.007126
0.301663 0.066508 0.009501
0.318290 0.066508 0.008314
0.418052 0.066508 0.007126
0.428741 0.066508 0.005938
0.439430 0.066508 0.007126
0.448931 0.066508 0.007126
0.461995 0.066508 0.007126
0.471496 0.066508 0.005938
0.502375 0.066508 0.004751
0.509501 0.066508 0.011876
0.244656 0.067696 0.004751
0.251781 0.067696 0.010689
0.482185 0.067696 0.005938
0.492874 0.067696 0.005938
0.223278 0.068884 0.007126
0.236342 0.068884 0.008314
0.130641 0.070071 0.008314
0.140143 0.070071 0.005938
0.149644 0.070071 0.004751
0.161520 0.070071 0.007126
0.171021 0.070071 0.005938
0.203088 0.070071 0.007126
0.212589 0.070071 0.008314
0.182898 0.071259 0.008314
0.192399 0.071259 0.007126
0.852732 0.076010 0.008314
0.869359 0.076010 0.004751
0.876485 0.076010 0.005938
0.884798 0.076010 0.010689
0.742280 0.077197 0.010689
0.752969 0.077197 0.008314
0.766033 0.077197 0.008314
0.776722 0.077197 0.005938
0.785036 0.077197 0.004751
0.809976 0.077197 0.007126
0.827791 0.077197 0.005938
0.844418 0.077197 0.004751
0.656770 0.078385 0.008314
0.666271 0.078385 0.004751
0.673397 0.078385 0.011876
0.685273 0.078385 0.007126
0.714964 0.078385 0.008314
0.726841 0.078385 0.008314
0.735154 0.078385 0.004751
0.793349 0.078385 0.004751
0.800475 0.078385 0.005938
0.819477 0.078385 0.004751
0.837292 0.078385 0.004751
0.642518 0.079572 0.007126
0.699525 0.079572 0.008314
0.362233 0.080760 0.005938
0.605701 0.080760 0.007126
0.625891 0.080760 0.004751
0.634204 0.080760 0.004751
0.371734 0.081948 0.009501
0.461995 0.081948 0.004751
0.507126 0.081948 0.007126
0.515439 0.081948 0.010689
0.529691 0.081948 0.005938
0.538005 0.081948 0.004751
0.546318 0.081948 0.008314
0.568884 0.081948 0.007126
0.578385 0.081948 0.004751
0.586698 0.081948 0.007126
0.596200 0.081948 0.008314
0.617577 0.081948 0.008314
0.263658 0.083135 0.010689
0.294537 0.083135 0.010689
0.304038 0.083135 0.005938
0.351544 0.083135 0.007126
0.384798 0.083135 0.008314
0.394299 0.083135 0.005938
0.404988 0.083135 0.005938
0.413302 0.083135 0.005938
0.453682 0.083135 0.004751
0.471496 0.083135 0.008314
0.483373 0.083135 0.008314
0.495249 0.083135 0.007126
0.557007 0.083135 0.007126
0.225653 0.084323 0.008314
0.245843 0.084323 0.007126
0.255344 0.084323 0.005938
0.279097 0.084323 0.008314
0.287411 0.084323 0.004751
0.312352 0.084323 0.005938
0.323040 0.084323 0.005938
0.331354 0.084323 0.005938
0.342043 0.084323 0.005938
0.423990 0.084323 0.007126
0.433492 0.084323 0.005938
0.442993 0.084323 0.007126
0.190024 0.085511 0.008314
0.203088 0.085511 0.008314
0.213777 0.085511 0.004751
0.237530 0.085511 0.007126
0.141330 0.086698 0.007126
0.153207 0.086698 0.008314
0.166271 0.086698 0.008314
0.176960 0.086698 0.008314
0.130641 0.087886 0.008314
0.819477 0.092637 0.010689
0.857482 0.092637 0.008314
0.866983 0.092637 0.004751
0.874109 0.092637 0.004751
0.709026 0.093824 0.007126
0.751781 0.093824 0.007126
0.761283 0.093824 0.008314
0.788599 0.093824 0.008314
0.796912 0.093824 0.005938
0.827791 0.093824 0.004751
0.836105 0.093824 0.005938
0.845606 0.093824 0.007126
0.720903 0.095012 0.005938
0.729216 0.095012 0.004751
0.738717 0.095012 0.007126
0.775534 0.095012 0.008314
0.806413 0.095012 0.004751
0.673397 0.096200 0.008314
0.662708 0.097387 0.007126
0.326603 0.098575 0.009501
0.347981 0.098575 0.004751
0.383610 0.098575 0.007126
0.393112 0.098575 0.007126
0.403800 0.098575 0.007126
0.415677 0.098575 0.008314
0.589074 0.098575 0.008314
0.622328 0.098575 0.007126
0.634204 0.098575 0.008314
0.643705 0.098575 0.005938
0.652019 0.098575 0.013064
0.195962 0.099762 0.008314
0.213777 0.099762 0.004751
0.262470 0.099762 0.008314
0.274347 0.099762 0.005938
0.282660 0.099762 0.004751
0.295724 0.099762 0.005938
0.339667 0.099762 0.004751
0.423990 0.099762 0.004751
0.434679 0.099762 0.008314
0.444181 0.099762 0.005938
0.528504 0.099762 0.007126
0.538005 0.099762 0.007126
0.549881 0.099762 0.008314
0.557007 0.099762 0.008314
0.567696 0.099762 0.005938
0.577197 0.099762 0.008314
0.611639 0.099762 0.007126
0.205463 0.100950 0.005938
0.223278 0.100950 0.005938
0.233967 0.100950 0.010689
0.241093 0.100950 0.011876
0.250594 0.100950 0.007126
0.465558 0.100950 0.008314
0.476247 0.100950 0.008314
0.490499 0.100950 0.008314
0.503563 0.100950 0.008314
0.517815 0.100950 0.008314
0.600950 0.100950 0.008314
0.157957 0.102138 0.007126
0.168646 0.102138 0.010689
0.185273 0.102138 0.005938
0.454869 0.102138 0.008314
0.147268 0.103325 0.005938
0.174584 0.103325 0.009501
0.128266 0.104513 0.008314
0.137767 0.104513 0.005938
0.876485 0.109264 0.010689
0.811164 0.110451 0.007126
0.855107 0.110451 0.008314
0.865796 0.110451 0.007126
0.719715 0.111639 0.010689
0.728029 0.111639 0.004751
0.735154 0.111639 0.004751
0.743468 0.111639 0.004751
0.750594 0.111639 0.004751
0.782660 0.111639 0.005938
0.792162 0.111639 0.008314
0.801663 0.111639 0.005938
0.819477 0.111639 0.004751
0.826603 0.111639 0.010689
0.842043 0.111639 0.010689
0.764846 0.112827 0.004751
0.773159 0.112827 0.005938
0.340855 0.115202 0.005938
0.369359 0.115202 0.010689
0.647268 0.115202 0.008314
0.178147 0.116390 0.008314
0.214964 0.116390 0.010689
0.223278 0.116390 0.005938
0.232779 0.116390 0.005938
0.251781 0.116390 0.005938
0.264846 0.116390 0.008314
0.384798 0.116390 0.009501
0.396675 0.116390 0.008314
0.615202 0.116390 0.010689
0.623515 0.116390 0.004751
0.630641 0.116390 0.004751
0.637767 0.116390 0.004751
0.654394 0.116390 0.011876
0.190024 0.117577 0.008314
0.201900 0.117577 0.008314
0.241093 0.117577 0.008314
0.276722 0.117577 0.008314
0.404988 0.117577 0.007126
0.415677 0.117577 0.008314
0.425178 0.117577 0.005938
0.433492 0.117577 0.005938
0.441805 0.117577 0.004751
0.448931 0.117577 0.004751
0.458432 0.117577 0.005938
0.508314 0.117577 0.005938
0.517815 0.117577 0.013064
0.557007 0.117577 0.005938
0.565321 0.117577 0.004751
0.572447 0.117577 0.004751
0.583135 0.117577 0.007126
0.591449 0.117577 0.005938
0.156770 0.118765 0.008314
0.167458 0.118765 0.008314
0.347981 0.118765 0.010689
0.357482 0.118765 0.004751
0.467933 0.118765 0.005938
0.478622 0.118765 0.007126
0.489311 0.118765 0.004751
0.497625 0.118765 0.005938
0.526128 0.118765 0.005938
0.535629 0.118765 0.005938
0.547506 0.118765 0.005938
0.600950 0.118765 0.007126
0.127078 0.121140 0.010689
0.140143 0.121140 0.010689
0.850356 0.127078 0.004751
0.872922 0.127078 0.004751
0.882423 0.127078 0.008314
0.808789 0.128266 0.004751
0.842043 0.128266 0.008314
0.865796 0.128266 0.004751
0.762470 0.129454 0.007126
0.773159 0.129454 0.007126
0.817102 0.129454 0.010689
0.830166 0.129454 0.004751
0.857482 0.129454 0.005938
0.733967 0.130641 0.013064
0.744656 0.130641 0.013064
0.752969 0.130641 0.004751
0.786223 0.130641 0.010689
0.792162 0.130641 0.004751
0.800475 0.130641 0.005938
0.426366 0.131829 0.008314
0.714964 0.131829 0.008314
0.647268 0.133017 0.008314
0.179335 0.134204 0.007126
0.255344 0.134204 0.007126
0.264846 0.134204 0.004751
0.336105 0.134204 0.008314
0.346793 0.134204 0.007126
0.562945 0.134204 0.010689
0.580760 0.134204 0.005938
0.602138 0.134204 0.007126
0.614014 0.134204 0.008314
0.624703 0.134204 0.007126
0.635392 0.134204 0.008314
0.656770 0.134204 0.007126
0.169834 0.135392 0.005938
0.188836 0.135392 0.004751
0.197150 0.135392 0.008314
0.207838 0.135392 0.004751
0.216152 0.135392 0.013064
0.224466 0.135392 0.005938
0.243468 0.135392 0.007126
0.273159 0.135392 0.013064
0.282660 0.135392 0.004751
0.356295 0.135392 0.008314
0.402613 0.135392 0.008314
0.444181 0.135392 0.008314
0.454869 0.135392 0.007126
0.532067 0.135392 0.011876
0.540380 0.135392 0.005938
0.549881 0.135392 0.005938
0.572447 0.135392 0.005938
0.592637 0.135392 0.008314
0.155582 0.136580 0.011876
0.162708 0.136580 0.004751
0.232779 0.136580 0.008314
0.368171 0.136580 0.008314
0.380048 0.136580 0.007126
0.389549 0.136580 0.005938
0.465558 0.136580 0.008314
0.508314 0.136580 0.005938
0.478622 0.137767 0.008314
0.490499 0.137767 0.005938
0.500000 0.137767 0.007126
0.519002 0.137767 0.007126
0.124703 0.138955 0.008314
0.134204 0.138955 0.008314
0.146081 0.140143 0.008314
0.882423 0.144893 0.004751
0.889549 0.144893 0.004751
0.863420 0.146081 0.008314
0.874109 0.146081 0.007126
0.815914 0.147268 0.008314
0.827791 0.147268 0.008314
0.843230 0.147268 0.008314
0.851544 0.147268 0.008314
0.704276 0.148456 0.008314
0.771971 0.148456 0.004751
0.777910 0.148456 0.004751
0.785036 0.148456 0.005938
0.666271 0.149644 0.008314
0.675772 0.149644 0.007126
0.716152 0.149644 0.007126
0.725653 0.149644 0.004751
0.743468 0.149644 0.007126
0.751781 0.149644 0.005938
0.762470 0.149644 0.007126
0.793349 0.149644 0.008314
0.805226 0.149644 0.007126
0.656770 0.150831 0.005938
0.732779 0.150831 0.004751
0.395487 0.152019 0.011876
0.402613 0.152019 0.004751
0.412114 0.152019 0.005938
0.567696 0.152019 0.008314
0.589074 0.152019 0.005938
0.600950 0.152019 0.008314
0.610451 0.152019 0.007126
0.624703 0.152019 0.008314
0.636580 0.152019 0.007126
0.647268 0.152019 0.005938
0.685273 0.152019 0.007126
0.694774 0.152019 0.004751
0.232779 0.153207 0.008314
0.244656 0.153207 0.005938
0.263658 0.153207 0.004751
0.338480 0.153207 0.004751
0.357482 0.153207 0.004751
0.368171 0.153207 0.008314
0.420428 0.153207 0.004751
0.431116 0.153207 0.007126
0.441805 0.153207 0.005938
0.451306 0.153207 0.005938
0.511876 0.153207 0.008314
0.532067 0.153207 0.004751
0.543943 0.153207 0.008314
0.553444 0.153207 0.004751
0.579572 0.153207 0.005938
0.206651 0.154394 0.007126
0.220903 0.154394 0.008314
0.255344 0.154394 0.008314
0.273159 0.154394 0.008314
0.285036 0.154394 0.005938
0.319477 0.154394 0.008314
0.330166 0.154394 0.004751
0.349169 0.154394 0.008314
0.378860 0.154394 0.008314
0.470309 0.154394 0.004751
0.479810 0.154394 0.008314
0.491686 0.154394 0.005938
0.501188 0.154394 0.007126
0.523753 0.154394 0.004751
0.194774 0.155582 0.008314
0.305226 0.155582 0.008314
0.461995 0.155582 0.008314
0.176960 0.156770 0.010689
0.134204 0.157957 0.007126
0.142518 0.157957 0.005938
0.152019 0.157957 0.007126
0.161520 0.157957 0.007126
0.884798 0.161520 0.007126
0.768409 0.162708 0.008314
0.858670 0.162708 0.004751
0.866983 0.162708 0.005938
0.875297 0.162708 0.005938
0.817102 0.163895 0.004751
0.827791 0.163895 0.008314
0.758907 0.165083 0.005938
0.779097 0.165083 0.008314
0.790974 0.165083 0.008314
0.799287 0.165083 0.004751
0.808789 0.165083 0.005938
0.837292 0.165083 0.007126
0.847981 0.165083 0.007126
0.748219 0.166271 0.007126
0.615202 0.167458 0.004751
0.621140 0.167458 0.004751
0.691211 0.167458 0.009501
0.729216 0.167458 0.007126
0.739905 0.167458 0.005938
0.540380 0.168646 0.007126
0.551069 0.168646 0.008314
0.562945 0.168646 0.008314
0.574822 0.168646 0.007126
0.583135 0.168646 0.007126
0.596200 0.168646 0.008314
0.606888 0.168646 0.008314
0.628266 0.168646 0.008314
0.643705 0.168646 0.007126
0.712589 0.168646 0.005938
0.720903 0.168646 0.005938
0.516627 0.169834 0.008314
0.524941 0.169834 0.011876
0.653207 0.169834 0.008314
0.665083 0.169834 0.004751
0.675772 0.169834 0.007126
0.701900 0.169834 0.007126
0.355107 0.171021 0.013064
0.365796 0.171021 0.007126
0.375297 0.171021 0.007126
0.387173 0.171021 0.008314
0.399050 0.171021 0.008314
0.429929 0.171021 0.008314
0.446556 0.171021 0.009501
0.461995 0.171021 0.005938
0.503563 0.171021 0.008314
0.207838 0.172209 0.007126
0.243468 0.172209 0.004751
0.254157 0.172209 0.007126
0.266033 0.172209 0.011876
0.273159 0.172209 0.005938
0.282660 0.172209 0.005938
0.292162 0.172209 0.004751
0.299287 0.172209 0.011876
0.308789 0.172209 0.004751
0.325416 0.172209 0.008314
0.337292 0.172209 0.008314
0.482185 0.172209 0.007126
0.491686 0.172209 0.004751
0.161520 0.173397 0.008314
0.169834 0.173397 0.004751
0.178147 0.173397 0.004751
0.187648 0.173397 0.005938
0.198337 0.173397 0.005938
0.220903 0.173397 0.008314
0.232779 0.173397 0.007126
0.472684 0.173397 0.007126
0.149644 0.174584 0.005938
0.124703 0.175772 0.007126
0.138955 0.175772 0.008314
0.852732 0.178147 0.004751
0.870546 0.178147 0.004751
0.887173 0.178147 0.008314
0.845606 0.179335 0.008314
0.861045 0.179335 0.007126
0.790974 0.180523 0.007126
0.800475 0.180523 0.007126
0.634204 0.181710 0.008314
0.757720 0.181710 0.008314
0.768409 0.181710 0.008314
0.780285 0.181710 0.008314
0.809976 0.181710 0.007126
0.824228 0.181710 0.008314
0.832542 0.181710 0.010689
0.695962 0.182898 0.008314
0.707838 0.182898 0.007126
0.739905 0.182898 0.008314
0.610451 0.184086 0.005938
0.619952 0.184086 0.013064
0.648456 0.184086 0.008314
0.661520 0.184086 0.008314
0.685273 0.184086 0.008314
0.730404 0.184086 0.008314
0.549881 0.185273 0.005938
0.571259 0.185273 0.005938
0.581948 0.185273 0.008314
0.593824 0.185273 0.013064
0.600950 0.185273 0.013064
0.672209 0.185273 0.008314
0.718527 0.185273 0.008314
0.425178 0.186461 0.005938
0.450119 0.186461 0.007126
0.461995 0.186461 0.007126
0.492874 0.186461 0.007126
0.503563 0.186461 0.007126
0.514252 0.186461 0.005938
0.523753 0.186461 0.008314
0.533254 0.186461 0.004751
0.541568 0.186461 0.005938
0.561758 0.186461 0.008314
0.239905 0.187648 0.004751
0.257720 0.187648 0.011876
0.283848 0.187648 0.004751
0.340855 0.187648 0.007126
0.353919 0.187648 0.008314
0.365796 0.187648 0.010689
0.372922 0.187648 0.004751
0.385986 0.187648 0.010689
0.393112 0.187648 0.014252
0.414489 0.187648 0.008314
0.437055 0.187648 0.008314
0.472684 0.187648 0.005938
0.482185 0.187648 0.007126
0.122328 0.188836 0.008314
0.143705 0.188836 0.007126
0.165083 0.188836 0.008314
0.173397 0.188836 0.004751
0.184086 0.188836 0.007126
0.193587 0.188836 0.007126
0.204276 0.188836 0.007126
0.231591 0.188836 0.004751
0.264846 0.188836 0.004751
0.273159 0.188836 0.008314
0.292162 0.188836 0.013064
0.302850 0.188836 0.007126
0.313539 0.188836 0.013064
0.320665 0.188836 0.004751
0.332542 0.188836 0.008314
0.133017 0.190024 0.008314
0.153207 0.190024 0.008314
0.214964 0.190024 0.007126
0.224466 0.190024 0.004751
