0.852732 0.078385 0.004751
0.666271 0.079572 0.005938
0.675772 0.079572 0.004751
0.844418 0.079572 0.005938
0.866983 0.079572 0.004751
0.883610 0.079572 0.004751
0.621140 0.080760 0.008314
0.633017 0.080760 0.005938
0.641330 0.080760 0.011876
0.655582 0.080760 0.005938
0.736342 0.080760 0.008314
0.757720 0.080760 0.008314
0.783848 0.080760 0.005938
0.794537 0.080760 0.007126
0.813539 0.080760 0.004751
0.825416 0.080760 0.008314
0.834917 0.080760 0.005938
0.858670 0.080760 0.011876
0.505938 0.081948 0.008314
0.528504 0.081948 0.004751
0.545131 0.081948 0.004751
0.558195 0.081948 0.010689
0.572447 0.081948 0.013064
0.606888 0.081948 0.008314
0.682898 0.081948 0.010689
0.694774 0.081948 0.007126
0.716152 0.081948 0.008314
0.725653 0.081948 0.005938
0.749406 0.081948 0.008314
0.767221 0.081948 0.011876
0.773159 0.081948 0.008314
0.453682 0.083135 0.007126
0.464371 0.083135 0.005938
0.517815 0.083135 0.007126
0.535629 0.083135 0.011876
0.593824 0.083135 0.009501
0.703088 0.083135 0.007126
0.805226 0.083135 0.008314
0.438242 0.084323 0.013064
0.579572 0.084323 0.008314
0.372922 0.085511 0.008314
0.385986 0.085511 0.008314
0.395487 0.085511 0.007126
0.419240 0.085511 0.007126
0.428741 0.085511 0.004751
0.320665 0.086698 0.007126
0.332542 0.086698 0.008314
0.343230 0.086698 0.005938
0.351544 0.086698 0.013064
0.407363 0.086698 0.008314
0.271971 0.087886 0.008314
0.298100 0.087886 0.007126
0.311164 0.087886 0.007126
0.219715 0.089074 0.009501
0.245843 0.089074 0.008314
0.258907 0.089074 0.008314
0.287411 0.089074 0.008314
0.173397 0.090261 0.005938
0.185273 0.090261 0.007126
0.199525 0.090261 0.010689
0.206651 0.090261 0.016627
0.150831 0.092637 0.004751
0.137767 0.093824 0.008314
0.871734 0.095012 0.008314
0.128266 0.096200 0.008314
0.666271 0.096200 0.008314
0.678147 0.096200 0.004751
0.690024 0.096200 0.008314
0.843230 0.096200 0.013064
0.862233 0.096200 0.008314
0.633017 0.097387 0.008314
0.648456 0.097387 0.008314
0.700713 0.097387 0.005938
0.710214 0.097387 0.007126
0.725653 0.097387 0.008314
0.755344 0.097387 0.007126
0.776722 0.097387 0.007126
0.788599 0.097387 0.010689
0.833729 0.097387 0.004751
0.851544 0.097387 0.013064
0.511876 0.098575 0.008314
0.600950 0.098575 0.005938
0.621140 0.098575 0.008314
0.656770 0.098575 0.013064
0.742280 0.098575 0.009501
0.766033 0.098575 0.007126
0.805226 0.098575 0.008314
0.815914 0.098575 0.007126
0.826603 0.098575 0.008314
0.451306 0.099762 0.005938
0.460808 0.099762 0.005938
0.501188 0.099762 0.004751
0.542755 0.099762 0.007126
0.553444 0.099762 0.007126
0.562945 0.099762 0.005938
0.572447 0.099762 0.004751
0.591449 0.099762 0.005938
0.609264 0.099762 0.008314
0.406176 0.100950 0.004751
0.418052 0.100950 0.009501
0.442993 0.100950 0.007126
0.521378 0.100950 0.008314
0.530879 0.100950 0.005938
0.580760 0.100950 0.005938
0.350356 0.102138 0.008314
0.364608 0.102138 0.011876
0.372922 0.102138 0.004751
0.385986 0.102138 0.009501
0.395487 0.102138 0.007126
0.426366 0.102138 0.011876
0.306413 0.103325 0.004751
0.324228 0.103325 0.007126
0.338480 0.103325 0.008314
0.269596 0.104513 0.008314
0.290974 0.104513 0.013064
0.298100 0.104513 0.005938
0.241093 0.105701 0.008314
0.280285 0.105701 0.007126
0.198337 0.106888 0.007126
0.207838 0.106888 0.005938
0.218527 0.106888 0.007126
0.229216 0.106888 0.008314
0.172209 0.108076 0.008314
0.185273 0.108076 0.008314
0.152019 0.109264 0.007126
0.128266 0.110451 0.007126
0.138955 0.110451 0.008314
0.161520 0.110451 0.008314
0.659145 0.112827 0.005938
0.678147 0.112827 0.008314
0.685273 0.112827 0.008314
0.695962 0.112827 0.008314
0.705463 0.112827 0.004751
0.712589 0.112827 0.004751
0.877672 0.112827 0.010689
0.630641 0.114014 0.007126
0.641330 0.114014 0.004751
0.648456 0.114014 0.005938
0.667458 0.114014 0.004751
0.723278 0.114014 0.004751
0.741093 0.114014 0.007126
0.752969 0.114014 0.007126
0.818290 0.114014 0.004751
0.843230 0.114014 0.005938
0.853919 0.114014 0.008314
0.730404 0.115202 0.004751
0.771971 0.115202 0.008314
0.783848 0.115202 0.010689
0.790974 0.115202 0.004751
0.802850 0.115202 0.010689
0.811164 0.115202 0.004751
0.833729 0.115202 0.007126
0.571259 0.116390 0.011876
0.581948 0.116390 0.005938
0.590261 0.116390 0.004751
0.598575 0.116390 0.010689
0.619952 0.116390 0.005938
0.761283 0.116390 0.013064
0.869359 0.116390 0.010689
0.426366 0.117577 0.005938
0.520190 0.117577 0.008314
0.528504 0.117577 0.004751
0.543943 0.117577 0.008314
0.553444 0.117577 0.005938
0.564133 0.117577 0.005938
0.610451 0.117577 0.007126
0.337292 0.118765 0.005938
0.374109 0.118765 0.005938
0.384798 0.118765 0.008314
0.396675 0.118765 0.008314
0.406176 0.118765 0.004751
0.416865 0.118765 0.007126
0.304038 0.119952 0.005938
0.313539 0.119952 0.005938
0.324228 0.119952 0.008314
0.347981 0.119952 0.008314
0.355107 0.119952 0.005938
0.270784 0.121140 0.008314
0.283848 0.121140 0.005938
0.293349 0.121140 0.005938
0.363420 0.121140 0.007126
0.229216 0.122328 0.008314
0.244656 0.122328 0.010689
0.261283 0.122328 0.008314
0.219715 0.123515 0.007126
0.252969 0.123515 0.004751
0.147268 0.125891 0.004751
0.160333 0.125891 0.004751
0.176960 0.125891 0.005938
0.138955 0.127078 0.004751
0.167458 0.127078 0.010689
0.124703 0.128266 0.010689
0.380048 0.128266 0.004751
0.710214 0.129454 0.007126
0.726841 0.129454 0.004751
0.874109 0.129454 0.004751
0.652019 0.130641 0.005938
0.719715 0.130641 0.005938
0.743468 0.130641 0.004751
0.770784 0.130641 0.004751
0.853919 0.130641 0.004751
0.859857 0.130641 0.004751
0.866983 0.130641 0.004751
0.642518 0.131829 0.007126
0.735154 0.131829 0.005938
0.761283 0.131829 0.007126
0.789786 0.131829 0.005938
0.845606 0.131829 0.007126
0.551069 0.133017 0.007126
0.566508 0.133017 0.008314
0.579572 0.133017 0.008314
0.591449 0.133017 0.007126
0.603325 0.133017 0.005938
0.612827 0.133017 0.004751
0.619952 0.133017 0.008314
0.631829 0.133017 0.007126
0.672209 0.133017 0.008314
0.779097 0.133017 0.010689
0.799287 0.133017 0.007126
0.808789 0.133017 0.004751
0.817102 0.133017 0.008314
0.826603 0.133017 0.005938
0.834917 0.133017 0.005938
0.662708 0.134204 0.008314
0.389549 0.135392 0.007126
0.428741 0.135392 0.005938
0.456057 0.135392 0.008314
0.374109 0.136580 0.010689
0.399050 0.136580 0.008314
0.437055 0.136580 0.013064
0.286223 0.137767 0.008314
0.444181 0.137767 0.005938
0.231591 0.140143 0.004751
0.237530 0.140143 0.004751
0.247031 0.140143 0.005938
0.256532 0.140143 0.007126
0.276722 0.140143 0.004751
0.179335 0.141330 0.005938
0.190024 0.141330 0.008314
0.211401 0.141330 0.007126
0.222090 0.141330 0.005938
0.267221 0.141330 0.008314
0.169834 0.142518 0.005938
0.199525 0.142518 0.007126
0.123515 0.143705 0.010689
0.131829 0.143705 0.010689
0.146081 0.143705 0.011876
0.160333 0.143705 0.005938
0.851544 0.146081 0.004751
0.865796 0.146081 0.008314
0.726841 0.147268 0.005938
0.735154 0.147268 0.004751
0.752969 0.147268 0.005938
0.762470 0.147268 0.005938
0.771971 0.147268 0.010689
0.824228 0.147268 0.007126
0.716152 0.148456 0.009501
0.785036 0.148456 0.004751
0.796912 0.148456 0.004751
0.805226 0.148456 0.005938
0.813539 0.148456 0.004751
0.843230 0.148456 0.005938
0.610451 0.149644 0.005938
0.628266 0.149644 0.005938
0.637767 0.149644 0.005938
0.646081 0.149644 0.004751
0.742280 0.149644 0.010689
0.833729 0.149644 0.005938
0.586698 0.150831 0.011876
0.600950 0.150831 0.007126
0.618765 0.150831 0.013064
0.654394 0.150831 0.004751
0.545131 0.152019 0.004751
0.557007 0.152019 0.008314
0.566508 0.152019 0.007126
0.578385 0.152019 0.007126
0.363420 0.153207 0.008314
0.375297 0.153207 0.008314
0.536817 0.153207 0.004751
0.347981 0.154394 0.008314
0.384798 0.154394 0.008314
0.397862 0.154394 0.007126
0.407363 0.154394 0.007126
0.434679 0.154394 0.004751
0.457245 0.154394 0.008314
0.503563 0.154394 0.007126
0.514252 0.154394 0.005938
0.217340 0.155582 0.007126
0.339667 0.155582 0.013064
0.418052 0.155582 0.005938
0.495249 0.155582 0.005938
0.207838 0.157957 0.008314
0.225653 0.157957 0.007126
0.249406 0.157957 0.007126
0.258907 0.157957 0.007126
0.269596 0.157957 0.005938
0.277910 0.157957 0.004751
0.198337 0.159145 0.013064
0.237530 0.159145 0.008314
0.285036 0.159145 0.011876
0.187648 0.160333 0.015439
0.123515 0.162708 0.005938
0.133017 0.162708 0.007126
0.146081 0.162708 0.007126
0.178147 0.162708 0.008314
0.825416 0.162708 0.008314
0.156770 0.163895 0.005938
0.167458 0.163895 0.008314
0.800475 0.163895 0.005938
0.808789 0.163895 0.004751
0.737530 0.165083 0.004751
0.745843 0.165083 0.008314
0.755344 0.165083 0.008314
0.768409 0.165083 0.007126
0.780285 0.165083 0.008314
0.790974 0.165083 0.008314
0.834917 0.165083 0.005938
0.845606 0.165083 0.008314
0.718527 0.166271 0.014252
0.729216 0.166271 0.011876
0.635392 0.167458 0.004751
0.642518 0.167458 0.004751
0.656770 0.167458 0.005938
0.603325 0.168646 0.008314
0.616390 0.168646 0.008314
0.628266 0.168646 0.010689
0.519002 0.169834 0.005938
0.570071 0.169834 0.008314
0.580760 0.169834 0.008314
0.591449 0.169834 0.007126
0.508314 0.171021 0.008314
0.558195 0.171021 0.008314
0.460808 0.172209 0.005938
0.495249 0.172209 0.008314
0.535629 0.172209 0.004751
0.543943 0.172209 0.008314
0.337292 0.173397 0.005938
0.372922 0.173397 0.008314
0.387173 0.173397 0.008314
0.396675 0.173397 0.011876
0.412114 0.173397 0.004751
0.440618 0.173397 0.005938
0.347981 0.174584 0.007126
0.358670 0.174584 0.008314
0.266033 0.175772 0.005938
0.287411 0.175772 0.008314
0.420428 0.175772 0.007126
0.225653 0.176960 0.008314
0.245843 0.176960 0.007126
0.256532 0.176960 0.007126
0.275534 0.176960 0.005938
0.431116 0.176960 0.008314
0.235154 0.178147 0.008314
0.184086 0.179335 0.005938
0.195962 0.179335 0.008314
0.201900 0.179335 0.004751
0.212589 0.179335 0.008314
0.130641 0.180523 0.005938
0.143705 0.180523 0.007126
0.173397 0.180523 0.011876
0.122328 0.181710 0.013064
0.157957 0.181710 0.011876
0.166271 0.181710 0.004751
0.845606 0.181710 0.010689
0.858670 0.181710 0.005938
0.868171 0.181710 0.004751
0.884798 0.181710 0.008314
0.758907 0.182898 0.004751
0.786223 0.182898 0.005938
0.820665 0.182898 0.007126
0.828979 0.182898 0.005938
0.837292 0.182898 0.004751
0.750594 0.184086 0.005938
0.729216 0.185273 0.010689
0.738717 0.185273 0.007126
0.766033 0.185273 0.011876
0.776722 0.185273 0.007126
0.802850 0.185273 0.010689
0.623515 0.187648 0.008314
0.634204 0.187648 0.008314
0.649644 0.187648 0.008314
0.657957 0.187648 0.008314
0.669834 0.187648 0.015439
0.678147 0.187648 0.011876
0.695962 0.187648 0.008314
0.706651 0.187648 0.007126
0.716152 0.187648 0.005938
0.533254 0.188836 0.007126
0.545131 0.188836 0.008314
0.551069 0.188836 0.004751
0.558195 0.188836 0.004751
0.567696 0.188836 0.007126
0.579572 0.188836 0.007126
0.612827 0.188836 0.008314
0.408551 0.190024 0.007126
0.458432 0.190024 0.010689
0.491686 0.190024 0.008314
0.524941 0.190024 0.008314
0.591449 0.190024 0.013064
0.599762 0.190024 0.013064
0.421615 0.191211 0.004751
0.428741 0.191211 0.008314
0.444181 0.191211 0.008314
0.502375 0.191211 0.005938
0.511876 0.191211 0.008314
0.290974 0.193587 0.007126
0.338480 0.193587 0.008314
0.353919 0.193587 0.010689
0.388361 0.193587 0.007126
0.397862 0.193587 0.008314
0.279097 0.194774 0.008314
0.301663 0.194774 0.008314
0.321853 0.194774 0.011876
0.328979 0.194774 0.013064
0.364608 0.194774 0.004751
0.375297 0.194774 0.008314
0.870546 0.194774 0.005938
0.245843 0.195962 0.008314
0.258907 0.195962 0.007126
0.269596 0.195962 0.005938
0.311164 0.195962 0.004751
0.877672 0.195962 0.010689
0.163895 0.197150 0.007126
0.175772 0.197150 0.005938
0.187648 0.197150 0.008314
0.197150 0.197150 0.011876
0.228029 0.197150 0.010689
0.863420 0.197150 0.004751
0.138955 0.198337 0.011876
0.154394 0.198337 0.007126
0.213777 0.198337 0.008314
0.834917 0.198337 0.011876
0.842043 0.198337 0.010689
0.853919 0.198337 0.007126
0.122328 0.199525 0.008314
0.131829 0.199525 0.008314
0.811164 0.199525 0.008314
0.819477 0.199525 0.011876
0.827791 0.199525 0.004751
0.789786 0.200713 0.008314
0.800475 0.200713 0.004751
0.781473 0.201900 0.005938
0.751781 0.203088 0.008314
0.760095 0.203088 0.005938
0.770784 0.203088 0.007126
0.576010 0.204276 0.013064
0.648456 0.204276 0.007126
0.666271 0.204276 0.004751
0.684086 0.204276 0.008314
0.697150 0.204276 0.008314
0.707838 0.204276 0.007126
0.719715 0.204276 0.007126
0.730404 0.204276 0.008314
0.738717 0.204276 0.008314
0.612827 0.205463 0.004751
0.624703 0.205463 0.008314
0.637767 0.205463 0.008314
0.656770 0.205463 0.011876
0.673397 0.205463 0.010689
0.489311 0.206651 0.010689
0.502375 0.206651 0.010689
0.552257 0.206651 0.008314
0.565321 0.206651 0.008314
0.590261 0.206651 0.007126
0.600950 0.206651 0.008314
0.441805 0.207838 0.007126
0.510689 0.207838 0.007126
0.520190 0.207838 0.007126
0.530879 0.207838 0.007126
0.541568 0.207838 0.005938
0.420428 0.209026 0.009501
0.432304 0.209026 0.008314
0.453682 0.209026 0.008314
0.349169 0.210214 0.008314
0.382423 0.210214 0.005938
0.576010 0.210214 0.008314
0.293349 0.211401 0.004751
0.302850 0.211401 0.005938
0.312352 0.211401 0.005938
0.325416 0.211401 0.008314
0.337292 0.211401 0.007126
0.359857 0.211401 0.007126
0.372922 0.211401 0.007126
0.393112 0.211401 0.005938
0.401425 0.211401 0.004751
0.273159 0.212589 0.011876
0.282660 0.212589 0.007126
0.409739 0.212589 0.005938
0.188836 0.213777 0.005938
0.197150 0.213777 0.005938
0.210214 0.213777 0.008314
0.128266 0.214964 0.005938
0.155582 0.214964 0.005938
0.172209 0.214964 0.005938
0.180523 0.214964 0.004751
0.220903 0.214964 0.007126
0.235154 0.214964 0.008314
0.245843 0.214964 0.004751
0.254157 0.214964 0.011876
0.118765 0.216152 0.007126
0.147268 0.216152 0.007126
0.839667 0.216152 0.008314
0.135392 0.217340 0.008314
0.856295 0.217340 0.008314
0.866983 0.217340 0.007126
0.876485 0.217340 0.008314
0.887173 0.217340 0.009501
0.817102 0.218527 0.007126
0.828979 0.218527 0.008314
0.795724 0.219715 0.007126
0.807601 0.219715 0.008314
0.638955 0.220903 0.007126
0.731591 0.220903 0.008314
0.743468 0.220903 0.008314
0.752969 0.220903 0.015439
0.760095 0.220903 0.010689
0.775534 0.220903 0.008314
0.786223 0.220903 0.008314
0.628266 0.222090 0.008314
0.649644 0.222090 0.007126
0.609264 0.223278 0.007126
0.618765 0.223278 0.007126
0.660333 0.223278 0.005938
0.668646 0.223278 0.014252
0.679335 0.223278 0.008314
0.699525 0.223278 0.008314
0.709026 0.223278 0.004751
0.717340 0.223278 0.008314
0.465558 0.224466 0.007126
0.473872 0.224466 0.005938
0.483373 0.224466 0.005938
0.491686 0.224466 0.004751
0.502375 0.224466 0.007126
0.576010 0.224466 0.004751
0.586698 0.224466 0.007126
0.598575 0.224466 0.008314
0.426366 0.225653 0.008314
0.434679 0.225653 0.005938
0.444181 0.225653 0.007126
0.453682 0.225653 0.008314
0.513064 0.225653 0.013064
0.534442 0.225653 0.008314
0.545131 0.225653 0.005938
0.566508 0.225653 0.007126
0.414489 0.226841 0.004751
0.554632 0.226841 0.008314
0.296912 0.228029 0.005938
0.325416 0.228029 0.008314
0.332542 0.228029 0.008314
0.344418 0.228029 0.008314
0.380048 0.228029 0.008314
0.393112 0.228029 0.004751
0.401425 0.228029 0.010689
0.238717 0.229216 0.008314
0.283848 0.229216 0.007126
0.305226 0.229216 0.004751
0.312352 0.229216 0.010689
0.358670 0.229216 0.008314
0.369359 0.229216 0.005938
0.136580 0.230404 0.008314
0.147268 0.230404 0.004751
0.154394 0.230404 0.004751
0.182898 0.230404 0.008314
0.192399 0.230404 0.008314
0.206651 0.230404 0.008314
0.254157 0.230404 0.008314
0.262470 0.230404 0.004751
0.271971 0.230404 0.008314
0.171021 0.231591 0.008314
0.218527 0.231591 0.008314
0.229216 0.231591 0.005938
