0.581948 0.068884 0.009501
0.615202 0.068884 0.008314
0.627078 0.068884 0.008314
0.646081 0.068884 0.013064
0.660333 0.068884 0.004751
0.668646 0.068884 0.004751
0.676960 0.068884 0.011876
0.686461 0.068884 0.004751
0.745843 0.068884 0.008314
0.539192 0.070071 0.007126
0.551069 0.070071 0.008314
0.564133 0.070071 0.008314
0.593824 0.070071 0.007126
0.604513 0.070071 0.004751
0.637767 0.070071 0.005938
0.751781 0.070071 0.004751
0.508314 0.071259 0.008314
0.519002 0.071259 0.008314
0.529691 0.071259 0.007126
0.767221 0.071259 0.004751
0.780285 0.071259 0.008314
0.794537 0.071259 0.011876
0.473872 0.072447 0.010689
0.480998 0.072447 0.004751
0.488124 0.072447 0.004751
0.496437 0.072447 0.005938
0.802850 0.072447 0.005938
0.812352 0.072447 0.005938
0.435867 0.073634 0.005938
0.444181 0.073634 0.004751
0.453682 0.073634 0.005938
0.463183 0.073634 0.007126
0.821853 0.073634 0.005938
0.831354 0.073634 0.008314
0.840855 0.073634 0.004751
0.421615 0.074822 0.008314
0.850356 0.074822 0.008314
0.858670 0.074822 0.004751
0.394299 0.076010 0.008314
0.406176 0.076010 0.009501
0.868171 0.076010 0.007126
0.877672 0.076010 0.007126
0.365796 0.077197 0.003563
0.372922 0.077197 0.004751
0.382423 0.077197 0.007126
0.292162 0.079572 0.010689
0.346793 0.079572 0.004751
0.269596 0.080760 0.005938
0.279097 0.080760 0.008314
0.298100 0.080760 0.011876
0.306413 0.080760 0.007126
0.317102 0.080760 0.004751
0.326603 0.080760 0.005938
0.337292 0.080760 0.007126
0.770784 0.083135 0.007126
0.256532 0.084323 0.008314
0.580760 0.084323 0.008314
0.617577 0.084323 0.005938
0.693587 0.084323 0.004751
0.750594 0.084323 0.008314
0.761283 0.084323 0.004751
0.235154 0.085511 0.007126
0.244656 0.085511 0.008314
0.535629 0.085511 0.007126
0.571259 0.085511 0.007126
0.595012 0.085511 0.008314
0.606888 0.085511 0.008314
0.629454 0.085511 0.007126
0.640143 0.085511 0.004751
0.673397 0.085511 0.004751
0.680523 0.085511 0.010689
0.779097 0.085511 0.005938
0.789786 0.085511 0.004751
0.796912 0.085511 0.005938
0.191211 0.086698 0.010689
0.205463 0.086698 0.024941
0.545131 0.086698 0.008314
0.557007 0.086698 0.008314
0.648456 0.086698 0.004751
0.806413 0.086698 0.004751
0.159145 0.087886 0.008314
0.180523 0.087886 0.008314
0.214964 0.087886 0.007126
0.224466 0.087886 0.007126
0.497625 0.087886 0.007126
0.507126 0.087886 0.011876
0.514252 0.087886 0.004751
0.523753 0.087886 0.005938
0.814727 0.087886 0.005938
0.153207 0.089074 0.004751
0.169834 0.089074 0.007126
0.440618 0.089074 0.007126
0.451306 0.089074 0.005938
0.459620 0.089074 0.004751
0.466746 0.089074 0.005938
0.486936 0.089074 0.007126
0.416865 0.090261 0.005938
0.426366 0.090261 0.008314
0.476247 0.090261 0.007126
0.823040 0.090261 0.004751
0.837292 0.090261 0.009501
0.847981 0.090261 0.007126
0.857482 0.090261 0.004751
0.863420 0.090261 0.004751
0.880048 0.090261 0.007126
0.406176 0.091449 0.008314
0.870546 0.091449 0.004751
0.146081 0.092637 0.005938
0.390736 0.092637 0.007126
0.137767 0.093824 0.005938
0.315914 0.093824 0.007126
0.325416 0.093824 0.008314
0.380048 0.093824 0.007126
0.125891 0.095012 0.008314
0.271971 0.095012 0.011876
0.306413 0.095012 0.004751
0.337292 0.095012 0.007126
0.347981 0.095012 0.005938
0.357482 0.095012 0.008314
0.280285 0.096200 0.005938
0.287411 0.096200 0.008314
0.298100 0.096200 0.005938
0.369359 0.096200 0.007126
0.633017 0.096200 0.005938
0.254157 0.097387 0.007126
0.647268 0.097387 0.004751
0.661520 0.097387 0.005938
0.732779 0.097387 0.007126
0.231591 0.098575 0.004751
0.239905 0.098575 0.005938
0.590261 0.098575 0.008314
0.611639 0.098575 0.007126
0.623515 0.098575 0.008314
0.757720 0.098575 0.008314
0.201900 0.099762 0.005938
0.213777 0.099762 0.007126
0.224466 0.099762 0.004751
0.579572 0.099762 0.007126
0.602138 0.099762 0.005938
0.766033 0.099762 0.005938
0.775534 0.099762 0.005938
0.190024 0.100950 0.007126
0.567696 0.100950 0.007126
0.785036 0.100950 0.008314
0.181710 0.102138 0.004751
0.524941 0.102138 0.007126
0.535629 0.102138 0.007126
0.557007 0.102138 0.005938
0.793349 0.102138 0.007126
0.802850 0.102138 0.004751
0.167458 0.103325 0.007126
0.479810 0.103325 0.004751
0.491686 0.103325 0.004751
0.502375 0.103325 0.007126
0.515439 0.103325 0.008314
0.546318 0.103325 0.005938
0.809976 0.103325 0.004751
0.821853 0.103325 0.008314
0.470309 0.104513 0.007126
0.834917 0.104513 0.005938
0.870546 0.104513 0.005938
0.419240 0.105701 0.008314
0.445368 0.105701 0.007126
0.457245 0.105701 0.007126
0.849169 0.105701 0.008314
0.861045 0.105701 0.007126
0.884798 0.105701 0.008314
0.149644 0.106888 0.007126
0.157957 0.106888 0.005938
0.434679 0.106888 0.009501
0.141330 0.108076 0.007126
0.407363 0.108076 0.008314
0.308789 0.109264 0.007126
0.377672 0.109264 0.007126
0.387173 0.109264 0.005938
0.289786 0.110451 0.005938
0.318290 0.110451 0.004751
0.326603 0.110451 0.005938
0.347981 0.110451 0.008314
0.365796 0.110451 0.007126
0.396675 0.110451 0.007126
0.125891 0.111639 0.010689
0.252969 0.111639 0.008314
0.263658 0.111639 0.005938
0.271971 0.111639 0.004751
0.298100 0.111639 0.004751
0.337292 0.111639 0.007126
0.232779 0.112827 0.005938
0.241093 0.112827 0.004751
0.279097 0.112827 0.010689
0.222090 0.114014 0.007126
0.605701 0.114014 0.007126
0.625891 0.114014 0.005938
0.634204 0.114014 0.004751
0.653207 0.114014 0.008314
0.615202 0.115202 0.005938
0.642518 0.115202 0.004751
0.665083 0.115202 0.009501
0.757720 0.115202 0.010689
0.190024 0.116390 0.007126
0.199525 0.116390 0.005938
0.209026 0.116390 0.008314
0.555819 0.116390 0.005938
0.774347 0.116390 0.005938
0.543943 0.117577 0.008314
0.580760 0.117577 0.008314
0.783848 0.117577 0.007126
0.811164 0.117577 0.008314
0.819477 0.117577 0.005938
0.837292 0.117577 0.005938
0.846793 0.117577 0.005938
0.868171 0.117577 0.008314
0.179335 0.118765 0.008314
0.501188 0.118765 0.008314
0.534442 0.118765 0.005938
0.570071 0.118765 0.008314
0.796912 0.118765 0.008314
0.828979 0.118765 0.007126
0.856295 0.118765 0.008314
0.884798 0.118765 0.008314
0.169834 0.119952 0.005938
0.486936 0.119952 0.005938
0.515439 0.119952 0.008314
0.523753 0.119952 0.008314
0.124703 0.122328 0.011876
0.140143 0.122328 0.005938
0.149644 0.122328 0.005938
0.160333 0.122328 0.007126
0.429929 0.122328 0.008314
0.444181 0.122328 0.005938
0.454869 0.122328 0.005938
0.465558 0.122328 0.007126
0.476247 0.122328 0.008314
0.408551 0.123515 0.005938
0.393112 0.124703 0.004751
0.420428 0.124703 0.004751
0.261283 0.125891 0.007126
0.384798 0.125891 0.010689
0.282660 0.127078 0.007126
0.340855 0.127078 0.005938
0.371734 0.127078 0.008314
0.236342 0.128266 0.008314
0.250594 0.128266 0.008314
0.273159 0.128266 0.008314
0.331354 0.128266 0.008314
0.350356 0.128266 0.005938
0.359857 0.128266 0.007126
0.224466 0.130641 0.007126
0.617577 0.130641 0.009501
0.625891 0.130641 0.004751
0.641330 0.130641 0.004751
0.212589 0.131829 0.008314
0.597387 0.131829 0.004751
0.603325 0.131829 0.010689
0.191211 0.133017 0.008314
0.203088 0.133017 0.007126
0.422803 0.133017 0.004751
0.574822 0.133017 0.008314
0.589074 0.133017 0.008314
0.774347 0.133017 0.008314
0.882423 0.133017 0.008314
0.181710 0.134204 0.007126
0.410926 0.134204 0.005938
0.786223 0.134204 0.010689
0.802850 0.134204 0.007126
0.815914 0.134204 0.007126
0.852732 0.134204 0.008314
0.864608 0.134204 0.004751
0.871734 0.134204 0.009501
0.828979 0.135392 0.007126
0.840855 0.135392 0.007126
0.515439 0.136580 0.008314
0.528504 0.136580 0.007126
0.540380 0.136580 0.008314
0.552257 0.136580 0.008314
0.560570 0.136580 0.013064
0.140143 0.137767 0.008314
0.150831 0.137767 0.007126
0.162708 0.137767 0.008314
0.473872 0.137767 0.007126
0.483373 0.137767 0.007126
0.494062 0.137767 0.005938
0.502375 0.137767 0.005938
0.448931 0.138955 0.008314
0.461995 0.138955 0.005938
0.125891 0.140143 0.009501
0.434679 0.140143 0.008314
0.422803 0.141330 0.005938
0.396675 0.142518 0.008314
0.410926 0.142518 0.008314
0.346793 0.143705 0.005938
0.380048 0.143705 0.009501
0.268409 0.144893 0.005938
0.277910 0.144893 0.008314
0.334917 0.144893 0.007126
0.232779 0.146081 0.008314
0.244656 0.146081 0.007126
0.256532 0.146081 0.007126
0.628266 0.146081 0.010689
0.614014 0.147268 0.009501
0.642518 0.147268 0.008314
0.218527 0.148456 0.009501
0.589074 0.148456 0.007126
0.600950 0.148456 0.008314
0.877672 0.148456 0.013064
0.203088 0.149644 0.008314
0.768409 0.149644 0.007126
0.780285 0.149644 0.007126
0.792162 0.149644 0.005938
0.804038 0.149644 0.007126
0.813539 0.149644 0.004751
0.819477 0.149644 0.010689
0.828979 0.149644 0.004751
0.837292 0.149644 0.005938
0.849169 0.149644 0.007126
0.869359 0.149644 0.008314
0.163895 0.150831 0.005938
0.176960 0.150831 0.008314
0.191211 0.150831 0.008314
0.576010 0.150831 0.008314
0.859857 0.150831 0.008314
0.562945 0.152019 0.007126
0.154394 0.153207 0.005938
0.498812 0.153207 0.007126
0.510689 0.153207 0.007126
0.520190 0.153207 0.007126
0.530879 0.153207 0.004751
0.539192 0.153207 0.004751
0.547506 0.153207 0.008314
0.146081 0.154394 0.005938
0.469121 0.154394 0.005938
0.124703 0.155582 0.007126
0.136580 0.155582 0.005938
0.456057 0.155582 0.013064
0.478622 0.155582 0.008314
0.489311 0.155582 0.005938
0.446556 0.156770 0.005938
0.409739 0.157957 0.008314
0.423990 0.157957 0.008314
0.437055 0.157957 0.008314
0.287411 0.159145 0.008314
0.358670 0.159145 0.007126
0.368171 0.159145 0.011876
0.375297 0.159145 0.008314
0.397862 0.159145 0.008314
0.269596 0.160333 0.005938
0.277910 0.160333 0.005938
0.385986 0.160333 0.008314
0.260095 0.161520 0.008314
0.229216 0.163895 0.008314
0.243468 0.163895 0.010689
0.216152 0.165083 0.008314
0.630641 0.165083 0.007126
0.638955 0.165083 0.004751
0.749406 0.165083 0.008314
0.770784 0.165083 0.004751
0.904988 0.165083 0.009501
0.201900 0.166271 0.008314
0.595012 0.166271 0.011876
0.178147 0.167458 0.005938
0.190024 0.167458 0.007126
0.587886 0.167458 0.004751
0.610451 0.167458 0.008314
0.618765 0.167458 0.004751
0.780285 0.167458 0.004751
0.795724 0.167458 0.010689
0.802850 0.167458 0.009501
0.814727 0.167458 0.004751
0.834917 0.167458 0.005938
0.844418 0.167458 0.007126
0.891924 0.167458 0.008314
0.165083 0.168646 0.011876
0.554632 0.168646 0.008314
0.564133 0.168646 0.008314
0.577197 0.168646 0.007126
0.826603 0.168646 0.008314
0.853919 0.168646 0.005938
0.863420 0.168646 0.008314
0.147268 0.169834 0.005938
0.155582 0.169834 0.004751
0.135392 0.171021 0.007126
0.539192 0.171021 0.008314
0.123515 0.172209 0.005938
0.502375 0.172209 0.005938
0.514252 0.172209 0.008314
0.526128 0.172209 0.008314
0.463183 0.173397 0.007126
0.478622 0.173397 0.008314
0.330166 0.174584 0.013064
0.401425 0.174584 0.008314
0.453682 0.174584 0.004751
0.488124 0.174584 0.008314
0.777910 0.174584 0.005938
0.347981 0.175772 0.005938
0.366983 0.175772 0.005938
0.378860 0.175772 0.007126
0.409739 0.175772 0.004751
0.418052 0.175772 0.011876
0.429929 0.175772 0.007126
0.442993 0.175772 0.008314
0.357482 0.176960 0.005938
0.389549 0.176960 0.005938
0.262470 0.178147 0.008314
0.273159 0.178147 0.005938
0.282660 0.178147 0.004751
0.338480 0.178147 0.008314
0.242280 0.180523 0.004751
0.249406 0.180523 0.008314
0.751781 0.180523 0.008314
0.187648 0.181710 0.010689
0.203088 0.181710 0.010689
0.232779 0.181710 0.008314
0.627078 0.181710 0.008314
0.638955 0.181710 0.004751
0.758907 0.181710 0.010689
0.868171 0.181710 0.008314
0.218527 0.182898 0.008314
0.728029 0.182898 0.008314
0.741093 0.182898 0.007126
0.882423 0.182898 0.008314
0.167458 0.184086 0.005938
0.178147 0.184086 0.005938
0.194774 0.184086 0.005938
0.654394 0.184086 0.004751
0.665083 0.184086 0.008314
0.673397 0.184086 0.010689
0.685273 0.184086 0.014252
0.693587 0.184086 0.004751
0.718527 0.184086 0.008314
0.777910 0.184086 0.004751
0.786223 0.184086 0.005938
0.795724 0.184086 0.004751
0.859857 0.184086 0.008314
0.581948 0.185273 0.004751
0.600950 0.185273 0.005938
0.700713 0.185273 0.004751
0.710214 0.185273 0.005938
0.805226 0.185273 0.005938
0.817102 0.185273 0.008314
0.832542 0.185273 0.007126
0.157957 0.186461 0.005938
0.558195 0.186461 0.008314
0.572447 0.186461 0.007126
0.612827 0.186461 0.008314
0.843230 0.186461 0.007126
0.851544 0.186461 0.004751
0.122328 0.187648 0.011876
0.130641 0.187648 0.013064
0.138955 0.187648 0.005938
0.148456 0.187648 0.005938
0.549881 0.187648 0.007126
0.517815 0.188836 0.008314
0.539192 0.188836 0.008314
0.528504 0.190024 0.007126
0.390736 0.191211 0.007126
0.414489 0.191211 0.004751
0.450119 0.191211 0.008314
0.488124 0.191211 0.007126
0.500000 0.191211 0.009501
0.401425 0.192399 0.009501
0.434679 0.192399 0.007126
0.460808 0.192399 0.008314
0.475059 0.192399 0.007126
0.330166 0.193587 0.004751
0.378860 0.193587 0.005938
0.277910 0.194774 0.008314
0.286223 0.194774 0.008314
0.302850 0.194774 0.009501
0.317102 0.194774 0.008314
0.345606 0.194774 0.008314
0.355107 0.194774 0.008314
0.363420 0.194774 0.010689
0.885986 0.195962 0.008314
0.266033 0.197150 0.008314
0.636580 0.197150 0.010689
0.748219 0.197150 0.007126
0.758907 0.197150 0.007126
0.877672 0.197150 0.008314
0.232779 0.198337 0.004751
0.242280 0.198337 0.007126
0.254157 0.198337 0.008314
0.644893 0.198337 0.004751
0.663895 0.198337 0.008314
0.672209 0.198337 0.004751
0.728029 0.198337 0.004751
0.738717 0.198337 0.008314
0.853919 0.198337 0.007126
0.864608 0.198337 0.005938
0.203088 0.199525 0.008314
0.216152 0.199525 0.005938
0.224466 0.199525 0.010689
0.652019 0.199525 0.010689
0.717340 0.199525 0.008314
0.809976 0.199525 0.005938
0.825416 0.199525 0.005938
0.833729 0.199525 0.004751
0.842043 0.199525 0.005938
0.172209 0.200713 0.007126
0.192399 0.200713 0.005938
0.610451 0.200713 0.008314
0.657957 0.200713 0.010689
0.789786 0.200713 0.008314
0.799287 0.200713 0.008314
0.182898 0.201900 0.005938
0.566508 0.201900 0.007126
0.579572 0.201900 0.010689
0.587886 0.201900 0.007126
0.597387 0.201900 0.005938
0.133017 0.203088 0.005938
0.143705 0.203088 0.005938
0.161520 0.203088 0.005938
0.546318 0.203088 0.005938
0.555819 0.203088 0.004751
0.121140 0.204276 0.008314
0.152019 0.204276 0.004751
0.526128 0.204276 0.008314
0.536817 0.204276 0.004751
0.483373 0.205463 0.007126
0.513064 0.205463 0.008314
0.355107 0.206651 0.007126
0.472684 0.206651 0.005938
0.494062 0.206651 0.005938
0.294537 0.207838 0.007126
0.300475 0.207838 0.010689
0.342043 0.207838 0.004751
0.349169 0.207838 0.004751
0.365796 0.207838 0.004751
0.375297 0.207838 0.008314
0.400238 0.207838 0.007126
0.409739 0.207838 0.005938
0.418052 0.207838 0.004751
0.502375 0.207838 0.007126
0.317102 0.209026 0.007126
0.327791 0.209026 0.004751
0.388361 0.209026 0.007126
0.431116 0.209026 0.008314
0.446556 0.209026 0.008314
0.459620 0.209026 0.008314
0.263658 0.210214 0.005938
0.271971 0.210214 0.007126
0.283848 0.210214 0.008314
0.252969 0.212589 0.007126
0.190024 0.213777 0.008314
0.201900 0.213777 0.005938
0.213777 0.213777 0.007126
0.224466 0.213777 0.004751
0.232779 0.213777 0.007126
0.243468 0.213777 0.004751
0.887173 0.213777 0.013064
0.176960 0.214964 0.007126
0.627078 0.214964 0.004751
0.666271 0.214964 0.007126
0.676960 0.214964 0.013064
0.718527 0.214964 0.005938
0.728029 0.214964 0.004751
0.741093 0.214964 0.004751
0.866983 0.214964 0.004751
0.876485 0.214964 0.008314
0.138955 0.216152 0.005938
0.166271 0.216152 0.005938
0.644893 0.216152 0.008314
0.653207 0.216152 0.008314
0.698337 0.216152 0.008314
0.710214 0.216152 0.005938
0.749406 0.216152 0.013064
0.758907 0.216152 0.008314
0.779097 0.216152 0.008314
0.789786 0.216152 0.007126
0.817102 0.216152 0.005938
0.826603 0.216152 0.007126
0.855107 0.216152 0.004751
0.128266 0.217340 0.005938
0.148456 0.217340 0.005938
0.157957 0.217340 0.004751
0.568884 0.217340 0.003563
0.604513 0.217340 0.007126
0.615202 0.217340 0.008314
0.802850 0.217340 0.008314
0.846793 0.217340 0.007126
0.119952 0.218527 0.004751
0.558195 0.218527 0.008314
0.584323 0.218527 0.007126
0.595012 0.218527 0.007126
0.837292 0.218527 0.008314
0.529691 0.219715 0.008314
0.546318 0.219715 0.008314
0.422803 0.220903 0.007126
0.515439 0.220903 0.008314
0.387173 0.222090 0.005938
0.396675 0.222090 0.005938
0.434679 0.222090 0.008314
0.447743 0.222090 0.005938
0.459620 0.222090 0.005938
0.470309 0.222090 0.008314
0.483373 0.222090 0.008314
0.494062 0.222090 0.008314
0.502375 0.222090 0.008314
0.342043 0.223278 0.008314
0.352732 0.223278 0.005938
0.364608 0.223278 0.007126
0.375297 0.223278 0.007126
0.408551 0.223278 0.008314
0.305226 0.224466 0.007126
0.330166 0.224466 0.007126
0.282660 0.225653 0.005938
0.320665 0.225653 0.008314
0.211401 0.226841 0.007126
0.222090 0.226841 0.007126
0.232779 0.226841 0.007126
0.241093 0.226841 0.004751
0.263658 0.226841 0.007126
0.271971 0.226841 0.008314
0.192399 0.228029 0.008314
0.251781 0.228029 0.007126
0.144893 0.229216 0.007126
0.163895 0.229216 0.007126
0.174584 0.229216 0.004751
0.200713 0.229216 0.004751
0.133017 0.230404 0.007126
0.154394 0.230404 0.007126
0.118765 0.232779 0.008314
0.714964 0.232779 0.010689
