0.646081 0.080760 0.005938
0.657957 0.080760 0.007126
0.671021 0.080760 0.009501
0.682898 0.080760 0.008314
0.691211 0.080760 0.004751
0.710214 0.080760 0.010689
0.723278 0.080760 0.008314
0.763658 0.080760 0.005938
0.771971 0.080760 0.004751
0.782660 0.080760 0.008314
0.796912 0.080760 0.008314
0.820665 0.080760 0.007126
0.830166 0.080760 0.005938
0.581948 0.081948 0.005938
0.592637 0.081948 0.008314
0.600950 0.081948 0.005938
0.611639 0.081948 0.007126
0.628266 0.081948 0.004751
0.735154 0.081948 0.005938
0.744656 0.081948 0.005938
0.754157 0.081948 0.005938
0.840855 0.081948 0.007126
0.849169 0.081948 0.004751
0.862233 0.081948 0.004751
0.869359 0.081948 0.010689
0.429929 0.083135 0.008314
0.508314 0.083135 0.011876
0.524941 0.083135 0.008314
0.619952 0.083135 0.005938
0.406176 0.084323 0.011876
0.418052 0.084323 0.008314
0.441805 0.084323 0.008314
0.486936 0.084323 0.010689
0.498812 0.084323 0.005938
0.539192 0.084323 0.008314
0.554632 0.084323 0.008314
0.571259 0.084323 0.010689
0.399050 0.085511 0.004751
0.467933 0.085511 0.005938
0.478622 0.085511 0.008314
0.337292 0.086698 0.008314
0.361045 0.086698 0.005938
0.370546 0.086698 0.007126
0.382423 0.086698 0.008314
0.391924 0.086698 0.004751
0.451306 0.086698 0.011876
0.305226 0.087886 0.005938
0.325416 0.087886 0.008314
0.346793 0.087886 0.008314
0.273159 0.089074 0.008314
0.293349 0.089074 0.008314
0.313539 0.089074 0.004751
0.283848 0.090261 0.005938
0.174584 0.091449 0.007126
0.184086 0.091449 0.005938
0.209026 0.091449 0.005938
0.218527 0.091449 0.008314
0.149644 0.092637 0.010689
0.192399 0.092637 0.004751
0.199525 0.092637 0.011876
0.157957 0.093824 0.011876
0.818290 0.093824 0.008314
0.769596 0.095012 0.005938
0.780285 0.095012 0.005938
0.662708 0.096200 0.007126
0.680523 0.096200 0.004751
0.687648 0.096200 0.004751
0.698337 0.096200 0.008314
0.705463 0.096200 0.004751
0.712589 0.096200 0.005938
0.724466 0.096200 0.004751
0.732779 0.096200 0.004751
0.739905 0.096200 0.005938
0.751781 0.096200 0.007126
0.761283 0.096200 0.005938
0.789786 0.096200 0.005938
0.834917 0.096200 0.010689
0.843230 0.096200 0.004751
0.853919 0.096200 0.007126
0.871734 0.096200 0.005938
0.652019 0.097387 0.008314
0.672209 0.097387 0.005938
0.862233 0.097387 0.005938
0.617577 0.098575 0.007126
0.629454 0.098575 0.007126
0.640143 0.098575 0.007126
0.461995 0.099762 0.011876
0.551069 0.099762 0.008314
0.561758 0.099762 0.008314
0.598575 0.099762 0.004751
0.606888 0.099762 0.011876
0.425178 0.100950 0.010689
0.470309 0.100950 0.004751
0.480998 0.100950 0.008314
0.488124 0.100950 0.004751
0.497625 0.100950 0.007126
0.532067 0.100950 0.005938
0.540380 0.100950 0.007126
0.579572 0.100950 0.008314
0.590261 0.100950 0.005938
0.415677 0.102138 0.008314
0.438242 0.102138 0.004751
0.445368 0.102138 0.010689
0.509501 0.102138 0.008314
0.521378 0.102138 0.007126
0.403800 0.103325 0.007126
0.304038 0.104513 0.009501
0.336105 0.104513 0.005938
0.381235 0.104513 0.008314
0.393112 0.104513 0.004751
0.271971 0.105701 0.010689
0.319477 0.105701 0.005938
0.327791 0.105701 0.004751
0.349169 0.105701 0.008314
0.359857 0.105701 0.005938
0.369359 0.105701 0.007126
0.263658 0.106888 0.007126
0.153207 0.108076 0.007126
0.163895 0.108076 0.008314
0.188836 0.108076 0.008314
0.201900 0.108076 0.008314
0.213777 0.108076 0.004751
0.233967 0.108076 0.007126
0.129454 0.109264 0.008314
0.178147 0.109264 0.008314
0.220903 0.109264 0.010689
0.769596 0.109264 0.007126
0.826603 0.109264 0.005938
0.844418 0.109264 0.004751
0.851544 0.109264 0.004751
0.862233 0.109264 0.007126
0.870546 0.109264 0.007126
0.706651 0.110451 0.010689
0.722090 0.110451 0.007126
0.732779 0.110451 0.008314
0.739905 0.110451 0.004751
0.757720 0.110451 0.005938
0.779097 0.110451 0.004751
0.799287 0.110451 0.004751
0.807601 0.110451 0.005938
0.817102 0.110451 0.005938
0.837292 0.110451 0.004751
0.690024 0.111639 0.005938
0.699525 0.111639 0.004751
0.748219 0.111639 0.005938
0.786223 0.111639 0.010689
0.666271 0.112827 0.004751
0.675772 0.112827 0.008314
0.621140 0.115202 0.007126
0.647268 0.115202 0.005938
0.547506 0.116390 0.008314
0.555819 0.116390 0.004751
0.564133 0.116390 0.004751
0.580760 0.116390 0.004751
0.589074 0.116390 0.005938
0.610451 0.116390 0.008314
0.631829 0.116390 0.004751
0.638955 0.116390 0.004751
0.655582 0.116390 0.007126
0.508314 0.117577 0.013064
0.517815 0.117577 0.005938
0.526128 0.117577 0.004751
0.535629 0.117577 0.007126
0.572447 0.117577 0.005938
0.598575 0.117577 0.005938
0.378860 0.118765 0.008314
0.440618 0.118765 0.010689
0.464371 0.118765 0.008314
0.472684 0.118765 0.005938
0.482185 0.118765 0.005938
0.501188 0.118765 0.008314
0.306413 0.119952 0.004751
0.325416 0.119952 0.004751
0.333729 0.119952 0.009501
0.345606 0.119952 0.004751
0.408551 0.119952 0.008314
0.422803 0.119952 0.008314
0.453682 0.119952 0.007126
0.490499 0.119952 0.008314
0.289786 0.121140 0.008314
0.298100 0.121140 0.004751
0.315914 0.121140 0.007126
0.365796 0.121140 0.004751
0.393112 0.121140 0.009501
0.249406 0.122328 0.004751
0.257720 0.122328 0.007126
0.268409 0.122328 0.007126
0.279097 0.122328 0.005938
0.127078 0.123515 0.008314
0.190024 0.123515 0.005938
0.200713 0.123515 0.005938
0.210214 0.123515 0.005938
0.218527 0.123515 0.005938
0.239905 0.123515 0.007126
0.865796 0.123515 0.004751
0.165083 0.124703 0.004751
0.172209 0.124703 0.004751
0.180523 0.124703 0.005938
0.228029 0.124703 0.007126
0.834917 0.124703 0.008314
0.845606 0.124703 0.005938
0.855107 0.124703 0.007126
0.142518 0.125891 0.008314
0.154394 0.125891 0.007126
0.766033 0.125891 0.008314
0.823040 0.125891 0.010689
0.752969 0.127078 0.005938
0.777910 0.127078 0.011876
0.794537 0.127078 0.007126
0.806413 0.127078 0.007126
0.739905 0.128266 0.008314
0.785036 0.128266 0.004751
0.729216 0.129454 0.004751
0.719715 0.130641 0.005938
0.711401 0.131829 0.008314
0.564133 0.133017 0.007126
0.574822 0.133017 0.007126
0.586698 0.133017 0.007126
0.596200 0.133017 0.007126
0.650831 0.133017 0.004751
0.659145 0.133017 0.004751
0.552257 0.134204 0.008314
0.606888 0.134204 0.005938
0.631829 0.134204 0.008314
0.642518 0.134204 0.005938
0.667458 0.134204 0.013064
0.532067 0.135392 0.008314
0.615202 0.135392 0.005938
0.624703 0.135392 0.013064
0.472684 0.136580 0.008314
0.277910 0.137767 0.013064
0.345606 0.137767 0.004751
0.363420 0.137767 0.010689
0.377672 0.137767 0.007126
0.399050 0.137767 0.005938
0.408551 0.137767 0.008314
0.420428 0.137767 0.005938
0.445368 0.137767 0.007126
0.458432 0.137767 0.007126
0.255344 0.138955 0.008314
0.266033 0.138955 0.008314
0.287411 0.138955 0.008314
0.352732 0.138955 0.010689
0.388361 0.138955 0.008314
0.489311 0.138955 0.009501
0.159145 0.140143 0.004751
0.168646 0.140143 0.010689
0.185273 0.140143 0.007126
0.195962 0.140143 0.008314
0.229216 0.140143 0.007126
0.238717 0.140143 0.005938
0.247031 0.140143 0.005938
0.334917 0.140143 0.008314
0.868171 0.140143 0.008314
0.124703 0.141330 0.011876
0.149644 0.141330 0.005938
0.209026 0.141330 0.008314
0.218527 0.141330 0.005938
0.850356 0.141330 0.008314
0.857482 0.141330 0.008314
0.131829 0.142518 0.005938
0.140143 0.142518 0.004751
0.828979 0.142518 0.005938
0.838480 0.142518 0.007126
0.755344 0.143705 0.007126
0.808789 0.143705 0.008314
0.819477 0.143705 0.007126
0.744656 0.144893 0.007126
0.763658 0.144893 0.004751
0.771971 0.144893 0.013064
0.782660 0.144893 0.008314
0.794537 0.144893 0.008314
0.735154 0.146081 0.005938
0.717340 0.147268 0.008314
0.726841 0.147268 0.008314
0.650831 0.148456 0.010689
0.638955 0.149644 0.008314
0.562945 0.150831 0.008314
0.572447 0.150831 0.007126
0.583135 0.150831 0.004751
0.591449 0.150831 0.007126
0.609264 0.150831 0.004751
0.618765 0.150831 0.005938
0.627078 0.150831 0.005938
0.540380 0.152019 0.007126
0.552257 0.152019 0.007126
0.599762 0.152019 0.005938
0.486936 0.153207 0.005938
0.505938 0.153207 0.007126
0.516627 0.153207 0.008314
0.529691 0.153207 0.008314
0.251781 0.154394 0.010689
0.263658 0.154394 0.007126
0.338480 0.154394 0.007126
0.349169 0.154394 0.004751
0.356295 0.154394 0.004751
0.365796 0.154394 0.005938
0.375297 0.154394 0.005938
0.385986 0.154394 0.008314
0.414489 0.154394 0.008314
0.458432 0.154394 0.008314
0.476247 0.154394 0.007126
0.496437 0.154394 0.005938
0.237530 0.155582 0.008314
0.271971 0.155582 0.004751
0.282660 0.155582 0.007126
0.393112 0.155582 0.008314
0.422803 0.155582 0.008314
0.435867 0.155582 0.008314
0.446556 0.155582 0.004751
0.466746 0.155582 0.005938
0.146081 0.156770 0.008314
0.225653 0.156770 0.008314
0.404988 0.156770 0.008314
0.156770 0.157957 0.007126
0.167458 0.157957 0.008314
0.176960 0.157957 0.005938
0.194774 0.157957 0.005938
0.204276 0.157957 0.005938
0.213777 0.157957 0.005938
0.135392 0.159145 0.005938
0.185273 0.159145 0.013064
0.866983 0.159145 0.008314
0.123515 0.160333 0.008314
0.832542 0.160333 0.008314
0.842043 0.160333 0.004751
0.849169 0.160333 0.004751
0.857482 0.160333 0.013064
0.815914 0.161520 0.007126
0.806413 0.162708 0.004751
0.767221 0.163895 0.005938
0.777910 0.163895 0.008314
0.788599 0.163895 0.008314
0.798100 0.163895 0.013064
0.713777 0.165083 0.010689
0.726841 0.165083 0.007126
0.736342 0.165083 0.005938
0.747031 0.165083 0.007126
0.756532 0.165083 0.007126
0.662708 0.167458 0.007126
0.609264 0.168646 0.008314
0.619952 0.168646 0.007126
0.629454 0.168646 0.008314
0.642518 0.168646 0.008314
0.654394 0.168646 0.013064
0.560570 0.169834 0.008314
0.486936 0.171021 0.008314
0.500000 0.171021 0.007126
0.516627 0.171021 0.008314
0.574822 0.171021 0.007126
0.586698 0.171021 0.008314
0.598575 0.171021 0.005938
0.427553 0.172209 0.004751
0.434679 0.172209 0.005938
0.442993 0.172209 0.004751
0.477435 0.172209 0.007126
0.529691 0.172209 0.008314
0.540380 0.172209 0.008314
0.549881 0.172209 0.005938
0.458432 0.173397 0.008314
0.467933 0.173397 0.007126
0.251781 0.174584 0.005938
0.261283 0.174584 0.007126
0.273159 0.174584 0.007126
0.283848 0.174584 0.008314
0.378860 0.174584 0.008314
0.387173 0.174584 0.004751
0.395487 0.174584 0.007126
0.407363 0.174584 0.007126
0.418052 0.174584 0.005938
0.178147 0.175772 0.007126
0.188836 0.175772 0.007126
0.201900 0.175772 0.008314
0.211401 0.175772 0.005938
0.231591 0.175772 0.005938
0.242280 0.175772 0.007126
0.334917 0.175772 0.011876
0.342043 0.175772 0.005938
0.351544 0.175772 0.013064
0.358670 0.175772 0.011876
0.131829 0.176960 0.005938
0.141330 0.176960 0.008314
0.153207 0.176960 0.008314
0.166271 0.176960 0.008314
0.220903 0.176960 0.008314
0.366983 0.176960 0.004751
0.862233 0.176960 0.008314
0.871734 0.176960 0.008314
0.121140 0.178147 0.008314
0.851544 0.178147 0.005938
0.819477 0.179335 0.004751
0.832542 0.179335 0.004751
0.764846 0.180523 0.009501
0.840855 0.180523 0.007126
0.771971 0.181710 0.004751
0.783848 0.181710 0.004751
0.793349 0.181710 0.005938
0.802850 0.181710 0.005938
0.812352 0.181710 0.005938
0.748219 0.182898 0.004751
0.722090 0.184086 0.004751
0.755344 0.184086 0.004751
0.646081 0.185273 0.007126
0.737530 0.185273 0.007126
0.619952 0.186461 0.007126
0.633017 0.186461 0.009501
0.656770 0.186461 0.008314
0.667458 0.186461 0.008314
0.680523 0.186461 0.008314
0.713777 0.186461 0.004751
0.511876 0.187648 0.010689
0.519002 0.187648 0.010689
0.600950 0.187648 0.005938
0.610451 0.187648 0.005938
0.695962 0.187648 0.008314
0.707838 0.187648 0.008314
0.470309 0.188836 0.007126
0.488124 0.188836 0.004751
0.497625 0.188836 0.007126
0.528504 0.188836 0.004751
0.535629 0.188836 0.010689
0.545131 0.188836 0.008314
0.557007 0.188836 0.005938
0.568884 0.188836 0.008314
0.583135 0.188836 0.008314
0.593824 0.188836 0.010689
0.438242 0.190024 0.007126
0.459620 0.190024 0.008314
0.480998 0.190024 0.005938
0.267221 0.191211 0.005938
0.448931 0.191211 0.005938
0.130641 0.192399 0.007126
0.156770 0.192399 0.004751
0.184086 0.192399 0.005938
0.247031 0.192399 0.008314
0.257720 0.192399 0.008314
0.276722 0.192399 0.007126
0.409739 0.192399 0.004751
0.416865 0.192399 0.008314
0.426366 0.192399 0.005938
0.868171 0.192399 0.005938
0.876485 0.192399 0.008314
0.121140 0.193587 0.007126
0.141330 0.193587 0.004751
0.148456 0.193587 0.011876
0.173397 0.193587 0.007126
0.192399 0.193587 0.005938
0.200713 0.193587 0.007126
0.212589 0.193587 0.007126
0.224466 0.193587 0.008314
0.235154 0.193587 0.007126
0.287411 0.193587 0.007126
0.400238 0.193587 0.005938
0.838480 0.193587 0.005938
0.849169 0.193587 0.007126
0.859857 0.193587 0.004751
0.298100 0.194774 0.007126
0.307601 0.194774 0.008314
0.361045 0.194774 0.005938
0.369359 0.194774 0.005938
0.378860 0.194774 0.007126
0.390736 0.194774 0.007126
0.828979 0.194774 0.008314
0.326603 0.195962 0.004751
0.334917 0.195962 0.004751
0.344418 0.195962 0.007126
0.352732 0.195962 0.005938
0.818290 0.195962 0.004751
0.318290 0.197150 0.004751
0.811164 0.197150 0.004751
0.752969 0.199525 0.004751
0.769596 0.199525 0.005938
0.777910 0.199525 0.005938
0.786223 0.199525 0.008314
0.796912 0.199525 0.004751
0.730404 0.200713 0.008314
0.741093 0.200713 0.008314
0.760095 0.200713 0.005938
0.660333 0.201900 0.008314
0.698337 0.201900 0.007126
0.707838 0.201900 0.005938
0.717340 0.201900 0.007126
0.609264 0.203088 0.004751
0.618765 0.203088 0.007126
0.628266 0.203088 0.005938
0.638955 0.203088 0.007126
0.647268 0.203088 0.005938
0.669834 0.203088 0.005938
0.680523 0.203088 0.008314
0.471496 0.204276 0.008314
0.511876 0.204276 0.007126
0.523753 0.204276 0.007126
0.542755 0.204276 0.007126
0.591449 0.204276 0.005938
0.600950 0.204276 0.005938
0.482185 0.205463 0.005938
0.491686 0.205463 0.005938
0.502375 0.205463 0.007126
0.533254 0.205463 0.004751
0.553444 0.205463 0.005938
0.564133 0.205463 0.007126
0.573634 0.205463 0.004751
0.583135 0.205463 0.005938
0.460808 0.206651 0.007126
0.406176 0.207838 0.004751
0.413302 0.207838 0.004751
0.446556 0.207838 0.008314
0.396675 0.209026 0.007126
0.422803 0.209026 0.008314
0.435867 0.209026 0.008314
0.853919 0.209026 0.004751
0.869359 0.209026 0.008314
0.121140 0.210214 0.007126
0.131829 0.210214 0.005938
0.150831 0.210214 0.004751
0.166271 0.210214 0.007126
0.192399 0.210214 0.004751
0.211401 0.210214 0.007126
0.222090 0.210214 0.005938
0.231591 0.210214 0.011876
0.238717 0.210214 0.004751
0.248219 0.210214 0.005938
0.257720 0.210214 0.005938
0.266033 0.210214 0.005938
0.275534 0.210214 0.007126
0.295724 0.210214 0.007126
0.306413 0.210214 0.007126
0.375297 0.210214 0.007126
0.385986 0.210214 0.007126
0.839667 0.210214 0.004751
0.140143 0.211401 0.008314
0.174584 0.211401 0.004751
0.182898 0.211401 0.005938
0.286223 0.211401 0.007126
0.320665 0.211401 0.008314
0.330166 0.211401 0.004751
0.346793 0.211401 0.004751
0.364608 0.211401 0.005938
0.338480 0.212589 0.005938
0.353919 0.212589 0.005938
0.831354 0.212589 0.005938
0.821853 0.213777 0.008314
0.809976 0.214964 0.008314
0.786223 0.216152 0.011876
0.795724 0.216152 0.008314
0.700713 0.217340 0.008314
0.732779 0.217340 0.005938
0.742280 0.217340 0.005938
0.751781 0.217340 0.004751
0.758907 0.217340 0.011876
0.768409 0.217340 0.008314
0.641330 0.218527 0.008314
0.650831 0.218527 0.004751
0.657957 0.218527 0.011876
0.667458 0.218527 0.005938
0.676960 0.218527 0.008314
0.687648 0.218527 0.007126
0.711401 0.218527 0.005938
0.722090 0.218527 0.008314
0.595012 0.219715 0.008314
0.605701 0.219715 0.005938
0.615202 0.219715 0.005938
0.623515 0.219715 0.004751
0.516627 0.220903 0.007126
0.526128 0.220903 0.007126
0.557007 0.220903 0.008314
0.566508 0.220903 0.008314
0.583135 0.220903 0.011876
0.505938 0.222090 0.008314
0.535629 0.222090 0.004751
0.543943 0.222090 0.008314
0.574822 0.222090 0.004751
0.429929 0.223278 0.005938
0.439430 0.223278 0.007126
0.461995 0.223278 0.007126
0.482185 0.223278 0.005938
0.492874 0.223278 0.008314
0.256532 0.224466 0.007126
0.409739 0.224466 0.008314
0.420428 0.224466 0.007126
0.451306 0.224466 0.008314
0.472684 0.224466 0.008314
0.163895 0.225653 0.011876
0.180523 0.225653 0.008314
0.190024 0.225653 0.007126
0.200713 0.225653 0.005938
0.211401 0.225653 0.007126
0.267221 0.225653 0.007126
0.277910 0.225653 0.007126
0.289786 0.225653 0.008314
0.302850 0.225653 0.008314
0.321853 0.225653 0.007126
0.333729 0.225653 0.005938
0.343230 0.225653 0.005938
0.352732 0.225653 0.007126
0.375297 0.225653 0.008314
0.387173 0.225653 0.007126
0.396675 0.225653 0.007126
0.130641 0.226841 0.008314
0.142518 0.226841 0.008314
0.153207 0.226841 0.007126
0.225653 0.226841 0.008314
0.236342 0.226841 0.005938
0.245843 0.226841 0.008314
0.363420 0.226841 0.008314
0.118765 0.228029 0.008314
