0.618765 0.079572 0.007126
0.792162 0.079572 0.005938
0.802850 0.079572 0.007126
0.609264 0.080760 0.005938
0.763658 0.080760 0.008314
0.773159 0.080760 0.005938
0.782660 0.080760 0.005938
0.812352 0.080760 0.007126
0.823040 0.080760 0.008314
0.877672 0.080760 0.009501
0.741093 0.081948 0.007126
0.754157 0.081948 0.008314
0.831354 0.081948 0.007126
0.842043 0.081948 0.007126
0.853919 0.081948 0.008314
0.864608 0.081948 0.004751
0.446556 0.083135 0.013064
0.456057 0.083135 0.005938
0.530879 0.083135 0.007126
0.543943 0.083135 0.008314
0.558195 0.083135 0.013064
0.627078 0.083135 0.008314
0.661520 0.083135 0.004751
0.680523 0.083135 0.004751
0.699525 0.083135 0.005938
0.722090 0.083135 0.005938
0.730404 0.083135 0.004751
0.412114 0.084323 0.005938
0.439430 0.084323 0.004751
0.466746 0.084323 0.008314
0.477435 0.084323 0.008314
0.485748 0.084323 0.013064
0.511876 0.084323 0.004751
0.519002 0.084323 0.010689
0.599762 0.084323 0.005938
0.638955 0.084323 0.008314
0.652019 0.084323 0.007126
0.671021 0.084323 0.008314
0.691211 0.084323 0.007126
0.711401 0.084323 0.007126
0.275534 0.085511 0.011876
0.285036 0.085511 0.005938
0.293349 0.085511 0.004751
0.347981 0.085511 0.005938
0.356295 0.085511 0.007126
0.368171 0.085511 0.008314
0.377672 0.085511 0.005938
0.387173 0.085511 0.008314
0.397862 0.085511 0.008314
0.501188 0.085511 0.008314
0.576010 0.085511 0.010689
0.591449 0.085511 0.008314
0.248219 0.086698 0.005938
0.268409 0.086698 0.011876
0.299287 0.086698 0.009501
0.308789 0.086698 0.004751
0.331354 0.086698 0.005938
0.339667 0.086698 0.004751
0.428741 0.086698 0.013064
0.184086 0.087886 0.004751
0.193587 0.087886 0.008314
0.205463 0.087886 0.008314
0.239905 0.087886 0.004751
0.258907 0.087886 0.007126
0.420428 0.087886 0.017815
0.116390 0.089074 0.016627
0.159145 0.089074 0.008314
0.166271 0.089074 0.004751
0.174584 0.089074 0.005938
0.216152 0.089074 0.005938
0.230404 0.089074 0.008314
0.140143 0.090261 0.008314
0.148456 0.090261 0.007126
0.128266 0.092637 0.005938
0.774347 0.096200 0.008314
0.782660 0.096200 0.004751
0.844418 0.096200 0.007126
0.853919 0.096200 0.005938
0.862233 0.096200 0.004751
0.798100 0.097387 0.010689
0.809976 0.097387 0.005938
0.819477 0.097387 0.004751
0.826603 0.097387 0.004751
0.834917 0.097387 0.004751
0.871734 0.097387 0.004751
0.652019 0.098575 0.005938
0.673397 0.098575 0.007126
0.684086 0.098575 0.005938
0.739905 0.098575 0.008314
0.751781 0.098575 0.007126
0.761283 0.098575 0.007126
0.460808 0.099762 0.008314
0.530879 0.099762 0.007126
0.614014 0.099762 0.008314
0.621140 0.099762 0.004751
0.633017 0.099762 0.008314
0.642518 0.099762 0.005938
0.662708 0.099762 0.007126
0.700713 0.099762 0.005938
0.711401 0.099762 0.005938
0.720903 0.099762 0.004751
0.730404 0.099762 0.005938
0.243468 0.100950 0.007126
0.252969 0.100950 0.007126
0.391924 0.100950 0.008314
0.415677 0.100950 0.004751
0.429929 0.100950 0.004751
0.440618 0.100950 0.007126
0.450119 0.100950 0.005938
0.472684 0.100950 0.007126
0.483373 0.100950 0.005938
0.541568 0.100950 0.007126
0.560570 0.100950 0.004751
0.572447 0.100950 0.008314
0.581948 0.100950 0.005938
0.691211 0.100950 0.005938
0.262470 0.102138 0.004751
0.271971 0.102138 0.008314
0.285036 0.102138 0.008314
0.308789 0.102138 0.010689
0.318290 0.102138 0.005938
0.353919 0.102138 0.008314
0.363420 0.102138 0.005938
0.383610 0.102138 0.005938
0.403800 0.102138 0.008314
0.514252 0.102138 0.004751
0.522565 0.102138 0.005938
0.551069 0.102138 0.007126
0.591449 0.102138 0.005938
0.602138 0.102138 0.007126
0.156770 0.103325 0.005938
0.172209 0.103325 0.005938
0.212589 0.103325 0.007126
0.224466 0.103325 0.008314
0.293349 0.103325 0.007126
0.326603 0.103325 0.008314
0.340855 0.103325 0.008314
0.372922 0.103325 0.008314
0.494062 0.103325 0.008314
0.505938 0.103325 0.008314
0.148456 0.104513 0.007126
0.181710 0.104513 0.007126
0.191211 0.104513 0.005938
0.200713 0.104513 0.007126
0.232779 0.104513 0.005938
0.163895 0.105701 0.010689
0.124703 0.106888 0.008314
0.137767 0.106888 0.005938
0.877672 0.109264 0.010689
0.857482 0.110451 0.009501
0.684086 0.111639 0.004751
0.811164 0.111639 0.007126
0.836105 0.111639 0.007126
0.846793 0.111639 0.004751
0.864608 0.111639 0.009501
0.770784 0.112827 0.008314
0.782660 0.112827 0.008314
0.795724 0.112827 0.008314
0.825416 0.112827 0.008314
0.691211 0.114014 0.004751
0.622328 0.115202 0.008314
0.667458 0.115202 0.004751
0.674584 0.115202 0.004751
0.745843 0.115202 0.008314
0.758907 0.115202 0.008314
0.557007 0.116390 0.008314
0.586698 0.116390 0.008314
0.633017 0.116390 0.007126
0.704276 0.116390 0.008314
0.717340 0.116390 0.008314
0.728029 0.116390 0.004751
0.282660 0.117577 0.007126
0.292162 0.117577 0.008314
0.308789 0.117577 0.008314
0.432304 0.117577 0.008314
0.442993 0.117577 0.004751
0.461995 0.117577 0.005938
0.471496 0.117577 0.007126
0.482185 0.117577 0.005938
0.492874 0.117577 0.007126
0.504751 0.117577 0.007126
0.543943 0.117577 0.004751
0.567696 0.117577 0.007126
0.578385 0.117577 0.004751
0.598575 0.117577 0.004751
0.657957 0.117577 0.005938
0.735154 0.117577 0.010689
0.230404 0.118765 0.005938
0.241093 0.118765 0.007126
0.262470 0.118765 0.007126
0.271971 0.118765 0.004751
0.317102 0.118765 0.004751
0.325416 0.118765 0.004751
0.340855 0.118765 0.007126
0.353919 0.118765 0.008314
0.384798 0.118765 0.004751
0.403800 0.118765 0.005938
0.415677 0.118765 0.009501
0.451306 0.118765 0.011876
0.517815 0.118765 0.008314
0.195962 0.119952 0.005938
0.206651 0.119952 0.008314
0.219715 0.119952 0.008314
0.250594 0.119952 0.008314
0.332542 0.119952 0.011876
0.187648 0.121140 0.008314
0.363420 0.121140 0.008314
0.375297 0.121140 0.008314
0.125891 0.122328 0.008314
0.156770 0.122328 0.007126
0.166271 0.122328 0.005938
0.135392 0.123515 0.008314
0.146081 0.123515 0.007126
0.175772 0.123515 0.008314
0.858670 0.127078 0.008314
0.777910 0.128266 0.008314
0.787411 0.128266 0.007126
0.814727 0.128266 0.004751
0.824228 0.128266 0.007126
0.834917 0.128266 0.004751
0.844418 0.128266 0.007126
0.868171 0.128266 0.005938
0.877672 0.128266 0.007126
0.800475 0.129454 0.005938
0.766033 0.131829 0.007126
0.608076 0.133017 0.008314
0.742280 0.133017 0.007126
0.755344 0.133017 0.008314
0.286223 0.134204 0.013064
0.425178 0.134204 0.008314
0.434679 0.134204 0.008314
0.561758 0.134204 0.007126
0.572447 0.134204 0.008314
0.580760 0.134204 0.005938
0.629454 0.134204 0.007126
0.641330 0.134204 0.008314
0.717340 0.134204 0.010689
0.732779 0.134204 0.007126
0.237530 0.135392 0.007126
0.245843 0.135392 0.005938
0.269596 0.135392 0.004751
0.412114 0.135392 0.008314
0.447743 0.135392 0.007126
0.458432 0.135392 0.007126
0.489311 0.135392 0.007126
0.530879 0.135392 0.005938
0.541568 0.135392 0.007126
0.552257 0.135392 0.008314
0.621140 0.135392 0.005938
0.198337 0.136580 0.008314
0.206651 0.136580 0.007126
0.216152 0.136580 0.004751
0.225653 0.136580 0.007126
0.260095 0.136580 0.008314
0.277910 0.136580 0.004751
0.337292 0.136580 0.007126
0.350356 0.136580 0.008314
0.361045 0.136580 0.005938
0.370546 0.136580 0.005938
0.400238 0.136580 0.005938
0.467933 0.136580 0.007126
0.478622 0.136580 0.007126
0.500000 0.136580 0.007126
0.521378 0.136580 0.008314
0.380048 0.137767 0.005938
0.389549 0.137767 0.005938
0.510689 0.137767 0.008314
0.188836 0.138955 0.005938
0.142518 0.140143 0.004751
0.179335 0.140143 0.008314
0.123515 0.141330 0.005938
0.148456 0.141330 0.010689
0.166271 0.141330 0.007126
0.156770 0.142518 0.007126
0.882423 0.142518 0.008314
0.864608 0.143705 0.008314
0.871734 0.143705 0.008314
0.820665 0.144893 0.004751
0.827791 0.144893 0.004751
0.847981 0.144893 0.010689
0.853919 0.144893 0.011876
0.812352 0.146081 0.011876
0.836105 0.146081 0.010689
0.798100 0.147268 0.008314
0.744656 0.148456 0.008314
0.771971 0.148456 0.007126
0.782660 0.148456 0.008314
0.578385 0.149644 0.007126
0.733967 0.149644 0.004751
0.758907 0.149644 0.008314
0.337292 0.150831 0.004751
0.567696 0.150831 0.007126
0.604513 0.150831 0.007126
0.612827 0.150831 0.004751
0.618765 0.150831 0.011876
0.627078 0.150831 0.005938
0.636580 0.150831 0.007126
0.657957 0.150831 0.008314
0.724466 0.150831 0.008314
0.220903 0.152019 0.008314
0.232779 0.152019 0.008314
0.243468 0.152019 0.011876
0.251781 0.152019 0.004751
0.261283 0.152019 0.008314
0.274347 0.152019 0.005938
0.343230 0.152019 0.004751
0.368171 0.152019 0.005938
0.440618 0.152019 0.004751
0.450119 0.152019 0.007126
0.546318 0.152019 0.004751
0.555819 0.152019 0.008314
0.714964 0.152019 0.008314
0.207838 0.153207 0.008314
0.350356 0.153207 0.004751
0.376485 0.153207 0.004751
0.382423 0.153207 0.009501
0.393112 0.153207 0.004751
0.401425 0.153207 0.004751
0.409739 0.153207 0.004751
0.432304 0.153207 0.011876
0.463183 0.153207 0.007126
0.488124 0.153207 0.008314
0.540380 0.153207 0.008314
0.195962 0.154394 0.008314
0.358670 0.154394 0.007126
0.420428 0.154394 0.008314
0.475059 0.154394 0.007126
0.498812 0.154394 0.005938
0.508314 0.154394 0.005938
0.517815 0.154394 0.005938
0.529691 0.154394 0.008314
0.168646 0.155582 0.004751
0.186461 0.155582 0.004751
0.176960 0.156770 0.007126
0.142518 0.157957 0.005938
0.152019 0.157957 0.004751
0.160333 0.157957 0.005938
0.133017 0.159145 0.004751
0.857482 0.159145 0.005938
0.871734 0.159145 0.004751
0.123515 0.160333 0.007126
0.847981 0.160333 0.005938
0.815914 0.161520 0.004751
0.827791 0.161520 0.008314
0.838480 0.161520 0.004751
0.789786 0.162708 0.010689
0.798100 0.162708 0.005938
0.807601 0.162708 0.005938
0.776722 0.163895 0.004751
0.763658 0.165083 0.008314
0.745843 0.166271 0.005938
0.754157 0.166271 0.007126
0.619952 0.167458 0.005938
0.654394 0.167458 0.005938
0.662708 0.167458 0.010689
0.707838 0.167458 0.008314
0.717340 0.167458 0.005938
0.726841 0.167458 0.004751
0.247031 0.168646 0.004751
0.256532 0.168646 0.007126
0.279097 0.168646 0.008314
0.336105 0.168646 0.013064
0.629454 0.168646 0.008314
0.638955 0.168646 0.008314
0.214964 0.169834 0.008314
0.224466 0.169834 0.007126
0.235154 0.169834 0.008314
0.267221 0.169834 0.013064
0.343230 0.169834 0.013064
0.355107 0.169834 0.005938
0.456057 0.169834 0.008314
0.465558 0.169834 0.007126
0.555819 0.169834 0.008314
0.567696 0.169834 0.008314
0.580760 0.169834 0.008314
0.591449 0.169834 0.004751
0.600950 0.169834 0.007126
0.611639 0.169834 0.008314
0.200713 0.171021 0.008314
0.387173 0.171021 0.005938
0.396675 0.171021 0.007126
0.406176 0.171021 0.008314
0.433492 0.171021 0.008314
0.444181 0.171021 0.008314
0.484561 0.171021 0.008314
0.521378 0.171021 0.008314
0.541568 0.171021 0.013064
0.178147 0.172209 0.005938
0.190024 0.172209 0.008314
0.364608 0.172209 0.005938
0.375297 0.172209 0.008314
0.420428 0.172209 0.008314
0.496437 0.172209 0.007126
0.508314 0.172209 0.008314
0.532067 0.172209 0.008314
0.159145 0.173397 0.005938
0.167458 0.173397 0.005938
0.136580 0.174584 0.008314
0.149644 0.174584 0.007126
0.882423 0.174584 0.008314
0.871734 0.175772 0.004751
0.122328 0.176960 0.008314
0.847981 0.176960 0.004751
0.861045 0.178147 0.013064
0.792162 0.179335 0.004751
0.837292 0.179335 0.013064
0.764846 0.180523 0.007126
0.781473 0.180523 0.013064
0.828979 0.180523 0.014252
0.774347 0.181710 0.004751
0.818290 0.181710 0.008314
0.752969 0.182898 0.007126
0.805226 0.182898 0.010689
0.652019 0.184086 0.008314
0.660333 0.184086 0.005938
0.730404 0.184086 0.008314
0.741093 0.184086 0.008314
0.282660 0.185273 0.008314
0.669834 0.185273 0.013064
0.710214 0.185273 0.007126
0.719715 0.185273 0.008314
0.242280 0.186461 0.008314
0.273159 0.186461 0.005938
0.332542 0.186461 0.008314
0.370546 0.186461 0.004751
0.619952 0.186461 0.008314
0.630641 0.186461 0.007126
0.640143 0.186461 0.005938
0.699525 0.186461 0.007126
0.231591 0.187648 0.007126
0.254157 0.187648 0.004751
0.262470 0.187648 0.008314
0.342043 0.187648 0.004751
0.351544 0.187648 0.007126
0.378860 0.187648 0.004751
0.469121 0.187648 0.008314
0.479810 0.187648 0.008314
0.492874 0.187648 0.005938
0.609264 0.187648 0.008314
0.193587 0.188836 0.008314
0.203088 0.188836 0.005938
0.390736 0.188836 0.008314
0.401425 0.188836 0.008314
0.413302 0.188836 0.008314
0.425178 0.188836 0.007126
0.438242 0.188836 0.008314
0.448931 0.188836 0.007126
0.458432 0.188836 0.007126
0.502375 0.188836 0.005938
0.511876 0.188836 0.005938
0.526128 0.188836 0.008314
0.549881 0.188836 0.004751
0.570071 0.188836 0.008314
0.579572 0.188836 0.005938
0.589074 0.188836 0.004751
0.598575 0.188836 0.007126
0.173397 0.190024 0.005938
0.182898 0.190024 0.005938
0.213777 0.190024 0.005938
0.222090 0.190024 0.005938
0.540380 0.190024 0.008314
0.558195 0.190024 0.007126
0.155582 0.191211 0.007126
0.165083 0.191211 0.004751
0.121140 0.192399 0.008314
0.135392 0.192399 0.007126
0.146081 0.192399 0.007126
0.880048 0.192399 0.008314
0.870546 0.193587 0.008314
0.852732 0.195962 0.005938
0.861045 0.195962 0.007126
0.842043 0.197150 0.005938
0.767221 0.198337 0.010689
0.825416 0.198337 0.005938
0.833729 0.198337 0.004751
0.745843 0.199525 0.005938
0.752969 0.199525 0.011876
0.775534 0.199525 0.010689
0.792162 0.199525 0.008314
0.802850 0.199525 0.008314
0.814727 0.199525 0.008314
0.736342 0.200713 0.005938
0.665083 0.201900 0.004751
0.674584 0.201900 0.005938
0.682898 0.201900 0.013064
0.726841 0.201900 0.008314
0.630641 0.203088 0.013064
0.638955 0.203088 0.004751
0.647268 0.203088 0.004751
0.655582 0.203088 0.013064
0.697150 0.203088 0.008314
0.711401 0.203088 0.008314
0.288599 0.204276 0.008314
0.618765 0.204276 0.008314
0.232779 0.205463 0.008314
0.258907 0.205463 0.013064
0.277910 0.205463 0.008314
0.414489 0.205463 0.007126
0.425178 0.205463 0.004751
0.437055 0.205463 0.008314
0.445368 0.205463 0.005938
0.453682 0.205463 0.004751
0.466746 0.205463 0.005938
0.477435 0.205463 0.007126
0.486936 0.205463 0.008314
0.500000 0.205463 0.007126
0.509501 0.205463 0.007126
0.520190 0.205463 0.008314
0.547506 0.205463 0.010689
0.560570 0.205463 0.007126
0.602138 0.205463 0.008314
0.220903 0.206651 0.007126
0.241093 0.206651 0.005938
0.250594 0.206651 0.008314
0.301663 0.206651 0.011876
0.309976 0.206651 0.007126
0.320665 0.206651 0.007126
0.336105 0.206651 0.008314
0.347981 0.206651 0.007126
0.358670 0.206651 0.008314
0.368171 0.206651 0.004751
0.376485 0.206651 0.013064
0.385986 0.206651 0.008314
0.402613 0.206651 0.008314
0.538005 0.206651 0.008314
0.574822 0.206651 0.009501
0.593824 0.206651 0.008314
0.197150 0.207838 0.008314
0.207838 0.207838 0.008314
0.119952 0.209026 0.008314
0.144893 0.209026 0.008314
0.154394 0.209026 0.005938
0.162708 0.209026 0.004751
0.172209 0.209026 0.007126
0.186461 0.209026 0.008314
0.131829 0.210214 0.005938
0.865796 0.212589 0.005938
0.875297 0.212589 0.004751
0.857482 0.213777 0.009501
0.844418 0.214964 0.005938
0.828979 0.216152 0.004751
0.836105 0.216152 0.013064
0.790974 0.217340 0.004751
0.801663 0.217340 0.007126
0.821853 0.217340 0.004751
0.728029 0.218527 0.010689
0.739905 0.218527 0.008314
0.750594 0.218527 0.005938
0.760095 0.218527 0.008314
0.766033 0.218527 0.010689
0.781473 0.218527 0.008314
0.811164 0.218527 0.008314
0.669834 0.220903 0.013064
0.679335 0.220903 0.005938
0.687648 0.220903 0.008314
0.699525 0.220903 0.007126
0.709026 0.220903 0.013064
0.608076 0.222090 0.004751
0.617577 0.222090 0.005938
0.627078 0.222090 0.005938
0.636580 0.222090 0.007126
0.647268 0.222090 0.005938
0.656770 0.222090 0.008314
0.428741 0.223278 0.008314
0.586698 0.223278 0.005938
0.596200 0.223278 0.004751
0.154394 0.224466 0.004751
0.267221 0.224466 0.004751
0.287411 0.224466 0.008314
0.307601 0.224466 0.008314
0.416865 0.224466 0.013064
0.437055 0.224466 0.005938
0.450119 0.224466 0.008314
0.469121 0.224466 0.005938
0.477435 0.224466 0.005938
0.488124 0.224466 0.007126
0.513064 0.224466 0.007126
0.546318 0.224466 0.007126
0.567696 0.224466 0.007126
0.576010 0.224466 0.007126
0.131829 0.225653 0.005938
0.141330 0.225653 0.004751
0.162708 0.225653 0.011876
0.171021 0.225653 0.004751
0.205463 0.225653 0.007126
0.216152 0.225653 0.005938
0.225653 0.225653 0.005938
0.233967 0.225653 0.004751
0.245843 0.225653 0.004751
0.257720 0.225653 0.008314
0.274347 0.225653 0.013064
0.298100 0.225653 0.008314
0.324228 0.225653 0.011876
0.332542 0.225653 0.004751
0.340855 0.225653 0.004751
0.351544 0.225653 0.007126
0.361045 0.225653 0.004751
0.370546 0.225653 0.008314
0.384798 0.225653 0.011876
0.393112 0.225653 0.004751
0.401425 0.225653 0.008314
0.458432 0.225653 0.007126
0.500000 0.225653 0.008314
0.524941 0.225653 0.008314
0.536817 0.225653 0.007126
0.558195 0.225653 0.008314
0.122328 0.226841 0.013064
0.180523 0.226841 0.007126
0.192399 0.228029 0.008314
