0.723278 0.083135 0.005938
0.732779 0.083135 0.005938
0.742280 0.083135 0.013064
0.783848 0.083135 0.007126
0.817102 0.083135 0.008314
0.827791 0.083135 0.005938
0.834917 0.083135 0.004751
0.843230 0.083135 0.005938
0.852732 0.083135 0.004751
0.882423 0.083135 0.009501
0.633017 0.084323 0.005938
0.674584 0.084323 0.005938
0.694774 0.084323 0.004751
0.757720 0.084323 0.008314
0.766033 0.084323 0.004751
0.774347 0.084323 0.005938
0.794537 0.084323 0.008314
0.865796 0.084323 0.010689
0.875297 0.084323 0.011876
0.615202 0.085511 0.004751
0.622328 0.085511 0.010689
0.641330 0.085511 0.004751
0.648456 0.085511 0.004751
0.666271 0.085511 0.004751
0.685273 0.085511 0.007126
0.703088 0.085511 0.005938
0.711401 0.085511 0.008314
0.805226 0.085511 0.008314
0.564133 0.086698 0.007126
0.573634 0.086698 0.005938
0.599762 0.086698 0.004751
0.606888 0.086698 0.004751
0.657957 0.086698 0.005938
0.553444 0.087886 0.007126
0.583135 0.087886 0.004751
0.591449 0.087886 0.005938
0.476247 0.089074 0.004751
0.483373 0.089074 0.004751
0.492874 0.089074 0.005938
0.501188 0.089074 0.004751
0.510689 0.089074 0.005938
0.519002 0.089074 0.004751
0.527316 0.089074 0.005938
0.538005 0.089074 0.008314
0.339667 0.090261 0.005938
0.399050 0.090261 0.005938
0.407363 0.090261 0.004751
0.416865 0.090261 0.007126
0.467933 0.090261 0.011876
0.349169 0.091449 0.005938
0.364608 0.091449 0.004751
0.371734 0.091449 0.005938
0.381235 0.091449 0.004751
0.389549 0.091449 0.013064
0.274347 0.092637 0.005938
0.285036 0.092637 0.005938
0.313539 0.092637 0.004751
0.328979 0.092637 0.004751
0.166271 0.093824 0.005938
0.176960 0.093824 0.005938
0.186461 0.093824 0.005938
0.199525 0.093824 0.004751
0.207838 0.093824 0.004751
0.214964 0.093824 0.011876
0.224466 0.093824 0.008314
0.238717 0.093824 0.005938
0.257720 0.093824 0.005938
0.266033 0.093824 0.004751
0.295724 0.093824 0.008314
0.305226 0.093824 0.004751
0.321853 0.093824 0.004751
0.148456 0.095012 0.005938
0.157957 0.095012 0.004751
0.248219 0.095012 0.007126
0.137767 0.097387 0.005938
0.846793 0.098575 0.007126
0.855107 0.098575 0.004751
0.862233 0.098575 0.004751
0.869359 0.098575 0.004751
0.129454 0.099762 0.008314
0.768409 0.099762 0.008314
0.779097 0.099762 0.008314
0.788599 0.099762 0.008314
0.818290 0.099762 0.008314
0.827791 0.099762 0.008314
0.834917 0.099762 0.008314
0.624703 0.100950 0.007126
0.656770 0.100950 0.005938
0.666271 0.100950 0.004751
0.714964 0.100950 0.008314
0.724466 0.100950 0.004751
0.756532 0.100950 0.004751
0.805226 0.100950 0.008314
0.635392 0.102138 0.008314
0.648456 0.102138 0.007126
0.673397 0.102138 0.004751
0.694774 0.102138 0.005938
0.703088 0.102138 0.004751
0.733967 0.102138 0.007126
0.747031 0.102138 0.007126
0.541568 0.103325 0.007126
0.568884 0.103325 0.005938
0.579572 0.103325 0.007126
0.603325 0.103325 0.004751
0.685273 0.103325 0.008314
0.520190 0.104513 0.005938
0.528504 0.104513 0.007126
0.552257 0.104513 0.011876
0.559382 0.104513 0.004751
0.591449 0.104513 0.008314
0.611639 0.104513 0.008314
0.460808 0.105701 0.005938
0.470309 0.105701 0.004751
0.501188 0.105701 0.007126
0.510689 0.105701 0.005938
0.378860 0.106888 0.005938
0.406176 0.106888 0.005938
0.451306 0.106888 0.005938
0.492874 0.106888 0.005938
0.257720 0.108076 0.005938
0.267221 0.108076 0.007126
0.280285 0.108076 0.007126
0.323040 0.108076 0.007126
0.333729 0.108076 0.004751
0.347981 0.108076 0.007126
0.359857 0.108076 0.004751
0.368171 0.108076 0.009501
0.388361 0.108076 0.005938
0.397862 0.108076 0.005938
0.185273 0.109264 0.008314
0.195962 0.109264 0.008314
0.289786 0.109264 0.010689
0.304038 0.109264 0.004751
0.163895 0.110451 0.007126
0.174584 0.110451 0.005938
0.206651 0.110451 0.004751
0.214964 0.110451 0.004751
0.223278 0.110451 0.005938
0.232779 0.110451 0.005938
0.241093 0.110451 0.005938
0.249406 0.110451 0.004751
0.296912 0.110451 0.004751
0.313539 0.110451 0.005938
0.127078 0.111639 0.011876
0.135392 0.111639 0.004751
0.142518 0.111639 0.010689
0.152019 0.111639 0.004751
0.865796 0.114014 0.010689
0.633017 0.115202 0.009501
0.855107 0.115202 0.005938
0.693587 0.116390 0.008314
0.705463 0.116390 0.004751
0.714964 0.116390 0.005938
0.723278 0.116390 0.004751
0.732779 0.116390 0.007126
0.744656 0.116390 0.007126
0.763658 0.116390 0.008314
0.776722 0.116390 0.008314
0.800475 0.116390 0.004751
0.809976 0.116390 0.005938
0.837292 0.116390 0.005938
0.846793 0.116390 0.005938
0.667458 0.117577 0.005938
0.686461 0.117577 0.008314
0.754157 0.117577 0.005938
0.789786 0.117577 0.008314
0.820665 0.117577 0.007126
0.828979 0.117577 0.005938
0.604513 0.118765 0.007126
0.616390 0.118765 0.008314
0.656770 0.118765 0.007126
0.674584 0.118765 0.005938
0.510689 0.119952 0.005938
0.519002 0.119952 0.005938
0.529691 0.119952 0.007126
0.542755 0.119952 0.007126
0.571259 0.119952 0.008314
0.586698 0.119952 0.008314
0.595012 0.119952 0.004751
0.642518 0.119952 0.007126
0.486936 0.121140 0.004751
0.553444 0.121140 0.005938
0.562945 0.121140 0.007126
0.381235 0.122328 0.008314
0.402613 0.122328 0.005938
0.410926 0.122328 0.005938
0.458432 0.122328 0.007126
0.467933 0.122328 0.005938
0.478622 0.122328 0.005938
0.276722 0.123515 0.007126
0.289786 0.123515 0.005938
0.317102 0.123515 0.004751
0.327791 0.123515 0.008314
0.334917 0.123515 0.005938
0.346793 0.123515 0.010689
0.353919 0.123515 0.004751
0.363420 0.123515 0.007126
0.374109 0.123515 0.004751
0.393112 0.123515 0.004751
0.440618 0.123515 0.004751
0.448931 0.123515 0.007126
0.191211 0.124703 0.007126
0.268409 0.124703 0.005938
0.299287 0.124703 0.005938
0.309976 0.124703 0.008314
0.163895 0.125891 0.004751
0.173397 0.125891 0.005938
0.182898 0.125891 0.005938
0.203088 0.125891 0.008314
0.210214 0.125891 0.004751
0.217340 0.125891 0.004751
0.229216 0.125891 0.007126
0.239905 0.125891 0.005938
0.249406 0.125891 0.004751
0.257720 0.125891 0.007126
0.136580 0.127078 0.007126
0.146081 0.127078 0.005938
0.155582 0.127078 0.005938
0.125891 0.129454 0.005938
0.878860 0.129454 0.008314
0.858670 0.130641 0.007126
0.868171 0.130641 0.004751
0.750594 0.131829 0.011876
0.757720 0.131829 0.004751
0.840855 0.131829 0.008314
0.511876 0.133017 0.004751
0.667458 0.133017 0.005938
0.729216 0.133017 0.004751
0.737530 0.133017 0.011876
0.767221 0.133017 0.005938
0.776722 0.133017 0.007126
0.787411 0.133017 0.004751
0.794537 0.133017 0.004751
0.802850 0.133017 0.005938
0.811164 0.133017 0.007126
0.828979 0.133017 0.004751
0.849169 0.133017 0.007126
0.659145 0.134204 0.004751
0.711401 0.134204 0.008314
0.720903 0.134204 0.005938
0.821853 0.134204 0.008314
0.599762 0.135392 0.005938
0.630641 0.135392 0.008314
0.642518 0.135392 0.008314
0.650831 0.135392 0.004751
0.520190 0.136580 0.005938
0.532067 0.136580 0.008314
0.551069 0.136580 0.007126
0.560570 0.136580 0.005938
0.570071 0.136580 0.005938
0.579572 0.136580 0.004751
0.586698 0.136580 0.010689
0.611639 0.136580 0.008314
0.621140 0.136580 0.005938
0.193587 0.138955 0.007126
0.206651 0.138955 0.005938
0.361045 0.138955 0.008314
0.377672 0.138955 0.008314
0.390736 0.138955 0.008314
0.399050 0.138955 0.010689
0.414489 0.138955 0.007126
0.445368 0.138955 0.005938
0.453682 0.138955 0.005938
0.463183 0.138955 0.005938
0.471496 0.138955 0.007126
0.484561 0.138955 0.007126
0.173397 0.140143 0.005938
0.182898 0.140143 0.005938
0.245843 0.140143 0.005938
0.155582 0.141330 0.004751
0.163895 0.141330 0.005938
0.216152 0.141330 0.008314
0.225653 0.141330 0.004751
0.235154 0.141330 0.005938
0.257720 0.141330 0.007126
0.268409 0.141330 0.007126
0.334917 0.141330 0.010689
0.349169 0.141330 0.008314
0.369359 0.141330 0.008314
0.146081 0.142518 0.005938
0.125891 0.143705 0.007126
0.135392 0.143705 0.005938
0.876485 0.146081 0.005938
0.884798 0.146081 0.008314
0.868171 0.147268 0.004751
0.812352 0.148456 0.007126
0.821853 0.148456 0.005938
0.859857 0.148456 0.005938
0.763658 0.149644 0.005938
0.774347 0.149644 0.008314
0.787411 0.149644 0.010689
0.794537 0.149644 0.004751
0.802850 0.149644 0.005938
0.830166 0.149644 0.004751
0.844418 0.149644 0.004751
0.713777 0.150831 0.008314
0.722090 0.150831 0.005938
0.743468 0.150831 0.007126
0.754157 0.150831 0.008314
0.837292 0.150831 0.010689
0.731591 0.152019 0.007126
0.541568 0.153207 0.008314
0.579572 0.153207 0.008314
0.616390 0.153207 0.005938
0.625891 0.153207 0.005938
0.654394 0.153207 0.005938
0.662708 0.153207 0.007126
0.471496 0.154394 0.011876
0.488124 0.154394 0.004751
0.521378 0.154394 0.004751
0.529691 0.154394 0.008314
0.549881 0.154394 0.004751
0.559382 0.154394 0.008314
0.592637 0.154394 0.008314
0.603325 0.154394 0.008314
0.635392 0.154394 0.007126
0.644893 0.154394 0.007126
0.280285 0.155582 0.010689
0.370546 0.155582 0.004751
0.378860 0.155582 0.005938
0.387173 0.155582 0.005938
0.395487 0.155582 0.005938
0.403800 0.155582 0.005938
0.414489 0.155582 0.008314
0.498812 0.155582 0.008314
0.511876 0.155582 0.007126
0.566508 0.155582 0.008314
0.166271 0.156770 0.005938
0.176960 0.156770 0.007126
0.197150 0.156770 0.008314
0.211401 0.156770 0.005938
0.219715 0.156770 0.004751
0.229216 0.156770 0.008314
0.239905 0.156770 0.007126
0.264846 0.156770 0.004751
0.271971 0.156770 0.004751
0.338480 0.156770 0.009501
0.359857 0.156770 0.008314
0.425178 0.156770 0.008314
0.150831 0.157957 0.011876
0.187648 0.157957 0.004751
0.256532 0.157957 0.004751
0.345606 0.157957 0.010689
0.141330 0.159145 0.005938
0.459620 0.159145 0.008314
0.125891 0.160333 0.010689
0.131829 0.160333 0.004751
0.875297 0.162708 0.010689
0.858670 0.163895 0.011876
0.248219 0.165083 0.004751
0.839667 0.165083 0.005938
0.850356 0.165083 0.005938
0.723278 0.166271 0.004751
0.730404 0.166271 0.004751
0.762470 0.166271 0.008314
0.792162 0.166271 0.004751
0.814727 0.166271 0.008314
0.824228 0.166271 0.004751
0.831354 0.166271 0.004751
0.712589 0.167458 0.008314
0.739905 0.167458 0.005938
0.748219 0.167458 0.007126
0.773159 0.167458 0.008314
0.786223 0.167458 0.010689
0.801663 0.167458 0.008314
0.659145 0.168646 0.005938
0.590261 0.169834 0.008314
0.609264 0.169834 0.005938
0.629454 0.169834 0.007126
0.649644 0.169834 0.005938
0.514252 0.171021 0.011876
0.539192 0.171021 0.007126
0.559382 0.171021 0.005938
0.567696 0.171021 0.004751
0.599762 0.171021 0.005938
0.619952 0.171021 0.007126
0.640143 0.171021 0.008314
0.197150 0.172209 0.005938
0.210214 0.172209 0.007126
0.219715 0.172209 0.004751
0.255344 0.172209 0.004751
0.270784 0.172209 0.004751
0.361045 0.172209 0.010689
0.507126 0.172209 0.004751
0.524941 0.172209 0.008314
0.549881 0.172209 0.008314
0.576010 0.172209 0.010689
0.179335 0.173397 0.004751
0.188836 0.173397 0.004751
0.229216 0.173397 0.005938
0.239905 0.173397 0.007126
0.262470 0.173397 0.004751
0.277910 0.173397 0.004751
0.353919 0.173397 0.004751
0.375297 0.173397 0.005938
0.384798 0.173397 0.005938
0.399050 0.173397 0.008314
0.410926 0.173397 0.008314
0.422803 0.173397 0.008314
0.465558 0.173397 0.008314
0.477435 0.173397 0.007126
0.488124 0.173397 0.005938
0.497625 0.173397 0.007126
0.161520 0.174584 0.008314
0.172209 0.174584 0.008314
0.336105 0.174584 0.008314
0.345606 0.174584 0.005938
0.453682 0.174584 0.008314
0.124703 0.175772 0.007126
0.134204 0.175772 0.004751
0.150831 0.175772 0.004751
0.140143 0.176960 0.010689
0.834917 0.180523 0.009501
0.857482 0.180523 0.004751
0.876485 0.180523 0.008314
0.849169 0.181710 0.005938
0.868171 0.181710 0.008314
0.725653 0.184086 0.008314
0.735154 0.184086 0.004751
0.742280 0.184086 0.008314
0.760095 0.184086 0.004751
0.811164 0.184086 0.005938
0.643705 0.185273 0.005938
0.653207 0.185273 0.007126
0.662708 0.185273 0.007126
0.706651 0.185273 0.005938
0.714964 0.185273 0.004751
0.751781 0.185273 0.005938
0.787411 0.185273 0.008314
0.801663 0.185273 0.008314
0.820665 0.185273 0.010689
0.634204 0.186461 0.007126
0.672209 0.186461 0.005938
0.679335 0.186461 0.011876
0.697150 0.186461 0.008314
0.768409 0.186461 0.011876
0.777910 0.186461 0.007126
0.608076 0.187648 0.008314
0.624703 0.187648 0.008314
0.596200 0.188836 0.009501
0.200713 0.190024 0.005938
0.212589 0.190024 0.009501
0.226841 0.190024 0.008314
0.275534 0.190024 0.007126
0.286223 0.190024 0.013064
0.467933 0.190024 0.005938
0.571259 0.190024 0.008314
0.191211 0.191211 0.005938
0.237530 0.191211 0.009501
0.243468 0.191211 0.004751
0.252969 0.191211 0.005938
0.266033 0.191211 0.008314
0.368171 0.191211 0.008314
0.381235 0.191211 0.007126
0.407363 0.191211 0.004751
0.446556 0.191211 0.013064
0.456057 0.191211 0.007126
0.504751 0.191211 0.004751
0.515439 0.191211 0.008314
0.527316 0.191211 0.008314
0.543943 0.191211 0.008314
0.554632 0.191211 0.008314
0.581948 0.191211 0.008314
0.134204 0.192399 0.004751
0.174584 0.192399 0.005938
0.182898 0.192399 0.004751
0.327791 0.192399 0.011876
0.336105 0.192399 0.004751
0.357482 0.192399 0.007126
0.391924 0.192399 0.011876
0.438242 0.192399 0.004751
0.476247 0.192399 0.008314
0.485748 0.192399 0.005938
0.495249 0.192399 0.005938
0.124703 0.193587 0.013064
0.147268 0.193587 0.008314
0.156770 0.193587 0.004751
0.165083 0.193587 0.007126
0.344418 0.193587 0.011876
0.427553 0.193587 0.008314
0.852732 0.198337 0.004751
0.863420 0.198337 0.005938
0.876485 0.198337 0.010689
0.824228 0.199525 0.005938
0.833729 0.199525 0.008314
0.845606 0.199525 0.008314
0.756532 0.200713 0.004751
0.700713 0.201900 0.010689
0.724466 0.201900 0.010689
0.733967 0.201900 0.008314
0.745843 0.201900 0.008314
0.796912 0.201900 0.008314
0.813539 0.201900 0.004751
0.659145 0.203088 0.008314
0.671021 0.203088 0.004751
0.686461 0.203088 0.005938
0.710214 0.203088 0.004751
0.718527 0.203088 0.010689
0.770784 0.203088 0.007126
0.781473 0.203088 0.008314
0.805226 0.203088 0.005938
0.608076 0.204276 0.007126
0.628266 0.204276 0.011876
0.642518 0.204276 0.011876
0.678147 0.204276 0.005938
0.592637 0.205463 0.009501
0.619952 0.205463 0.010689
0.570071 0.206651 0.007126
0.256532 0.207838 0.004751
0.263658 0.207838 0.010689
0.545131 0.207838 0.005938
0.558195 0.207838 0.007126
0.579572 0.207838 0.008314
0.205463 0.209026 0.008314
0.216152 0.209026 0.004751
0.232779 0.209026 0.007126
0.275534 0.209026 0.005938
0.283848 0.209026 0.004751
0.375297 0.209026 0.008314
0.425178 0.209026 0.008314
0.456057 0.209026 0.008314
0.466746 0.209026 0.011876
0.480998 0.209026 0.004751
0.503563 0.209026 0.010689
0.511876 0.209026 0.004751
0.521378 0.209026 0.007126
0.533254 0.209026 0.007126
0.161520 0.210214 0.007126
0.193587 0.210214 0.008314
0.248219 0.210214 0.004751
0.307601 0.210214 0.008314
0.328979 0.210214 0.004751
0.347981 0.210214 0.007126
0.358670 0.210214 0.010689
0.387173 0.210214 0.008314
0.399050 0.210214 0.007126
0.408551 0.210214 0.004751
0.415677 0.210214 0.004751
0.439430 0.210214 0.009501
0.473872 0.210214 0.004751
0.489311 0.210214 0.007126
0.872922 0.210214 0.024941
0.131829 0.211401 0.004751
0.140143 0.211401 0.005938
0.150831 0.211401 0.007126
0.172209 0.211401 0.007126
0.182898 0.211401 0.008314
0.298100 0.211401 0.007126
0.319477 0.211401 0.005938
0.336105 0.211401 0.011876
0.122328 0.212589 0.008314
0.853919 0.213777 0.007126
0.863420 0.213777 0.008314
0.844418 0.214964 0.008314
0.832542 0.216152 0.005938
0.823040 0.217340 0.008314
0.725653 0.218527 0.008314
0.738717 0.218527 0.008314
0.752969 0.218527 0.008314
0.762470 0.218527 0.005938
0.774347 0.218527 0.008314
0.794537 0.218527 0.005938
0.804038 0.218527 0.004751
0.812352 0.218527 0.007126
0.704276 0.219715 0.004751
0.714964 0.219715 0.008314
0.785036 0.219715 0.008314
0.697150 0.220903 0.004751
0.655582 0.222090 0.008314
0.686461 0.222090 0.007126
0.612827 0.223278 0.007126
0.633017 0.223278 0.004751
0.643705 0.223278 0.008314
0.665083 0.223278 0.007126
0.675772 0.223278 0.007126
0.546318 0.224466 0.007126
0.555819 0.224466 0.007126
0.599762 0.224466 0.008314
0.625891 0.224466 0.011876
0.503563 0.225653 0.005938
0.534442 0.225653 0.008314
0.578385 0.225653 0.008314
0.589074 0.225653 0.007126
0.371734 0.226841 0.005938
0.389549 0.226841 0.004751
0.486936 0.226841 0.005938
0.495249 0.226841 0.004751
0.526128 0.226841 0.007126
0.566508 0.226841 0.008314
0.135392 0.228029 0.008314
0.169834 0.228029 0.004751
0.178147 0.228029 0.005938
0.194774 0.228029 0.004751
0.241093 0.228029 0.004751
0.248219 0.228029 0.011876
0.273159 0.228029 0.004751
0.289786 0.228029 0.004751
0.347981 0.228029 0.008314
0.361045 0.228029 0.008314
0.380048 0.228029 0.005938
0.397862 0.228029 0.008314
0.409739 0.228029 0.013064
0.416865 0.228029 0.013064
0.465558 0.228029 0.005938
0.476247 0.228029 0.008314
0.515439 0.228029 0.008314
0.119952 0.229216 0.010689
0.127078 0.229216 0.004751
0.147268 0.229216 0.008314
0.160333 0.229216 0.008314
0.186461 0.229216 0.005938
0.201900 0.229216 0.004751
0.222090 0.229216 0.008314
0.232779 0.229216 0.005938
0.261283 0.229216 0.008314
0.281473 0.229216 0.005938
0.296912 0.229216 0.004751
0.306413 0.229216 0.007126
0.331354 0.229216 0.010689
0.444181 0.229216 0.015439
0.454869 0.229216 0.007126
0.210214 0.230404 0.013064
0.319477 0.230404 0.007126
