0.771971 0.077197 0.011876
0.861045 0.078385 0.004751
0.866983 0.078385 0.004751
0.752969 0.079572 0.010689
0.780285 0.079572 0.004751
0.787411 0.079572 0.004751
0.795724 0.079572 0.011876
0.804038 0.079572 0.004751
0.811164 0.079572 0.004751
0.819477 0.079572 0.005938
0.826603 0.079572 0.004751
0.838480 0.079572 0.008314
0.851544 0.079572 0.008314
0.745843 0.080760 0.010689
0.719715 0.081948 0.007126
0.735154 0.081948 0.008314
0.605701 0.083135 0.007126
0.615202 0.083135 0.005938
0.623515 0.083135 0.005938
0.644893 0.083135 0.008314
0.508314 0.084323 0.008314
0.595012 0.084323 0.008314
0.633017 0.084323 0.007126
0.657957 0.084323 0.008314
0.671021 0.084323 0.008314
0.685273 0.084323 0.008314
0.695962 0.084323 0.005938
0.706651 0.084323 0.008314
0.496437 0.085511 0.008314
0.520190 0.085511 0.008314
0.547506 0.085511 0.004751
0.584323 0.085511 0.008314
0.441805 0.086698 0.008314
0.465558 0.086698 0.005938
0.475059 0.086698 0.007126
0.484561 0.086698 0.008314
0.532067 0.086698 0.013064
0.539192 0.086698 0.013064
0.557007 0.086698 0.008314
0.570071 0.086698 0.008314
0.395487 0.087886 0.007126
0.458432 0.087886 0.011876
0.415677 0.089074 0.008314
0.431116 0.089074 0.008314
0.280285 0.090261 0.007126
0.317102 0.090261 0.010689
0.324228 0.090261 0.004751
0.331354 0.090261 0.004751
0.342043 0.090261 0.008314
0.356295 0.090261 0.010689
0.369359 0.090261 0.008314
0.382423 0.090261 0.008314
0.404988 0.090261 0.004751
0.229216 0.091449 0.008314
0.239905 0.091449 0.005938
0.249406 0.091449 0.005938
0.260095 0.091449 0.008314
0.271971 0.091449 0.013064
0.290974 0.091449 0.008314
0.306413 0.091449 0.007126
0.157957 0.092637 0.007126
0.169834 0.092637 0.008314
0.180523 0.092637 0.004751
0.190024 0.092637 0.007126
0.210214 0.092637 0.007126
0.219715 0.092637 0.005938
0.881235 0.092637 0.007126
0.147268 0.093824 0.004751
0.200713 0.093824 0.005938
0.824228 0.093824 0.008314
0.850356 0.093824 0.007126
0.861045 0.093824 0.008314
0.871734 0.093824 0.007126
0.127078 0.095012 0.005938
0.140143 0.095012 0.004751
0.767221 0.095012 0.004751
0.801663 0.095012 0.005938
0.809976 0.095012 0.010689
0.838480 0.095012 0.007126
0.789786 0.096200 0.008314
0.731591 0.097387 0.005938
0.743468 0.097387 0.008314
0.755344 0.097387 0.008314
0.775534 0.097387 0.008314
0.675772 0.098575 0.008314
0.713777 0.098575 0.005938
0.723278 0.098575 0.007126
0.650831 0.099762 0.007126
0.660333 0.099762 0.008314
0.690024 0.099762 0.008314
0.701900 0.099762 0.007126
0.617577 0.100950 0.008314
0.629454 0.100950 0.008314
0.641330 0.100950 0.005938
0.596200 0.102138 0.009501
0.606888 0.102138 0.004751
0.466746 0.103325 0.008314
0.502375 0.103325 0.005938
0.510689 0.103325 0.008314
0.521378 0.103325 0.005938
0.530879 0.103325 0.004751
0.541568 0.103325 0.007126
0.552257 0.103325 0.007126
0.562945 0.103325 0.007126
0.576010 0.103325 0.004751
0.454869 0.104513 0.008314
0.482185 0.104513 0.008314
0.492874 0.104513 0.005938
0.338480 0.105701 0.008314
0.349169 0.105701 0.008314
0.363420 0.105701 0.007126
0.371734 0.105701 0.004751
0.380048 0.105701 0.004751
0.397862 0.105701 0.013064
0.415677 0.105701 0.005938
0.428741 0.105701 0.007126
0.242280 0.106888 0.004751
0.250594 0.106888 0.004751
0.261283 0.106888 0.007126
0.271971 0.106888 0.008314
0.289786 0.106888 0.007126
0.300475 0.106888 0.005938
0.308789 0.106888 0.004751
0.317102 0.106888 0.005938
0.326603 0.106888 0.007126
0.389549 0.106888 0.007126
0.878860 0.106888 0.008314
0.212589 0.108076 0.007126
0.222090 0.108076 0.004751
0.230404 0.108076 0.008314
0.863420 0.108076 0.007126
0.148456 0.109264 0.007126
0.159145 0.109264 0.007126
0.169834 0.109264 0.004751
0.178147 0.109264 0.004751
0.198337 0.109264 0.008314
0.843230 0.109264 0.008314
0.853919 0.109264 0.007126
0.138955 0.110451 0.007126
0.186461 0.110451 0.008314
0.786223 0.110451 0.007126
0.830166 0.110451 0.004751
0.129454 0.111639 0.007126
0.776722 0.111639 0.005938
0.795724 0.111639 0.007126
0.808789 0.111639 0.007126
0.763658 0.112827 0.008314
0.820665 0.112827 0.008314
0.710214 0.114014 0.008314
0.731591 0.114014 0.007126
0.743468 0.114014 0.008314
0.752969 0.114014 0.007126
0.671021 0.115202 0.008314
0.722090 0.115202 0.008314
0.614014 0.116390 0.004751
0.681710 0.116390 0.008314
0.695962 0.116390 0.008314
0.497625 0.117577 0.007126
0.568884 0.117577 0.011876
0.583135 0.117577 0.005938
0.591449 0.117577 0.004751
0.600950 0.117577 0.008314
0.624703 0.117577 0.007126
0.635392 0.117577 0.005938
0.643705 0.117577 0.004751
0.653207 0.117577 0.008314
0.662708 0.117577 0.004751
0.289786 0.118765 0.007126
0.508314 0.118765 0.004751
0.516627 0.118765 0.005938
0.539192 0.118765 0.004751
0.551069 0.118765 0.007126
0.560570 0.118765 0.005938
0.315914 0.119952 0.007126
0.336105 0.119952 0.004751
0.226841 0.121140 0.005938
0.241093 0.121140 0.008314
0.254157 0.121140 0.008314
0.304038 0.121140 0.005938
0.325416 0.121140 0.005938
0.346793 0.121140 0.007126
0.357482 0.121140 0.005938
0.390736 0.121140 0.004751
0.399050 0.121140 0.004751
0.412114 0.121140 0.008314
0.421615 0.121140 0.007126
0.435867 0.121140 0.004751
0.444181 0.121140 0.004751
0.456057 0.121140 0.008314
0.200713 0.122328 0.008314
0.216152 0.122328 0.007126
0.267221 0.122328 0.005938
0.276722 0.122328 0.008314
0.366983 0.122328 0.008314
0.380048 0.122328 0.008314
0.865796 0.123515 0.010689
0.156770 0.124703 0.008314
0.169834 0.124703 0.008314
0.179335 0.124703 0.008314
0.192399 0.124703 0.005938
0.128266 0.125891 0.007126
0.147268 0.125891 0.005938
0.824228 0.125891 0.005938
0.844418 0.125891 0.007126
0.855107 0.125891 0.005938
0.137767 0.127078 0.008314
0.806413 0.127078 0.010689
0.832542 0.127078 0.008314
0.781473 0.128266 0.005938
0.789786 0.128266 0.011876
0.761283 0.129454 0.005938
0.771971 0.129454 0.007126
0.750594 0.130641 0.008314
0.729216 0.131829 0.011876
0.737530 0.131829 0.008314
0.712589 0.133017 0.008314
0.629454 0.134204 0.008314
0.640143 0.134204 0.005938
0.648456 0.134204 0.008314
0.614014 0.135392 0.008314
0.659145 0.135392 0.013064
0.235154 0.136580 0.008314
0.245843 0.136580 0.007126
0.479810 0.136580 0.007126
0.521378 0.136580 0.008314
0.554632 0.136580 0.008314
0.567696 0.136580 0.008314
0.257720 0.137767 0.005938
0.277910 0.137767 0.004751
0.469121 0.137767 0.007126
0.585511 0.137767 0.010689
0.599762 0.137767 0.008314
0.195962 0.138955 0.008314
0.268409 0.138955 0.007126
0.345606 0.138955 0.007126
0.356295 0.138955 0.007126
0.368171 0.138955 0.008314
0.378860 0.138955 0.007126
0.412114 0.138955 0.008314
0.444181 0.138955 0.008314
0.458432 0.138955 0.008314
0.153207 0.140143 0.008314
0.166271 0.140143 0.007126
0.180523 0.140143 0.008314
0.210214 0.140143 0.008314
0.223278 0.140143 0.008314
0.333729 0.140143 0.008314
0.389549 0.140143 0.007126
0.401425 0.140143 0.005938
0.425178 0.140143 0.008314
0.434679 0.140143 0.004751
0.138955 0.141330 0.009501
0.144893 0.141330 0.011876
0.861045 0.141330 0.004751
0.877672 0.141330 0.008314
0.125891 0.142518 0.007126
0.846793 0.142518 0.004751
0.853919 0.142518 0.004751
0.868171 0.142518 0.010689
0.826603 0.143705 0.008314
0.836105 0.143705 0.008314
0.792162 0.146081 0.008314
0.802850 0.146081 0.008314
0.812352 0.146081 0.004751
0.768409 0.147268 0.004751
0.777910 0.147268 0.011876
0.743468 0.148456 0.010689
0.635392 0.149644 0.008314
0.713777 0.149644 0.008314
0.726841 0.149644 0.008314
0.758907 0.149644 0.008314
0.644893 0.150831 0.008314
0.655582 0.152019 0.008314
0.549881 0.153207 0.005938
0.560570 0.153207 0.008314
0.586698 0.153207 0.005938
0.597387 0.153207 0.008314
0.621140 0.153207 0.011876
0.268409 0.154394 0.008314
0.343230 0.154394 0.008314
0.572447 0.154394 0.009501
0.231591 0.155582 0.008314
0.245843 0.155582 0.011876
0.277910 0.155582 0.008314
0.355107 0.155582 0.005938
0.364608 0.155582 0.007126
0.374109 0.155582 0.005938
0.396675 0.155582 0.008314
0.416865 0.155582 0.004751
0.457245 0.155582 0.007126
0.470309 0.155582 0.008314
0.486936 0.155582 0.008314
0.498812 0.155582 0.011876
0.527316 0.155582 0.008314
0.877672 0.155582 0.010689
0.194774 0.156770 0.008314
0.209026 0.156770 0.008314
0.220903 0.156770 0.007126
0.384798 0.156770 0.008314
0.406176 0.156770 0.007126
0.423990 0.156770 0.008314
0.434679 0.156770 0.005938
0.446556 0.156770 0.005938
0.516627 0.156770 0.008314
0.539192 0.156770 0.008314
0.153207 0.157957 0.008314
0.167458 0.157957 0.008314
0.180523 0.157957 0.008314
0.857482 0.157957 0.008314
0.868171 0.157957 0.008314
0.124703 0.159145 0.008314
0.846793 0.159145 0.010689
0.137767 0.160333 0.009501
0.818290 0.160333 0.009501
0.840855 0.160333 0.010689
0.830166 0.161520 0.008314
0.802850 0.163895 0.007126
0.758907 0.166271 0.008314
0.768409 0.166271 0.008314
0.779097 0.166271 0.007126
0.792162 0.166271 0.008314
0.736342 0.168646 0.005938
0.745843 0.168646 0.007126
0.642518 0.171021 0.013064
0.273159 0.172209 0.007126
0.282660 0.172209 0.007126
0.338480 0.172209 0.008314
0.350356 0.172209 0.007126
0.486936 0.172209 0.008314
0.615202 0.172209 0.008314
0.625891 0.172209 0.008314
0.649644 0.172209 0.004751
0.659145 0.172209 0.013064
0.207838 0.173397 0.010689
0.224466 0.173397 0.010689
0.250594 0.173397 0.005938
0.261283 0.173397 0.008314
0.374109 0.173397 0.005938
0.406176 0.173397 0.005938
0.415677 0.173397 0.008314
0.427553 0.173397 0.008314
0.464371 0.173397 0.004751
0.473872 0.173397 0.007126
0.498812 0.173397 0.005938
0.507126 0.173397 0.004751
0.546318 0.173397 0.008314
0.578385 0.173397 0.005938
0.597387 0.173397 0.005938
0.605701 0.173397 0.004751
0.200713 0.174584 0.004751
0.239905 0.174584 0.008314
0.362233 0.174584 0.008314
0.395487 0.174584 0.007126
0.439430 0.174584 0.007126
0.448931 0.174584 0.007126
0.532067 0.174584 0.008314
0.555819 0.174584 0.008314
0.566508 0.174584 0.008314
0.586698 0.174584 0.008314
0.154394 0.175772 0.007126
0.382423 0.175772 0.008314
0.124703 0.176960 0.009501
0.142518 0.176960 0.008314
0.165083 0.176960 0.008314
0.178147 0.176960 0.008314
0.191211 0.176960 0.008314
0.874109 0.178147 0.005938
0.881235 0.178147 0.011876
0.863420 0.179335 0.007126
0.853919 0.180523 0.007126
0.805226 0.181710 0.011876
0.826603 0.181710 0.008314
0.814727 0.182898 0.005938
0.843230 0.182898 0.011876
0.760095 0.186461 0.008314
0.771971 0.186461 0.007126
0.781473 0.186461 0.004751
0.789786 0.186461 0.004751
0.724466 0.187648 0.004751
0.736342 0.187648 0.004751
0.748219 0.187648 0.008314
0.717340 0.188836 0.004751
0.496437 0.190024 0.007126
0.611639 0.190024 0.008314
0.707838 0.190024 0.005938
0.123515 0.191211 0.007126
0.144893 0.191211 0.008314
0.359857 0.191211 0.013064
0.407363 0.191211 0.008314
0.422803 0.191211 0.008314
0.473872 0.191211 0.005938
0.485748 0.191211 0.007126
0.507126 0.191211 0.005938
0.516627 0.191211 0.008314
0.590261 0.191211 0.004751
0.597387 0.191211 0.005938
0.641330 0.191211 0.005938
0.157957 0.192399 0.009501
0.252969 0.192399 0.010689
0.260095 0.192399 0.004751
0.338480 0.192399 0.005938
0.347981 0.192399 0.008314
0.382423 0.192399 0.008314
0.395487 0.192399 0.008314
0.437055 0.192399 0.008314
0.450119 0.192399 0.007126
0.463183 0.192399 0.008314
0.529691 0.192399 0.010689
0.543943 0.192399 0.005938
0.580760 0.192399 0.005938
0.622328 0.192399 0.008314
0.633017 0.192399 0.013064
0.653207 0.192399 0.008314
0.665083 0.192399 0.008314
0.173397 0.193587 0.008314
0.198337 0.193587 0.007126
0.207838 0.193587 0.005938
0.218527 0.193587 0.008314
0.228029 0.193587 0.005938
0.237530 0.193587 0.010689
0.271971 0.193587 0.008314
0.281473 0.193587 0.008314
0.293349 0.193587 0.004751
0.327791 0.193587 0.013064
0.558195 0.193587 0.009501
0.570071 0.193587 0.008314
0.676960 0.193587 0.008314
0.699525 0.193587 0.013064
0.130641 0.194774 0.005938
0.186461 0.194774 0.010689
0.875297 0.194774 0.005938
0.883610 0.194774 0.008314
0.864608 0.195962 0.010689
0.850356 0.197150 0.004751
0.805226 0.199525 0.004751
0.819477 0.199525 0.005938
0.840855 0.199525 0.007126
0.828979 0.200713 0.008314
0.741093 0.201900 0.004751
0.781473 0.203088 0.005938
0.792162 0.203088 0.008314
0.428741 0.204276 0.005938
0.732779 0.204276 0.011876
0.760095 0.204276 0.004751
0.770784 0.204276 0.007126
0.749406 0.205463 0.007126
0.482185 0.207838 0.007126
0.494062 0.207838 0.008314
0.591449 0.207838 0.008314
0.706651 0.207838 0.005938
0.719715 0.207838 0.008314
0.133017 0.209026 0.005938
0.144893 0.209026 0.007126
0.157957 0.209026 0.008314
0.171021 0.209026 0.005938
0.391924 0.209026 0.004751
0.404988 0.209026 0.010689
0.413302 0.209026 0.004751
0.421615 0.209026 0.011876
0.438242 0.209026 0.007126
0.446556 0.209026 0.004751
0.467933 0.209026 0.009501
0.546318 0.209026 0.007126
0.557007 0.209026 0.005938
0.579572 0.209026 0.007126
0.610451 0.209026 0.008314
0.621140 0.209026 0.008314
0.649644 0.209026 0.008314
0.661520 0.209026 0.007126
0.122328 0.210214 0.008314
0.180523 0.210214 0.007126
0.190024 0.210214 0.004751
0.198337 0.210214 0.005938
0.232779 0.210214 0.005938
0.241093 0.210214 0.008314
0.263658 0.210214 0.008314
0.274347 0.210214 0.007126
0.285036 0.210214 0.005938
0.305226 0.210214 0.004751
0.363420 0.210214 0.005938
0.370546 0.210214 0.011876
0.381235 0.210214 0.007126
0.454869 0.210214 0.005938
0.508314 0.210214 0.010689
0.566508 0.210214 0.008314
0.636580 0.210214 0.008314
0.672209 0.210214 0.010689
0.679335 0.210214 0.004751
0.698337 0.210214 0.007126
0.209026 0.211401 0.008314
0.222090 0.211401 0.007126
0.252969 0.211401 0.007126
0.293349 0.211401 0.004751
0.323040 0.211401 0.007126
0.353919 0.211401 0.007126
0.686461 0.211401 0.010689
0.884798 0.211401 0.015439
0.332542 0.212589 0.007126
0.342043 0.212589 0.008314
0.891924 0.212589 0.013064
0.872922 0.213777 0.015439
0.856295 0.216152 0.004751
0.847981 0.217340 0.005938
0.837292 0.218527 0.008314
0.805226 0.219715 0.008314
0.826603 0.219715 0.004751
0.764846 0.220903 0.008314
0.779097 0.220903 0.009501
0.792162 0.220903 0.008314
0.817102 0.220903 0.007126
0.752969 0.222090 0.008314
0.131829 0.223278 0.007126
0.149644 0.223278 0.008314
0.739905 0.223278 0.008314
0.141330 0.224466 0.004751
0.161520 0.224466 0.005938
0.193587 0.224466 0.008314
0.728029 0.224466 0.008314
0.121140 0.225653 0.005938
0.171021 0.225653 0.008314
0.181710 0.225653 0.005938
0.205463 0.225653 0.007126
0.401425 0.225653 0.008314
0.558195 0.225653 0.009501
0.605701 0.225653 0.007126
0.709026 0.225653 0.004751
0.718527 0.225653 0.007126
0.358670 0.226841 0.008314
0.366983 0.226841 0.007126
0.391924 0.226841 0.008314
0.413302 0.226841 0.008314
0.423990 0.226841 0.008314
0.435867 0.226841 0.008314
0.459620 0.226841 0.005938
0.532067 0.226841 0.008314
0.545131 0.226841 0.005938
0.571259 0.226841 0.008314
0.593824 0.226841 0.008314
0.618765 0.226841 0.008314
0.630641 0.226841 0.005938
0.642518 0.226841 0.008314
0.700713 0.226841 0.010689
0.217340 0.228029 0.008314
0.230404 0.228029 0.008314
0.243468 0.228029 0.007126
0.252969 0.228029 0.005938
0.262470 0.228029 0.008314
0.271971 0.228029 0.005938
0.281473 0.228029 0.004751
0.289786 0.228029 0.004751
0.298100 0.228029 0.005938
0.307601 0.228029 0.010689
0.321853 0.228029 0.005938
0.336105 0.228029 0.008314
0.378860 0.228029 0.008314
0.448931 0.228029 0.008314
0.479810 0.228029 0.007126
0.490499 0.228029 0.008314
0.501188 0.228029 0.007126
0.517815 0.228029 0.011876
0.583135 0.228029 0.008314
0.662708 0.228029 0.008314
0.674584 0.228029 0.008314
0.686461 0.228029 0.007126
0.347981 0.229216 0.008314
0.469121 0.229216 0.008314
0.650831 0.229216 0.015439
