0.862233 0.072447 0.013064
0.774347 0.074822 0.007126
0.831354 0.074822 0.008314
0.842043 0.074822 0.008314
0.745843 0.076010 0.008314
0.766033 0.076010 0.007126
0.785036 0.076010 0.008314
0.806413 0.076010 0.008314
0.818290 0.076010 0.008314
0.718527 0.077197 0.008314
0.793349 0.077197 0.004751
0.697150 0.078385 0.008314
0.706651 0.078385 0.005938
0.728029 0.078385 0.010689
0.756532 0.078385 0.008314
0.685273 0.079572 0.005938
0.622328 0.080760 0.007126
0.630641 0.080760 0.004751
0.649644 0.080760 0.007126
0.662708 0.080760 0.008314
0.674584 0.080760 0.007126
0.564133 0.081948 0.007126
0.603325 0.081948 0.005938
0.611639 0.081948 0.004751
0.640143 0.081948 0.007126
0.486936 0.083135 0.007126
0.501188 0.083135 0.010689
0.509501 0.083135 0.004751
0.530879 0.083135 0.007126
0.542755 0.083135 0.008314
0.554632 0.083135 0.007126
0.593824 0.083135 0.008314
0.475059 0.084323 0.005938
0.517815 0.084323 0.008314
0.579572 0.084323 0.009501
0.465558 0.085511 0.007126
0.418052 0.086698 0.005938
0.428741 0.086698 0.008314
0.435867 0.086698 0.011876
0.454869 0.086698 0.007126
0.387173 0.089074 0.004751
0.394299 0.089074 0.004751
0.401425 0.089074 0.004751
0.862233 0.089074 0.004751
0.346793 0.090261 0.008314
0.364608 0.090261 0.005938
0.375297 0.090261 0.008314
0.844418 0.090261 0.005938
0.853919 0.090261 0.004751
0.833729 0.091449 0.005938
0.292162 0.092637 0.005938
0.302850 0.092637 0.007126
0.313539 0.092637 0.005938
0.332542 0.092637 0.008314
0.771971 0.092637 0.010689
0.795724 0.092637 0.004751
0.804038 0.092637 0.004751
0.813539 0.092637 0.008314
0.825416 0.092637 0.004751
0.229216 0.093824 0.008314
0.254157 0.093824 0.005938
0.266033 0.093824 0.008314
0.275534 0.093824 0.004751
0.282660 0.093824 0.013064
0.323040 0.093824 0.007126
0.697150 0.093824 0.005938
0.705463 0.093824 0.011876
0.714964 0.093824 0.007126
0.725653 0.093824 0.004751
0.736342 0.093824 0.008314
0.745843 0.093824 0.010689
0.761283 0.093824 0.008314
0.787411 0.093824 0.008314
0.244656 0.095012 0.005938
0.661520 0.095012 0.008314
0.672209 0.095012 0.005938
0.682898 0.095012 0.008314
0.195962 0.096200 0.007126
0.206651 0.096200 0.007126
0.646081 0.096200 0.007126
0.179335 0.097387 0.007126
0.187648 0.097387 0.013064
0.218527 0.097387 0.007126
0.625891 0.097387 0.008314
0.635392 0.097387 0.005938
0.169834 0.098575 0.007126
0.528504 0.098575 0.008314
0.604513 0.098575 0.008314
0.615202 0.098575 0.007126
0.128266 0.099762 0.013064
0.135392 0.099762 0.013064
0.147268 0.099762 0.005938
0.156770 0.099762 0.008314
0.540380 0.099762 0.005938
0.552257 0.099762 0.008314
0.562945 0.099762 0.005938
0.572447 0.099762 0.005938
0.580760 0.099762 0.005938
0.591449 0.099762 0.005938
0.517815 0.100950 0.007126
0.456057 0.102138 0.007126
0.489311 0.102138 0.011876
0.496437 0.102138 0.011876
0.507126 0.102138 0.007126
0.421615 0.103325 0.004751
0.439430 0.103325 0.004751
0.465558 0.103325 0.005938
0.475059 0.103325 0.011876
0.404988 0.105701 0.005938
0.853919 0.105701 0.007126
0.375297 0.106888 0.008314
0.384798 0.106888 0.005938
0.394299 0.106888 0.007126
0.698337 0.106888 0.011876
0.800475 0.106888 0.007126
0.811164 0.106888 0.005938
0.818290 0.106888 0.005938
0.827791 0.106888 0.007126
0.840855 0.106888 0.009501
0.863420 0.106888 0.008314
0.353919 0.108076 0.008314
0.789786 0.108076 0.004751
0.309976 0.109264 0.007126
0.320665 0.109264 0.007126
0.331354 0.109264 0.005938
0.340855 0.109264 0.008314
0.732779 0.109264 0.005938
0.742280 0.109264 0.004751
0.750594 0.109264 0.004751
0.766033 0.109264 0.008314
0.773159 0.109264 0.004751
0.781473 0.109264 0.005938
0.237530 0.110451 0.008314
0.254157 0.110451 0.005938
0.263658 0.110451 0.005938
0.298100 0.110451 0.007126
0.682898 0.110451 0.004751
0.690024 0.110451 0.005938
0.714964 0.110451 0.004751
0.723278 0.110451 0.013064
0.226841 0.111639 0.007126
0.275534 0.111639 0.008314
0.286223 0.111639 0.008314
0.671021 0.111639 0.009501
0.209026 0.112827 0.005938
0.217340 0.112827 0.005938
0.655582 0.112827 0.005938
0.168646 0.114014 0.005938
0.178147 0.114014 0.008314
0.190024 0.114014 0.008314
0.606888 0.114014 0.010689
0.622328 0.114014 0.004751
0.629454 0.114014 0.011876
0.637767 0.114014 0.011876
0.647268 0.114014 0.004751
0.154394 0.115202 0.007126
0.565321 0.115202 0.005938
0.576010 0.115202 0.007126
0.592637 0.115202 0.007126
0.612827 0.115202 0.008314
0.142518 0.116390 0.007126
0.533254 0.116390 0.005938
0.542755 0.116390 0.004751
0.555819 0.116390 0.008314
0.584323 0.116390 0.004751
0.461995 0.117577 0.008314
0.522565 0.117577 0.007126
0.483373 0.118765 0.007126
0.494062 0.118765 0.005938
0.503563 0.118765 0.005938
0.511876 0.118765 0.007126
0.129454 0.119952 0.008314
0.433492 0.119952 0.008314
0.448931 0.119952 0.008314
0.395487 0.121140 0.004751
0.425178 0.121140 0.008314
0.472684 0.121140 0.007126
0.415677 0.122328 0.004751
0.315914 0.123515 0.008314
0.327791 0.123515 0.008314
0.361045 0.123515 0.008314
0.371734 0.123515 0.004751
0.382423 0.123515 0.009501
0.406176 0.123515 0.008314
0.842043 0.123515 0.005938
0.851544 0.123515 0.004751
0.863420 0.123515 0.004751
0.870546 0.123515 0.004751
0.877672 0.123515 0.011876
0.301663 0.124703 0.004751
0.339667 0.124703 0.007126
0.349169 0.124703 0.007126
0.800475 0.124703 0.008314
0.830166 0.124703 0.008314
0.293349 0.125891 0.004751
0.788599 0.125891 0.008314
0.809976 0.125891 0.007126
0.820665 0.125891 0.005938
0.244656 0.127078 0.007126
0.257720 0.127078 0.007126
0.268409 0.127078 0.005938
0.276722 0.127078 0.004751
0.285036 0.127078 0.004751
0.728029 0.127078 0.008314
0.737530 0.127078 0.005938
0.745843 0.127078 0.013064
0.757720 0.127078 0.004751
0.776722 0.127078 0.009501
0.193587 0.128266 0.010689
0.206651 0.128266 0.008314
0.219715 0.128266 0.007126
0.233967 0.128266 0.008314
0.711401 0.128266 0.009501
0.185273 0.129454 0.004751
0.655582 0.129454 0.008314
0.176960 0.130641 0.004751
0.574822 0.130641 0.008314
0.585511 0.130641 0.007126
0.605701 0.130641 0.004751
0.622328 0.130641 0.008314
0.562945 0.131829 0.005938
0.634204 0.131829 0.008314
0.643705 0.131829 0.008314
0.147268 0.133017 0.007126
0.157957 0.133017 0.008314
0.535629 0.133017 0.008314
0.548694 0.133017 0.008314
0.596200 0.133017 0.008314
0.128266 0.134204 0.011876
0.136580 0.134204 0.004751
0.480998 0.135392 0.008314
0.495249 0.135392 0.009501
0.510689 0.135392 0.005938
0.445368 0.136580 0.008314
0.470309 0.136580 0.005938
0.421615 0.137767 0.010689
0.434679 0.137767 0.008314
0.459620 0.137767 0.008314
0.394299 0.138955 0.004751
0.402613 0.138955 0.010689
0.414489 0.138955 0.004751
0.365796 0.140143 0.008314
0.378860 0.140143 0.011876
0.387173 0.140143 0.004751
0.856295 0.140143 0.004751
0.864608 0.140143 0.005938
0.874109 0.140143 0.007126
0.331354 0.141330 0.010689
0.356295 0.141330 0.004751
0.814727 0.141330 0.011876
0.828979 0.141330 0.013064
0.839667 0.141330 0.008314
0.847981 0.141330 0.005938
0.220903 0.142518 0.004751
0.238717 0.142518 0.007126
0.249406 0.142518 0.008314
0.346793 0.142518 0.007126
0.758907 0.142518 0.005938
0.770784 0.142518 0.008314
0.781473 0.142518 0.008314
0.793349 0.142518 0.008314
0.805226 0.142518 0.008314
0.193587 0.143705 0.008314
0.210214 0.143705 0.008314
0.267221 0.143705 0.008314
0.277910 0.143705 0.008314
0.287411 0.143705 0.013064
0.730404 0.143705 0.008314
0.749406 0.143705 0.004751
0.179335 0.144893 0.008314
0.719715 0.144893 0.015439
0.741093 0.144893 0.005938
0.169834 0.146081 0.007126
0.157957 0.147268 0.005938
0.657957 0.147268 0.008314
0.148456 0.148456 0.005938
0.536817 0.148456 0.009501
0.625891 0.148456 0.005938
0.640143 0.148456 0.004751
0.648456 0.148456 0.008314
0.137767 0.149644 0.008314
0.604513 0.149644 0.005938
0.615202 0.149644 0.005938
0.127078 0.150831 0.008314
0.545131 0.150831 0.004751
0.593824 0.150831 0.007126
0.523753 0.152019 0.007126
0.559382 0.152019 0.004751
0.572447 0.152019 0.008314
0.583135 0.152019 0.007126
0.476247 0.153207 0.007126
0.485748 0.153207 0.005938
0.494062 0.153207 0.010689
0.432304 0.154394 0.008314
0.442993 0.154394 0.007126
0.453682 0.154394 0.007126
0.463183 0.154394 0.008314
0.510689 0.155582 0.009501
0.864608 0.155582 0.004751
0.878860 0.155582 0.005938
0.389549 0.156770 0.004751
0.397862 0.156770 0.004751
0.419240 0.156770 0.008314
0.853919 0.156770 0.008314
0.871734 0.156770 0.004751
0.407363 0.157957 0.005938
0.814727 0.157957 0.007126
0.844418 0.157957 0.005938
0.243468 0.159145 0.013064
0.349169 0.159145 0.005938
0.375297 0.159145 0.007126
0.802850 0.159145 0.011876
0.824228 0.159145 0.005938
0.836105 0.159145 0.005938
0.258907 0.160333 0.005938
0.337292 0.160333 0.008314
0.358670 0.160333 0.007126
0.785036 0.160333 0.007126
0.794537 0.160333 0.004751
0.222090 0.161520 0.008314
0.232779 0.161520 0.008314
0.250594 0.161520 0.011876
0.269596 0.161520 0.008314
0.281473 0.161520 0.008314
0.775534 0.161520 0.007126
0.182898 0.162708 0.007126
0.193587 0.162708 0.007126
0.206651 0.162708 0.009501
0.752969 0.162708 0.008314
0.766033 0.162708 0.008314
0.160333 0.163895 0.007126
0.172209 0.163895 0.008314
0.742280 0.163895 0.005938
0.711401 0.165083 0.007126
0.732779 0.165083 0.005938
0.722090 0.166271 0.008314
0.135392 0.167458 0.007126
0.144893 0.167458 0.011876
0.621140 0.167458 0.005938
0.630641 0.167458 0.007126
0.649644 0.167458 0.004751
0.125891 0.168646 0.007126
0.609264 0.168646 0.011876
0.640143 0.168646 0.005938
0.657957 0.168646 0.011876
0.592637 0.169834 0.013064
0.602138 0.169834 0.004751
0.490499 0.171021 0.005938
0.521378 0.171021 0.007126
0.532067 0.171021 0.008314
0.545131 0.171021 0.010689
0.558195 0.171021 0.007126
0.572447 0.171021 0.008314
0.584323 0.171021 0.005938
0.477435 0.172209 0.015439
0.510689 0.172209 0.004751
0.434679 0.173397 0.008314
0.446556 0.173397 0.007126
0.457245 0.173397 0.007126
0.467933 0.173397 0.007126
0.501188 0.173397 0.007126
0.403800 0.174584 0.008314
0.414489 0.174584 0.008314
0.425178 0.174584 0.008314
0.875297 0.174584 0.008314
0.384798 0.175772 0.005938
0.394299 0.175772 0.005938
0.832542 0.175772 0.008314
0.844418 0.175772 0.007126
0.855107 0.175772 0.008314
0.863420 0.175772 0.004751
0.337292 0.176960 0.010689
0.349169 0.176960 0.011876
0.356295 0.176960 0.005938
0.374109 0.176960 0.005938
0.364608 0.178147 0.004751
0.815914 0.178147 0.008314
0.224466 0.179335 0.005938
0.233967 0.179335 0.007126
0.244656 0.179335 0.004751
0.260095 0.179335 0.004751
0.269596 0.179335 0.008314
0.281473 0.179335 0.008314
0.767221 0.179335 0.008314
0.794537 0.179335 0.010689
0.804038 0.179335 0.005938
0.185273 0.180523 0.008314
0.211401 0.180523 0.004751
0.251781 0.180523 0.011876
0.754157 0.180523 0.008314
0.780285 0.180523 0.008314
0.195962 0.181710 0.005938
0.203088 0.181710 0.011876
0.739905 0.181710 0.007126
0.173397 0.182898 0.008314
0.729216 0.182898 0.008314
0.125891 0.184086 0.008314
0.136580 0.184086 0.007126
0.146081 0.184086 0.007126
0.157957 0.184086 0.008314
0.669834 0.184086 0.008314
0.716152 0.184086 0.008314
0.628266 0.185273 0.005938
0.638955 0.185273 0.008314
0.646081 0.185273 0.005938
0.655582 0.185273 0.007126
0.694774 0.185273 0.007126
0.705463 0.185273 0.008314
0.617577 0.186461 0.008314
0.681710 0.186461 0.009501
0.566508 0.187648 0.007126
0.604513 0.187648 0.008314
0.514252 0.188836 0.008314
0.534442 0.188836 0.004751
0.555819 0.188836 0.004751
0.576010 0.188836 0.004751
0.584323 0.188836 0.008314
0.593824 0.188836 0.005938
0.456057 0.190024 0.004751
0.496437 0.190024 0.011876
0.526128 0.190024 0.004751
0.463183 0.191211 0.010689
0.472684 0.191211 0.005938
0.547506 0.191211 0.010689
0.880048 0.191211 0.013064
0.394299 0.192399 0.005938
0.445368 0.192399 0.004751
0.843230 0.192399 0.007126
0.852732 0.192399 0.005938
0.861045 0.192399 0.013064
0.871734 0.192399 0.010689
0.374109 0.193587 0.007126
0.384798 0.193587 0.007126
0.407363 0.193587 0.008314
0.421615 0.193587 0.007126
0.431116 0.193587 0.004751
0.833729 0.193587 0.005938
0.356295 0.194774 0.004751
0.363420 0.194774 0.011876
0.813539 0.194774 0.008314
0.824228 0.194774 0.004751
0.260095 0.195962 0.004751
0.288599 0.195962 0.005938
0.345606 0.195962 0.007126
0.771971 0.195962 0.007126
0.782660 0.195962 0.007126
0.804038 0.195962 0.008314
0.241093 0.197150 0.007126
0.250594 0.197150 0.007126
0.268409 0.197150 0.005938
0.279097 0.197150 0.007126
0.296912 0.197150 0.011876
0.324228 0.197150 0.008314
0.334917 0.197150 0.007126
0.793349 0.197150 0.007126
0.226841 0.198337 0.008314
0.747031 0.198337 0.005938
0.756532 0.198337 0.004751
0.763658 0.198337 0.011876
0.210214 0.199525 0.013064
0.725653 0.199525 0.004751
0.735154 0.199525 0.008314
0.182898 0.200713 0.007126
0.191211 0.200713 0.007126
0.200713 0.200713 0.005938
0.123515 0.201900 0.008314
0.134204 0.201900 0.005938
0.143705 0.201900 0.004751
0.152019 0.201900 0.005938
0.161520 0.201900 0.008314
0.173397 0.201900 0.004751
0.628266 0.201900 0.008314
0.640143 0.201900 0.007126
0.694774 0.201900 0.004751
0.705463 0.201900 0.008314
0.714964 0.201900 0.008314
0.616390 0.203088 0.008314
0.652019 0.203088 0.008314
0.666271 0.203088 0.008314
0.684086 0.203088 0.007126
0.580760 0.204276 0.010689
0.597387 0.204276 0.011876
0.675772 0.204276 0.004751
0.508314 0.205463 0.010689
0.561758 0.205463 0.009501
0.587886 0.205463 0.004751
0.456057 0.206651 0.005938
0.515439 0.206651 0.004751
0.521378 0.206651 0.010689
0.530879 0.206651 0.008314
0.541568 0.206651 0.005938
0.419240 0.207838 0.007126
0.484561 0.207838 0.004751
0.494062 0.207838 0.005938
0.880048 0.207838 0.010689
0.409739 0.209026 0.007126
0.477435 0.209026 0.005938
0.548694 0.209026 0.010689
0.856295 0.209026 0.007126
0.865796 0.209026 0.004751
0.872922 0.209026 0.004751
0.399050 0.210214 0.007126
0.431116 0.210214 0.005938
0.440618 0.210214 0.004751
0.446556 0.210214 0.010689
0.819477 0.210214 0.013064
0.828979 0.210214 0.005938
0.845606 0.210214 0.004751
0.377672 0.211401 0.010689
0.388361 0.211401 0.007126
0.838480 0.211401 0.004751
0.340855 0.212589 0.008314
0.361045 0.212589 0.008314
0.793349 0.212589 0.005938
0.250594 0.213777 0.013064
0.258907 0.213777 0.005938
0.269596 0.213777 0.007126
0.283848 0.213777 0.010689
0.294537 0.213777 0.005938
0.352732 0.213777 0.005938
0.781473 0.213777 0.008314
0.802850 0.213777 0.008314
0.813539 0.213777 0.015439
0.302850 0.214964 0.004751
0.321853 0.214964 0.007126
0.762470 0.214964 0.008314
0.771971 0.214964 0.007126
0.725653 0.216152 0.008314
0.750594 0.216152 0.010689
0.229216 0.217340 0.007126
0.237530 0.217340 0.008314
0.709026 0.217340 0.011876
0.736342 0.217340 0.005938
0.123515 0.218527 0.008314
0.133017 0.218527 0.005938
0.141330 0.218527 0.008314
0.155582 0.218527 0.007126
0.168646 0.218527 0.008314
0.180523 0.218527 0.004751
0.649644 0.218527 0.007126
0.659145 0.218527 0.005938
0.668646 0.218527 0.005938
0.678147 0.218527 0.004751
0.685273 0.218527 0.004751
0.697150 0.218527 0.008314
0.188836 0.219715 0.005938
0.204276 0.219715 0.008314
0.216152 0.219715 0.008314
0.627078 0.219715 0.008314
0.638955 0.219715 0.008314
0.572447 0.220903 0.005938
0.591449 0.220903 0.004751
0.603325 0.220903 0.008314
0.614014 0.220903 0.008314
0.562945 0.222090 0.005938
0.581948 0.222090 0.008314
0.520190 0.223278 0.008314
0.530879 0.223278 0.007126
0.542755 0.223278 0.008314
0.554632 0.223278 0.008314
0.495249 0.224466 0.007126
0.505938 0.224466 0.007126
0.472684 0.225653 0.005938
0.480998 0.225653 0.004751
0.311164 0.226841 0.007126
0.437055 0.226841 0.008314
0.448931 0.226841 0.008314
0.460808 0.226841 0.008314
0.301663 0.228029 0.008314
0.369359 0.228029 0.008314
0.382423 0.228029 0.008314
0.393112 0.228029 0.008314
0.401425 0.228029 0.008314
0.415677 0.228029 0.008314
0.425178 0.228029 0.007126
0.345606 0.229216 0.008314
0.356295 0.229216 0.007126
0.276722 0.230404 0.008314
0.289786 0.230404 0.008314
0.321853 0.230404 0.005938
0.332542 0.230404 0.008314
0.232779 0.231591 0.007126
0.244656 0.231591 0.007126
0.256532 0.231591 0.007126
0.266033 0.231591 0.004751
0.176960 0.232779 0.004751
0.184086 0.232779 0.005938
0.192399 0.232779 0.011876
0.200713 0.233967 0.005938
0.212589 0.233967 0.007126
0.168646 0.235154 0.011876
0.137767 0.236342 0.008314
0.153207 0.236342 0.009501
0.118765 0.237530 0.011876
