0.756532 0.008314 0.020190
0.657957 0.009501 0.020190
0.818290 0.010689 0.014252
0.881235 0.010689 0.013064
0.692399 0.011876 0.013064
0.630641 0.014252 0.016627
0.309976 0.020190 0.013064
0.153207 0.021378 0.022565
0.184086 0.022565 0.013064
0.248219 0.022565 0.020190
0.121140 0.024941 0.013064
0.799287 0.039192 0.008314
0.811164 0.039192 0.010689
0.648456 0.040380 0.010689
0.655582 0.040380 0.004751
0.663895 0.040380 0.005938
0.684086 0.040380 0.014252
0.692399 0.040380 0.007126
0.723278 0.040380 0.005938
0.749406 0.040380 0.004751
0.760095 0.040380 0.007126
0.789786 0.040380 0.004751
0.872922 0.040380 0.008314
0.608076 0.041568 0.007126
0.616390 0.041568 0.004751
0.634204 0.041568 0.008314
0.674584 0.041568 0.008314
0.705463 0.041568 0.010689
0.713777 0.041568 0.004751
0.731591 0.041568 0.004751
0.741093 0.041568 0.013064
0.769596 0.041568 0.008314
0.781473 0.041568 0.007126
0.828979 0.041568 0.011876
0.853919 0.041568 0.004751
0.862233 0.041568 0.005938
0.597387 0.042755 0.005938
0.623515 0.042755 0.005938
0.837292 0.042755 0.005938
0.845606 0.042755 0.013064
0.572447 0.043943 0.008314
0.585511 0.043943 0.007126
0.535629 0.045131 0.004751
0.507126 0.046318 0.008314
0.516627 0.046318 0.007126
0.527316 0.046318 0.007126
0.547506 0.046318 0.008314
0.561758 0.046318 0.008314
0.402613 0.047506 0.013064
0.460808 0.047506 0.007126
0.469121 0.047506 0.005938
0.478622 0.047506 0.004751
0.486936 0.047506 0.005938
0.375297 0.048694 0.008314
0.419240 0.048694 0.004751
0.427553 0.048694 0.004751
0.434679 0.048694 0.004751
0.441805 0.048694 0.004751
0.450119 0.048694 0.013064
0.308789 0.049881 0.004751
0.317102 0.049881 0.005938
0.342043 0.049881 0.008314
0.388361 0.049881 0.008314
0.410926 0.049881 0.004751
0.496437 0.049881 0.008314
0.287411 0.051069 0.007126
0.299287 0.051069 0.008314
0.328979 0.051069 0.005938
0.216152 0.052257 0.004751
0.244656 0.052257 0.007126
0.252969 0.052257 0.004751
0.260095 0.052257 0.008314
0.273159 0.052257 0.009501
0.279097 0.052257 0.004751
0.235154 0.053444 0.004751
0.198337 0.054632 0.004751
0.224466 0.054632 0.008314
0.871734 0.054632 0.008314
0.173397 0.055819 0.013064
0.181710 0.055819 0.004751
0.191211 0.055819 0.005938
0.207838 0.055819 0.005938
0.149644 0.057007 0.007126
0.160333 0.057007 0.009501
0.661520 0.057007 0.008314
0.818290 0.057007 0.004751
0.830166 0.057007 0.004751
0.668646 0.058195 0.004751
0.684086 0.058195 0.007126
0.693587 0.058195 0.005938
0.709026 0.058195 0.005938
0.719715 0.058195 0.005938
0.728029 0.058195 0.004751
0.738717 0.058195 0.007126
0.748219 0.058195 0.004751
0.757720 0.058195 0.005938
0.766033 0.058195 0.008314
0.779097 0.058195 0.007126
0.789786 0.058195 0.005938
0.798100 0.058195 0.005938
0.808789 0.058195 0.007126
0.837292 0.058195 0.007126
0.850356 0.058195 0.007126
0.140143 0.059382 0.004751
0.593824 0.059382 0.005938
0.624703 0.059382 0.009501
0.642518 0.059382 0.008314
0.650831 0.059382 0.005938
0.131829 0.060570 0.008314
0.571259 0.060570 0.007126
0.583135 0.060570 0.008314
0.603325 0.060570 0.004751
0.610451 0.060570 0.010689
0.539192 0.061758 0.005938
0.558195 0.061758 0.008314
0.529691 0.062945 0.007126
0.549881 0.062945 0.011876
0.438242 0.064133 0.007126
0.480998 0.064133 0.013064
0.490499 0.064133 0.008314
0.514252 0.064133 0.004751
0.504751 0.065321 0.007126
0.261283 0.066508 0.008314
0.290974 0.066508 0.008314
0.300475 0.066508 0.004751
0.317102 0.066508 0.005938
0.340855 0.066508 0.007126
0.352732 0.066508 0.007126
0.365796 0.066508 0.007126
0.376485 0.066508 0.013064
0.384798 0.066508 0.011876
0.400238 0.066508 0.008314
0.415677 0.066508 0.008314
0.428741 0.066508 0.010689
0.466746 0.066508 0.010689
0.241093 0.067696 0.004751
0.249406 0.067696 0.010689
0.269596 0.067696 0.004751
0.307601 0.067696 0.004751
0.330166 0.067696 0.008314
0.279097 0.068884 0.007126
0.212589 0.070071 0.005938
0.222090 0.070071 0.004751
0.230404 0.070071 0.007126
0.869359 0.070071 0.011876
0.195962 0.071259 0.004751
0.204276 0.071259 0.007126
0.826603 0.071259 0.007126
0.834917 0.071259 0.005938
0.844418 0.071259 0.004751
0.852732 0.071259 0.005938
0.861045 0.071259 0.005938
0.174584 0.072447 0.004751
0.184086 0.072447 0.007126
0.723278 0.072447 0.008314
0.731591 0.072447 0.005938
0.762470 0.072447 0.005938
0.770784 0.072447 0.010689
0.806413 0.072447 0.004751
0.156770 0.073634 0.007126
0.167458 0.073634 0.004751
0.672209 0.073634 0.005938
0.691211 0.073634 0.005938
0.711401 0.073634 0.005938
0.741093 0.073634 0.004751
0.750594 0.073634 0.007126
0.786223 0.073634 0.008314
0.796912 0.073634 0.005938
0.814727 0.073634 0.008314
0.137767 0.074822 0.005938
0.147268 0.074822 0.004751
0.618765 0.074822 0.008314
0.644893 0.074822 0.008314
0.653207 0.074822 0.005938
0.662708 0.074822 0.004751
0.682898 0.074822 0.008314
0.701900 0.074822 0.005938
0.128266 0.076010 0.008314
0.593824 0.076010 0.008314
0.604513 0.076010 0.008314
0.610451 0.076010 0.010689
0.634204 0.076010 0.008314
0.554632 0.078385 0.005938
0.567696 0.078385 0.008314
0.580760 0.078385 0.007126
0.508314 0.079572 0.007126
0.520190 0.079572 0.010689
0.527316 0.079572 0.008314
0.536817 0.079572 0.005938
0.545131 0.079572 0.005938
0.488124 0.080760 0.004751
0.497625 0.080760 0.008314
0.277910 0.081948 0.004751
0.294537 0.081948 0.004751
0.313539 0.081948 0.004751
0.323040 0.081948 0.004751
0.340855 0.081948 0.007126
0.478622 0.081948 0.007126
0.248219 0.083135 0.008314
0.260095 0.083135 0.009501
0.269596 0.083135 0.005938
0.285036 0.083135 0.005938
0.302850 0.083135 0.005938
0.330166 0.083135 0.004751
0.353919 0.083135 0.008314
0.365796 0.083135 0.004751
0.372922 0.083135 0.008314
0.382423 0.083135 0.005938
0.439430 0.083135 0.005938
0.458432 0.083135 0.005938
0.467933 0.083135 0.008314
0.239905 0.084323 0.005938
0.390736 0.084323 0.004751
0.399050 0.084323 0.005938
0.447743 0.084323 0.004751
0.198337 0.085511 0.008314
0.207838 0.085511 0.008314
0.218527 0.085511 0.007126
0.230404 0.085511 0.008314
0.173397 0.086698 0.007126
0.184086 0.087886 0.007126
0.776722 0.087886 0.008314
0.788599 0.087886 0.008314
0.798100 0.087886 0.008314
0.851544 0.087886 0.008314
0.858670 0.087886 0.004751
0.868171 0.087886 0.007126
0.159145 0.089074 0.008314
0.764846 0.089074 0.011876
0.809976 0.089074 0.008314
0.826603 0.089074 0.004751
0.833729 0.089074 0.004751
0.842043 0.089074 0.007126
0.131829 0.090261 0.008314
0.142518 0.090261 0.005938
0.726841 0.090261 0.004751
0.736342 0.090261 0.008314
0.749406 0.090261 0.011876
0.757720 0.090261 0.004751
0.817102 0.090261 0.008314
0.713777 0.091449 0.008314
0.628266 0.092637 0.013064
0.653207 0.092637 0.004751
0.668646 0.092637 0.008314
0.557007 0.093824 0.008314
0.574822 0.093824 0.004751
0.581948 0.093824 0.004751
0.637767 0.093824 0.005938
0.646081 0.093824 0.004751
0.545131 0.095012 0.009501
0.565321 0.095012 0.010689
0.523753 0.096200 0.005938
0.533254 0.096200 0.007126
0.279097 0.097387 0.004751
0.288599 0.097387 0.008314
0.497625 0.097387 0.005938
0.507126 0.097387 0.004751
0.514252 0.097387 0.004751
0.611639 0.097387 0.008314
0.251781 0.098575 0.008314
0.260095 0.098575 0.004751
0.269596 0.098575 0.007126
0.452494 0.098575 0.008314
0.473872 0.098575 0.007126
0.486936 0.098575 0.008314
0.213777 0.099762 0.008314
0.222090 0.099762 0.005938
0.230404 0.099762 0.007126
0.241093 0.099762 0.007126
0.343230 0.099762 0.007126
0.355107 0.099762 0.010689
0.388361 0.099762 0.009501
0.399050 0.099762 0.007126
0.409739 0.099762 0.004751
0.418052 0.099762 0.005938
0.429929 0.099762 0.008314
0.439430 0.099762 0.005938
0.201900 0.100950 0.004751
0.362233 0.100950 0.013064
0.371734 0.100950 0.008314
0.461995 0.100950 0.007126
0.125891 0.102138 0.008314
0.194774 0.102138 0.004751
0.846793 0.103325 0.013064
0.863420 0.103325 0.005938
0.871734 0.103325 0.004751
0.150831 0.104513 0.004751
0.157957 0.104513 0.010689
0.824228 0.104513 0.010689
0.834917 0.104513 0.007126
0.853919 0.104513 0.004751
0.137767 0.105701 0.005938
0.790974 0.105701 0.004751
0.798100 0.105701 0.011876
0.808789 0.105701 0.008314
0.817102 0.105701 0.005938
0.782660 0.106888 0.004751
0.586698 0.109264 0.008314
0.596200 0.109264 0.008314
0.714964 0.109264 0.009501
0.738717 0.109264 0.011876
0.744656 0.109264 0.004751
0.755344 0.109264 0.008314
0.767221 0.109264 0.011876
0.774347 0.110451 0.013064
0.574822 0.111639 0.008314
0.647268 0.111639 0.008314
0.657957 0.111639 0.011876
0.728029 0.111639 0.007126
0.543943 0.112827 0.007126
0.554632 0.112827 0.008314
0.562945 0.112827 0.008314
0.623515 0.112827 0.010689
0.535629 0.114014 0.005938
0.478622 0.115202 0.008314
0.490499 0.115202 0.008314
0.504751 0.115202 0.008314
0.515439 0.115202 0.007126
0.526128 0.115202 0.007126
0.223278 0.116390 0.011876
0.263658 0.116390 0.014252
0.214964 0.117577 0.013064
0.239905 0.117577 0.008314
0.251781 0.117577 0.008314
0.271971 0.117577 0.013064
0.281473 0.117577 0.013064
0.342043 0.117577 0.010689
0.349169 0.117577 0.004751
0.357482 0.117577 0.008314
0.421615 0.117577 0.011876
0.448931 0.117577 0.011876
0.368171 0.118765 0.008314
0.380048 0.118765 0.008314
0.393112 0.118765 0.005938
0.403800 0.118765 0.007126
0.413302 0.118765 0.005938
0.434679 0.118765 0.005938
0.457245 0.118765 0.004751
0.465558 0.118765 0.010689
0.192399 0.121140 0.007126
0.141330 0.122328 0.007126
0.150831 0.122328 0.004751
0.173397 0.122328 0.007126
0.182898 0.122328 0.008314
0.125891 0.123515 0.011876
0.133017 0.123515 0.013064
0.159145 0.123515 0.013064
0.782660 0.124703 0.009501
0.799287 0.124703 0.008314
0.811164 0.124703 0.005938
0.766033 0.127078 0.004751
0.733967 0.128266 0.008314
0.743468 0.128266 0.005938
0.757720 0.128266 0.011876
0.660333 0.129454 0.004751
0.667458 0.129454 0.011876
0.712589 0.129454 0.013064
0.606888 0.130641 0.007126
0.642518 0.130641 0.007126
0.652019 0.130641 0.007126
0.720903 0.130641 0.008314
0.616390 0.131829 0.011876
0.631829 0.131829 0.007126
0.574822 0.133017 0.004751
0.583135 0.133017 0.011876
0.623515 0.133017 0.004751
0.237530 0.135392 0.009501
0.251781 0.135392 0.013064
0.261283 0.135392 0.007126
0.338480 0.135392 0.008314
0.498812 0.135392 0.007126
0.510689 0.135392 0.011876
0.517815 0.135392 0.004751
0.526128 0.135392 0.004751
0.543943 0.135392 0.004751
0.557007 0.135392 0.013064
0.565321 0.135392 0.007126
0.213777 0.136580 0.005938
0.244656 0.136580 0.004751
0.271971 0.136580 0.005938
0.281473 0.136580 0.013064
0.350356 0.136580 0.007126
0.359857 0.136580 0.007126
0.370546 0.136580 0.005938
0.389549 0.136580 0.008314
0.402613 0.136580 0.005938
0.412114 0.136580 0.005938
0.421615 0.136580 0.008314
0.488124 0.136580 0.008314
0.535629 0.136580 0.005938
0.222090 0.137767 0.010689
0.377672 0.137767 0.008314
0.444181 0.137767 0.005938
0.452494 0.137767 0.004751
0.463183 0.137767 0.008314
0.477435 0.137767 0.008314
0.851544 0.137767 0.005938
0.863420 0.137767 0.015439
0.204276 0.138955 0.007126
0.433492 0.138955 0.007126
0.184086 0.140143 0.005938
0.840855 0.140143 0.008314
0.128266 0.141330 0.009501
0.135392 0.141330 0.008314
0.166271 0.141330 0.005938
0.174584 0.141330 0.004751
0.193587 0.141330 0.005938
0.831354 0.141330 0.007126
0.156770 0.142518 0.005938
0.148456 0.143705 0.005938
0.802850 0.143705 0.010689
0.818290 0.143705 0.008314
0.667458 0.144893 0.005938
0.776722 0.144893 0.008314
0.787411 0.144893 0.008314
0.606888 0.146081 0.004751
0.657957 0.146081 0.005938
0.676960 0.146081 0.008314
0.766033 0.146081 0.007126
0.631829 0.147268 0.011876
0.640143 0.147268 0.004751
0.648456 0.147268 0.005938
0.737530 0.147268 0.008314
0.747031 0.147268 0.005938
0.756532 0.147268 0.005938
0.589074 0.148456 0.005938
0.596200 0.148456 0.004751
0.621140 0.148456 0.005938
0.700713 0.148456 0.007126
0.725653 0.148456 0.007126
0.578385 0.149644 0.005938
0.688836 0.149644 0.007126
0.709026 0.149644 0.013064
0.570071 0.150831 0.007126
0.501188 0.152019 0.008314
0.513064 0.152019 0.007126
0.536817 0.152019 0.004751
0.546318 0.152019 0.005938
0.558195 0.152019 0.008314
0.362233 0.153207 0.005938
0.371734 0.153207 0.004751
0.414489 0.153207 0.005938
0.423990 0.153207 0.004751
0.451306 0.153207 0.005938
0.460808 0.153207 0.004751
0.467933 0.153207 0.011876
0.490499 0.153207 0.008314
0.219715 0.154394 0.007126
0.255344 0.154394 0.004751
0.275534 0.154394 0.007126
0.286223 0.154394 0.008314
0.326603 0.154394 0.008314
0.338480 0.154394 0.008314
0.349169 0.154394 0.008314
0.404988 0.154394 0.008314
0.442993 0.154394 0.004751
0.482185 0.154394 0.010689
0.188836 0.155582 0.005938
0.198337 0.155582 0.005938
0.209026 0.155582 0.008314
0.232779 0.155582 0.008314
0.245843 0.155582 0.007126
0.263658 0.155582 0.005938
0.298100 0.155582 0.008314
0.395487 0.155582 0.007126
0.125891 0.156770 0.011876
0.134204 0.156770 0.004751
0.143705 0.156770 0.005938
0.152019 0.156770 0.004751
0.159145 0.156770 0.004751
0.165083 0.156770 0.004751
0.180523 0.156770 0.005938
0.171021 0.157957 0.004751
0.852732 0.157957 0.005938
0.862233 0.157957 0.013064
0.869359 0.157957 0.011876
0.836105 0.161520 0.013064
0.817102 0.162708 0.005938
0.826603 0.162708 0.007126
0.760095 0.163895 0.007126
0.769596 0.163895 0.011876
0.786223 0.163895 0.007126
0.798100 0.163895 0.007126
0.808789 0.163895 0.007126
0.591449 0.165083 0.007126
0.600950 0.165083 0.011876
0.629454 0.165083 0.007126
0.671021 0.165083 0.009501
0.732779 0.165083 0.004751
0.741093 0.165083 0.004751
0.579572 0.166271 0.009501
0.616390 0.166271 0.007126
0.638955 0.166271 0.008314
0.648456 0.166271 0.005938
0.699525 0.166271 0.007126
0.711401 0.166271 0.007126
0.722090 0.166271 0.008314
0.536817 0.167458 0.004751
0.686461 0.167458 0.008314
0.385986 0.168646 0.009501
0.488124 0.168646 0.005938
0.543943 0.168646 0.004751
0.565321 0.168646 0.007126
0.352732 0.169834 0.005938
0.396675 0.169834 0.007126
0.404988 0.169834 0.004751
0.429929 0.169834 0.008314
0.466746 0.169834 0.008314
0.496437 0.169834 0.011876
0.513064 0.169834 0.010689
0.527316 0.169834 0.010689
0.212589 0.171021 0.008314
0.262470 0.171021 0.008314
0.282660 0.171021 0.007126
0.344418 0.171021 0.004751
0.363420 0.171021 0.008314
0.420428 0.171021 0.005938
0.454869 0.171021 0.008314
0.552257 0.171021 0.008314
0.239905 0.172209 0.005938
0.249406 0.172209 0.008314
0.271971 0.172209 0.007126
0.293349 0.172209 0.007126
0.320665 0.172209 0.004751
0.330166 0.172209 0.008314
0.444181 0.172209 0.007126
0.188836 0.173397 0.005938
0.199525 0.173397 0.008314
0.229216 0.173397 0.008314
0.302850 0.173397 0.005938
0.311164 0.173397 0.013064
0.136580 0.174584 0.007126
0.147268 0.174584 0.007126
0.156770 0.174584 0.005938
0.178147 0.174584 0.008314
0.166271 0.175772 0.007126
0.122328 0.176960 0.009501
0.866983 0.176960 0.009501
0.855107 0.178147 0.008314
0.834917 0.179335 0.008314
0.846793 0.179335 0.016627
0.747031 0.180523 0.008314
0.752969 0.180523 0.004751
0.779097 0.180523 0.007126
0.815914 0.180523 0.007126
0.825416 0.180523 0.005938
0.717340 0.181710 0.005938
0.726841 0.181710 0.004751
0.735154 0.181710 0.013064
0.806413 0.181710 0.005938
0.609264 0.182898 0.007126
0.619952 0.182898 0.008314
0.631829 0.182898 0.007126
0.641330 0.182898 0.008314
0.652019 0.182898 0.008314
0.679335 0.182898 0.013064
0.697150 0.182898 0.007126
0.706651 0.182898 0.005938
0.768409 0.182898 0.007126
0.794537 0.182898 0.010689
0.599762 0.184086 0.008314
0.578385 0.185273 0.007126
0.503563 0.186461 0.004751
0.532067 0.186461 0.008314
0.230404 0.187648 0.005938
0.375297 0.187648 0.013064
0.393112 0.187648 0.005938
0.428741 0.187648 0.008314
0.438242 0.187648 0.007126
0.448931 0.187648 0.008314
0.460808 0.187648 0.008314
0.485748 0.187648 0.008314
0.521378 0.187648 0.005938
0.543943 0.187648 0.005938
0.566508 0.187648 0.008314
0.207838 0.188836 0.008314
0.219715 0.188836 0.008314
0.364608 0.188836 0.008314
0.382423 0.188836 0.014252
0.402613 0.188836 0.007126
0.418052 0.188836 0.007126
0.473872 0.188836 0.008314
0.510689 0.188836 0.015439
0.553444 0.188836 0.007126
0.138955 0.190024 0.008314
0.149644 0.190024 0.007126
0.159145 0.190024 0.005938
0.195962 0.190024 0.005938
0.242280 0.190024 0.008314
0.252969 0.190024 0.008314
0.271971 0.190024 0.007126
0.282660 0.190024 0.005938
0.290974 0.190024 0.008314
0.302850 0.190024 0.008314
0.314727 0.190024 0.008314
0.328979 0.190024 0.008314
0.339667 0.190024 0.007126
0.350356 0.190024 0.007126
0.127078 0.191211 0.008314
0.168646 0.191211 0.005938
0.187648 0.191211 0.005938
0.587886 0.191211 0.008314
0.178147 0.192399 0.005938
0.261283 0.192399 0.007126
