0.558195 0.084323 0.008314
0.570071 0.084323 0.009501
0.584323 0.084323 0.013064
0.636580 0.084323 0.007126
0.647268 0.084323 0.008314
0.739905 0.084323 0.008314
0.751781 0.084323 0.008314
0.762470 0.084323 0.008314
0.814727 0.084323 0.008314
0.504751 0.085511 0.007126
0.517815 0.085511 0.008314
0.529691 0.085511 0.008314
0.539192 0.085511 0.011876
0.546318 0.085511 0.013064
0.593824 0.085511 0.005938
0.604513 0.085511 0.007126
0.654394 0.085511 0.013064
0.665083 0.085511 0.008314
0.675772 0.085511 0.004751
0.684086 0.085511 0.007126
0.693587 0.085511 0.007126
0.705463 0.085511 0.007126
0.716152 0.085511 0.007126
0.728029 0.085511 0.007126
0.771971 0.085511 0.005938
0.802850 0.085511 0.008314
0.824228 0.085511 0.007126
0.857482 0.085511 0.008314
0.865796 0.085511 0.004751
0.872922 0.085511 0.011876
0.496437 0.086698 0.013064
0.614014 0.086698 0.007126
0.834917 0.086698 0.007126
0.845606 0.086698 0.007126
0.364608 0.087886 0.011876
0.623515 0.087886 0.007126
0.780285 0.087886 0.008314
0.792162 0.087886 0.007126
0.269596 0.089074 0.005938
0.314727 0.089074 0.005938
0.325416 0.089074 0.008314
0.337292 0.089074 0.008314
0.371734 0.089074 0.015439
0.381235 0.089074 0.007126
0.242280 0.090261 0.013064
0.250594 0.090261 0.005938
0.260095 0.090261 0.005938
0.281473 0.090261 0.008314
0.292162 0.090261 0.005938
0.302850 0.090261 0.008314
0.349169 0.090261 0.008314
0.229216 0.091449 0.005938
0.160333 0.092637 0.005938
0.171021 0.092637 0.008314
0.197150 0.092637 0.008314
0.209026 0.092637 0.008314
0.149644 0.093824 0.008314
0.217340 0.093824 0.008314
0.138955 0.095012 0.008314
0.185273 0.095012 0.008314
0.124703 0.096200 0.008314
0.609264 0.098575 0.008314
0.568884 0.100950 0.009501
0.640143 0.100950 0.008314
0.687648 0.100950 0.007126
0.709026 0.100950 0.008314
0.722090 0.100950 0.008314
0.744656 0.100950 0.005938
0.754157 0.100950 0.005938
0.870546 0.100950 0.008314
0.520190 0.102138 0.010689
0.538005 0.102138 0.008314
0.549881 0.102138 0.009501
0.580760 0.102138 0.008314
0.591449 0.102138 0.010689
0.619952 0.102138 0.005938
0.628266 0.102138 0.008314
0.652019 0.102138 0.010689
0.659145 0.102138 0.004751
0.668646 0.102138 0.005938
0.678147 0.102138 0.005938
0.698337 0.102138 0.004751
0.732779 0.102138 0.008314
0.764846 0.102138 0.005938
0.801663 0.102138 0.005938
0.812352 0.102138 0.007126
0.852732 0.102138 0.004751
0.863420 0.102138 0.008314
0.300475 0.103325 0.007126
0.410926 0.103325 0.004751
0.419240 0.103325 0.004751
0.501188 0.103325 0.007126
0.510689 0.103325 0.004751
0.773159 0.103325 0.004751
0.781473 0.103325 0.005938
0.790974 0.103325 0.005938
0.830166 0.103325 0.010689
0.844418 0.103325 0.008314
0.280285 0.104513 0.004751
0.289786 0.104513 0.005938
0.309976 0.104513 0.007126
0.330166 0.104513 0.010689
0.347981 0.104513 0.007126
0.359857 0.104513 0.008314
0.444181 0.104513 0.005938
0.461995 0.104513 0.004751
0.489311 0.104513 0.007126
0.270784 0.105701 0.005938
0.321853 0.105701 0.005938
0.454869 0.105701 0.004751
0.470309 0.105701 0.011876
0.226841 0.106888 0.008314
0.241093 0.106888 0.008314
0.251781 0.106888 0.004751
0.258907 0.108076 0.008314
0.184086 0.109264 0.005938
0.213777 0.109264 0.008314
0.433492 0.109264 0.008314
0.150831 0.110451 0.004751
0.157957 0.110451 0.011876
0.166271 0.110451 0.004751
0.174584 0.110451 0.005938
0.200713 0.110451 0.009501
0.131829 0.111639 0.005938
0.141330 0.111639 0.005938
0.122328 0.114014 0.008314
0.723278 0.115202 0.009501
0.508314 0.116390 0.004751
0.688836 0.116390 0.005938
0.699525 0.116390 0.007126
0.709026 0.116390 0.004751
0.716152 0.116390 0.004751
0.735154 0.116390 0.008314
0.751781 0.116390 0.007126
0.874109 0.116390 0.013064
0.515439 0.117577 0.008314
0.668646 0.117577 0.007126
0.680523 0.117577 0.005938
0.742280 0.117577 0.013064
0.762470 0.117577 0.007126
0.809976 0.117577 0.008314
0.847981 0.117577 0.011876
0.856295 0.117577 0.004751
0.864608 0.117577 0.005938
0.527316 0.118765 0.007126
0.562945 0.118765 0.004751
0.572447 0.118765 0.007126
0.619952 0.118765 0.011876
0.648456 0.118765 0.007126
0.773159 0.118765 0.005938
0.780285 0.118765 0.004751
0.798100 0.118765 0.008314
0.838480 0.118765 0.005938
0.323040 0.119952 0.008314
0.333729 0.119952 0.007126
0.355107 0.119952 0.005938
0.546318 0.119952 0.004751
0.554632 0.119952 0.007126
0.586698 0.119952 0.008314
0.606888 0.119952 0.005938
0.625891 0.119952 0.013064
0.637767 0.119952 0.007126
0.657957 0.119952 0.008314
0.788599 0.119952 0.011876
0.308789 0.121140 0.010689
0.345606 0.121140 0.007126
0.366983 0.121140 0.007126
0.376485 0.121140 0.008314
0.388361 0.121140 0.005938
0.397862 0.121140 0.005938
0.598575 0.121140 0.007126
0.260095 0.122328 0.004751
0.270784 0.122328 0.007126
0.293349 0.122328 0.008314
0.407363 0.122328 0.005938
0.415677 0.122328 0.013064
0.241093 0.123515 0.007126
0.250594 0.123515 0.007126
0.280285 0.123515 0.008314
0.186461 0.124703 0.004751
0.194774 0.125891 0.005938
0.204276 0.125891 0.005938
0.212589 0.125891 0.004751
0.229216 0.125891 0.007126
0.153207 0.127078 0.005938
0.162708 0.127078 0.004751
0.172209 0.127078 0.005938
0.134204 0.128266 0.007126
0.143705 0.128266 0.005938
0.123515 0.130641 0.007126
0.866983 0.135392 0.008314
0.876485 0.135392 0.008314
0.437055 0.136580 0.010689
0.573634 0.136580 0.009501
0.600950 0.136580 0.008314
0.729216 0.136580 0.013064
0.745843 0.136580 0.008314
0.769596 0.136580 0.007126
0.817102 0.136580 0.008314
0.842043 0.136580 0.008314
0.852732 0.136580 0.005938
0.342043 0.137767 0.008314
0.399050 0.137767 0.004751
0.617577 0.137767 0.009501
0.709026 0.137767 0.005938
0.719715 0.137767 0.007126
0.782660 0.137767 0.008314
0.792162 0.137767 0.007126
0.806413 0.137767 0.008314
0.828979 0.137767 0.008314
0.257720 0.138955 0.007126
0.268409 0.138955 0.007126
0.279097 0.138955 0.004751
0.332542 0.138955 0.013064
0.356295 0.138955 0.008314
0.390736 0.138955 0.005938
0.407363 0.138955 0.005938
0.589074 0.138955 0.008314
0.633017 0.138955 0.008314
0.643705 0.138955 0.005938
0.653207 0.138955 0.005938
0.661520 0.138955 0.013064
0.213777 0.140143 0.008314
0.248219 0.140143 0.007126
0.381235 0.140143 0.007126
0.418052 0.140143 0.008314
0.181710 0.141330 0.009501
0.193587 0.141330 0.005938
0.201900 0.141330 0.013064
0.238717 0.141330 0.007126
0.369359 0.141330 0.008314
0.168646 0.142518 0.008314
0.226841 0.142518 0.008314
0.144893 0.143705 0.008314
0.157957 0.143705 0.008314
0.133017 0.144893 0.008314
0.122328 0.146081 0.008314
0.859857 0.150831 0.007126
0.846793 0.153207 0.007126
0.872922 0.153207 0.009501
0.767221 0.154394 0.008314
0.798100 0.154394 0.008314
0.806413 0.154394 0.005938
0.826603 0.154394 0.005938
0.834917 0.154394 0.008314
0.492874 0.155582 0.013064
0.581948 0.155582 0.008314
0.608076 0.155582 0.007126
0.712589 0.155582 0.008314
0.744656 0.155582 0.005938
0.755344 0.155582 0.008314
0.777910 0.155582 0.005938
0.787411 0.155582 0.005938
0.814727 0.155582 0.008314
0.252969 0.156770 0.007126
0.264846 0.156770 0.008314
0.277910 0.156770 0.008314
0.472684 0.156770 0.008314
0.480998 0.156770 0.005938
0.501188 0.156770 0.005938
0.527316 0.156770 0.008314
0.536817 0.156770 0.005938
0.561758 0.156770 0.013064
0.570071 0.156770 0.008314
0.595012 0.156770 0.008314
0.619952 0.156770 0.008314
0.633017 0.156770 0.007126
0.643705 0.156770 0.005938
0.653207 0.156770 0.008314
0.722090 0.156770 0.009501
0.735154 0.156770 0.007126
0.242280 0.157957 0.008314
0.346793 0.157957 0.008314
0.414489 0.157957 0.008314
0.547506 0.157957 0.005938
0.184086 0.159145 0.008314
0.200713 0.159145 0.007126
0.219715 0.159145 0.008314
0.231591 0.159145 0.005938
0.336105 0.159145 0.008314
0.356295 0.159145 0.007126
0.366983 0.159145 0.007126
0.402613 0.159145 0.005938
0.174584 0.160333 0.007126
0.163895 0.161520 0.013064
0.146081 0.162708 0.005938
0.155582 0.162708 0.004751
0.137767 0.163895 0.004751
0.118765 0.165083 0.008314
0.128266 0.165083 0.007126
0.871734 0.168646 0.007126
0.790974 0.169834 0.007126
0.813539 0.169834 0.008314
0.825416 0.169834 0.008314
0.834917 0.169834 0.004751
0.843230 0.169834 0.005938
0.853919 0.169834 0.005938
0.754157 0.171021 0.008314
0.766033 0.171021 0.007126
0.777910 0.171021 0.008314
0.801663 0.171021 0.007126
0.863420 0.171021 0.004751
0.524941 0.172209 0.007126
0.610451 0.172209 0.007126
0.642518 0.172209 0.004751
0.709026 0.172209 0.008314
0.730404 0.172209 0.008314
0.741093 0.172209 0.005938
0.274347 0.173397 0.007126
0.496437 0.173397 0.007126
0.505938 0.173397 0.007126
0.545131 0.173397 0.005938
0.554632 0.173397 0.005938
0.566508 0.173397 0.008314
0.577197 0.173397 0.007126
0.586698 0.173397 0.008314
0.597387 0.173397 0.005938
0.618765 0.173397 0.005938
0.627078 0.173397 0.004751
0.633017 0.173397 0.011876
0.652019 0.173397 0.007126
0.719715 0.173397 0.008314
0.439430 0.174584 0.005938
0.447743 0.174584 0.004751
0.458432 0.174584 0.008314
0.477435 0.174584 0.013064
0.485748 0.174584 0.005938
0.514252 0.174584 0.013064
0.535629 0.174584 0.005938
0.238717 0.175772 0.007126
0.248219 0.175772 0.004751
0.256532 0.175772 0.005938
0.264846 0.175772 0.004751
0.385986 0.175772 0.008314
0.426366 0.175772 0.008314
0.467933 0.175772 0.005938
0.337292 0.176960 0.008314
0.346793 0.176960 0.013064
0.355107 0.176960 0.013064
0.415677 0.176960 0.008314
0.192399 0.178147 0.007126
0.219715 0.178147 0.008314
0.229216 0.178147 0.004751
0.376485 0.178147 0.007126
0.182898 0.179335 0.005938
0.203088 0.179335 0.008314
0.365796 0.179335 0.007126
0.169834 0.181710 0.008314
0.136580 0.182898 0.007126
0.146081 0.182898 0.004751
0.117577 0.184086 0.011876
0.125891 0.184086 0.013064
0.154394 0.184086 0.007126
0.887173 0.184086 0.009501
0.880048 0.185273 0.004751
0.838480 0.186461 0.009501
0.852732 0.186461 0.010689
0.862233 0.186461 0.004751
0.870546 0.186461 0.008314
0.755344 0.188836 0.009501
0.767221 0.188836 0.005938
0.775534 0.188836 0.004751
0.786223 0.188836 0.008314
0.806413 0.188836 0.004751
0.813539 0.188836 0.008314
0.825416 0.188836 0.008314
0.796912 0.190024 0.007126
0.579572 0.191211 0.008314
0.611639 0.191211 0.010689
0.653207 0.191211 0.008314
0.665083 0.191211 0.008314
0.673397 0.191211 0.014252
0.723278 0.191211 0.008314
0.738717 0.191211 0.009501
0.269596 0.192399 0.010689
0.435867 0.192399 0.010689
0.464371 0.192399 0.008314
0.536817 0.192399 0.008314
0.599762 0.192399 0.008314
0.627078 0.192399 0.008314
0.642518 0.192399 0.008314
0.697150 0.192399 0.008314
0.261283 0.193587 0.011876
0.333729 0.193587 0.008314
0.478622 0.193587 0.005938
0.489311 0.193587 0.008314
0.498812 0.193587 0.005938
0.516627 0.193587 0.008314
0.547506 0.193587 0.007126
0.558195 0.193587 0.004751
0.567696 0.193587 0.007126
0.684086 0.193587 0.008314
0.711401 0.193587 0.007126
0.245843 0.194774 0.007126
0.285036 0.194774 0.008314
0.295724 0.194774 0.008314
0.344418 0.194774 0.007126
0.376485 0.194774 0.010689
0.391924 0.194774 0.008314
0.399050 0.194774 0.004751
0.408551 0.194774 0.007126
0.419240 0.194774 0.005938
0.452494 0.194774 0.007126
0.524941 0.194774 0.007126
0.187648 0.195962 0.007126
0.199525 0.195962 0.007126
0.225653 0.195962 0.008314
0.235154 0.195962 0.005938
0.321853 0.195962 0.010689
0.366983 0.195962 0.007126
0.168646 0.197150 0.005938
0.176960 0.197150 0.005938
0.216152 0.197150 0.011876
0.356295 0.197150 0.007126
0.130641 0.198337 0.007126
0.140143 0.198337 0.004751
0.149644 0.198337 0.008314
0.160333 0.198337 0.008314
0.117577 0.199525 0.008314
0.880048 0.200713 0.011876
0.861045 0.203088 0.007126
0.870546 0.203088 0.008314
0.850356 0.204276 0.007126
0.828979 0.205463 0.007126
0.839667 0.205463 0.005938
0.769596 0.206651 0.005938
0.780285 0.206651 0.013064
0.809976 0.206651 0.008314
0.820665 0.206651 0.005938
0.600950 0.207838 0.008314
0.656770 0.207838 0.004751
0.666271 0.207838 0.007126
0.707838 0.207838 0.008314
0.718527 0.207838 0.008314
0.725653 0.207838 0.008314
0.737530 0.207838 0.007126
0.758907 0.207838 0.008314
0.787411 0.207838 0.007126
0.798100 0.207838 0.007126
0.491686 0.209026 0.004751
0.528504 0.209026 0.007126
0.540380 0.209026 0.007126
0.564133 0.209026 0.008314
0.576010 0.209026 0.007126
0.585511 0.209026 0.008314
0.611639 0.209026 0.004751
0.623515 0.209026 0.008314
0.637767 0.209026 0.008314
0.648456 0.209026 0.005938
0.681710 0.209026 0.008314
0.693587 0.209026 0.005938
0.273159 0.210214 0.008314
0.307601 0.210214 0.007126
0.412114 0.210214 0.008314
0.425178 0.210214 0.005938
0.434679 0.210214 0.008314
0.445368 0.210214 0.007126
0.456057 0.210214 0.007126
0.466746 0.210214 0.008314
0.480998 0.210214 0.007126
0.504751 0.210214 0.008314
0.517815 0.210214 0.005938
0.551069 0.210214 0.005938
0.748219 0.210214 0.008314
0.217340 0.211401 0.008314
0.286223 0.211401 0.007126
0.296912 0.211401 0.008314
0.390736 0.211401 0.004751
0.192399 0.212589 0.008314
0.206651 0.212589 0.008314
0.235154 0.212589 0.008314
0.245843 0.212589 0.005938
0.255344 0.212589 0.011876
0.326603 0.212589 0.013064
0.381235 0.212589 0.007126
0.400238 0.212589 0.008314
0.175772 0.213777 0.010689
0.182898 0.213777 0.004751
0.319477 0.213777 0.010689
0.349169 0.213777 0.007126
0.362233 0.213777 0.011876
0.370546 0.213777 0.013064
0.155582 0.216152 0.005938
0.165083 0.216152 0.007126
0.889549 0.216152 0.008314
0.116390 0.217340 0.007126
0.127078 0.217340 0.008314
0.143705 0.218527 0.008314
0.880048 0.218527 0.004751
0.870546 0.219715 0.007126
0.819477 0.220903 0.008314
0.833729 0.220903 0.010689
0.842043 0.220903 0.004751
0.847981 0.220903 0.004751
0.855107 0.220903 0.009501
0.796912 0.222090 0.007126
0.808789 0.222090 0.007126
0.787411 0.223278 0.007126
0.500000 0.224466 0.011876
0.508314 0.224466 0.013064
0.570071 0.224466 0.005938
0.592637 0.224466 0.004751
0.600950 0.224466 0.008314
0.614014 0.224466 0.008314
0.623515 0.224466 0.004751
0.631829 0.224466 0.004751
0.640143 0.224466 0.004751
0.648456 0.224466 0.008314
0.659145 0.224466 0.007126
0.699525 0.224466 0.008314
0.732779 0.224466 0.008314
0.745843 0.224466 0.009501
0.758907 0.224466 0.008314
0.767221 0.224466 0.004751
0.779097 0.224466 0.013064
0.422803 0.225653 0.009501
0.477435 0.225653 0.008314
0.485748 0.225653 0.013064
0.522565 0.225653 0.013064
0.560570 0.225653 0.005938
0.581948 0.225653 0.008314
0.668646 0.225653 0.004751
0.678147 0.225653 0.013064
0.709026 0.225653 0.008314
0.720903 0.225653 0.008314
0.307601 0.226841 0.008314
0.437055 0.226841 0.008314
0.451306 0.226841 0.008314
0.533254 0.226841 0.008314
0.543943 0.226841 0.013064
0.551069 0.226841 0.013064
0.299287 0.228029 0.004751
0.343230 0.228029 0.008314
0.356295 0.228029 0.008314
0.364608 0.228029 0.005938
0.408551 0.228029 0.013064
0.465558 0.228029 0.008314
0.195962 0.229216 0.008314
0.207838 0.229216 0.007126
0.217340 0.229216 0.005938
0.228029 0.229216 0.008314
0.236342 0.229216 0.005938
0.244656 0.229216 0.013064
0.255344 0.229216 0.005938
0.264846 0.229216 0.008314
0.279097 0.229216 0.007126
0.290974 0.229216 0.013064
0.324228 0.229216 0.008314
0.333729 0.229216 0.004751
0.375297 0.229216 0.008314
0.399050 0.229216 0.005938
0.388361 0.230404 0.008314
0.114014 0.231591 0.007126
0.154394 0.231591 0.007126
0.174584 0.231591 0.004751
0.184086 0.231591 0.008314
0.143705 0.232779 0.004751
0.163895 0.232779 0.008314
0.127078 0.233967 0.010689
