0.941805 0.001188 0.020190
0.781473 0.004751 0.004751
0.849169 0.008314 0.023753
0.770784 0.009501 0.026128
0.755344 0.010689 0.016627
0.817102 0.011876 0.013064
0.880048 0.011876 0.013064
0.877672 0.039192 0.010689
0.788599 0.040380 0.014252
0.840855 0.040380 0.008314
0.852732 0.040380 0.008314
0.644893 0.041568 0.008314
0.712589 0.041568 0.008314
0.767221 0.041568 0.010689
0.796912 0.041568 0.005938
0.806413 0.041568 0.004751
0.826603 0.041568 0.008314
0.864608 0.041568 0.005938
0.585511 0.042755 0.008314
0.616390 0.042755 0.005938
0.633017 0.042755 0.004751
0.654394 0.042755 0.014252
0.663895 0.042755 0.005938
0.674584 0.042755 0.007126
0.684086 0.042755 0.013064
0.700713 0.042755 0.007126
0.724466 0.042755 0.007126
0.735154 0.042755 0.008314
0.744656 0.042755 0.005938
0.754157 0.042755 0.008314
0.777910 0.042755 0.007126
0.814727 0.042755 0.007126
0.567696 0.043943 0.004751
0.598575 0.043943 0.008314
0.624703 0.043943 0.013064
0.368171 0.045131 0.008314
0.389549 0.045131 0.005938
0.486936 0.045131 0.005938
0.498812 0.045131 0.008314
0.510689 0.045131 0.007126
0.520190 0.045131 0.007126
0.530879 0.045131 0.007126
0.555819 0.045131 0.008314
0.262470 0.046318 0.005938
0.273159 0.046318 0.008314
0.281473 0.046318 0.008314
0.292162 0.046318 0.007126
0.319477 0.046318 0.005938
0.344418 0.046318 0.011876
0.378860 0.046318 0.005938
0.399050 0.046318 0.007126
0.408551 0.046318 0.007126
0.426366 0.046318 0.005938
0.437055 0.046318 0.008314
0.448931 0.046318 0.008314
0.459620 0.046318 0.008314
0.467933 0.046318 0.005938
0.477435 0.046318 0.005938
0.543943 0.046318 0.009501
0.212589 0.047506 0.007126
0.251781 0.047506 0.011876
0.302850 0.047506 0.008314
0.309976 0.047506 0.005938
0.330166 0.047506 0.005938
0.894299 0.047506 0.017815
0.199525 0.048694 0.011876
0.224466 0.048694 0.008314
0.235154 0.048694 0.007126
0.244656 0.048694 0.004751
0.191211 0.049881 0.004751
0.181710 0.051069 0.005938
0.147268 0.052257 0.004751
0.162708 0.052257 0.007126
0.172209 0.052257 0.005938
0.135392 0.053444 0.010689
0.128266 0.054632 0.010689
0.572447 0.055819 0.007126
0.847981 0.055819 0.007126
0.857482 0.055819 0.005938
0.865796 0.055819 0.007126
0.827791 0.057007 0.007126
0.838480 0.057007 0.008314
0.875297 0.057007 0.013064
0.665083 0.058195 0.008314
0.675772 0.058195 0.004751
0.681710 0.058195 0.004751
0.688836 0.058195 0.009501
0.701900 0.058195 0.007126
0.714964 0.058195 0.008314
0.741093 0.058195 0.010689
0.751781 0.058195 0.007126
0.761283 0.058195 0.004751
0.768409 0.058195 0.004751
0.623515 0.059382 0.005938
0.638955 0.059382 0.004751
0.647268 0.059382 0.010689
0.726841 0.059382 0.008314
0.782660 0.059382 0.008314
0.818290 0.059382 0.007126
0.485748 0.060570 0.011876
0.494062 0.060570 0.004751
0.502375 0.060570 0.005938
0.511876 0.060570 0.005938
0.547506 0.060570 0.008314
0.555819 0.060570 0.005938
0.564133 0.060570 0.004751
0.591449 0.060570 0.007126
0.631829 0.060570 0.005938
0.793349 0.060570 0.008314
0.264846 0.061758 0.005938
0.273159 0.061758 0.005938
0.305226 0.061758 0.004751
0.383610 0.061758 0.007126
0.448931 0.061758 0.005938
0.461995 0.061758 0.008314
0.476247 0.061758 0.007126
0.580760 0.061758 0.005938
0.311164 0.062945 0.010689
0.345606 0.062945 0.007126
0.394299 0.062945 0.011876
0.409739 0.062945 0.011876
0.804038 0.062945 0.007126
0.237530 0.064133 0.005938
0.255344 0.064133 0.004751
0.364608 0.064133 0.005938
0.374109 0.064133 0.004751
0.401425 0.064133 0.004751
0.435867 0.064133 0.008314
0.205463 0.065321 0.010689
0.218527 0.065321 0.004751
0.226841 0.065321 0.004751
0.247031 0.065321 0.011876
0.185273 0.066508 0.007126
0.195962 0.066508 0.005938
0.175772 0.067696 0.005938
0.154394 0.068884 0.004751
0.165083 0.068884 0.007126
0.136580 0.070071 0.004751
0.146081 0.070071 0.005938
0.128266 0.071259 0.005938
0.868171 0.071259 0.011876
0.851544 0.072447 0.005938
0.859857 0.072447 0.004751
0.673397 0.074822 0.008314
0.682898 0.074822 0.013064
0.703088 0.074822 0.007126
0.770784 0.074822 0.005938
0.790974 0.074822 0.005938
0.811164 0.074822 0.008314
0.827791 0.074822 0.008314
0.842043 0.074822 0.007126
0.631829 0.076010 0.007126
0.643705 0.076010 0.007126
0.653207 0.076010 0.013064
0.661520 0.076010 0.008314
0.714964 0.076010 0.008314
0.726841 0.076010 0.004751
0.735154 0.076010 0.005938
0.745843 0.076010 0.008314
0.761283 0.076010 0.008314
0.781473 0.076010 0.007126
0.799287 0.076010 0.008314
0.496437 0.077197 0.008314
0.522565 0.077197 0.011876
0.539192 0.077197 0.008314
0.551069 0.077197 0.004751
0.305226 0.078385 0.008314
0.312352 0.078385 0.008314
0.456057 0.078385 0.013064
0.482185 0.078385 0.007126
0.530879 0.078385 0.004751
0.224466 0.079572 0.005938
0.251781 0.079572 0.005938
0.273159 0.079572 0.007126
0.281473 0.079572 0.008314
0.290974 0.079572 0.005938
0.393112 0.079572 0.004751
0.441805 0.079572 0.010689
0.448931 0.079572 0.011876
0.465558 0.079572 0.011876
0.205463 0.080760 0.007126
0.233967 0.080760 0.005938
0.243468 0.080760 0.005938
0.262470 0.080760 0.007126
0.371734 0.080760 0.008314
0.384798 0.080760 0.005938
0.213777 0.081948 0.005938
0.186461 0.083135 0.008314
0.193587 0.083135 0.004751
0.166271 0.084323 0.004751
0.147268 0.085511 0.007126
0.156770 0.085511 0.007126
0.174584 0.085511 0.007126
0.135392 0.089074 0.008314
0.855107 0.089074 0.004751
0.876485 0.089074 0.008314
0.814727 0.090261 0.008314
0.827791 0.090261 0.008314
0.838480 0.090261 0.013064
0.845606 0.090261 0.005938
0.770784 0.092637 0.010689
0.792162 0.092637 0.008314
0.802850 0.092637 0.008314
0.629454 0.093824 0.005938
0.640143 0.093824 0.008314
0.665083 0.093824 0.008314
0.714964 0.093824 0.008314
0.726841 0.093824 0.007126
0.747031 0.093824 0.005938
0.756532 0.093824 0.011876
0.279097 0.095012 0.011876
0.554632 0.095012 0.005938
0.565321 0.095012 0.007126
0.617577 0.095012 0.007126
0.654394 0.095012 0.008314
0.736342 0.095012 0.008314
0.271971 0.096200 0.004751
0.349169 0.096200 0.005938
0.377672 0.096200 0.007126
0.388361 0.096200 0.007126
0.397862 0.096200 0.008314
0.431116 0.096200 0.007126
0.527316 0.096200 0.005938
0.536817 0.096200 0.005938
0.546318 0.096200 0.007126
0.223278 0.097387 0.004751
0.242280 0.097387 0.005938
0.263658 0.097387 0.004751
0.338480 0.097387 0.008314
0.357482 0.097387 0.005938
0.366983 0.097387 0.005938
0.516627 0.097387 0.008314
0.214964 0.098575 0.005938
0.229216 0.098575 0.004751
0.252969 0.098575 0.008314
0.204276 0.099762 0.013064
0.187648 0.100950 0.005938
0.197150 0.100950 0.013064
0.165083 0.102138 0.005938
0.172209 0.102138 0.010689
0.131829 0.105701 0.004751
0.123515 0.106888 0.007126
0.850356 0.106888 0.007126
0.654394 0.108076 0.004751
0.785036 0.108076 0.010689
0.828979 0.108076 0.008314
0.839667 0.108076 0.005938
0.871734 0.108076 0.011876
0.773159 0.109264 0.004751
0.792162 0.109264 0.004751
0.808789 0.109264 0.010689
0.605701 0.110451 0.007126
0.647268 0.110451 0.011876
0.661520 0.110451 0.008314
0.716152 0.110451 0.005938
0.724466 0.110451 0.013064
0.745843 0.110451 0.004751
0.752969 0.110451 0.008314
0.764846 0.110451 0.005938
0.547506 0.111639 0.008314
0.595012 0.111639 0.008314
0.615202 0.111639 0.007126
0.627078 0.111639 0.008314
0.637767 0.111639 0.005938
0.735154 0.111639 0.007126
0.404988 0.112827 0.008314
0.504751 0.112827 0.007126
0.515439 0.112827 0.005938
0.535629 0.112827 0.008314
0.558195 0.112827 0.005938
0.567696 0.112827 0.007126
0.260095 0.114014 0.007126
0.282660 0.114014 0.008314
0.350356 0.114014 0.007126
0.361045 0.114014 0.007126
0.390736 0.114014 0.008314
0.415677 0.114014 0.005938
0.425178 0.114014 0.005938
0.523753 0.114014 0.008314
0.247031 0.115202 0.007126
0.270784 0.115202 0.005938
0.339667 0.115202 0.007126
0.369359 0.115202 0.013064
0.433492 0.115202 0.011876
0.440618 0.115202 0.011876
0.485748 0.115202 0.005938
0.229216 0.116390 0.005938
0.237530 0.116390 0.011876
0.475059 0.116390 0.008314
0.199525 0.117577 0.005938
0.218527 0.117577 0.008314
0.191211 0.118765 0.004751
0.207838 0.118765 0.007126
0.161520 0.119952 0.008314
0.169834 0.119952 0.005938
0.179335 0.119952 0.007126
0.857482 0.121140 0.008314
0.143705 0.122328 0.008314
0.843230 0.122328 0.007126
0.871734 0.122328 0.008314
0.881235 0.122328 0.005938
0.889549 0.122328 0.013064
0.123515 0.123515 0.008314
0.134204 0.123515 0.005938
0.807601 0.124703 0.007126
0.817102 0.124703 0.004751
0.825416 0.124703 0.005938
0.833729 0.124703 0.004751
0.771971 0.125891 0.007126
0.783848 0.125891 0.007126
0.794537 0.125891 0.008314
0.600950 0.127078 0.008314
0.612827 0.127078 0.008314
0.622328 0.127078 0.007126
0.634204 0.127078 0.005938
0.570071 0.128266 0.007126
0.590261 0.128266 0.005938
0.641330 0.128266 0.004751
0.716152 0.128266 0.011876
0.724466 0.128266 0.004751
0.732779 0.128266 0.008314
0.743468 0.128266 0.007126
0.754157 0.128266 0.013064
0.762470 0.128266 0.004751
0.560570 0.129454 0.005938
0.581948 0.129454 0.013064
0.649644 0.129454 0.013064
0.338480 0.130641 0.005938
0.426366 0.130641 0.007126
0.552257 0.130641 0.005938
0.275534 0.131829 0.004751
0.281473 0.131829 0.010689
0.347981 0.131829 0.004751
0.375297 0.131829 0.007126
0.387173 0.131829 0.010689
0.437055 0.131829 0.008314
0.467933 0.131829 0.008314
0.522565 0.131829 0.008314
0.533254 0.131829 0.005938
0.542755 0.131829 0.005938
0.225653 0.133017 0.004751
0.233967 0.133017 0.005938
0.243468 0.133017 0.005938
0.260095 0.133017 0.005938
0.269596 0.133017 0.004751
0.356295 0.133017 0.007126
0.366983 0.133017 0.007126
0.394299 0.133017 0.004751
0.404988 0.133017 0.008314
0.415677 0.133017 0.008314
0.448931 0.133017 0.008314
0.459620 0.133017 0.008314
0.482185 0.133017 0.008314
0.491686 0.133017 0.008314
0.503563 0.133017 0.013064
0.511876 0.133017 0.007126
0.217340 0.134204 0.004751
0.251781 0.134204 0.004751
0.154394 0.135392 0.008314
0.163895 0.135392 0.007126
0.174584 0.135392 0.004751
0.181710 0.135392 0.011876
0.191211 0.135392 0.004751
0.199525 0.135392 0.004751
0.207838 0.135392 0.005938
0.123515 0.136580 0.007126
0.134204 0.137767 0.005938
0.141330 0.137767 0.008314
0.883610 0.140143 0.004751
0.890736 0.140143 0.003563
0.874109 0.141330 0.008314
0.858670 0.142518 0.008314
0.834917 0.143705 0.005938
0.845606 0.143705 0.008314
0.779097 0.144893 0.007126
0.787411 0.144893 0.004751
0.796912 0.144893 0.008314
0.813539 0.144893 0.008314
0.824228 0.144893 0.007126
0.617577 0.146081 0.011876
0.754157 0.146081 0.010689
0.768409 0.146081 0.004751
0.593824 0.147268 0.008314
0.605701 0.147268 0.005938
0.625891 0.147268 0.004751
0.633017 0.147268 0.004751
0.642518 0.147268 0.005938
0.650831 0.147268 0.004751
0.659145 0.147268 0.007126
0.671021 0.147268 0.005938
0.680523 0.147268 0.005938
0.744656 0.147268 0.005938
0.433492 0.148456 0.013064
0.535629 0.148456 0.005938
0.546318 0.148456 0.007126
0.555819 0.148456 0.007126
0.580760 0.148456 0.005938
0.688836 0.148456 0.005938
0.699525 0.148456 0.005938
0.722090 0.148456 0.007126
0.733967 0.148456 0.008314
0.452494 0.149644 0.007126
0.523753 0.149644 0.009501
0.710214 0.149644 0.008314
0.122328 0.150831 0.008314
0.263658 0.150831 0.008314
0.276722 0.150831 0.004751
0.440618 0.150831 0.008314
0.461995 0.150831 0.005938
0.473872 0.150831 0.008314
0.484561 0.150831 0.007126
0.495249 0.150831 0.007126
0.505938 0.150831 0.007126
0.516627 0.150831 0.004751
0.134204 0.152019 0.007126
0.155582 0.152019 0.004751
0.174584 0.152019 0.007126
0.214964 0.152019 0.007126
0.223278 0.152019 0.008314
0.235154 0.152019 0.008314
0.252969 0.152019 0.008314
0.287411 0.152019 0.008314
0.399050 0.152019 0.004751
0.408551 0.152019 0.007126
0.420428 0.152019 0.008314
0.144893 0.153207 0.007126
0.163895 0.153207 0.008314
0.184086 0.153207 0.008314
0.195962 0.153207 0.005938
0.299287 0.153207 0.008314
0.321853 0.153207 0.007126
0.334917 0.153207 0.004751
0.362233 0.153207 0.004751
0.369359 0.153207 0.008314
0.390736 0.153207 0.004751
0.204276 0.154394 0.005938
0.312352 0.154394 0.007126
0.342043 0.154394 0.008314
0.353919 0.154394 0.007126
0.381235 0.154394 0.007126
0.881235 0.156770 0.007126
0.893112 0.156770 0.007126
0.851544 0.157957 0.004751
0.859857 0.157957 0.005938
0.869359 0.157957 0.007126
0.811164 0.159145 0.008314
0.821853 0.159145 0.007126
0.843230 0.159145 0.005938
0.831354 0.160333 0.007126
0.789786 0.161520 0.008314
0.798100 0.161520 0.008314
0.668646 0.163895 0.009501
0.731591 0.163895 0.008314
0.755344 0.163895 0.008314
0.768409 0.163895 0.005938
0.777910 0.163895 0.007126
0.558195 0.165083 0.008314
0.572447 0.165083 0.007126
0.587886 0.165083 0.008314
0.599762 0.165083 0.008314
0.611639 0.165083 0.005938
0.641330 0.165083 0.008314
0.653207 0.165083 0.008314
0.679335 0.165083 0.013064
0.716152 0.165083 0.010689
0.744656 0.165083 0.008314
0.475059 0.166271 0.008314
0.489311 0.166271 0.008314
0.546318 0.166271 0.007126
0.622328 0.166271 0.008314
0.633017 0.166271 0.005938
0.452494 0.167458 0.007126
0.461995 0.167458 0.007126
0.501188 0.167458 0.007126
0.510689 0.167458 0.005938
0.521378 0.167458 0.008314
0.535629 0.167458 0.007126
0.119952 0.168646 0.008314
0.130641 0.168646 0.004751
0.140143 0.168646 0.005938
0.148456 0.168646 0.007126
0.437055 0.168646 0.008314
0.894299 0.168646 0.008314
0.157957 0.169834 0.005938
0.166271 0.169834 0.004751
0.184086 0.169834 0.007126
0.193587 0.169834 0.005938
0.204276 0.169834 0.007126
0.213777 0.169834 0.004751
0.222090 0.169834 0.004751
0.231591 0.169834 0.007126
0.242280 0.169834 0.007126
0.252969 0.169834 0.004751
0.260095 0.169834 0.004751
0.271971 0.169834 0.008314
0.283848 0.169834 0.007126
0.340855 0.169834 0.007126
0.361045 0.169834 0.007126
0.370546 0.169834 0.007126
0.397862 0.169834 0.008314
0.423990 0.169834 0.008314
0.872922 0.169834 0.005938
0.881235 0.169834 0.005938
0.298100 0.171021 0.010689
0.307601 0.171021 0.005938
0.315914 0.171021 0.005938
0.326603 0.171021 0.007126
0.350356 0.171021 0.005938
0.381235 0.171021 0.008314
0.407363 0.171021 0.008314
0.861045 0.171021 0.007126
0.845606 0.173397 0.008314
0.834917 0.174584 0.008314
0.798100 0.176960 0.005938
0.809976 0.176960 0.008314
0.820665 0.176960 0.008314
0.773159 0.178147 0.008314
0.788599 0.178147 0.008314
0.719715 0.180523 0.007126
0.732779 0.180523 0.008314
0.747031 0.180523 0.010689
0.568884 0.181710 0.010689
0.580760 0.181710 0.008314
0.118765 0.182898 0.010689
0.127078 0.182898 0.004751
0.133017 0.182898 0.004751
0.543943 0.182898 0.005938
0.555819 0.182898 0.007126
0.593824 0.182898 0.008314
0.603325 0.182898 0.005938
0.691211 0.182898 0.009501
0.704276 0.182898 0.008314
0.140143 0.184086 0.005938
0.150831 0.184086 0.008314
0.165083 0.184086 0.010689
0.191211 0.184086 0.008314
0.198337 0.184086 0.010689
0.524941 0.184086 0.008314
0.534442 0.184086 0.007126
0.649644 0.184086 0.008314
0.661520 0.184086 0.008314
0.676960 0.184086 0.010689
0.173397 0.185273 0.004751
0.210214 0.185273 0.008314
0.232779 0.185273 0.007126
0.242280 0.185273 0.005938
0.273159 0.185273 0.008314
0.283848 0.185273 0.005938
0.311164 0.185273 0.005938
0.333729 0.185273 0.007126
0.351544 0.185273 0.004751
0.364608 0.185273 0.009501
0.432304 0.185273 0.008314
0.444181 0.185273 0.007126
0.454869 0.185273 0.008314
0.471496 0.185273 0.010689
0.488124 0.185273 0.008314
0.510689 0.185273 0.010689
0.181710 0.186461 0.004751
0.222090 0.186461 0.004751
0.252969 0.186461 0.013064
0.293349 0.186461 0.005938
0.302850 0.186461 0.005938
0.321853 0.186461 0.007126
0.344418 0.186461 0.005938
0.377672 0.186461 0.010689
0.409739 0.186461 0.008314
0.420428 0.186461 0.008314
0.498812 0.186461 0.008314
0.395487 0.190024 0.010689
