0.941805 0.004751 0.016627
0.656770 0.007126 0.022565
0.845606 0.007126 0.024941
0.764846 0.010689 0.024941
0.817102 0.011876 0.013064
0.880048 0.011876 0.016627
0.692399 0.014252 0.013064
0.629454 0.016627 0.011876
0.342043 0.017815 0.021378
0.309976 0.021378 0.011876
0.248219 0.022565 0.016627
0.184086 0.023753 0.013064
0.214964 0.024941 0.020190
0.883610 0.040380 0.004751
0.743468 0.041568 0.007126
0.769596 0.041568 0.008314
0.814727 0.041568 0.008314
0.825416 0.041568 0.007126
0.876485 0.041568 0.004751
0.656770 0.042755 0.008314
0.667458 0.042755 0.007126
0.676960 0.042755 0.004751
0.694774 0.042755 0.004751
0.723278 0.042755 0.004751
0.756532 0.042755 0.008314
0.777910 0.042755 0.005938
0.786223 0.042755 0.004751
0.795724 0.042755 0.008314
0.806413 0.042755 0.008314
0.839667 0.042755 0.008314
0.847981 0.042755 0.005938
0.857482 0.042755 0.005938
0.868171 0.042755 0.005938
0.602138 0.043943 0.005938
0.612827 0.043943 0.007126
0.634204 0.043943 0.005938
0.643705 0.043943 0.007126
0.703088 0.043943 0.010689
0.716152 0.043943 0.004751
0.732779 0.043943 0.008314
0.573634 0.045131 0.008314
0.584323 0.045131 0.005938
0.623515 0.045131 0.007126
0.521378 0.046318 0.004751
0.562945 0.046318 0.004751
0.514252 0.047506 0.004751
0.542755 0.047506 0.009501
0.554632 0.047506 0.008314
0.496437 0.048694 0.007126
0.505938 0.048694 0.005938
0.529691 0.048694 0.007126
0.396675 0.049881 0.005938
0.404988 0.049881 0.008314
0.416865 0.049881 0.004751
0.428741 0.049881 0.008314
0.439430 0.049881 0.008314
0.450119 0.049881 0.008314
0.463183 0.049881 0.005938
0.472684 0.049881 0.010689
0.478622 0.049881 0.004751
0.485748 0.049881 0.009501
0.286223 0.052257 0.008314
0.308789 0.052257 0.007126
0.325416 0.052257 0.010689
0.340855 0.052257 0.005938
0.350356 0.052257 0.007126
0.383610 0.052257 0.008314
0.245843 0.053444 0.008314
0.255344 0.053444 0.005938
0.274347 0.053444 0.008314
0.296912 0.053444 0.007126
0.364608 0.053444 0.010689
0.193587 0.054632 0.008314
0.219715 0.054632 0.007126
0.231591 0.054632 0.008314
0.266033 0.054632 0.007126
0.332542 0.054632 0.013064
0.182898 0.055819 0.007126
0.209026 0.055819 0.008314
0.876485 0.055819 0.005938
0.159145 0.057007 0.008314
0.171021 0.057007 0.008314
0.773159 0.057007 0.004751
0.856295 0.057007 0.007126
0.868171 0.057007 0.008314
0.646081 0.058195 0.004751
0.662708 0.058195 0.007126
0.673397 0.058195 0.007126
0.699525 0.058195 0.008314
0.707838 0.058195 0.008314
0.719715 0.058195 0.008314
0.744656 0.058195 0.008314
0.764846 0.058195 0.008314
0.782660 0.058195 0.008314
0.792162 0.058195 0.005938
0.800475 0.058195 0.004751
0.807601 0.058195 0.008314
0.818290 0.058195 0.005938
0.826603 0.058195 0.004751
0.836105 0.058195 0.008314
0.845606 0.058195 0.007126
0.637767 0.059382 0.007126
0.653207 0.059382 0.010689
0.684086 0.059382 0.008314
0.730404 0.059382 0.008314
0.591449 0.060570 0.007126
0.602138 0.060570 0.008314
0.614014 0.060570 0.008314
0.625891 0.060570 0.007126
0.146081 0.061758 0.007126
0.527316 0.062945 0.008314
0.548694 0.062945 0.007126
0.568884 0.062945 0.004751
0.579572 0.062945 0.007126
0.513064 0.064133 0.007126
0.536817 0.064133 0.007126
0.559382 0.064133 0.008314
0.471496 0.065321 0.004751
0.498812 0.065321 0.008314
0.312352 0.066508 0.005938
0.387173 0.066508 0.005938
0.395487 0.066508 0.004751
0.402613 0.066508 0.004751
0.428741 0.066508 0.008314
0.440618 0.066508 0.004751
0.451306 0.066508 0.008314
0.461995 0.066508 0.007126
0.479810 0.066508 0.007126
0.489311 0.066508 0.005938
0.287411 0.067696 0.005938
0.296912 0.067696 0.004751
0.304038 0.067696 0.004751
0.364608 0.067696 0.007126
0.376485 0.067696 0.005938
0.244656 0.068884 0.005938
0.254157 0.068884 0.005938
0.263658 0.068884 0.004751
0.269596 0.068884 0.010689
0.279097 0.068884 0.004751
0.324228 0.068884 0.007126
0.334917 0.068884 0.005938
0.347981 0.068884 0.009501
0.187648 0.070071 0.008314
0.197150 0.070071 0.005938
0.213777 0.070071 0.004751
0.224466 0.070071 0.007126
0.235154 0.070071 0.008314
0.875297 0.070071 0.009501
0.171021 0.071259 0.005938
0.179335 0.071259 0.004751
0.206651 0.071259 0.004751
0.856295 0.071259 0.004751
0.863420 0.071259 0.004751
0.869359 0.071259 0.004751
0.719715 0.072447 0.009501
0.741093 0.072447 0.004751
0.748219 0.072447 0.004751
0.157957 0.073634 0.008314
0.672209 0.073634 0.008314
0.686461 0.073634 0.005938
0.725653 0.073634 0.004751
0.733967 0.073634 0.004751
0.825416 0.073634 0.004751
0.832542 0.073634 0.004751
0.846793 0.073634 0.007126
0.629454 0.074822 0.005938
0.641330 0.074822 0.008314
0.655582 0.074822 0.010689
0.695962 0.074822 0.005938
0.704276 0.074822 0.008314
0.756532 0.074822 0.007126
0.770784 0.074822 0.008314
0.782660 0.074822 0.007126
0.796912 0.074822 0.008314
0.806413 0.074822 0.004751
0.814727 0.074822 0.008314
0.138955 0.076010 0.008314
0.148456 0.076010 0.007126
0.580760 0.076010 0.008314
0.587886 0.076010 0.004751
0.598575 0.076010 0.008314
0.610451 0.076010 0.004751
0.618765 0.076010 0.007126
0.661520 0.076010 0.008314
0.571259 0.078385 0.011876
0.394299 0.079572 0.008314
0.500000 0.079572 0.007126
0.509501 0.079572 0.005938
0.532067 0.079572 0.007126
0.541568 0.079572 0.007126
0.554632 0.079572 0.008314
0.383610 0.080760 0.004751
0.404988 0.080760 0.008314
0.453682 0.080760 0.005938
0.461995 0.080760 0.004751
0.470309 0.080760 0.005938
0.480998 0.080760 0.005938
0.489311 0.080760 0.005938
0.521378 0.080760 0.007126
0.292162 0.081948 0.007126
0.362233 0.081948 0.008314
0.375297 0.081948 0.008314
0.444181 0.081948 0.005938
0.281473 0.083135 0.008314
0.301663 0.083135 0.005938
0.312352 0.083135 0.008314
0.324228 0.083135 0.008314
0.336105 0.083135 0.008314
0.346793 0.083135 0.007126
0.419240 0.083135 0.008314
0.433492 0.083135 0.007126
0.235154 0.084323 0.005938
0.244656 0.084323 0.005938
0.256532 0.084323 0.008314
0.266033 0.084323 0.004751
0.273159 0.084323 0.004751
0.187648 0.085511 0.004751
0.204276 0.085511 0.007126
0.214964 0.085511 0.004751
0.224466 0.085511 0.007126
0.671021 0.085511 0.007126
0.870546 0.085511 0.010689
0.878860 0.085511 0.008314
0.194774 0.086698 0.010689
0.863420 0.086698 0.004751
0.179335 0.087886 0.005938
0.820665 0.087886 0.007126
0.828979 0.087886 0.004751
0.857482 0.087886 0.009501
0.171021 0.089074 0.007126
0.728029 0.089074 0.010689
0.737530 0.089074 0.008314
0.747031 0.089074 0.005938
0.760095 0.089074 0.007126
0.771971 0.089074 0.008314
0.796912 0.089074 0.005938
0.807601 0.089074 0.007126
0.844418 0.089074 0.005938
0.160333 0.090261 0.005938
0.710214 0.090261 0.008314
0.787411 0.090261 0.008314
0.146081 0.091449 0.009501
0.665083 0.091449 0.005938
0.602138 0.092637 0.004751
0.609264 0.092637 0.008314
0.619952 0.092637 0.004751
0.635392 0.092637 0.007126
0.644893 0.092637 0.007126
0.654394 0.092637 0.008314
0.520190 0.093824 0.008314
0.587886 0.093824 0.008314
0.485748 0.095012 0.007126
0.494062 0.095012 0.004751
0.501188 0.095012 0.004751
0.508314 0.095012 0.004751
0.530879 0.095012 0.007126
0.541568 0.095012 0.004751
0.567696 0.095012 0.007126
0.577197 0.095012 0.004751
0.289786 0.096200 0.007126
0.435867 0.096200 0.004751
0.465558 0.096200 0.005938
0.475059 0.096200 0.004751
0.338480 0.097387 0.008314
0.349169 0.097387 0.007126
0.361045 0.097387 0.008314
0.385986 0.097387 0.008314
0.397862 0.097387 0.010689
0.442993 0.097387 0.005938
0.453682 0.097387 0.005938
0.244656 0.098575 0.009501
0.260095 0.098575 0.007126
0.273159 0.098575 0.008314
0.281473 0.098575 0.005938
0.370546 0.098575 0.007126
0.406176 0.098575 0.007126
0.420428 0.098575 0.004751
0.203088 0.099762 0.004751
0.223278 0.099762 0.007126
0.237530 0.099762 0.004751
0.875297 0.099762 0.004751
0.881235 0.099762 0.004751
0.863420 0.100950 0.004751
0.188836 0.102138 0.004751
0.211401 0.102138 0.005938
0.770784 0.102138 0.005938
0.820665 0.102138 0.004751
0.855107 0.102138 0.005938
0.179335 0.103325 0.005938
0.801663 0.103325 0.008314
0.812352 0.103325 0.004751
0.827791 0.103325 0.010689
0.837292 0.103325 0.004751
0.845606 0.103325 0.005938
0.171021 0.104513 0.007126
0.718527 0.104513 0.008314
0.739905 0.104513 0.008314
0.779097 0.104513 0.004751
0.794537 0.104513 0.004751
0.728029 0.105701 0.008314
0.157957 0.106888 0.008314
0.635392 0.106888 0.008314
0.648456 0.106888 0.007126
0.657957 0.106888 0.007126
0.521378 0.108076 0.005938
0.604513 0.108076 0.007126
0.615202 0.108076 0.007126
0.625891 0.108076 0.007126
0.204276 0.109264 0.004751
0.540380 0.109264 0.007126
0.561758 0.109264 0.007126
0.592637 0.109264 0.008314
0.093824 0.110451 0.007126
0.194774 0.110451 0.004751
0.465558 0.110451 0.008314
0.513064 0.110451 0.009501
0.529691 0.110451 0.007126
0.551069 0.110451 0.008314
0.574822 0.110451 0.009501
0.375297 0.111639 0.007126
0.390736 0.111639 0.008314
0.452494 0.111639 0.009501
0.476247 0.111639 0.008314
0.488124 0.111639 0.008314
0.500000 0.111639 0.008314
0.287411 0.112827 0.008314
0.355107 0.112827 0.007126
0.365796 0.112827 0.008314
0.407363 0.112827 0.008314
0.416865 0.112827 0.004751
0.431116 0.112827 0.004751
0.440618 0.112827 0.008314
0.276722 0.114014 0.005938
0.338480 0.114014 0.010689
0.244656 0.115202 0.005938
0.252969 0.115202 0.008314
0.263658 0.115202 0.008314
0.225653 0.116390 0.005938
0.233967 0.116390 0.005938
0.789786 0.116390 0.004751
0.869359 0.116390 0.007126
0.880048 0.116390 0.008314
0.811164 0.117577 0.008314
0.821853 0.117577 0.008314
0.833729 0.117577 0.007126
0.842043 0.117577 0.004751
0.851544 0.117577 0.007126
0.184086 0.118765 0.005938
0.193587 0.118765 0.004751
0.201900 0.118765 0.005938
0.211401 0.118765 0.004751
0.217340 0.118765 0.004751
0.800475 0.118765 0.008314
0.093824 0.119952 0.005938
0.174584 0.119952 0.005938
0.716152 0.119952 0.010689
0.724466 0.119952 0.004751
0.730404 0.119952 0.004751
0.741093 0.119952 0.007126
0.752969 0.119952 0.005938
0.763658 0.119952 0.008314
0.771971 0.119952 0.004751
0.163895 0.121140 0.008314
0.781473 0.121140 0.007126
0.131829 0.122328 0.004751
0.137767 0.122328 0.009501
0.640143 0.122328 0.010689
0.650831 0.122328 0.007126
0.659145 0.122328 0.008314
0.625891 0.123515 0.005938
0.634204 0.123515 0.011876
0.573634 0.124703 0.004751
0.616390 0.124703 0.008314
0.542755 0.125891 0.007126
0.554632 0.125891 0.008314
0.564133 0.125891 0.007126
0.585511 0.125891 0.008314
0.596200 0.125891 0.007126
0.605701 0.125891 0.005938
0.490499 0.127078 0.004751
0.498812 0.127078 0.008314
0.533254 0.127078 0.008314
0.790974 0.127078 0.005938
0.482185 0.128266 0.005938
0.508314 0.128266 0.007126
0.520190 0.128266 0.008314
0.092637 0.129454 0.014252
0.269596 0.129454 0.009501
0.400238 0.129454 0.008314
0.425178 0.129454 0.007126
0.446556 0.129454 0.007126
0.471496 0.129454 0.008314
0.883610 0.129454 0.008314
0.369359 0.130641 0.005938
0.376485 0.130641 0.005938
0.384798 0.130641 0.009501
0.414489 0.130641 0.008314
0.435867 0.130641 0.007126
0.875297 0.130641 0.008314
0.257720 0.131829 0.008314
0.339667 0.131829 0.013064
0.347981 0.131829 0.004751
0.357482 0.131829 0.007126
0.457245 0.131829 0.008314
0.855107 0.131829 0.005938
0.863420 0.131829 0.004751
0.233967 0.133017 0.008314
0.247031 0.133017 0.008314
0.716152 0.133017 0.010689
0.820665 0.133017 0.008314
0.845606 0.133017 0.007126
0.211401 0.134204 0.009501
0.222090 0.134204 0.008314
0.809976 0.134204 0.007126
0.831354 0.134204 0.008314
0.799287 0.135392 0.008314
0.171021 0.136580 0.008314
0.197150 0.136580 0.010689
0.724466 0.136580 0.005938
0.741093 0.136580 0.004751
0.754157 0.136580 0.004751
0.761283 0.136580 0.004751
0.769596 0.136580 0.004751
0.777910 0.136580 0.007126
0.161520 0.137767 0.007126
0.182898 0.137767 0.008314
0.733967 0.137767 0.011876
0.787411 0.137767 0.004751
0.650831 0.141330 0.008314
0.657957 0.141330 0.009501
0.584323 0.142518 0.008314
0.611639 0.142518 0.008314
0.621140 0.142518 0.005938
0.629454 0.142518 0.013064
0.637767 0.142518 0.005938
0.565321 0.143705 0.008314
0.573634 0.143705 0.005938
0.596200 0.143705 0.008314
0.540380 0.144893 0.004751
0.497625 0.146081 0.004751
0.530879 0.146081 0.005938
0.546318 0.146081 0.003563
0.486936 0.147268 0.008314
0.510689 0.147268 0.008314
0.521378 0.147268 0.005938
0.402613 0.148456 0.011876
0.475059 0.148456 0.010689
0.870546 0.148456 0.011876
0.883610 0.148456 0.013064
0.388361 0.149644 0.004751
0.448931 0.149644 0.007126
0.459620 0.149644 0.005938
0.862233 0.149644 0.004751
0.220903 0.150831 0.005938
0.243468 0.150831 0.008314
0.257720 0.150831 0.008314
0.271971 0.150831 0.008314
0.285036 0.150831 0.008314
0.356295 0.150831 0.007126
0.364608 0.150831 0.005938
0.395487 0.150831 0.005938
0.410926 0.150831 0.005938
0.419240 0.150831 0.005938
0.429929 0.150831 0.007126
0.439430 0.150831 0.007126
0.852732 0.150831 0.008314
0.212589 0.152019 0.008314
0.231591 0.152019 0.008314
0.345606 0.152019 0.004751
0.375297 0.152019 0.008314
0.840855 0.152019 0.007126
0.125891 0.153207 0.007126
0.154394 0.153207 0.005938
0.167458 0.153207 0.009501
0.294537 0.153207 0.007126
0.338480 0.153207 0.004751
0.794537 0.153207 0.013064
0.806413 0.153207 0.007126
0.815914 0.153207 0.004751
0.824228 0.153207 0.005938
0.831354 0.153207 0.004751
0.137767 0.154394 0.010689
0.143705 0.154394 0.013064
0.186461 0.154394 0.007126
0.201900 0.154394 0.010689
0.302850 0.154394 0.005938
0.330166 0.154394 0.011876
0.719715 0.154394 0.007126
0.777910 0.154394 0.007126
0.786223 0.154394 0.007126
0.313539 0.155582 0.008314
0.709026 0.155582 0.004751
0.730404 0.155582 0.008314
0.749406 0.155582 0.008314
0.761283 0.155582 0.009501
0.673397 0.156770 0.004751
0.682898 0.156770 0.013064
0.690024 0.156770 0.008314
0.701900 0.156770 0.013064
0.739905 0.156770 0.005938
0.660333 0.157957 0.010689
0.647268 0.159145 0.005938
0.605701 0.160333 0.010689
0.621140 0.160333 0.008314
0.559382 0.161520 0.004751
0.567696 0.161520 0.004751
0.578385 0.161520 0.007126
0.636580 0.161520 0.008314
0.461995 0.162708 0.011876
0.532067 0.162708 0.004751
0.542755 0.162708 0.008314
0.587886 0.162708 0.008314
0.502375 0.163895 0.005938
0.511876 0.163895 0.007126
0.522565 0.163895 0.005938
0.470309 0.165083 0.004751
0.477435 0.165083 0.010689
0.491686 0.165083 0.008314
0.453682 0.166271 0.004751
0.180523 0.167458 0.005938
0.194774 0.167458 0.005938
0.410926 0.167458 0.007126
0.425178 0.167458 0.008314
0.437055 0.167458 0.005938
0.445368 0.167458 0.004751
0.212589 0.168646 0.004751
0.225653 0.168646 0.005938
0.233967 0.168646 0.004751
0.269596 0.168646 0.007126
0.369359 0.168646 0.008314
0.381235 0.168646 0.008314
0.391924 0.168646 0.008314
0.134204 0.169834 0.007126
0.152019 0.169834 0.004751
0.163895 0.169834 0.008314
0.172209 0.169834 0.007126
0.203088 0.169834 0.005938
0.248219 0.169834 0.008314
0.280285 0.169834 0.008314
0.290974 0.169834 0.007126
0.352732 0.169834 0.008314
0.401425 0.169834 0.005938
0.123515 0.171021 0.004751
0.257720 0.171021 0.007126
0.300475 0.171021 0.005938
0.328979 0.171021 0.005938
0.342043 0.171021 0.007126
0.143705 0.172209 0.004751
0.319477 0.172209 0.005938
0.837292 0.172209 0.004751
0.308789 0.173397 0.008314
0.820665 0.173397 0.008314
0.830166 0.173397 0.004751
0.770784 0.174584 0.008314
0.782660 0.174584 0.014252
0.720903 0.175772 0.008314
0.737530 0.175772 0.008314
0.747031 0.175772 0.004751
0.756532 0.175772 0.008314
0.710214 0.176960 0.008314
0.726841 0.176960 0.013064
0.675772 0.178147 0.008314
0.685273 0.178147 0.007126
0.694774 0.178147 0.013064
0.653207 0.179335 0.008314
0.663895 0.179335 0.008314
0.604513 0.180523 0.008314
0.638955 0.180523 0.008314
0.516627 0.181710 0.010689
0.554632 0.181710 0.004751
0.562945 0.181710 0.004751
0.592637 0.181710 0.008314
0.615202 0.181710 0.008314
0.627078 0.181710 0.008314
0.529691 0.182898 0.011876
0.538005 0.182898 0.004751
0.580760 0.182898 0.005938
0.415677 0.184086 0.013064
0.446556 0.184086 0.008314
0.457245 0.184086 0.005938
0.465558 0.184086 0.007126
0.477435 0.184086 0.008314
0.490499 0.184086 0.007126
0.501188 0.184086 0.007126
0.131829 0.185273 0.008314
0.169834 0.185273 0.005938
0.349169 0.185273 0.008314
0.425178 0.185273 0.007126
0.434679 0.185273 0.008314
0.910926 0.185273 0.013064
0.122328 0.186461 0.008314
0.160333 0.186461 0.007126
0.178147 0.186461 0.007126
0.190024 0.186461 0.007126
0.286223 0.186461 0.005938
0.295724 0.186461 0.008314
0.365796 0.186461 0.008314
0.375297 0.186461 0.008314
0.387173 0.186461 0.007126
0.395487 0.186461 0.008314
0.408551 0.186461 0.010689
0.203088 0.187648 0.010689
0.218527 0.187648 0.013064
0.277910 0.187648 0.005938
0.340855 0.187648 0.008314
0.252969 0.188836 0.008314
0.267221 0.188836 0.008314
0.314727 0.188836 0.008314
0.324228 0.188836 0.004751
0.331354 0.188836 0.011876
