0.941805 0.004751 0.016627
0.783848 0.007126 0.024941
0.766033 0.008314 0.024941
0.847981 0.009501 0.021378
0.817102 0.010689 0.013064
0.880048 0.011876 0.013064
0.309976 0.021378 0.011876
0.247031 0.022565 0.016627
0.184086 0.023753 0.013064
0.209026 0.024941 0.020190
0.273159 0.024941 0.020190
0.122328 0.027316 0.011876
0.678147 0.039192 0.008314
0.792162 0.039192 0.007126
0.827791 0.039192 0.004751
0.836105 0.039192 0.005938
0.844418 0.039192 0.004751
0.853919 0.039192 0.005938
0.633017 0.040380 0.008314
0.647268 0.040380 0.008314
0.656770 0.040380 0.005938
0.667458 0.040380 0.008314
0.700713 0.040380 0.007126
0.737530 0.040380 0.007126
0.749406 0.040380 0.008314
0.775534 0.040380 0.004751
0.800475 0.040380 0.004751
0.809976 0.040380 0.007126
0.820665 0.040380 0.004751
0.862233 0.040380 0.005938
0.870546 0.040380 0.004751
0.621140 0.041568 0.004751
0.710214 0.041568 0.013064
0.717340 0.041568 0.013064
0.728029 0.041568 0.008314
0.758907 0.041568 0.004751
0.766033 0.041568 0.005938
0.558195 0.042755 0.008314
0.570071 0.042755 0.005938
0.614014 0.042755 0.004751
0.547506 0.043943 0.005938
0.580760 0.043943 0.007126
0.595012 0.043943 0.008314
0.604513 0.043943 0.007126
0.505938 0.046318 0.008314
0.527316 0.046318 0.007126
0.536817 0.046318 0.007126
0.385986 0.047506 0.013064
0.517815 0.047506 0.015439
0.377672 0.048694 0.004751
0.404988 0.048694 0.008314
0.416865 0.048694 0.005938
0.429929 0.048694 0.011876
0.438242 0.048694 0.004751
0.456057 0.048694 0.007126
0.465558 0.048694 0.016627
0.479810 0.048694 0.007126
0.488124 0.048694 0.005938
0.497625 0.048694 0.005938
0.356295 0.049881 0.008314
0.446556 0.049881 0.013064
0.299287 0.051069 0.008314
0.325416 0.051069 0.007126
0.336105 0.051069 0.007126
0.345606 0.051069 0.005938
0.368171 0.051069 0.007126
0.286223 0.052257 0.008314
0.311164 0.052257 0.008314
0.266033 0.053444 0.008314
0.230404 0.054632 0.008314
0.243468 0.054632 0.008314
0.254157 0.054632 0.008314
0.808789 0.054632 0.007126
0.851544 0.054632 0.004751
0.858670 0.054632 0.004751
0.866983 0.054632 0.005938
0.875297 0.054632 0.004751
0.882423 0.054632 0.010689
0.217340 0.055819 0.009501
0.643705 0.055819 0.005938
0.652019 0.055819 0.004751
0.661520 0.055819 0.004751
0.671021 0.055819 0.007126
0.690024 0.055819 0.008314
0.701900 0.055819 0.007126
0.731591 0.055819 0.005938
0.739905 0.055819 0.004751
0.747031 0.055819 0.004751
0.755344 0.055819 0.004751
0.762470 0.055819 0.004751
0.782660 0.055819 0.007126
0.792162 0.055819 0.013064
0.818290 0.055819 0.007126
0.828979 0.055819 0.008314
0.839667 0.055819 0.008314
0.195962 0.057007 0.004751
0.204276 0.057007 0.007126
0.631829 0.057007 0.007126
0.681710 0.057007 0.005938
0.711401 0.057007 0.005938
0.720903 0.057007 0.007126
0.770784 0.057007 0.008314
0.166271 0.058195 0.013064
0.579572 0.058195 0.007126
0.622328 0.058195 0.007126
0.159145 0.059382 0.004751
0.175772 0.059382 0.007126
0.184086 0.059382 0.004751
0.570071 0.059382 0.008314
0.593824 0.059382 0.008314
0.600950 0.059382 0.008314
0.611639 0.059382 0.007126
0.149644 0.060570 0.008314
0.559382 0.060570 0.004751
0.540380 0.061758 0.007126
0.551069 0.061758 0.005938
0.528504 0.062945 0.007126
0.505938 0.064133 0.005938
0.516627 0.064133 0.007126
0.438242 0.065321 0.008314
0.450119 0.065321 0.005938
0.483373 0.065321 0.005938
0.494062 0.065321 0.007126
0.365796 0.066508 0.011876
0.375297 0.066508 0.008314
0.388361 0.066508 0.008314
0.475059 0.066508 0.005938
0.347981 0.067696 0.005938
0.358670 0.067696 0.008314
0.400238 0.067696 0.013064
0.408551 0.067696 0.005938
0.420428 0.067696 0.013064
0.459620 0.067696 0.008314
0.290974 0.068884 0.007126
0.299287 0.068884 0.004751
0.306413 0.068884 0.004751
0.314727 0.068884 0.007126
0.325416 0.068884 0.005938
0.334917 0.068884 0.011876
0.261283 0.070071 0.011876
0.269596 0.070071 0.004751
0.279097 0.070071 0.008314
0.864608 0.070071 0.005938
0.889549 0.070071 0.004751
0.231591 0.071259 0.007126
0.241093 0.071259 0.007126
0.252969 0.071259 0.013064
0.688836 0.071259 0.008314
0.820665 0.071259 0.004751
0.828979 0.071259 0.005938
0.842043 0.071259 0.007126
0.853919 0.071259 0.008314
0.874109 0.071259 0.004751
0.882423 0.071259 0.004751
0.205463 0.072447 0.009501
0.212589 0.072447 0.004751
0.220903 0.072447 0.005938
0.744656 0.072447 0.005938
0.757720 0.072447 0.008314
0.776722 0.072447 0.007126
0.788599 0.072447 0.008314
0.800475 0.072447 0.007126
0.812352 0.072447 0.008314
0.191211 0.073634 0.005938
0.593824 0.073634 0.007126
0.605701 0.073634 0.008314
0.640143 0.073634 0.004751
0.647268 0.073634 0.004751
0.655582 0.073634 0.004751
0.666271 0.073634 0.004751
0.673397 0.073634 0.010689
0.705463 0.073634 0.005938
0.732779 0.073634 0.008314
0.767221 0.073634 0.005938
0.166271 0.074822 0.007126
0.618765 0.074822 0.007126
0.630641 0.074822 0.007126
0.147268 0.076010 0.005938
0.154394 0.076010 0.004751
0.176960 0.076010 0.008314
0.583135 0.076010 0.008314
0.719715 0.076010 0.009501
0.130641 0.077197 0.011876
0.137767 0.077197 0.004751
0.568884 0.077197 0.007126
0.516627 0.079572 0.008314
0.524941 0.079572 0.005938
0.534442 0.079572 0.007126
0.557007 0.079572 0.008314
0.546318 0.080760 0.007126
0.453682 0.081948 0.004751
0.472684 0.081948 0.004751
0.490499 0.081948 0.007126
0.502375 0.081948 0.009501
0.326603 0.083135 0.008314
0.479810 0.083135 0.004751
0.298100 0.084323 0.005938
0.358670 0.084323 0.005938
0.366983 0.084323 0.005938
0.375297 0.084323 0.007126
0.384798 0.084323 0.005938
0.408551 0.084323 0.004751
0.438242 0.084323 0.004751
0.446556 0.084323 0.011876
0.396675 0.085511 0.008314
0.427553 0.085511 0.008314
0.866983 0.085511 0.011876
0.256532 0.086698 0.007126
0.268409 0.086698 0.007126
0.279097 0.086698 0.005938
0.289786 0.086698 0.008314
0.347981 0.086698 0.007126
0.857482 0.086698 0.005938
0.875297 0.086698 0.004751
0.881235 0.086698 0.004751
0.197150 0.087886 0.013064
0.236342 0.087886 0.004751
0.243468 0.087886 0.010689
0.775534 0.087886 0.005938
0.790974 0.087886 0.004751
0.809976 0.087886 0.004751
0.818290 0.087886 0.005938
0.827791 0.087886 0.008314
0.838480 0.087886 0.007126
0.849169 0.087886 0.005938
0.216152 0.089074 0.005938
0.226841 0.089074 0.005938
0.650831 0.089074 0.008314
0.743468 0.089074 0.008314
0.762470 0.089074 0.008314
0.783848 0.089074 0.004751
0.800475 0.089074 0.007126
0.163895 0.090261 0.005938
0.180523 0.090261 0.005938
0.191211 0.090261 0.008314
0.206651 0.090261 0.004751
0.662708 0.090261 0.008314
0.752969 0.090261 0.005938
0.172209 0.091449 0.004751
0.638955 0.091449 0.008314
0.718527 0.091449 0.007126
0.730404 0.091449 0.008314
0.614014 0.092637 0.007126
0.623515 0.092637 0.004751
0.130641 0.093824 0.007126
0.570071 0.093824 0.005938
0.579572 0.093824 0.013064
0.600950 0.093824 0.009501
0.141330 0.095012 0.007126
0.152019 0.095012 0.008314
0.560570 0.095012 0.005938
0.485748 0.097387 0.004751
0.492874 0.097387 0.004751
0.536817 0.097387 0.008314
0.548694 0.097387 0.008314
0.477435 0.098575 0.010689
0.508314 0.098575 0.010689
0.526128 0.098575 0.008314
0.285036 0.100950 0.004751
0.349169 0.100950 0.013064
0.438242 0.100950 0.007126
0.463183 0.100950 0.010689
0.889549 0.100950 0.011876
0.274347 0.102138 0.007126
0.357482 0.102138 0.011876
0.365796 0.102138 0.004751
0.375297 0.102138 0.008314
0.387173 0.102138 0.007126
0.397862 0.102138 0.005938
0.409739 0.102138 0.008314
0.420428 0.102138 0.008314
0.845606 0.102138 0.004751
0.882423 0.102138 0.010689
0.238717 0.103325 0.007126
0.248219 0.103325 0.004751
0.256532 0.103325 0.013064
0.266033 0.103325 0.013064
0.292162 0.103325 0.010689
0.787411 0.103325 0.007126
0.799287 0.103325 0.005938
0.823040 0.103325 0.007126
0.832542 0.103325 0.004751
0.838480 0.103325 0.004751
0.859857 0.103325 0.009501
0.870546 0.103325 0.008314
0.225653 0.104513 0.008314
0.723278 0.104513 0.011876
0.731591 0.104513 0.004751
0.766033 0.104513 0.005938
0.776722 0.104513 0.008314
0.808789 0.104513 0.008314
0.216152 0.105701 0.004751
0.747031 0.105701 0.008314
0.757720 0.105701 0.004751
0.165083 0.106888 0.005938
0.200713 0.106888 0.004751
0.209026 0.106888 0.004751
0.637767 0.106888 0.004751
0.644893 0.106888 0.013064
0.655582 0.106888 0.008314
0.663895 0.106888 0.013064
0.185273 0.108076 0.005938
0.193587 0.108076 0.004751
0.628266 0.108076 0.008314
0.141330 0.110451 0.005938
0.149644 0.110451 0.008314
0.614014 0.110451 0.008314
0.128266 0.111639 0.009501
0.592637 0.111639 0.008314
0.602138 0.111639 0.005938
0.558195 0.112827 0.005938
0.567696 0.112827 0.007126
0.580760 0.112827 0.008314
0.551069 0.114014 0.004751
0.501188 0.115202 0.005938
0.510689 0.115202 0.008314
0.519002 0.115202 0.004751
0.528504 0.115202 0.005938
0.541568 0.115202 0.008314
0.407363 0.116390 0.008314
0.490499 0.116390 0.005938
0.359857 0.117577 0.004751
0.397862 0.117577 0.008314
0.428741 0.117577 0.005938
0.450119 0.117577 0.008314
0.292162 0.118765 0.008314
0.342043 0.118765 0.007126
0.351544 0.118765 0.004751
0.385986 0.118765 0.008314
0.438242 0.118765 0.008314
0.458432 0.118765 0.008314
0.467933 0.118765 0.008314
0.478622 0.118765 0.005938
0.837292 0.118765 0.004751
0.846793 0.118765 0.007126
0.875297 0.118765 0.003563
0.887173 0.118765 0.009501
0.258907 0.119952 0.004751
0.269596 0.119952 0.005938
0.277910 0.119952 0.007126
0.857482 0.119952 0.005938
0.868171 0.119952 0.009501
0.245843 0.121140 0.004751
0.748219 0.121140 0.004751
0.795724 0.121140 0.008314
0.808789 0.121140 0.008314
0.823040 0.121140 0.010689
0.731591 0.122328 0.007126
0.741093 0.122328 0.004751
0.756532 0.122328 0.004751
0.762470 0.122328 0.004751
0.769596 0.122328 0.004751
0.782660 0.122328 0.008314
0.218527 0.123515 0.008314
0.229216 0.123515 0.004751
0.237530 0.123515 0.005938
0.717340 0.123515 0.009501
0.204276 0.124703 0.008314
0.193587 0.125891 0.008314
0.657957 0.125891 0.013064
0.640143 0.127078 0.007126
0.649644 0.127078 0.005938
0.140143 0.128266 0.004751
0.149644 0.128266 0.008314
0.608076 0.128266 0.008314
0.618765 0.128266 0.005938
0.628266 0.128266 0.007126
0.585511 0.129454 0.008314
0.597387 0.129454 0.007126
0.128266 0.130641 0.009501
0.566508 0.130641 0.004751
0.574822 0.130641 0.005938
0.522565 0.131829 0.007126
0.532067 0.131829 0.008314
0.542755 0.131829 0.007126
0.554632 0.131829 0.008314
0.490499 0.133017 0.010689
0.513064 0.133017 0.005938
0.418052 0.134204 0.008314
0.429929 0.134204 0.008314
0.475059 0.134204 0.004751
0.483373 0.134204 0.004751
0.351544 0.135392 0.008314
0.372922 0.135392 0.004751
0.383610 0.135392 0.007126
0.397862 0.135392 0.008314
0.407363 0.135392 0.005938
0.465558 0.135392 0.008314
0.874109 0.135392 0.004751
0.884798 0.135392 0.004751
0.273159 0.136580 0.005938
0.282660 0.136580 0.004751
0.292162 0.136580 0.008314
0.339667 0.136580 0.008314
0.363420 0.136580 0.007126
0.866983 0.137767 0.004751
0.239905 0.138955 0.008314
0.254157 0.138955 0.005938
0.847981 0.138955 0.004751
0.856295 0.138955 0.008314
0.229216 0.140143 0.005938
0.263658 0.140143 0.007126
0.768409 0.140143 0.008314
0.781473 0.140143 0.007126
0.811164 0.140143 0.004751
0.825416 0.140143 0.005938
0.838480 0.140143 0.008314
0.219715 0.141330 0.004751
0.757720 0.141330 0.013064
0.792162 0.141330 0.005938
0.802850 0.141330 0.011876
0.197150 0.142518 0.008314
0.210214 0.142518 0.007126
0.749406 0.142518 0.005938
0.188836 0.143705 0.013064
0.730404 0.143705 0.004751
0.737530 0.143705 0.010689
0.165083 0.144893 0.005938
0.634204 0.144893 0.004751
0.666271 0.144893 0.004751
0.717340 0.144893 0.004751
0.723278 0.144893 0.004751
0.129454 0.146081 0.005938
0.138955 0.146081 0.005938
0.148456 0.146081 0.005938
0.156770 0.146081 0.004751
0.615202 0.146081 0.008314
0.625891 0.146081 0.011876
0.641330 0.146081 0.004751
0.649644 0.146081 0.004751
0.657957 0.146081 0.011876
0.682898 0.146081 0.008314
0.710214 0.146081 0.005938
0.564133 0.147268 0.004751
0.576010 0.147268 0.008314
0.586698 0.147268 0.008314
0.600950 0.147268 0.008314
0.693587 0.147268 0.004751
0.699525 0.147268 0.004751
0.555819 0.148456 0.004751
0.477435 0.149644 0.004751
0.503563 0.149644 0.007126
0.511876 0.149644 0.004751
0.523753 0.149644 0.008314
0.547506 0.149644 0.005938
0.467933 0.150831 0.008314
0.485748 0.150831 0.005938
0.494062 0.150831 0.008314
0.535629 0.150831 0.008314
0.433492 0.152019 0.011876
0.457245 0.152019 0.004751
0.390736 0.153207 0.008314
0.425178 0.153207 0.007126
0.282660 0.154394 0.005938
0.296912 0.154394 0.004751
0.402613 0.154394 0.007126
0.415677 0.154394 0.007126
0.870546 0.154394 0.004751
0.266033 0.155582 0.005938
0.274347 0.155582 0.005938
0.304038 0.155582 0.011876
0.328979 0.155582 0.008314
0.339667 0.155582 0.007126
0.351544 0.155582 0.011876
0.359857 0.155582 0.004751
0.378860 0.155582 0.008314
0.851544 0.155582 0.004751
0.863420 0.155582 0.004751
0.254157 0.156770 0.008314
0.799287 0.156770 0.013064
0.236342 0.157957 0.005938
0.243468 0.157957 0.004751
0.807601 0.157957 0.005938
0.818290 0.157957 0.004751
0.832542 0.157957 0.004751
0.219715 0.159145 0.005938
0.228029 0.159145 0.004751
0.766033 0.159145 0.008314
0.782660 0.159145 0.004751
0.824228 0.159145 0.004751
0.207838 0.160333 0.008314
0.741093 0.160333 0.005938
0.775534 0.160333 0.004751
0.137767 0.161520 0.005938
0.155582 0.161520 0.005938
0.173397 0.161520 0.008314
0.197150 0.161520 0.007126
0.668646 0.161520 0.008314
0.756532 0.161520 0.011876
0.146081 0.162708 0.004751
0.181710 0.162708 0.010689
0.636580 0.162708 0.004751
0.649644 0.162708 0.004751
0.659145 0.162708 0.005938
0.718527 0.162708 0.009501
0.732779 0.162708 0.011876
0.602138 0.163895 0.004751
0.623515 0.163895 0.004751
0.687648 0.163895 0.004751
0.697150 0.163895 0.007126
0.705463 0.163895 0.013064
0.570071 0.165083 0.005938
0.579572 0.165083 0.008314
0.592637 0.165083 0.011876
0.609264 0.165083 0.010689
0.680523 0.165083 0.010689
0.488124 0.166271 0.005938
0.522565 0.166271 0.004751
0.539192 0.166271 0.004751
0.548694 0.166271 0.008314
0.559382 0.166271 0.007126
0.477435 0.167458 0.007126
0.497625 0.167458 0.011876
0.514252 0.167458 0.011876
0.530879 0.167458 0.004751
0.368171 0.169834 0.007126
0.466746 0.169834 0.008314
0.382423 0.171021 0.008314
0.408551 0.171021 0.008314
0.419240 0.171021 0.013064
0.427553 0.171021 0.013064
0.446556 0.171021 0.008314
0.457245 0.171021 0.007126
0.276722 0.172209 0.008314
0.313539 0.172209 0.007126
0.325416 0.172209 0.009501
0.337292 0.172209 0.007126
0.395487 0.172209 0.008314
0.287411 0.173397 0.011876
0.295724 0.173397 0.005938
0.304038 0.173397 0.005938
0.345606 0.173397 0.005938
0.357482 0.173397 0.008314
0.863420 0.173397 0.013064
0.871734 0.173397 0.013064
0.262470 0.174584 0.007126
0.855107 0.174584 0.013064
0.244656 0.175772 0.011876
0.252969 0.175772 0.004751
0.832542 0.175772 0.008314
0.233967 0.176960 0.005938
0.796912 0.176960 0.008314
0.820665 0.176960 0.008314
0.844418 0.176960 0.008314
0.152019 0.178147 0.005938
0.161520 0.179335 0.005938
0.225653 0.179335 0.005938
0.738717 0.179335 0.008314
0.642518 0.180523 0.009501
0.648456 0.180523 0.004751
0.718527 0.180523 0.004751
0.172209 0.181710 0.008314
0.657957 0.181710 0.013064
0.686461 0.181710 0.008314
0.697150 0.181710 0.008314
0.725653 0.181710 0.010689
0.749406 0.181710 0.014252
0.618765 0.182898 0.007126
0.663895 0.182898 0.014252
0.674584 0.182898 0.008314
0.608076 0.184086 0.004751
0.534442 0.185273 0.013064
0.570071 0.185273 0.008314
0.584323 0.185273 0.008314
0.597387 0.185273 0.014252
0.542755 0.186461 0.013064
0.630641 0.186461 0.008314
0.475059 0.187648 0.005938
0.302850 0.188836 0.005938
0.391924 0.188836 0.007126
0.414489 0.188836 0.011876
0.421615 0.188836 0.013064
0.431116 0.188836 0.005938
0.326603 0.190024 0.004751
0.345606 0.190024 0.008314
0.365796 0.190024 0.007126
0.376485 0.190024 0.005938
0.400238 0.190024 0.005938
0.258907 0.191211 0.008314
0.285036 0.191211 0.008314
0.294537 0.191211 0.011876
0.311164 0.191211 0.013064
0.333729 0.191211 0.013064
0.356295 0.191211 0.007126
0.271971 0.192399 0.008314
0.319477 0.192399 0.013064
0.248219 0.193587 0.008314
0.131829 0.194774 0.014252
0.226841 0.194774 0.008314
0.236342 0.194774 0.007126
0.141330 0.195962 0.008314
0.175772 0.195962 0.008314
0.187648 0.195962 0.004751
0.204276 0.195962 0.019002
