0.833729 0.078385 0.007126
0.806413 0.079572 0.005938
0.823040 0.079572 0.004751
0.845606 0.079572 0.008314
0.766033 0.080760 0.005938
0.783848 0.080760 0.007126
0.796912 0.080760 0.008314
0.815914 0.080760 0.013064
0.853919 0.080760 0.024941
0.459620 0.081948 0.014252
0.680523 0.081948 0.007126
0.690024 0.081948 0.005938
0.699525 0.081948 0.005938
0.739905 0.081948 0.009501
0.747031 0.081948 0.004751
0.755344 0.081948 0.005938
0.773159 0.081948 0.015439
0.605701 0.083135 0.008314
0.619952 0.083135 0.013064
0.628266 0.083135 0.008314
0.638955 0.083135 0.007126
0.649644 0.083135 0.005938
0.659145 0.083135 0.008314
0.671021 0.083135 0.008314
0.711401 0.083135 0.005938
0.720903 0.083135 0.011876
0.728029 0.083135 0.004751
0.548694 0.084323 0.007126
0.467933 0.085511 0.005938
0.558195 0.085511 0.004751
0.577197 0.085511 0.008314
0.592637 0.085511 0.010689
0.476247 0.086698 0.008314
0.486936 0.086698 0.008314
0.509501 0.086698 0.008314
0.520190 0.086698 0.008314
0.534442 0.086698 0.009501
0.565321 0.086698 0.010689
0.381235 0.087886 0.005938
0.391924 0.087886 0.008314
0.402613 0.087886 0.008314
0.413302 0.087886 0.004751
0.496437 0.087886 0.005938
0.198337 0.089074 0.008314
0.264846 0.089074 0.007126
0.290974 0.089074 0.008314
0.300475 0.089074 0.004751
0.362233 0.089074 0.005938
0.371734 0.089074 0.005938
0.175772 0.090261 0.008314
0.188836 0.090261 0.008314
0.223278 0.090261 0.007126
0.232779 0.090261 0.004751
0.241093 0.090261 0.004751
0.248219 0.090261 0.004751
0.255344 0.090261 0.004751
0.279097 0.090261 0.005938
0.307601 0.090261 0.004751
0.340855 0.090261 0.007126
0.352732 0.090261 0.008314
0.163895 0.091449 0.008314
0.212589 0.091449 0.008314
0.318290 0.091449 0.007126
0.330166 0.091449 0.007126
0.153207 0.092637 0.005938
0.142518 0.093824 0.008314
0.846793 0.095012 0.004751
0.858670 0.095012 0.008314
0.869359 0.095012 0.007126
0.130641 0.096200 0.008314
0.830166 0.096200 0.007126
0.838480 0.096200 0.004751
0.731591 0.097387 0.004751
0.749406 0.097387 0.008314
0.792162 0.097387 0.007126
0.802850 0.097387 0.004751
0.812352 0.097387 0.008314
0.667458 0.098575 0.008314
0.680523 0.098575 0.004751
0.688836 0.098575 0.005938
0.713777 0.098575 0.007126
0.724466 0.098575 0.004751
0.762470 0.098575 0.005938
0.629454 0.099762 0.007126
0.643705 0.099762 0.008314
0.655582 0.099762 0.008314
0.699525 0.099762 0.005938
0.586698 0.100950 0.004751
0.576010 0.102138 0.005938
0.608076 0.102138 0.007126
0.619952 0.102138 0.005938
0.415677 0.103325 0.004751
0.431116 0.103325 0.004751
0.447743 0.103325 0.008314
0.457245 0.103325 0.007126
0.470309 0.103325 0.008314
0.478622 0.103325 0.005938
0.489311 0.103325 0.005938
0.497625 0.103325 0.007126
0.511876 0.103325 0.007126
0.522565 0.103325 0.005938
0.533254 0.103325 0.007126
0.546318 0.103325 0.007126
0.557007 0.103325 0.007126
0.567696 0.103325 0.008314
0.595012 0.103325 0.007126
0.249406 0.104513 0.005938
0.270784 0.104513 0.008314
0.282660 0.104513 0.007126
0.292162 0.104513 0.005938
0.301663 0.104513 0.007126
0.377672 0.104513 0.008314
0.408551 0.104513 0.011876
0.423990 0.104513 0.004751
0.239905 0.105701 0.005938
0.336105 0.105701 0.008314
0.357482 0.105701 0.004751
0.365796 0.105701 0.005938
0.389549 0.105701 0.004751
0.399050 0.105701 0.007126
0.223278 0.106888 0.004751
0.230404 0.106888 0.005938
0.257720 0.106888 0.008314
0.312352 0.106888 0.008314
0.325416 0.106888 0.007126
0.349169 0.106888 0.005938
0.175772 0.108076 0.008314
0.203088 0.108076 0.008314
0.214964 0.108076 0.005938
0.868171 0.108076 0.008314
0.191211 0.109264 0.008314
0.847981 0.109264 0.005938
0.856295 0.109264 0.004751
0.152019 0.110451 0.005938
0.162708 0.110451 0.008314
0.769596 0.110451 0.005938
0.781473 0.110451 0.008314
0.804038 0.110451 0.008314
0.819477 0.110451 0.008314
0.830166 0.110451 0.004751
0.839667 0.110451 0.005938
0.141330 0.111639 0.007126
0.729216 0.111639 0.004751
0.745843 0.111639 0.005938
0.756532 0.111639 0.008314
0.792162 0.111639 0.008314
0.130641 0.112827 0.008314
0.686461 0.112827 0.004751
0.693587 0.112827 0.004751
0.709026 0.112827 0.008314
0.736342 0.112827 0.010689
0.649644 0.114014 0.005938
0.660333 0.114014 0.005938
0.669834 0.114014 0.005938
0.678147 0.114014 0.004751
0.615202 0.115202 0.005938
0.624703 0.115202 0.004751
0.633017 0.115202 0.004751
0.640143 0.115202 0.004751
0.532067 0.116390 0.005938
0.557007 0.116390 0.008314
0.596200 0.116390 0.007126
0.606888 0.116390 0.004751
0.358670 0.117577 0.008314
0.545131 0.117577 0.007126
0.570071 0.117577 0.007126
0.583135 0.117577 0.008314
0.366983 0.118765 0.007126
0.377672 0.118765 0.007126
0.408551 0.118765 0.005938
0.428741 0.118765 0.007126
0.457245 0.118765 0.008314
0.471496 0.118765 0.007126
0.484561 0.118765 0.007126
0.494062 0.118765 0.007126
0.515439 0.118765 0.008314
0.522565 0.118765 0.004751
0.285036 0.119952 0.005938
0.292162 0.119952 0.004751
0.301663 0.119952 0.008314
0.311164 0.119952 0.005938
0.323040 0.119952 0.004751
0.332542 0.119952 0.005938
0.344418 0.119952 0.008314
0.387173 0.119952 0.008314
0.504751 0.119952 0.007126
0.260095 0.121140 0.007126
0.270784 0.121140 0.007126
0.416865 0.121140 0.007126
0.219715 0.122328 0.007126
0.230404 0.122328 0.005938
0.239905 0.122328 0.005938
0.249406 0.122328 0.005938
0.176960 0.123515 0.005938
0.186461 0.123515 0.007126
0.198337 0.123515 0.005938
0.207838 0.123515 0.007126
0.167458 0.124703 0.007126
0.853919 0.124703 0.005938
0.875297 0.124703 0.009501
0.137767 0.125891 0.004751
0.156770 0.125891 0.008314
0.844418 0.125891 0.004751
0.128266 0.127078 0.007126
0.144893 0.127078 0.005938
0.739905 0.127078 0.005938
0.776722 0.127078 0.008314
0.785036 0.127078 0.005938
0.827791 0.127078 0.008314
0.834917 0.127078 0.004751
0.719715 0.128266 0.005938
0.729216 0.128266 0.005938
0.750594 0.128266 0.005938
0.762470 0.128266 0.010689
0.795724 0.128266 0.008314
0.805226 0.128266 0.007126
0.814727 0.128266 0.008314
0.668646 0.129454 0.009501
0.710214 0.129454 0.013064
0.591449 0.130641 0.007126
0.602138 0.130641 0.007126
0.610451 0.130641 0.013064
0.618765 0.130641 0.008314
0.629454 0.130641 0.005938
0.638955 0.130641 0.007126
0.649644 0.130641 0.004751
0.480998 0.131829 0.007126
0.567696 0.131829 0.008314
0.439430 0.133017 0.005938
0.447743 0.133017 0.005938
0.458432 0.133017 0.007126
0.467933 0.133017 0.005938
0.491686 0.133017 0.007126
0.510689 0.133017 0.005938
0.552257 0.133017 0.008314
0.579572 0.133017 0.007126
0.266033 0.134204 0.004751
0.356295 0.134204 0.004751
0.377672 0.134204 0.005938
0.394299 0.134204 0.005938
0.407363 0.134204 0.008314
0.420428 0.134204 0.005938
0.429929 0.134204 0.008314
0.501188 0.134204 0.004751
0.541568 0.134204 0.010689
0.250594 0.135392 0.005938
0.273159 0.135392 0.010689
0.282660 0.135392 0.008314
0.366983 0.135392 0.008314
0.339667 0.136580 0.011876
0.347981 0.136580 0.005938
0.184086 0.137767 0.005938
0.193587 0.137767 0.008314
0.207838 0.137767 0.007126
0.219715 0.137767 0.007126
0.231591 0.137767 0.007126
0.239905 0.137767 0.007126
0.850356 0.138955 0.008314
0.173397 0.140143 0.007126
0.861045 0.140143 0.007126
0.870546 0.140143 0.004751
0.128266 0.141330 0.007126
0.142518 0.141330 0.008314
0.153207 0.141330 0.007126
0.162708 0.141330 0.007126
0.828979 0.141330 0.007126
0.838480 0.141330 0.005938
0.786223 0.142518 0.008314
0.799287 0.142518 0.008314
0.811164 0.142518 0.010689
0.760095 0.143705 0.005938
0.773159 0.143705 0.007126
0.748219 0.144893 0.007126
0.628266 0.146081 0.004751
0.635392 0.146081 0.005938
0.644893 0.146081 0.005938
0.716152 0.146081 0.008314
0.725653 0.146081 0.004751
0.736342 0.146081 0.008314
0.618765 0.147268 0.005938
0.593824 0.148456 0.011876
0.609264 0.148456 0.004751
0.409739 0.149644 0.005938
0.416865 0.149644 0.005938
0.450119 0.149644 0.011876
0.489311 0.149644 0.008314
0.502375 0.149644 0.008314
0.534442 0.149644 0.007126
0.555819 0.149644 0.007126
0.267221 0.150831 0.004751
0.287411 0.150831 0.009501
0.389549 0.150831 0.007126
0.399050 0.150831 0.007126
0.431116 0.150831 0.008314
0.441805 0.150831 0.005938
0.513064 0.150831 0.007126
0.522565 0.150831 0.005938
0.545131 0.150831 0.007126
0.567696 0.150831 0.008314
0.577197 0.150831 0.010689
0.599762 0.150831 0.013064
0.239905 0.152019 0.008314
0.252969 0.152019 0.007126
0.274347 0.152019 0.004751
0.368171 0.152019 0.008314
0.377672 0.152019 0.007126
0.475059 0.152019 0.007126
0.213777 0.153207 0.008314
0.225653 0.153207 0.009501
0.346793 0.153207 0.005938
0.358670 0.153207 0.008314
0.176960 0.154394 0.010689
0.184086 0.154394 0.005938
0.192399 0.154394 0.005938
0.201900 0.154394 0.007126
0.337292 0.154394 0.007126
0.137767 0.155582 0.005938
0.147268 0.155582 0.007126
0.162708 0.155582 0.008314
0.857482 0.155582 0.008314
0.869359 0.155582 0.008314
0.127078 0.156770 0.008314
0.830166 0.156770 0.005938
0.839667 0.156770 0.005938
0.847981 0.156770 0.005938
0.819477 0.157957 0.010689
0.790974 0.160333 0.007126
0.802850 0.160333 0.008314
0.716152 0.161520 0.008314
0.771971 0.161520 0.008314
0.780285 0.161520 0.004751
0.730404 0.162708 0.011876
0.739905 0.162708 0.004751
0.750594 0.162708 0.008314
0.762470 0.162708 0.007126
0.422803 0.165083 0.008314
0.640143 0.166271 0.005938
0.648456 0.166271 0.011876
0.431116 0.167458 0.007126
0.466746 0.167458 0.007126
0.477435 0.167458 0.004751
0.559382 0.167458 0.005938
0.566508 0.167458 0.005938
0.576010 0.167458 0.008314
0.277910 0.168646 0.008314
0.371734 0.168646 0.004751
0.414489 0.168646 0.004751
0.445368 0.168646 0.009501
0.457245 0.168646 0.008314
0.485748 0.168646 0.008314
0.496437 0.168646 0.007126
0.511876 0.168646 0.010689
0.522565 0.168646 0.005938
0.532067 0.168646 0.005938
0.540380 0.168646 0.004751
0.548694 0.168646 0.007126
0.268409 0.169834 0.007126
0.287411 0.169834 0.008314
0.363420 0.169834 0.008314
0.396675 0.169834 0.004751
0.404988 0.169834 0.005938
0.222090 0.171021 0.008314
0.260095 0.171021 0.008314
0.334917 0.171021 0.011876
0.387173 0.171021 0.007126
0.195962 0.172209 0.005938
0.205463 0.172209 0.010689
0.233967 0.172209 0.008314
0.247031 0.172209 0.008314
0.352732 0.172209 0.007126
0.152019 0.173397 0.011876
0.169834 0.173397 0.007126
0.179335 0.173397 0.013064
0.342043 0.173397 0.013064
0.861045 0.173397 0.008314
0.870546 0.173397 0.008314
0.159145 0.174584 0.008314
0.850356 0.174584 0.008314
0.127078 0.175772 0.008314
0.138955 0.175772 0.008314
0.820665 0.176960 0.004751
0.831354 0.176960 0.007126
0.770784 0.179335 0.004751
0.779097 0.179335 0.005938
0.788599 0.179335 0.005938
0.811164 0.179335 0.008314
0.729216 0.180523 0.007126
0.739905 0.180523 0.007126
0.750594 0.180523 0.007126
0.761283 0.180523 0.007126
0.799287 0.180523 0.008314
0.616390 0.182898 0.004751
0.636580 0.182898 0.008314
0.647268 0.182898 0.008314
0.660333 0.182898 0.010689
0.667458 0.182898 0.011876
0.714964 0.182898 0.007126
0.546318 0.184086 0.008314
0.624703 0.184086 0.008314
0.193587 0.185273 0.010689
0.492874 0.185273 0.005938
0.500000 0.185273 0.004751
0.568884 0.185273 0.008314
0.578385 0.185273 0.007126
0.589074 0.185273 0.005938
0.704276 0.185273 0.009501
0.408551 0.186461 0.007126
0.428741 0.186461 0.008314
0.445368 0.186461 0.011876
0.453682 0.186461 0.004751
0.467933 0.186461 0.005938
0.480998 0.186461 0.008314
0.529691 0.186461 0.010689
0.558195 0.186461 0.008314
0.597387 0.186461 0.005938
0.397862 0.187648 0.007126
0.418052 0.187648 0.005938
0.437055 0.187648 0.005938
0.507126 0.187648 0.010689
0.517815 0.187648 0.008314
0.255344 0.188836 0.011876
0.377672 0.188836 0.005938
0.387173 0.188836 0.007126
0.201900 0.190024 0.005938
0.211401 0.190024 0.008314
0.224466 0.190024 0.007126
0.238717 0.190024 0.008314
0.248219 0.190024 0.005938
0.277910 0.190024 0.008314
0.292162 0.190024 0.009501
0.346793 0.190024 0.008314
0.357482 0.190024 0.008314
0.368171 0.190024 0.005938
0.148456 0.191211 0.007126
0.160333 0.191211 0.005938
0.324228 0.191211 0.005938
0.336105 0.191211 0.008314
0.819477 0.191211 0.007126
0.125891 0.192399 0.008314
0.137767 0.192399 0.005938
0.862233 0.193587 0.008314
0.875297 0.193587 0.010689
0.830166 0.194774 0.007126
0.840855 0.194774 0.005938
0.851544 0.194774 0.008314
0.783848 0.195962 0.005938
0.795724 0.195962 0.007126
0.802850 0.195962 0.008314
0.756532 0.197150 0.007126
0.766033 0.197150 0.004751
0.774347 0.197150 0.005938
0.728029 0.198337 0.007126
0.737530 0.198337 0.004751
0.744656 0.198337 0.010689
0.629454 0.199525 0.005938
0.650831 0.199525 0.008314
0.699525 0.199525 0.008314
0.714964 0.199525 0.008314
0.638955 0.200713 0.005938
0.665083 0.200713 0.008314
0.674584 0.200713 0.005938
0.682898 0.200713 0.010689
0.599762 0.201900 0.008314
0.442993 0.203088 0.008314
0.500000 0.203088 0.009501
0.524941 0.203088 0.007126
0.553444 0.203088 0.008314
0.564133 0.203088 0.007126
0.586698 0.203088 0.008314
0.423990 0.204276 0.007126
0.434679 0.204276 0.005938
0.458432 0.204276 0.008314
0.467933 0.204276 0.010689
0.483373 0.204276 0.008314
0.511876 0.204276 0.008314
0.534442 0.204276 0.008314
0.576010 0.204276 0.008314
0.413302 0.205463 0.008314
0.135392 0.206651 0.008314
0.146081 0.206651 0.008314
0.159145 0.206651 0.005938
0.169834 0.206651 0.007126
0.180523 0.206651 0.007126
0.191211 0.206651 0.008314
0.228029 0.206651 0.007126
0.238717 0.206651 0.008314
0.254157 0.206651 0.010689
0.267221 0.206651 0.008314
0.296912 0.206651 0.004751
0.306413 0.206651 0.008314
0.372922 0.206651 0.004751
0.122328 0.207838 0.005938
0.206651 0.207838 0.007126
0.217340 0.207838 0.007126
0.287411 0.207838 0.013064
0.320665 0.207838 0.008314
0.332542 0.207838 0.008314
0.353919 0.207838 0.007126
0.363420 0.207838 0.008314
0.382423 0.207838 0.013064
0.389549 0.207838 0.004751
0.395487 0.207838 0.004751
0.402613 0.207838 0.004751
0.343230 0.209026 0.007126
0.876485 0.209026 0.005938
0.866983 0.210214 0.007126
0.856295 0.211401 0.013064
0.839667 0.212589 0.010689
0.847981 0.212589 0.004751
0.767221 0.213777 0.008314
0.779097 0.213777 0.008314
0.801663 0.213777 0.008314
0.814727 0.213777 0.008314
0.825416 0.213777 0.008314
0.755344 0.214964 0.008314
0.790974 0.214964 0.008314
0.678147 0.217340 0.007126
0.738717 0.217340 0.009501
0.596200 0.218527 0.010689
0.666271 0.218527 0.007126
0.687648 0.218527 0.013064
0.703088 0.218527 0.008314
0.713777 0.218527 0.005938
0.725653 0.218527 0.008314
0.514252 0.219715 0.010689
0.640143 0.219715 0.008314
0.653207 0.219715 0.009501
0.123515 0.220903 0.007126
0.136580 0.220903 0.007126
0.157957 0.220903 0.005938
0.180523 0.220903 0.005938
0.543943 0.220903 0.013064
0.551069 0.220903 0.005938
0.562945 0.220903 0.008314
0.573634 0.220903 0.008314
0.585511 0.220903 0.008314
0.614014 0.220903 0.008314
0.625891 0.220903 0.009501
0.146081 0.222090 0.007126
0.168646 0.222090 0.008314
0.445368 0.222090 0.008314
0.188836 0.223278 0.013064
0.200713 0.223278 0.008314
0.212589 0.223278 0.007126
0.222090 0.223278 0.005938
0.432304 0.223278 0.004751
0.458432 0.223278 0.008314
0.470309 0.223278 0.008314
0.480998 0.223278 0.007126
0.491686 0.223278 0.005938
0.532067 0.223278 0.008314
0.232779 0.224466 0.008314
0.249406 0.224466 0.010689
0.273159 0.224466 0.008314
0.282660 0.224466 0.005938
0.292162 0.224466 0.008314
0.334917 0.224466 0.008314
0.425178 0.224466 0.004751
0.262470 0.225653 0.008314
0.301663 0.225653 0.005938
0.309976 0.225653 0.013064
0.324228 0.225653 0.007126
0.364608 0.225653 0.005938
0.371734 0.225653 0.008314
0.403800 0.225653 0.008314
0.415677 0.225653 0.008314
0.394299 0.226841 0.005938
0.383610 0.228029 0.008314
0.353919 0.229216 0.015439
