0.826603 0.080760 0.004751
0.646081 0.081948 0.005938
0.707838 0.081948 0.008314
0.728029 0.081948 0.005938
0.749406 0.081948 0.007126
0.770784 0.081948 0.008314
0.783848 0.081948 0.008314
0.820665 0.081948 0.008314
0.856295 0.081948 0.004751
0.876485 0.081948 0.008314
0.629454 0.083135 0.005938
0.684086 0.083135 0.007126
0.718527 0.083135 0.008314
0.739905 0.083135 0.005938
0.761283 0.083135 0.007126
0.794537 0.083135 0.008314
0.807601 0.083135 0.008314
0.834917 0.083135 0.008314
0.847981 0.083135 0.007126
0.865796 0.083135 0.008314
0.529691 0.084323 0.008314
0.541568 0.084323 0.008314
0.561758 0.084323 0.008314
0.581948 0.084323 0.005938
0.615202 0.084323 0.008314
0.654394 0.084323 0.007126
0.666271 0.084323 0.007126
0.675772 0.084323 0.005938
0.695962 0.084323 0.005938
0.472684 0.085511 0.007126
0.483373 0.085511 0.005938
0.503563 0.085511 0.008314
0.551069 0.085511 0.007126
0.572447 0.085511 0.007126
0.604513 0.085511 0.007126
0.637767 0.085511 0.007126
0.413302 0.086698 0.008314
0.427553 0.086698 0.009501
0.435867 0.086698 0.004751
0.453682 0.086698 0.007126
0.463183 0.086698 0.008314
0.491686 0.086698 0.008314
0.515439 0.086698 0.008314
0.592637 0.086698 0.008314
0.292162 0.087886 0.008314
0.356295 0.087886 0.008314
0.370546 0.087886 0.008314
0.388361 0.087886 0.013064
0.401425 0.087886 0.008314
0.442993 0.087886 0.011876
0.230404 0.089074 0.005938
0.250594 0.089074 0.004751
0.260095 0.089074 0.005938
0.269596 0.089074 0.004751
0.277910 0.089074 0.007126
0.300475 0.089074 0.007126
0.311164 0.089074 0.005938
0.319477 0.089074 0.004751
0.327791 0.089074 0.004751
0.340855 0.089074 0.009501
0.378860 0.089074 0.005938
0.200713 0.090261 0.007126
0.212589 0.090261 0.008314
0.222090 0.090261 0.005938
0.239905 0.090261 0.005938
0.181710 0.091449 0.005938
0.171021 0.092637 0.007126
0.148456 0.093824 0.007126
0.875297 0.096200 0.004751
0.750594 0.097387 0.007126
0.770784 0.097387 0.008314
0.781473 0.097387 0.004751
0.789786 0.097387 0.007126
0.800475 0.097387 0.004751
0.833729 0.097387 0.005938
0.846793 0.097387 0.008314
0.856295 0.097387 0.005938
0.865796 0.097387 0.005938
0.724466 0.098575 0.004751
0.760095 0.098575 0.007126
0.806413 0.098575 0.009501
0.814727 0.098575 0.007126
0.675772 0.099762 0.008314
0.687648 0.099762 0.008314
0.695962 0.099762 0.005938
0.705463 0.099762 0.005938
0.713777 0.099762 0.005938
0.739905 0.099762 0.008314
0.509501 0.100950 0.008314
0.535629 0.100950 0.005938
0.543943 0.100950 0.005938
0.553444 0.100950 0.008314
0.604513 0.100950 0.005938
0.615202 0.100950 0.007126
0.627078 0.100950 0.005938
0.635392 0.100950 0.007126
0.649644 0.100950 0.008314
0.661520 0.100950 0.009501
0.420428 0.102138 0.004751
0.429929 0.102138 0.005938
0.470309 0.102138 0.008314
0.480998 0.102138 0.008314
0.492874 0.102138 0.008314
0.521378 0.102138 0.009501
0.567696 0.102138 0.008314
0.577197 0.102138 0.007126
0.414489 0.103325 0.010689
0.439430 0.103325 0.005938
0.448931 0.103325 0.005938
0.459620 0.103325 0.007126
0.585511 0.103325 0.011876
0.244656 0.104513 0.008314
0.251781 0.104513 0.011876
0.269596 0.104513 0.004751
0.287411 0.104513 0.007126
0.298100 0.104513 0.007126
0.309976 0.104513 0.007126
0.320665 0.104513 0.005938
0.330166 0.104513 0.005938
0.340855 0.104513 0.005938
0.358670 0.104513 0.008314
0.369359 0.104513 0.008314
0.382423 0.104513 0.005938
0.391924 0.104513 0.007126
0.401425 0.104513 0.007126
0.203088 0.105701 0.008314
0.214964 0.105701 0.007126
0.225653 0.105701 0.007126
0.235154 0.105701 0.005938
0.188836 0.106888 0.010689
0.275534 0.106888 0.010689
0.165083 0.108076 0.004751
0.175772 0.108076 0.008314
0.135392 0.109264 0.013064
0.127078 0.110451 0.011876
0.876485 0.110451 0.009501
0.830166 0.111639 0.008314
0.851544 0.111639 0.008314
0.863420 0.111639 0.004751
0.762470 0.112827 0.004751
0.770784 0.112827 0.007126
0.781473 0.112827 0.005938
0.790974 0.112827 0.005938
0.800475 0.112827 0.007126
0.811164 0.112827 0.004751
0.819477 0.112827 0.007126
0.843230 0.112827 0.005938
0.699525 0.114014 0.007126
0.710214 0.114014 0.007126
0.723278 0.114014 0.007126
0.751781 0.114014 0.007126
0.621140 0.115202 0.007126
0.687648 0.115202 0.005938
0.733967 0.115202 0.005938
0.743468 0.115202 0.005938
0.541568 0.116390 0.005938
0.551069 0.116390 0.004751
0.559382 0.116390 0.005938
0.568884 0.116390 0.004751
0.587886 0.116390 0.005938
0.597387 0.116390 0.008314
0.610451 0.116390 0.005938
0.631829 0.116390 0.008314
0.641330 0.116390 0.008314
0.654394 0.116390 0.008314
0.667458 0.116390 0.007126
0.678147 0.116390 0.005938
0.454869 0.117577 0.004751
0.464371 0.117577 0.007126
0.490499 0.117577 0.008314
0.501188 0.117577 0.004751
0.509501 0.117577 0.008314
0.532067 0.117577 0.005938
0.305226 0.118765 0.010689
0.445368 0.118765 0.007126
0.475059 0.118765 0.005938
0.482185 0.118765 0.004751
0.521378 0.118765 0.005938
0.576010 0.118765 0.010689
0.331354 0.119952 0.005938
0.342043 0.119952 0.007126
0.352732 0.119952 0.007126
0.384798 0.119952 0.008314
0.422803 0.119952 0.008314
0.434679 0.119952 0.005938
0.283848 0.121140 0.007126
0.293349 0.121140 0.007126
0.320665 0.121140 0.007126
0.363420 0.121140 0.008314
0.372922 0.121140 0.007126
0.399050 0.121140 0.007126
0.409739 0.121140 0.007126
0.207838 0.122328 0.008314
0.228029 0.122328 0.007126
0.238717 0.122328 0.008314
0.252969 0.122328 0.008314
0.271971 0.122328 0.008314
0.174584 0.123515 0.008314
0.198337 0.123515 0.004751
0.187648 0.124703 0.007126
0.876485 0.125891 0.008314
0.891924 0.125891 0.008314
0.802850 0.128266 0.004751
0.813539 0.128266 0.007126
0.823040 0.128266 0.007126
0.832542 0.128266 0.007126
0.843230 0.128266 0.007126
0.866983 0.128266 0.007126
0.741093 0.129454 0.008314
0.761283 0.129454 0.004751
0.781473 0.129454 0.008314
0.793349 0.129454 0.008314
0.710214 0.130641 0.008314
0.733967 0.130641 0.004751
0.751781 0.130641 0.007126
0.855107 0.130641 0.008314
0.640143 0.131829 0.007126
0.652019 0.131829 0.008314
0.725653 0.131829 0.009501
0.768409 0.131829 0.010689
0.608076 0.133017 0.008314
0.422803 0.134204 0.007126
0.467933 0.134204 0.008314
0.515439 0.134204 0.008314
0.527316 0.134204 0.008314
0.552257 0.134204 0.008314
0.567696 0.134204 0.008314
0.595012 0.134204 0.008314
0.374109 0.135392 0.005938
0.394299 0.135392 0.004751
0.409739 0.135392 0.007126
0.433492 0.135392 0.004751
0.479810 0.135392 0.008314
0.491686 0.135392 0.007126
0.542755 0.135392 0.008314
0.578385 0.135392 0.005938
0.585511 0.135392 0.013064
0.334917 0.136580 0.008314
0.364608 0.136580 0.005938
0.383610 0.136580 0.005938
0.440618 0.136580 0.010689
0.448931 0.136580 0.004751
0.503563 0.136580 0.009501
0.223278 0.137767 0.007126
0.271971 0.137767 0.007126
0.281473 0.137767 0.007126
0.345606 0.137767 0.008314
0.862233 0.141330 0.005938
0.789786 0.142518 0.004751
0.800475 0.142518 0.008314
0.824228 0.142518 0.008314
0.837292 0.142518 0.010689
0.844418 0.142518 0.004751
0.853919 0.142518 0.005938
0.870546 0.142518 0.010689
0.814727 0.143705 0.009501
0.881235 0.143705 0.013064
0.773159 0.144893 0.008314
0.780285 0.144893 0.008314
0.730404 0.146081 0.008314
0.656770 0.147268 0.004751
0.711401 0.147268 0.008314
0.722090 0.147268 0.004751
0.743468 0.147268 0.008314
0.750594 0.147268 0.005938
0.760095 0.147268 0.005938
0.635392 0.149644 0.008314
0.648456 0.149644 0.010689
0.413302 0.150831 0.008314
0.446556 0.150831 0.005938
0.576010 0.150831 0.009501
0.217340 0.152019 0.007126
0.276722 0.152019 0.004751
0.380048 0.152019 0.008314
0.394299 0.152019 0.008314
0.403800 0.152019 0.004751
0.425178 0.152019 0.005938
0.437055 0.152019 0.008314
0.457245 0.152019 0.004751
0.551069 0.152019 0.008314
0.562945 0.152019 0.008314
0.229216 0.153207 0.008314
0.249406 0.153207 0.005938
0.260095 0.153207 0.005938
0.268409 0.153207 0.007126
0.285036 0.153207 0.011876
0.347981 0.153207 0.004751
0.357482 0.153207 0.007126
0.366983 0.153207 0.007126
0.496437 0.153207 0.008314
0.516627 0.153207 0.008314
0.538005 0.153207 0.008314
0.590261 0.153207 0.011876
0.599762 0.153207 0.004751
0.238717 0.154394 0.008314
0.338480 0.154394 0.011876
0.466746 0.154394 0.008314
0.480998 0.154394 0.009501
0.526128 0.154394 0.007126
0.173397 0.156770 0.005938
0.192399 0.156770 0.008314
0.165083 0.157957 0.004751
0.182898 0.157957 0.005938
0.808789 0.157957 0.008314
0.821853 0.157957 0.005938
0.831354 0.157957 0.007126
0.842043 0.157957 0.004751
0.850356 0.157957 0.004751
0.787411 0.159145 0.008314
0.798100 0.159145 0.007126
0.857482 0.159145 0.010689
0.868171 0.159145 0.007126
0.776722 0.161520 0.008314
0.720903 0.162708 0.005938
0.729216 0.162708 0.013064
0.738717 0.162708 0.005938
0.747031 0.162708 0.007126
0.757720 0.162708 0.005938
0.767221 0.162708 0.004751
0.711401 0.163895 0.008314
0.652019 0.166271 0.008314
0.662708 0.166271 0.008314
0.640143 0.167458 0.007126
0.415677 0.168646 0.005938
0.423990 0.168646 0.013064
0.437055 0.168646 0.008314
0.447743 0.168646 0.013064
0.473872 0.168646 0.007126
0.551069 0.168646 0.008314
0.562945 0.168646 0.005938
0.616390 0.168646 0.008314
0.629454 0.168646 0.007126
0.257720 0.169834 0.008314
0.269596 0.169834 0.008314
0.338480 0.169834 0.008314
0.359857 0.169834 0.009501
0.366983 0.169834 0.004751
0.385986 0.169834 0.005938
0.395487 0.169834 0.005938
0.404988 0.169834 0.005938
0.517815 0.169834 0.008314
0.532067 0.169834 0.008314
0.541568 0.169834 0.005938
0.571259 0.169834 0.008314
0.580760 0.169834 0.004751
0.606888 0.169834 0.004751
0.194774 0.171021 0.004751
0.204276 0.171021 0.004751
0.213777 0.171021 0.007126
0.223278 0.171021 0.005938
0.233967 0.171021 0.007126
0.245843 0.171021 0.008314
0.279097 0.171021 0.008314
0.375297 0.171021 0.008314
0.492874 0.171021 0.007126
0.504751 0.171021 0.007126
0.593824 0.171021 0.008314
0.180523 0.172209 0.004751
0.187648 0.172209 0.004751
0.149644 0.173397 0.008314
0.160333 0.173397 0.005938
0.171021 0.173397 0.008314
0.852732 0.173397 0.004751
0.863420 0.174584 0.010689
0.870546 0.174584 0.010689
0.124703 0.175772 0.009501
0.812352 0.175772 0.008314
0.820665 0.175772 0.008314
0.830166 0.175772 0.005938
0.840855 0.175772 0.008314
0.800475 0.176960 0.008314
0.775534 0.179335 0.007126
0.785036 0.179335 0.008314
0.766033 0.180523 0.004751
0.699525 0.181710 0.010689
0.747031 0.181710 0.013064
0.756532 0.181710 0.007126
0.718527 0.182898 0.008314
0.730404 0.182898 0.013064
0.738717 0.182898 0.004751
0.621140 0.185273 0.008314
0.633017 0.185273 0.008314
0.644893 0.185273 0.009501
0.660333 0.185273 0.007126
0.669834 0.185273 0.008314
0.338480 0.186461 0.008314
0.363420 0.186461 0.008314
0.426366 0.186461 0.008314
0.435867 0.186461 0.010689
0.553444 0.186461 0.008314
0.571259 0.186461 0.011876
0.590261 0.186461 0.005938
0.598575 0.186461 0.005938
0.608076 0.186461 0.007126
0.204276 0.187648 0.008314
0.216152 0.187648 0.004751
0.222090 0.187648 0.009501
0.251781 0.187648 0.004751
0.281473 0.187648 0.008314
0.350356 0.187648 0.008314
0.375297 0.187648 0.004751
0.383610 0.187648 0.008314
0.396675 0.187648 0.010689
0.415677 0.187648 0.007126
0.452494 0.187648 0.005938
0.460808 0.187648 0.011876
0.479810 0.187648 0.008314
0.494062 0.187648 0.008314
0.503563 0.187648 0.005938
0.513064 0.187648 0.008314
0.527316 0.187648 0.008314
0.580760 0.187648 0.005938
0.174584 0.188836 0.007126
0.186461 0.188836 0.008314
0.195962 0.188836 0.007126
0.241093 0.188836 0.013064
0.258907 0.188836 0.011876
0.271971 0.188836 0.008314
0.404988 0.188836 0.008314
0.878860 0.188836 0.010689
0.887173 0.188836 0.004751
0.894299 0.188836 0.011876
0.161520 0.190024 0.008314
0.140143 0.191211 0.013064
0.148456 0.191211 0.007126
0.856295 0.191211 0.007126
0.865796 0.191211 0.005938
0.840855 0.192399 0.010689
0.833729 0.193587 0.010689
0.821853 0.194774 0.004751
0.124703 0.195962 0.011876
0.793349 0.195962 0.010689
0.801663 0.195962 0.008314
0.813539 0.195962 0.004751
0.782660 0.197150 0.004751
0.758907 0.198337 0.008314
0.771971 0.198337 0.008314
0.748219 0.199525 0.007126
0.660333 0.200713 0.007126
0.672209 0.200713 0.004751
0.680523 0.200713 0.011876
0.694774 0.200713 0.004751
0.712589 0.200713 0.007126
0.724466 0.200713 0.008314
0.737530 0.200713 0.008314
0.615202 0.201900 0.008314
0.704276 0.201900 0.007126
0.500000 0.203088 0.008314
0.574822 0.203088 0.008314
0.595012 0.203088 0.008314
0.605701 0.203088 0.005938
0.623515 0.203088 0.008314
0.634204 0.203088 0.007126
0.647268 0.203088 0.008314
0.418052 0.204276 0.009501
0.431116 0.204276 0.008314
0.441805 0.204276 0.004751
0.450119 0.204276 0.005938
0.459620 0.204276 0.011876
0.475059 0.204276 0.008314
0.513064 0.204276 0.010689
0.527316 0.204276 0.009501
0.540380 0.204276 0.008314
0.553444 0.204276 0.007126
0.564133 0.204276 0.007126
0.355107 0.205463 0.011876
0.362233 0.205463 0.005938
0.393112 0.205463 0.008314
0.401425 0.205463 0.008314
0.488124 0.205463 0.005938
0.865796 0.205463 0.007126
0.885986 0.205463 0.003563
0.190024 0.206651 0.014252
0.223278 0.206651 0.008314
0.270784 0.206651 0.005938
0.281473 0.206651 0.008314
0.289786 0.206651 0.008314
0.302850 0.206651 0.008314
0.312352 0.206651 0.007126
0.324228 0.206651 0.008314
0.338480 0.206651 0.008314
0.378860 0.206651 0.010689
0.878860 0.206651 0.010689
0.197150 0.207838 0.013064
0.211401 0.207838 0.007126
0.237530 0.207838 0.007126
0.249406 0.207838 0.008314
0.260095 0.207838 0.007126
0.857482 0.207838 0.011876
0.174584 0.209026 0.008314
0.843230 0.209026 0.008314
0.152019 0.210214 0.010689
0.165083 0.210214 0.007126
0.833729 0.210214 0.005938
0.143705 0.211401 0.013064
0.811164 0.211401 0.005938
0.824228 0.211401 0.008314
0.134204 0.212589 0.005938
0.799287 0.212589 0.008314
0.122328 0.213777 0.008314
0.787411 0.213777 0.008314
0.761283 0.214964 0.007126
0.771971 0.214964 0.008314
0.706651 0.217340 0.005938
0.741093 0.217340 0.005938
0.749406 0.217340 0.013064
0.714964 0.218527 0.007126
0.724466 0.218527 0.005938
0.732779 0.218527 0.004751
0.621140 0.219715 0.009501
0.638955 0.219715 0.009501
0.653207 0.219715 0.008314
0.667458 0.219715 0.011876
0.682898 0.219715 0.010689
0.695962 0.219715 0.007126
0.486936 0.220903 0.013064
0.533254 0.220903 0.005938
0.555819 0.220903 0.008314
0.576010 0.220903 0.008314
0.587886 0.220903 0.008314
0.598575 0.220903 0.008314
0.610451 0.220903 0.005938
0.675772 0.220903 0.004751
0.524941 0.222090 0.007126
0.564133 0.222090 0.005938
0.463183 0.223278 0.008314
0.475059 0.223278 0.007126
0.507126 0.223278 0.007126
0.515439 0.223278 0.005938
0.311164 0.224466 0.007126
0.384798 0.224466 0.007126
0.394299 0.224466 0.007126
0.406176 0.224466 0.008314
0.416865 0.224466 0.008314
0.439430 0.224466 0.008314
0.165083 0.225653 0.007126
0.175772 0.225653 0.004751
0.200713 0.225653 0.004751
0.222090 0.225653 0.008314
0.231591 0.225653 0.008314
0.243468 0.225653 0.008314
0.267221 0.225653 0.008314
0.276722 0.225653 0.008314
0.301663 0.225653 0.007126
0.325416 0.225653 0.008314
0.336105 0.225653 0.008314
0.375297 0.225653 0.007126
0.428741 0.225653 0.008314
0.156770 0.226841 0.004751
0.190024 0.226841 0.008314
0.211401 0.226841 0.008314
0.256532 0.226841 0.008314
0.290974 0.226841 0.008314
0.355107 0.226841 0.013064
0.364608 0.226841 0.007126
