0.558195 0.084323 0.007126
0.567696 0.084323 0.007126
0.579572 0.084323 0.007126
0.591449 0.084323 0.008314
0.600950 0.084323 0.007126
0.611639 0.084323 0.008314
0.719715 0.084323 0.008314
0.623515 0.085511 0.008314
0.633017 0.085511 0.007126
0.646081 0.085511 0.008314
0.657957 0.085511 0.008314
0.685273 0.085511 0.004751
0.694774 0.085511 0.007126
0.706651 0.085511 0.008314
0.742280 0.085511 0.004751
0.749406 0.085511 0.005938
0.389549 0.086698 0.004751
0.407363 0.086698 0.008314
0.435867 0.086698 0.008314
0.446556 0.086698 0.004751
0.489311 0.086698 0.008314
0.496437 0.086698 0.013064
0.536817 0.086698 0.007126
0.547506 0.086698 0.005938
0.678147 0.086698 0.011876
0.731591 0.086698 0.008314
0.760095 0.086698 0.007126
0.798100 0.086698 0.013064
0.807601 0.086698 0.008314
0.313539 0.087886 0.005938
0.337292 0.087886 0.005938
0.381235 0.087886 0.004751
0.420428 0.087886 0.010689
0.427553 0.087886 0.004751
0.469121 0.087886 0.007126
0.477435 0.087886 0.008314
0.528504 0.087886 0.013064
0.770784 0.087886 0.008314
0.818290 0.087886 0.004751
0.321853 0.089074 0.004751
0.328979 0.089074 0.004751
0.345606 0.089074 0.007126
0.357482 0.089074 0.008314
0.365796 0.089074 0.004751
0.374109 0.089074 0.011876
0.457245 0.089074 0.008314
0.516627 0.089074 0.008314
0.782660 0.089074 0.008314
0.833729 0.089074 0.005938
0.844418 0.089074 0.007126
0.852732 0.089074 0.004751
0.861045 0.089074 0.005938
0.222090 0.090261 0.008314
0.233967 0.090261 0.008314
0.249406 0.090261 0.008314
0.258907 0.090261 0.004751
0.266033 0.090261 0.004751
0.276722 0.090261 0.007126
0.288599 0.090261 0.008314
0.300475 0.090261 0.008314
0.182898 0.091449 0.005938
0.212589 0.091449 0.005938
0.204276 0.092637 0.013064
0.157957 0.093824 0.004751
0.152019 0.095012 0.004751
0.133017 0.096200 0.010689
0.138955 0.096200 0.004751
0.738717 0.099762 0.007126
0.627078 0.100950 0.008314
0.674584 0.100950 0.007126
0.691211 0.100950 0.004751
0.432304 0.102138 0.007126
0.500000 0.102138 0.008314
0.534442 0.102138 0.005938
0.545131 0.102138 0.007126
0.555819 0.102138 0.008314
0.568884 0.102138 0.007126
0.578385 0.102138 0.007126
0.587886 0.102138 0.005938
0.597387 0.102138 0.005938
0.606888 0.102138 0.005938
0.615202 0.102138 0.005938
0.637767 0.102138 0.005938
0.646081 0.102138 0.004751
0.655582 0.102138 0.005938
0.663895 0.102138 0.007126
0.682898 0.102138 0.004751
0.716152 0.102138 0.005938
0.725653 0.102138 0.004751
0.748219 0.102138 0.005938
0.757720 0.102138 0.005938
0.769596 0.102138 0.007126
0.315914 0.103325 0.007126
0.393112 0.103325 0.008314
0.401425 0.103325 0.005938
0.422803 0.103325 0.007126
0.442993 0.103325 0.007126
0.453682 0.103325 0.004751
0.461995 0.103325 0.007126
0.475059 0.103325 0.005938
0.486936 0.103325 0.007126
0.523753 0.103325 0.007126
0.707838 0.103325 0.007126
0.779097 0.103325 0.005938
0.787411 0.103325 0.008314
0.799287 0.103325 0.004751
0.806413 0.103325 0.004751
0.818290 0.103325 0.008314
0.832542 0.103325 0.008314
0.842043 0.103325 0.004751
0.306413 0.104513 0.007126
0.325416 0.104513 0.007126
0.412114 0.104513 0.008314
0.513064 0.104513 0.008314
0.861045 0.104513 0.008314
0.868171 0.104513 0.004751
0.876485 0.104513 0.005938
0.182898 0.105701 0.010689
0.210214 0.105701 0.007126
0.236342 0.105701 0.008314
0.257720 0.105701 0.005938
0.337292 0.105701 0.008314
0.350356 0.105701 0.007126
0.370546 0.105701 0.007126
0.380048 0.105701 0.005938
0.168646 0.106888 0.007126
0.191211 0.106888 0.007126
0.248219 0.106888 0.004751
0.264846 0.106888 0.010689
0.273159 0.106888 0.008314
0.285036 0.106888 0.004751
0.295724 0.106888 0.007126
0.359857 0.106888 0.005938
0.157957 0.108076 0.007126
0.220903 0.108076 0.008314
0.129454 0.110451 0.008314
0.138955 0.111639 0.005938
0.147268 0.111639 0.005938
0.736342 0.116390 0.010689
0.638955 0.117577 0.007126
0.676960 0.117577 0.005938
0.686461 0.117577 0.005938
0.744656 0.117577 0.009501
0.757720 0.117577 0.004751
0.766033 0.117577 0.005938
0.776722 0.117577 0.007126
0.787411 0.117577 0.007126
0.798100 0.117577 0.007126
0.460808 0.118765 0.005938
0.480998 0.118765 0.008314
0.529691 0.118765 0.005938
0.593824 0.118765 0.008314
0.603325 0.118765 0.005938
0.612827 0.118765 0.007126
0.625891 0.118765 0.008314
0.650831 0.118765 0.008314
0.661520 0.118765 0.004751
0.668646 0.118765 0.004751
0.694774 0.118765 0.005938
0.704276 0.118765 0.004751
0.716152 0.118765 0.008314
0.725653 0.118765 0.005938
0.805226 0.118765 0.004751
0.814727 0.118765 0.007126
0.824228 0.118765 0.005938
0.831354 0.118765 0.004751
0.850356 0.118765 0.008314
0.858670 0.118765 0.004751
0.884798 0.118765 0.010689
0.439430 0.119952 0.005938
0.451306 0.119952 0.008314
0.470309 0.119952 0.005938
0.497625 0.119952 0.008314
0.507126 0.119952 0.005938
0.541568 0.119952 0.008314
0.549881 0.119952 0.004751
0.558195 0.119952 0.008314
0.571259 0.119952 0.008314
0.583135 0.119952 0.007126
0.226841 0.121140 0.004751
0.233967 0.121140 0.008314
0.249406 0.121140 0.008314
0.257720 0.121140 0.007126
0.268409 0.121140 0.005938
0.279097 0.121140 0.008314
0.306413 0.121140 0.007126
0.317102 0.121140 0.013064
0.325416 0.121140 0.007126
0.333729 0.121140 0.005938
0.344418 0.121140 0.004751
0.388361 0.121140 0.010689
0.394299 0.121140 0.009501
0.872922 0.121140 0.007126
0.173397 0.122328 0.005938
0.203088 0.122328 0.009501
0.216152 0.122328 0.008314
0.285036 0.122328 0.004751
0.293349 0.122328 0.008314
0.353919 0.122328 0.005938
0.363420 0.122328 0.007126
0.374109 0.122328 0.008314
0.429929 0.122328 0.005938
0.515439 0.122328 0.010689
0.161520 0.123515 0.008314
0.182898 0.123515 0.007126
0.192399 0.123515 0.008314
0.419240 0.123515 0.008314
0.408551 0.124703 0.008314
0.140143 0.127078 0.010689
0.790974 0.134204 0.008314
0.827791 0.134204 0.008314
0.838480 0.134204 0.008314
0.538005 0.135392 0.008314
0.616390 0.135392 0.004751
0.649644 0.135392 0.004751
0.743468 0.135392 0.007126
0.752969 0.135392 0.004751
0.761283 0.135392 0.004751
0.769596 0.135392 0.004751
0.779097 0.135392 0.008314
0.801663 0.135392 0.008314
0.815914 0.135392 0.008314
0.882423 0.135392 0.008314
0.336105 0.136580 0.011876
0.344418 0.136580 0.007126
0.355107 0.136580 0.007126
0.365796 0.136580 0.008314
0.442993 0.136580 0.008314
0.456057 0.136580 0.007126
0.524941 0.136580 0.008314
0.562945 0.136580 0.008314
0.606888 0.136580 0.005938
0.627078 0.136580 0.008314
0.640143 0.136580 0.007126
0.660333 0.136580 0.008314
0.712589 0.136580 0.005938
0.722090 0.136580 0.007126
0.732779 0.136580 0.008314
0.850356 0.136580 0.008314
0.863420 0.136580 0.010689
0.242280 0.137767 0.007126
0.286223 0.137767 0.007126
0.378860 0.137767 0.004751
0.387173 0.137767 0.005938
0.397862 0.137767 0.008314
0.409739 0.137767 0.007126
0.420428 0.137767 0.005938
0.428741 0.137767 0.011876
0.465558 0.137767 0.007126
0.478622 0.137767 0.008314
0.492874 0.137767 0.008314
0.503563 0.137767 0.007126
0.514252 0.137767 0.005938
0.552257 0.137767 0.008314
0.576010 0.137767 0.008314
0.590261 0.137767 0.008314
0.599762 0.137767 0.004751
0.219715 0.138955 0.008314
0.231591 0.138955 0.008314
0.254157 0.138955 0.008314
0.276722 0.138955 0.008314
0.207838 0.140143 0.010689
0.267221 0.140143 0.008314
0.162708 0.141330 0.008314
0.179335 0.141330 0.008314
0.152019 0.142518 0.005938
0.138955 0.146081 0.010689
0.128266 0.147268 0.008314
0.726841 0.148456 0.005938
0.882423 0.148456 0.004751
0.889549 0.148456 0.010689
0.713777 0.150831 0.008314
0.736342 0.150831 0.007126
0.766033 0.150831 0.007126
0.786223 0.150831 0.008314
0.865796 0.150831 0.004751
0.874109 0.150831 0.005938
0.747031 0.152019 0.005938
0.755344 0.152019 0.008314
0.777910 0.152019 0.007126
0.795724 0.152019 0.008314
0.820665 0.153207 0.007126
0.831354 0.153207 0.008314
0.843230 0.153207 0.008314
0.857482 0.153207 0.005938
0.327791 0.154394 0.009501
0.359857 0.154394 0.008314
0.378860 0.154394 0.004751
0.428741 0.154394 0.004751
0.451306 0.154394 0.004751
0.463183 0.154394 0.008314
0.581948 0.154394 0.007126
0.593824 0.154394 0.007126
0.603325 0.154394 0.004751
0.610451 0.154394 0.004751
0.638955 0.154394 0.007126
0.649644 0.154394 0.005938
0.657957 0.154394 0.005938
0.812352 0.154394 0.007126
0.268409 0.155582 0.005938
0.276722 0.155582 0.010689
0.346793 0.155582 0.011876
0.370546 0.155582 0.008314
0.388361 0.155582 0.013064
0.403800 0.155582 0.008314
0.414489 0.155582 0.004751
0.442993 0.155582 0.011876
0.476247 0.155582 0.008314
0.486936 0.155582 0.004751
0.494062 0.155582 0.007126
0.504751 0.155582 0.008314
0.526128 0.155582 0.005938
0.540380 0.155582 0.009501
0.553444 0.155582 0.008314
0.564133 0.155582 0.010689
0.619952 0.155582 0.005938
0.629454 0.155582 0.005938
0.217340 0.156770 0.011876
0.233967 0.156770 0.004751
0.248219 0.156770 0.004751
0.257720 0.156770 0.008314
0.515439 0.156770 0.007126
0.191211 0.157957 0.004751
0.198337 0.157957 0.004751
0.224466 0.157957 0.013064
0.167458 0.159145 0.008314
0.180523 0.159145 0.007126
0.143705 0.161520 0.004751
0.153207 0.161520 0.008314
0.135392 0.162708 0.005938
0.127078 0.165083 0.010689
0.882423 0.167458 0.009501
0.764846 0.168646 0.007126
0.787411 0.168646 0.004751
0.795724 0.168646 0.011876
0.804038 0.168646 0.004751
0.811164 0.168646 0.011876
0.837292 0.168646 0.008314
0.850356 0.168646 0.007126
0.869359 0.168646 0.004751
0.712589 0.169834 0.008314
0.742280 0.169834 0.008314
0.755344 0.169834 0.010689
0.777910 0.169834 0.008314
0.825416 0.169834 0.008314
0.861045 0.169834 0.005938
0.724466 0.171021 0.013064
0.732779 0.171021 0.005938
0.471496 0.172209 0.007126
0.656770 0.172209 0.011876
0.364608 0.173397 0.011876
0.372922 0.173397 0.004751
0.402613 0.173397 0.005938
0.421615 0.173397 0.005938
0.459620 0.173397 0.008314
0.482185 0.173397 0.008314
0.495249 0.173397 0.007126
0.505938 0.173397 0.008314
0.514252 0.173397 0.005938
0.523753 0.173397 0.007126
0.534442 0.173397 0.011876
0.542755 0.173397 0.004751
0.552257 0.173397 0.008314
0.566508 0.173397 0.008314
0.578385 0.173397 0.007126
0.587886 0.173397 0.007126
0.598575 0.173397 0.004751
0.605701 0.173397 0.004751
0.617577 0.173397 0.007126
0.627078 0.173397 0.005938
0.648456 0.173397 0.005938
0.236342 0.174584 0.007126
0.269596 0.174584 0.004751
0.279097 0.174584 0.007126
0.352732 0.174584 0.008314
0.381235 0.174584 0.008314
0.393112 0.174584 0.008314
0.412114 0.174584 0.008314
0.636580 0.174584 0.008314
0.194774 0.175772 0.008314
0.205463 0.175772 0.014252
0.212589 0.175772 0.013064
0.224466 0.175772 0.007126
0.247031 0.175772 0.005938
0.261283 0.175772 0.011876
0.339667 0.175772 0.008314
0.446556 0.175772 0.008314
0.185273 0.176960 0.007126
0.144893 0.179335 0.005938
0.163895 0.179335 0.008314
0.173397 0.179335 0.008314
0.131829 0.180523 0.009501
0.865796 0.184086 0.008314
0.876485 0.184086 0.004751
0.858670 0.185273 0.004751
0.793349 0.186461 0.007126
0.805226 0.186461 0.008314
0.824228 0.186461 0.007126
0.832542 0.186461 0.004751
0.839667 0.186461 0.004751
0.850356 0.186461 0.008314
0.768409 0.187648 0.008314
0.781473 0.187648 0.008314
0.813539 0.187648 0.004751
0.751781 0.188836 0.011876
0.578385 0.190024 0.008314
0.733967 0.190024 0.005938
0.558195 0.191211 0.007126
0.605701 0.191211 0.004751
0.616390 0.191211 0.008314
0.656770 0.191211 0.007126
0.667458 0.191211 0.015439
0.724466 0.191211 0.005938
0.742280 0.191211 0.004751
0.264846 0.192399 0.005938
0.407363 0.192399 0.008314
0.419240 0.192399 0.007126
0.428741 0.192399 0.013064
0.437055 0.192399 0.004751
0.447743 0.192399 0.008314
0.471496 0.192399 0.005938
0.484561 0.192399 0.009501
0.496437 0.192399 0.007126
0.505938 0.192399 0.007126
0.515439 0.192399 0.008314
0.529691 0.192399 0.011876
0.538005 0.192399 0.004751
0.596200 0.192399 0.008314
0.631829 0.192399 0.010689
0.646081 0.192399 0.007126
0.675772 0.192399 0.007126
0.701900 0.192399 0.008314
0.713777 0.192399 0.007126
0.217340 0.193587 0.004751
0.226841 0.193587 0.008314
0.237530 0.193587 0.013064
0.255344 0.193587 0.005938
0.363420 0.193587 0.008314
0.382423 0.193587 0.007126
0.394299 0.193587 0.008314
0.459620 0.193587 0.008314
0.547506 0.193587 0.007126
0.567696 0.193587 0.008314
0.245843 0.194774 0.004751
0.275534 0.194774 0.008314
0.343230 0.194774 0.005938
0.371734 0.194774 0.005938
0.166271 0.195962 0.008314
0.199525 0.195962 0.011876
0.209026 0.195962 0.005938
0.332542 0.195962 0.013064
0.352732 0.195962 0.008314
0.182898 0.197150 0.005938
0.192399 0.197150 0.004751
0.124703 0.198337 0.007126
0.136580 0.198337 0.007126
0.148456 0.198337 0.005938
0.156770 0.198337 0.008314
0.172209 0.199525 0.010689
0.889549 0.200713 0.008314
0.876485 0.201900 0.005938
0.830166 0.203088 0.008314
0.844418 0.203088 0.008314
0.859857 0.203088 0.011876
0.868171 0.203088 0.004751
0.805226 0.204276 0.004751
0.817102 0.204276 0.008314
0.783848 0.205463 0.008314
0.795724 0.205463 0.008314
0.771971 0.206651 0.009501
0.655582 0.207838 0.005938
0.501188 0.209026 0.008314
0.532067 0.209026 0.004751
0.543943 0.209026 0.008314
0.553444 0.209026 0.005938
0.597387 0.209026 0.004751
0.609264 0.209026 0.008314
0.619952 0.209026 0.007126
0.630641 0.209026 0.007126
0.643705 0.209026 0.007126
0.747031 0.209026 0.008314
0.758907 0.209026 0.008314
0.207838 0.210214 0.008314
0.439430 0.210214 0.008314
0.461995 0.210214 0.013064
0.482185 0.210214 0.008314
0.490499 0.210214 0.004751
0.516627 0.210214 0.010689
0.523753 0.210214 0.004751
0.560570 0.210214 0.011876
0.571259 0.210214 0.008314
0.579572 0.210214 0.004751
0.589074 0.210214 0.008314
0.665083 0.210214 0.008314
0.700713 0.210214 0.008314
0.710214 0.210214 0.004751
0.725653 0.210214 0.009501
0.738717 0.210214 0.008314
0.225653 0.211401 0.008314
0.238717 0.211401 0.005938
0.248219 0.211401 0.005938
0.257720 0.211401 0.008314
0.312352 0.211401 0.007126
0.347981 0.211401 0.007126
0.359857 0.211401 0.005938
0.371734 0.211401 0.008314
0.384798 0.211401 0.013064
0.391924 0.211401 0.011876
0.404988 0.211401 0.008314
0.423990 0.211401 0.011876
0.453682 0.211401 0.008314
0.471496 0.211401 0.005938
0.674584 0.211401 0.007126
0.176960 0.212589 0.004751
0.185273 0.212589 0.007126
0.195962 0.212589 0.008314
0.274347 0.212589 0.008314
0.300475 0.212589 0.009501
0.326603 0.212589 0.008314
0.337292 0.212589 0.005938
0.416865 0.212589 0.005938
0.684086 0.212589 0.008314
0.131829 0.213777 0.005938
0.142518 0.213777 0.007126
0.153207 0.213777 0.008314
0.161520 0.213777 0.004751
0.167458 0.213777 0.009501
0.287411 0.213777 0.008314
0.875297 0.218527 0.008314
0.888361 0.219715 0.010689
0.804038 0.220903 0.004751
0.811164 0.220903 0.005938
0.820665 0.220903 0.004751
0.840855 0.220903 0.004751
0.852732 0.220903 0.008314
0.864608 0.220903 0.008314
0.794537 0.222090 0.008314
0.827791 0.222090 0.010689
0.766033 0.224466 0.010689
0.780285 0.224466 0.008314
0.732779 0.225653 0.008314
0.742280 0.225653 0.007126
0.754157 0.225653 0.008314
0.426366 0.226841 0.008314
0.435867 0.226841 0.005938
0.482185 0.226841 0.010689
0.507126 0.226841 0.008314
0.517815 0.226841 0.004751
0.526128 0.226841 0.013064
0.540380 0.226841 0.007126
0.549881 0.226841 0.005938
0.593824 0.226841 0.005938
0.603325 0.226841 0.005938
0.611639 0.226841 0.005938
0.622328 0.226841 0.008314
0.631829 0.226841 0.005938
0.641330 0.226841 0.008314
0.652019 0.226841 0.007126
0.712589 0.226841 0.004751
0.720903 0.226841 0.013064
0.152019 0.228029 0.004751
0.204276 0.228029 0.007126
0.226841 0.228029 0.005938
0.409739 0.228029 0.004751
0.454869 0.228029 0.004751
0.464371 0.228029 0.008314
0.495249 0.228029 0.008314
0.560570 0.228029 0.008314
0.572447 0.228029 0.007126
0.584323 0.228029 0.007126
0.663895 0.228029 0.007126
0.695962 0.228029 0.008314
0.705463 0.228029 0.004751
0.131829 0.229216 0.008314
0.143705 0.229216 0.005938
0.163895 0.229216 0.008314
0.173397 0.229216 0.005938
0.184086 0.229216 0.005938
0.195962 0.229216 0.008314
0.293349 0.229216 0.008314
0.338480 0.229216 0.004751
0.345606 0.229216 0.004751
0.355107 0.229216 0.008314
0.444181 0.229216 0.008314
0.676960 0.229216 0.010689
0.216152 0.230404 0.008314
0.235154 0.230404 0.016627
0.282660 0.230404 0.008314
0.299287 0.230404 0.010689
0.327791 0.230404 0.008314
0.365796 0.230404 0.007126
0.387173 0.230404 0.005938
0.396675 0.230404 0.010689
0.247031 0.231591 0.008314
0.270784 0.231591 0.008314
0.312352 0.231591 0.010689
0.376485 0.231591 0.008314
0.257720 0.232779 0.008314
