0.942993 0.004751 0.016627
0.849169 0.007126 0.023753
0.656770 0.009501 0.022565
0.764846 0.010689 0.024941
0.817102 0.011876 0.013064
0.880048 0.011876 0.013064
0.692399 0.014252 0.013064
0.630641 0.015439 0.013064
0.309976 0.021378 0.014252
0.184086 0.023753 0.013064
0.247031 0.023753 0.016627
0.217340 0.024941 0.020190
0.641330 0.040380 0.010689
0.655582 0.042755 0.004751
0.684086 0.042755 0.013064
0.718527 0.042755 0.005938
0.731591 0.042755 0.008314
0.741093 0.042755 0.008314
0.750594 0.042755 0.005938
0.760095 0.042755 0.005938
0.768409 0.042755 0.005938
0.779097 0.042755 0.005938
0.788599 0.042755 0.005938
0.795724 0.042755 0.005938
0.805226 0.042755 0.004751
0.852732 0.042755 0.008314
0.585511 0.043943 0.008314
0.596200 0.043943 0.008314
0.606888 0.043943 0.005938
0.617577 0.043943 0.005938
0.627078 0.043943 0.004751
0.663895 0.043943 0.013064
0.671021 0.043943 0.008314
0.691211 0.043943 0.013064
0.700713 0.043943 0.005938
0.710214 0.043943 0.005938
0.823040 0.043943 0.005938
0.830166 0.043943 0.013064
0.840855 0.043943 0.008314
0.450119 0.045131 0.007126
0.475059 0.045131 0.004751
0.535629 0.045131 0.007126
0.555819 0.045131 0.004751
0.564133 0.045131 0.005938
0.573634 0.045131 0.007126
0.813539 0.045131 0.007126
0.862233 0.045131 0.004751
0.869359 0.045131 0.004751
0.426366 0.046318 0.008314
0.465558 0.046318 0.008314
0.494062 0.046318 0.008314
0.504751 0.046318 0.005938
0.514252 0.046318 0.007126
0.547506 0.046318 0.008314
0.409739 0.047506 0.004751
0.418052 0.047506 0.005938
0.439430 0.047506 0.007126
0.523753 0.047506 0.008314
0.306413 0.048694 0.008314
0.328979 0.048694 0.013064
0.399050 0.048694 0.008314
0.295724 0.049881 0.011876
0.338480 0.049881 0.008314
0.346793 0.049881 0.013064
0.359857 0.049881 0.004751
0.258907 0.051069 0.005938
0.277910 0.051069 0.007126
0.288599 0.051069 0.004751
0.366983 0.051069 0.009501
0.378860 0.051069 0.010689
0.478622 0.051069 0.009501
0.245843 0.052257 0.008314
0.267221 0.052257 0.005938
0.193587 0.053444 0.008314
0.204276 0.053444 0.005938
0.214964 0.053444 0.005938
0.225653 0.053444 0.007126
0.236342 0.053444 0.008314
0.154394 0.054632 0.005938
0.163895 0.054632 0.005938
0.172209 0.054632 0.005938
0.181710 0.054632 0.005938
0.138955 0.055819 0.010689
0.131829 0.057007 0.004751
0.724466 0.058195 0.005938
0.743468 0.058195 0.008314
0.811164 0.058195 0.008314
0.584323 0.059382 0.011876
0.657957 0.059382 0.005938
0.681710 0.059382 0.004751
0.700713 0.059382 0.007126
0.713777 0.059382 0.007126
0.732779 0.059382 0.008314
0.758907 0.059382 0.008314
0.771971 0.059382 0.008314
0.780285 0.059382 0.004751
0.789786 0.059382 0.008314
0.802850 0.059382 0.005938
0.847981 0.059382 0.008314
0.855107 0.059382 0.004751
0.592637 0.060570 0.010689
0.599762 0.060570 0.004751
0.647268 0.060570 0.008314
0.674584 0.060570 0.010689
0.826603 0.060570 0.008314
0.838480 0.060570 0.007126
0.870546 0.060570 0.005938
0.509501 0.061758 0.004751
0.520190 0.061758 0.007126
0.564133 0.061758 0.007126
0.578385 0.061758 0.009501
0.612827 0.061758 0.009501
0.627078 0.061758 0.008314
0.636580 0.061758 0.005938
0.688836 0.061758 0.010689
0.428741 0.062945 0.007126
0.439430 0.062945 0.007126
0.498812 0.062945 0.007126
0.534442 0.062945 0.008314
0.543943 0.062945 0.005938
0.552257 0.062945 0.008314
0.365796 0.064133 0.009501
0.412114 0.064133 0.007126
0.420428 0.064133 0.005938
0.447743 0.064133 0.008314
0.489311 0.064133 0.004751
0.293349 0.065321 0.004751
0.326603 0.065321 0.007126
0.387173 0.065321 0.008314
0.401425 0.065321 0.008314
0.469121 0.065321 0.008314
0.479810 0.065321 0.007126
0.262470 0.066508 0.008314
0.285036 0.066508 0.007126
0.300475 0.066508 0.011876
0.311164 0.066508 0.008314
0.337292 0.066508 0.007126
0.371734 0.066508 0.008314
0.211401 0.067696 0.005938
0.223278 0.067696 0.007126
0.271971 0.067696 0.007126
0.345606 0.067696 0.011876
0.178147 0.068884 0.007126
0.186461 0.068884 0.004751
0.193587 0.068884 0.004751
0.201900 0.068884 0.004751
0.242280 0.068884 0.005938
0.251781 0.068884 0.005938
0.135392 0.070071 0.013064
0.167458 0.070071 0.008314
0.232779 0.070071 0.005938
0.143705 0.071259 0.005938
0.152019 0.071259 0.004751
0.869359 0.072447 0.008314
0.755344 0.073634 0.004751
0.881235 0.073634 0.009501
0.731591 0.074822 0.008314
0.762470 0.074822 0.010689
0.786223 0.074822 0.007126
0.795724 0.074822 0.007126
0.850356 0.074822 0.004751
0.856295 0.074822 0.009501
0.712589 0.076010 0.011876
0.719715 0.076010 0.004751
0.741093 0.076010 0.010689
0.773159 0.076010 0.008314
0.806413 0.076010 0.004751
0.814727 0.076010 0.005938
0.824228 0.076010 0.005938
0.834917 0.076010 0.007126
0.647268 0.077197 0.009501
0.703088 0.077197 0.008314
0.446556 0.078385 0.004751
0.504751 0.078385 0.005938
0.524941 0.078385 0.008314
0.576010 0.078385 0.008314
0.589074 0.078385 0.008314
0.598575 0.078385 0.004751
0.621140 0.078385 0.008314
0.660333 0.078385 0.008314
0.672209 0.078385 0.007126
0.680523 0.078385 0.004751
0.690024 0.078385 0.008314
0.357482 0.079572 0.007126
0.423990 0.079572 0.007126
0.434679 0.079572 0.007126
0.463183 0.079572 0.004751
0.471496 0.079572 0.005938
0.483373 0.079572 0.007126
0.494062 0.079572 0.007126
0.514252 0.079572 0.008314
0.538005 0.079572 0.007126
0.562945 0.079572 0.008314
0.609264 0.079572 0.008314
0.630641 0.079572 0.008314
0.328979 0.080760 0.008314
0.340855 0.080760 0.011876
0.347981 0.080760 0.007126
0.384798 0.080760 0.004751
0.403800 0.080760 0.004751
0.453682 0.080760 0.008314
0.549881 0.080760 0.008314
0.293349 0.081948 0.004751
0.301663 0.081948 0.004751
0.374109 0.081948 0.008314
0.394299 0.081948 0.007126
0.410926 0.081948 0.010689
0.271971 0.083135 0.008314
0.285036 0.083135 0.008314
0.187648 0.084323 0.008314
0.204276 0.084323 0.007126
0.216152 0.084323 0.008314
0.229216 0.084323 0.008314
0.243468 0.084323 0.008314
0.254157 0.084323 0.007126
0.263658 0.084323 0.004751
0.142518 0.086698 0.005938
0.153207 0.086698 0.008314
0.165083 0.086698 0.008314
0.796912 0.089074 0.005938
0.817102 0.089074 0.007126
0.866983 0.089074 0.004751
0.875297 0.089074 0.005938
0.130641 0.090261 0.008314
0.745843 0.090261 0.008314
0.760095 0.090261 0.008314
0.774347 0.090261 0.007126
0.785036 0.090261 0.008314
0.806413 0.090261 0.007126
0.827791 0.090261 0.007126
0.843230 0.090261 0.008314
0.859857 0.090261 0.004751
0.883610 0.090261 0.007126
0.706651 0.091449 0.007126
0.714964 0.091449 0.004751
0.723278 0.091449 0.005938
0.733967 0.091449 0.007126
0.850356 0.091449 0.005938
0.486936 0.095012 0.005938
0.589074 0.095012 0.013064
0.599762 0.095012 0.008314
0.609264 0.095012 0.008314
0.616390 0.095012 0.004751
0.659145 0.095012 0.008314
0.668646 0.095012 0.014252
0.439430 0.096200 0.008314
0.496437 0.096200 0.008314
0.508314 0.096200 0.007126
0.516627 0.096200 0.004751
0.528504 0.096200 0.007126
0.536817 0.096200 0.007126
0.567696 0.096200 0.008314
0.649644 0.096200 0.005938
0.403800 0.097387 0.007126
0.415677 0.097387 0.007126
0.425178 0.097387 0.007126
0.473872 0.097387 0.008314
0.546318 0.097387 0.008314
0.555819 0.097387 0.008314
0.624703 0.097387 0.008314
0.638955 0.097387 0.008314
0.209026 0.099762 0.013064
0.340855 0.099762 0.008314
0.372922 0.099762 0.008314
0.383610 0.099762 0.005938
0.393112 0.099762 0.007126
0.184086 0.100950 0.004751
0.203088 0.100950 0.010689
0.252969 0.100950 0.004751
0.267221 0.100950 0.005938
0.276722 0.100950 0.005938
0.286223 0.100950 0.004751
0.358670 0.100950 0.010689
0.163895 0.102138 0.005938
0.173397 0.102138 0.008314
0.218527 0.102138 0.008314
0.226841 0.102138 0.004751
0.235154 0.102138 0.004751
0.244656 0.102138 0.007126
0.143705 0.103325 0.007126
0.192399 0.103325 0.007126
0.153207 0.104513 0.007126
0.861045 0.104513 0.007126
0.871734 0.104513 0.008314
0.130641 0.105701 0.009501
0.802850 0.105701 0.005938
0.793349 0.106888 0.005938
0.836105 0.106888 0.010689
0.844418 0.106888 0.004751
0.774347 0.108076 0.008314
0.785036 0.108076 0.005938
0.719715 0.109264 0.008314
0.730404 0.109264 0.013064
0.096200 0.112827 0.005938
0.576010 0.112827 0.004751
0.415677 0.114014 0.008314
0.428741 0.114014 0.007126
0.438242 0.114014 0.007126
0.447743 0.114014 0.008314
0.494062 0.114014 0.010689
0.502375 0.114014 0.004751
0.524941 0.114014 0.007126
0.535629 0.114014 0.008314
0.546318 0.114014 0.005938
0.566508 0.114014 0.005938
0.585511 0.114014 0.007126
0.617577 0.114014 0.005938
0.625891 0.114014 0.004751
0.640143 0.114014 0.004751
0.649644 0.114014 0.005938
0.659145 0.114014 0.007126
0.271971 0.115202 0.010689
0.286223 0.115202 0.007126
0.390736 0.115202 0.007126
0.399050 0.115202 0.004751
0.407363 0.115202 0.004751
0.480998 0.115202 0.004751
0.513064 0.115202 0.007126
0.555819 0.115202 0.007126
0.596200 0.115202 0.007126
0.609264 0.115202 0.013064
0.263658 0.116390 0.011876
0.356295 0.116390 0.004751
0.458432 0.116390 0.008314
0.469121 0.116390 0.009501
0.161520 0.117577 0.005938
0.169834 0.117577 0.004751
0.179335 0.117577 0.007126
0.218527 0.117577 0.004751
0.239905 0.117577 0.004751
0.247031 0.117577 0.004751
0.347981 0.117577 0.011876
0.364608 0.117577 0.010689
0.378860 0.117577 0.008314
0.187648 0.118765 0.005938
0.198337 0.118765 0.007126
0.210214 0.118765 0.011876
0.228029 0.118765 0.008314
0.140143 0.119952 0.004751
0.148456 0.119952 0.008314
0.881235 0.119952 0.008314
0.809976 0.121140 0.011876
0.818290 0.121140 0.004751
0.845606 0.121140 0.005938
0.856295 0.121140 0.005938
0.864608 0.121140 0.004751
0.096200 0.122328 0.004751
0.827791 0.122328 0.005938
0.836105 0.122328 0.004751
0.804038 0.123515 0.004751
0.751781 0.124703 0.013064
0.760095 0.124703 0.004751
0.793349 0.124703 0.008314
0.724466 0.125891 0.004751
0.730404 0.125891 0.010689
0.742280 0.125891 0.007126
0.770784 0.125891 0.008314
0.780285 0.125891 0.008314
0.716152 0.127078 0.011876
0.667458 0.128266 0.008314
0.657957 0.129454 0.007126
0.095012 0.130641 0.011876
0.496437 0.130641 0.013064
0.521378 0.130641 0.005938
0.540380 0.130641 0.007126
0.609264 0.130641 0.008314
0.621140 0.130641 0.005938
0.647268 0.130641 0.007126
0.396675 0.131829 0.008314
0.408551 0.131829 0.008314
0.482185 0.131829 0.008314
0.505938 0.131829 0.005938
0.514252 0.131829 0.004751
0.549881 0.131829 0.005938
0.559382 0.131829 0.011876
0.573634 0.131829 0.008314
0.586698 0.131829 0.007126
0.596200 0.131829 0.005938
0.631829 0.131829 0.009501
0.289786 0.133017 0.008314
0.328979 0.133017 0.008314
0.419240 0.133017 0.013064
0.464371 0.133017 0.005938
0.472684 0.133017 0.011876
0.529691 0.133017 0.008314
0.169834 0.134204 0.004751
0.179335 0.134204 0.013064
0.193587 0.134204 0.011876
0.203088 0.134204 0.005938
0.254157 0.134204 0.004751
0.263658 0.134204 0.013064
0.271971 0.134204 0.005938
0.280285 0.134204 0.004751
0.349169 0.134204 0.004751
0.140143 0.135392 0.004751
0.147268 0.135392 0.004751
0.225653 0.135392 0.008314
0.236342 0.135392 0.007126
0.245843 0.135392 0.008314
0.339667 0.135392 0.007126
0.359857 0.135392 0.008314
0.377672 0.135392 0.004751
0.877672 0.135392 0.008314
0.127078 0.136580 0.010689
0.368171 0.136580 0.007126
0.866983 0.136580 0.013064
0.857482 0.137767 0.005938
0.839667 0.138955 0.011876
0.849169 0.138955 0.005938
0.824228 0.140143 0.007126
0.813539 0.141330 0.008314
0.741093 0.142518 0.008314
0.752969 0.142518 0.007126
0.795724 0.142518 0.005938
0.805226 0.142518 0.005938
0.729216 0.143705 0.007126
0.761283 0.143705 0.004751
0.785036 0.143705 0.008314
0.713777 0.144893 0.004751
0.719715 0.144893 0.004751
0.770784 0.144893 0.008314
0.643705 0.146081 0.009501
0.619952 0.147268 0.008314
0.657957 0.147268 0.009501
0.668646 0.147268 0.007126
0.703088 0.147268 0.008314
0.572447 0.148456 0.009501
0.630641 0.148456 0.007126
0.678147 0.148456 0.007126
0.479810 0.149644 0.005938
0.489311 0.149644 0.004751
0.505938 0.149644 0.004751
0.533254 0.149644 0.004751
0.549881 0.149644 0.008314
0.584323 0.149644 0.007126
0.597387 0.149644 0.007126
0.608076 0.149644 0.007126
0.142518 0.150831 0.005938
0.331354 0.150831 0.007126
0.438242 0.150831 0.008314
0.452494 0.150831 0.008314
0.460808 0.150831 0.005938
0.471496 0.150831 0.008314
0.495249 0.150831 0.011876
0.524941 0.150831 0.005938
0.558195 0.150831 0.005938
0.133017 0.152019 0.005938
0.150831 0.152019 0.004751
0.161520 0.152019 0.008314
0.179335 0.152019 0.005938
0.216152 0.152019 0.004751
0.231591 0.152019 0.005938
0.239905 0.152019 0.005938
0.274347 0.152019 0.005938
0.285036 0.152019 0.005938
0.340855 0.152019 0.008314
0.352732 0.152019 0.007126
0.382423 0.152019 0.005938
0.401425 0.152019 0.005938
0.125891 0.153207 0.004751
0.224466 0.153207 0.004751
0.248219 0.153207 0.005938
0.264846 0.153207 0.005938
0.293349 0.153207 0.010689
0.363420 0.153207 0.005938
0.371734 0.153207 0.005938
0.391924 0.153207 0.007126
0.419240 0.153207 0.005938
0.427553 0.153207 0.011876
0.882423 0.153207 0.008314
0.256532 0.154394 0.004751
0.409739 0.154394 0.008314
0.872922 0.154394 0.008314
0.861045 0.156770 0.008314
0.836105 0.157957 0.005938
0.849169 0.157957 0.008314
0.826603 0.159145 0.007126
0.796912 0.160333 0.011876
0.805226 0.160333 0.004751
0.769596 0.161520 0.005938
0.782660 0.161520 0.008314
0.814727 0.161520 0.008314
0.729216 0.162708 0.004751
0.751781 0.162708 0.013064
0.760095 0.162708 0.007126
0.643705 0.163895 0.007126
0.695962 0.163895 0.008314
0.707838 0.163895 0.007126
0.718527 0.163895 0.008314
0.738717 0.163895 0.008314
0.619952 0.165083 0.008314
0.633017 0.165083 0.008314
0.653207 0.165083 0.005938
0.661520 0.165083 0.004751
0.674584 0.165083 0.015439
0.684086 0.165083 0.008314
0.609264 0.166271 0.008314
0.523753 0.167458 0.008314
0.533254 0.167458 0.008314
0.578385 0.167458 0.010689
0.586698 0.167458 0.005938
0.596200 0.167458 0.008314
0.219715 0.168646 0.005938
0.507126 0.168646 0.008314
0.547506 0.168646 0.008314
0.561758 0.168646 0.008314
0.229216 0.169834 0.005938
0.344418 0.169834 0.008314
0.382423 0.169834 0.005938
0.391924 0.169834 0.004751
0.401425 0.169834 0.007126
0.413302 0.169834 0.008314
0.422803 0.169834 0.007126
0.496437 0.169834 0.005938
0.516627 0.169834 0.013064
0.204276 0.171021 0.007126
0.238717 0.171021 0.008314
0.249406 0.171021 0.007126
0.274347 0.171021 0.004751
0.281473 0.171021 0.004751
0.289786 0.171021 0.005938
0.318290 0.171021 0.005938
0.326603 0.171021 0.004751
0.356295 0.171021 0.010689
0.372922 0.171021 0.005938
0.448931 0.171021 0.013064
0.467933 0.171021 0.011876
0.475059 0.171021 0.013064
0.485748 0.171021 0.007126
0.144893 0.172209 0.009501
0.257720 0.172209 0.004751
0.267221 0.172209 0.008314
0.307601 0.172209 0.010689
0.432304 0.172209 0.005938
0.440618 0.173397 0.005938
0.891924 0.173397 0.015439
0.870546 0.176960 0.014252
0.723278 0.178147 0.009501
0.851544 0.178147 0.005938
0.861045 0.178147 0.008314
0.812352 0.179335 0.005938
0.831354 0.179335 0.007126
0.842043 0.179335 0.008314
0.767221 0.180523 0.011876
0.802850 0.180523 0.013064
0.731591 0.181710 0.005938
0.750594 0.181710 0.005938
0.758907 0.181710 0.005938
0.783848 0.181710 0.010689
0.820665 0.181710 0.008314
0.741093 0.182898 0.005938
0.710214 0.184086 0.005938
0.684086 0.185273 0.005938
0.697150 0.185273 0.010689
0.375297 0.186461 0.007126
0.387173 0.186461 0.008314
0.522565 0.186461 0.011876
0.631829 0.186461 0.007126
0.641330 0.186461 0.004751
0.649644 0.186461 0.005938
0.659145 0.186461 0.005938
0.667458 0.186461 0.013064
0.137767 0.187648 0.008314
0.148456 0.187648 0.004751
0.157957 0.187648 0.007126
0.166271 0.187648 0.014252
0.178147 0.187648 0.004751
0.315914 0.187648 0.007126
0.325416 0.187648 0.008314
0.339667 0.187648 0.011876
0.349169 0.187648 0.008314
0.363420 0.187648 0.008314
0.401425 0.187648 0.007126
0.413302 0.187648 0.008314
0.423990 0.187648 0.008314
0.434679 0.187648 0.008314
0.529691 0.187648 0.004751
0.585511 0.187648 0.008314
0.612827 0.187648 0.004751
0.621140 0.187648 0.008314
0.673397 0.187648 0.013064
0.123515 0.188836 0.005938
0.192399 0.188836 0.004751
0.275534 0.188836 0.007126
0.283848 0.188836 0.004751
0.294537 0.188836 0.008314
0.304038 0.188836 0.007126
0.538005 0.188836 0.004751
0.546318 0.188836 0.005938
0.554632 0.188836 0.011876
0.604513 0.188836 0.011876
0.216152 0.190024 0.008314
0.229216 0.190024 0.007126
0.252969 0.190024 0.004751
0.262470 0.190024 0.008314
0.503563 0.190024 0.011876
0.568884 0.190024 0.011876
0.206651 0.191211 0.013064
0.241093 0.191211 0.008314
