0.641330 0.079572 0.007126
0.653207 0.079572 0.008314
0.751781 0.079572 0.011876
0.769596 0.079572 0.008314
0.779097 0.079572 0.008314
0.818290 0.079572 0.007126
0.857482 0.079572 0.008314
0.629454 0.080760 0.008314
0.663895 0.080760 0.004751
0.671021 0.080760 0.013064
0.680523 0.080760 0.004751
0.758907 0.080760 0.013064
0.794537 0.080760 0.010689
0.807601 0.080760 0.008314
0.828979 0.080760 0.008314
0.843230 0.080760 0.008314
0.871734 0.080760 0.008314
0.523753 0.081948 0.009501
0.617577 0.081948 0.008314
0.492874 0.083135 0.007126
0.511876 0.083135 0.005938
0.536817 0.083135 0.008314
0.558195 0.083135 0.007126
0.586698 0.083135 0.007126
0.597387 0.083135 0.008314
0.606888 0.083135 0.007126
0.473872 0.084323 0.013064
0.482185 0.084323 0.005938
0.547506 0.084323 0.008314
0.576010 0.084323 0.013064
0.344418 0.086698 0.005938
0.391924 0.086698 0.004751
0.406176 0.086698 0.011876
0.313539 0.087886 0.005938
0.323040 0.087886 0.005938
0.333729 0.087886 0.005938
0.355107 0.087886 0.005938
0.365796 0.087886 0.008314
0.377672 0.087886 0.010689
0.414489 0.087886 0.005938
0.422803 0.087886 0.013064
0.229216 0.089074 0.008314
0.287411 0.089074 0.011876
0.293349 0.089074 0.010689
0.305226 0.089074 0.008314
0.204276 0.090261 0.004751
0.219715 0.090261 0.004751
0.245843 0.090261 0.008314
0.257720 0.090261 0.008314
0.276722 0.090261 0.008314
0.180523 0.091449 0.004751
0.188836 0.091449 0.005938
0.198337 0.091449 0.004751
0.163895 0.093824 0.004751
0.172209 0.093824 0.005938
0.148456 0.095012 0.004751
0.871734 0.095012 0.004751
0.131829 0.096200 0.013064
0.140143 0.096200 0.004751
0.155582 0.096200 0.004751
0.700713 0.096200 0.014252
0.731591 0.096200 0.005938
0.739905 0.096200 0.004751
0.864608 0.096200 0.010689
0.647268 0.097387 0.005938
0.661520 0.097387 0.011876
0.723278 0.097387 0.005938
0.770784 0.097387 0.004751
0.779097 0.097387 0.007126
0.789786 0.097387 0.007126
0.802850 0.097387 0.007126
0.814727 0.097387 0.007126
0.553444 0.098575 0.009501
0.628266 0.098575 0.004751
0.669834 0.098575 0.005938
0.678147 0.098575 0.011876
0.709026 0.098575 0.010689
0.747031 0.098575 0.004751
0.754157 0.098575 0.004751
0.762470 0.098575 0.005938
0.827791 0.098575 0.008314
0.839667 0.098575 0.007126
0.852732 0.098575 0.008314
0.536817 0.099762 0.008314
0.586698 0.099762 0.008314
0.600950 0.099762 0.005938
0.610451 0.099762 0.004751
0.635392 0.099762 0.010689
0.526128 0.100950 0.008314
0.567696 0.100950 0.005938
0.577197 0.100950 0.005938
0.619952 0.100950 0.007126
0.475059 0.103325 0.005938
0.485748 0.103325 0.007126
0.497625 0.103325 0.010689
0.290974 0.104513 0.007126
0.302850 0.104513 0.009501
0.350356 0.104513 0.008314
0.366983 0.104513 0.008314
0.385986 0.104513 0.007126
0.397862 0.104513 0.005938
0.448931 0.104513 0.010689
0.464371 0.104513 0.008314
0.228029 0.105701 0.008314
0.282660 0.105701 0.010689
0.314727 0.105701 0.005938
0.340855 0.105701 0.008314
0.377672 0.105701 0.004751
0.408551 0.105701 0.011876
0.416865 0.105701 0.004751
0.425178 0.105701 0.011876
0.203088 0.106888 0.004751
0.213777 0.106888 0.008314
0.260095 0.106888 0.005938
0.270784 0.106888 0.007126
0.193587 0.108076 0.007126
0.239905 0.108076 0.007126
0.250594 0.108076 0.008314
0.184086 0.109264 0.005938
0.160333 0.110451 0.008314
0.175772 0.110451 0.010689
0.149644 0.111639 0.005938
0.131829 0.114014 0.007126
0.141330 0.114014 0.005938
0.693587 0.114014 0.009501
0.710214 0.114014 0.010689
0.718527 0.114014 0.008314
0.767221 0.114014 0.007126
0.777910 0.114014 0.007126
0.859857 0.114014 0.004751
0.866983 0.114014 0.007126
0.877672 0.114014 0.009501
0.666271 0.115202 0.007126
0.680523 0.115202 0.008314
0.733967 0.115202 0.008314
0.832542 0.115202 0.008314
0.844418 0.115202 0.005938
0.852732 0.115202 0.004751
0.541568 0.116390 0.005938
0.559382 0.116390 0.005938
0.570071 0.116390 0.008314
0.603325 0.116390 0.004751
0.621140 0.116390 0.004751
0.638955 0.116390 0.008314
0.647268 0.116390 0.005938
0.655582 0.116390 0.008314
0.744656 0.116390 0.008314
0.756532 0.116390 0.007126
0.795724 0.116390 0.008314
0.806413 0.116390 0.005938
0.814727 0.116390 0.004751
0.821853 0.116390 0.010689
0.523753 0.117577 0.013064
0.532067 0.117577 0.005938
0.585511 0.117577 0.008314
0.595012 0.117577 0.004751
0.627078 0.117577 0.004751
0.549881 0.118765 0.011876
0.489311 0.119952 0.007126
0.501188 0.119952 0.008314
0.327791 0.121140 0.007126
0.339667 0.121140 0.005938
0.480998 0.121140 0.005938
0.201900 0.122328 0.005938
0.280285 0.122328 0.004751
0.288599 0.122328 0.011876
0.295724 0.122328 0.004751
0.317102 0.122328 0.008314
0.349169 0.122328 0.007126
0.359857 0.122328 0.008314
0.372922 0.122328 0.008314
0.382423 0.122328 0.013064
0.445368 0.122328 0.004751
0.471496 0.122328 0.013064
0.211401 0.123515 0.013064
0.228029 0.123515 0.008314
0.239905 0.123515 0.007126
0.254157 0.123515 0.008314
0.305226 0.123515 0.008314
0.423990 0.123515 0.007126
0.453682 0.123515 0.005938
0.463183 0.123515 0.005938
0.267221 0.124703 0.009501
0.400238 0.124703 0.010689
0.407363 0.124703 0.004751
0.414489 0.124703 0.005938
0.137767 0.125891 0.004751
0.192399 0.125891 0.007126
0.147268 0.127078 0.007126
0.157957 0.127078 0.004751
0.166271 0.127078 0.005938
0.174584 0.127078 0.005938
0.184086 0.127078 0.005938
0.130641 0.129454 0.004751
0.861045 0.129454 0.008314
0.871734 0.129454 0.008314
0.855107 0.130641 0.004751
0.768409 0.131829 0.005938
0.776722 0.131829 0.005938
0.837292 0.131829 0.005938
0.846793 0.131829 0.007126
0.747031 0.133017 0.007126
0.756532 0.133017 0.008314
0.786223 0.133017 0.005938
0.794537 0.133017 0.004751
0.801663 0.133017 0.004751
0.808789 0.133017 0.010689
0.819477 0.133017 0.005938
0.828979 0.133017 0.004751
0.635392 0.134204 0.008314
0.647268 0.134204 0.011876
0.665083 0.134204 0.008314
0.725653 0.134204 0.008314
0.736342 0.134204 0.007126
0.562945 0.135392 0.013064
0.618765 0.135392 0.004751
0.627078 0.135392 0.005938
0.655582 0.135392 0.004751
0.543943 0.136580 0.005938
0.553444 0.136580 0.007126
0.598575 0.136580 0.005938
0.609264 0.136580 0.008314
0.714964 0.136580 0.008314
0.342043 0.138955 0.010689
0.353919 0.138955 0.007126
0.485748 0.138955 0.009501
0.498812 0.138955 0.007126
0.509501 0.138955 0.008314
0.533254 0.138955 0.007126
0.580760 0.138955 0.011876
0.587886 0.138955 0.013064
0.287411 0.140143 0.008314
0.363420 0.140143 0.007126
0.372922 0.140143 0.007126
0.420428 0.140143 0.008314
0.523753 0.140143 0.008314
0.257720 0.141330 0.004751
0.385986 0.141330 0.008314
0.399050 0.141330 0.008314
0.409739 0.141330 0.008314
0.429929 0.141330 0.005938
0.131829 0.142518 0.008314
0.147268 0.142518 0.011876
0.188836 0.142518 0.004751
0.197150 0.142518 0.005938
0.219715 0.142518 0.007126
0.231591 0.142518 0.008314
0.247031 0.142518 0.008314
0.277910 0.142518 0.010689
0.154394 0.143705 0.010689
0.206651 0.143705 0.007126
0.163895 0.144893 0.004751
0.172209 0.144893 0.004751
0.855107 0.147268 0.008314
0.870546 0.147268 0.009501
0.878860 0.148456 0.010689
0.824228 0.149644 0.005938
0.832542 0.149644 0.004751
0.843230 0.149644 0.008314
0.771971 0.150831 0.005938
0.814727 0.150831 0.007126
0.747031 0.152019 0.008314
0.758907 0.152019 0.008314
0.789786 0.152019 0.004751
0.805226 0.152019 0.011876
0.655582 0.153207 0.010689
0.716152 0.153207 0.007126
0.738717 0.153207 0.004751
0.780285 0.153207 0.008314
0.562945 0.154394 0.008314
0.584323 0.154394 0.008314
0.642518 0.154394 0.008314
0.730404 0.154394 0.010689
0.548694 0.155582 0.008314
0.572447 0.155582 0.005938
0.597387 0.155582 0.007126
0.608076 0.155582 0.005938
0.629454 0.155582 0.008314
0.536817 0.156770 0.005938
0.617577 0.156770 0.008314
0.184086 0.157957 0.004751
0.340855 0.157957 0.007126
0.352732 0.157957 0.007126
0.362233 0.157957 0.008314
0.494062 0.157957 0.013064
0.513064 0.157957 0.008314
0.527316 0.157957 0.008314
0.245843 0.159145 0.010689
0.261283 0.159145 0.013064
0.270784 0.159145 0.004751
0.281473 0.159145 0.015439
0.288599 0.159145 0.004751
0.376485 0.159145 0.010689
0.388361 0.159145 0.008314
0.396675 0.159145 0.005938
0.408551 0.159145 0.008314
0.463183 0.159145 0.016627
0.501188 0.159145 0.005938
0.192399 0.160333 0.008314
0.203088 0.160333 0.004751
0.210214 0.160333 0.004751
0.218527 0.160333 0.004751
0.233967 0.160333 0.004751
0.252969 0.160333 0.013064
0.421615 0.160333 0.011876
0.225653 0.161520 0.004751
0.470309 0.161520 0.016627
0.482185 0.161520 0.015439
0.129454 0.162708 0.011876
0.137767 0.162708 0.004751
0.163895 0.162708 0.007126
0.144893 0.163895 0.004751
0.154394 0.163895 0.005938
0.871734 0.163895 0.004751
0.878860 0.165083 0.011876
0.830166 0.166271 0.013064
0.840855 0.166271 0.004751
0.847981 0.166271 0.004751
0.856295 0.166271 0.004751
0.863420 0.166271 0.004751
0.813539 0.167458 0.005938
0.821853 0.167458 0.004751
0.770784 0.168646 0.007126
0.785036 0.168646 0.008314
0.796912 0.168646 0.004751
0.804038 0.168646 0.004751
0.739905 0.169834 0.004751
0.748219 0.169834 0.007126
0.760095 0.169834 0.008314
0.580760 0.171021 0.008314
0.711401 0.171021 0.007126
0.723278 0.171021 0.008314
0.731591 0.171021 0.005938
0.558195 0.172209 0.013064
0.568884 0.172209 0.008314
0.592637 0.172209 0.010689
0.541568 0.173397 0.008314
0.636580 0.173397 0.004751
0.660333 0.173397 0.013064
0.666271 0.173397 0.011876
0.606888 0.174584 0.007126
0.616390 0.174584 0.007126
0.625891 0.174584 0.005938
0.648456 0.174584 0.008314
0.529691 0.175772 0.005938
0.345606 0.176960 0.007126
0.519002 0.176960 0.008314
0.217340 0.178147 0.011876
0.225653 0.178147 0.011876
0.242280 0.178147 0.007126
0.254157 0.178147 0.004751
0.267221 0.178147 0.007126
0.355107 0.178147 0.011876
0.376485 0.178147 0.013064
0.385986 0.178147 0.005938
0.491686 0.178147 0.004751
0.498812 0.178147 0.004751
0.507126 0.178147 0.005938
0.172209 0.179335 0.007126
0.181710 0.179335 0.004751
0.188836 0.179335 0.008314
0.201900 0.179335 0.011876
0.209026 0.179335 0.004751
0.232779 0.179335 0.008314
0.277910 0.179335 0.004751
0.285036 0.179335 0.004751
0.370546 0.179335 0.010689
0.394299 0.179335 0.008314
0.482185 0.179335 0.005938
0.406176 0.180523 0.008314
0.422803 0.180523 0.010689
0.434679 0.180523 0.013064
0.142518 0.181710 0.009501
0.130641 0.182898 0.009501
0.853919 0.182898 0.005938
0.862233 0.182898 0.004751
0.871734 0.182898 0.007126
0.881235 0.182898 0.008314
0.845606 0.184086 0.005938
0.837292 0.185273 0.008314
0.827791 0.186461 0.005938
0.773159 0.187648 0.007126
0.783848 0.187648 0.011876
0.800475 0.187648 0.008314
0.809976 0.187648 0.005938
0.818290 0.187648 0.005938
0.790974 0.188836 0.004751
0.750594 0.190024 0.004751
0.760095 0.190024 0.008314
0.648456 0.191211 0.008314
0.706651 0.191211 0.004751
0.717340 0.191211 0.008314
0.725653 0.191211 0.004751
0.732779 0.191211 0.013064
0.742280 0.191211 0.013064
0.584323 0.192399 0.007126
0.605701 0.192399 0.005938
0.623515 0.192399 0.005938
0.631829 0.192399 0.011876
0.662708 0.192399 0.011876
0.671021 0.192399 0.004751
0.680523 0.192399 0.005938
0.687648 0.192399 0.013064
0.699525 0.192399 0.005938
0.564133 0.193587 0.004751
0.573634 0.193587 0.007126
0.595012 0.193587 0.008314
0.614014 0.193587 0.008314
0.262470 0.194774 0.004751
0.269596 0.194774 0.004751
0.295724 0.194774 0.011876
0.485748 0.194774 0.011876
0.557007 0.194774 0.011876
0.247031 0.195962 0.004751
0.255344 0.195962 0.011876
0.328979 0.195962 0.008314
0.371734 0.195962 0.008314
0.521378 0.195962 0.011876
0.529691 0.195962 0.004751
0.539192 0.195962 0.008314
0.187648 0.197150 0.008314
0.230404 0.197150 0.005938
0.239905 0.197150 0.004751
0.470309 0.197150 0.008314
0.479810 0.197150 0.011876
0.500000 0.197150 0.011876
0.508314 0.197150 0.010689
0.159145 0.198337 0.007126
0.178147 0.198337 0.004751
0.220903 0.198337 0.005938
0.347981 0.198337 0.004751
0.882423 0.198337 0.004751
0.888361 0.198337 0.003563
0.127078 0.199525 0.008314
0.140143 0.199525 0.008314
0.171021 0.199525 0.010689
0.200713 0.199525 0.010689
0.211401 0.199525 0.008314
0.357482 0.199525 0.008314
0.382423 0.199525 0.011876
0.390736 0.199525 0.004751
0.397862 0.199525 0.005938
0.407363 0.199525 0.004751
0.414489 0.199525 0.005938
0.422803 0.199525 0.004751
0.433492 0.199525 0.008314
0.859857 0.199525 0.008314
0.874109 0.199525 0.010689
0.445368 0.201900 0.010689
0.836105 0.203088 0.005938
0.846793 0.203088 0.007126
0.795724 0.204276 0.008314
0.826603 0.204276 0.005938
0.807601 0.205463 0.005938
0.817102 0.205463 0.005938
0.647268 0.206651 0.008314
0.744656 0.206651 0.004751
0.777910 0.206651 0.005938
0.786223 0.206651 0.005938
0.618765 0.207838 0.007126
0.656770 0.207838 0.005938
0.686461 0.207838 0.008314
0.718527 0.207838 0.005938
0.730404 0.207838 0.008314
0.756532 0.207838 0.008314
0.766033 0.207838 0.007126
0.631829 0.209026 0.008314
0.665083 0.209026 0.004751
0.673397 0.209026 0.010689
0.709026 0.209026 0.005938
0.604513 0.210214 0.009501
0.700713 0.210214 0.011876
0.566508 0.211401 0.005938
0.576010 0.211401 0.004751
0.583135 0.211401 0.004751
0.266033 0.212589 0.004751
0.281473 0.212589 0.004751
0.557007 0.212589 0.007126
0.242280 0.213777 0.004751
0.257720 0.213777 0.005938
0.274347 0.213777 0.004751
0.289786 0.213777 0.011876
0.475059 0.213777 0.010689
0.489311 0.213777 0.004751
0.497625 0.213777 0.005938
0.507126 0.213777 0.011876
0.513064 0.213777 0.009501
0.523753 0.213777 0.005938
0.547506 0.213777 0.008314
0.233967 0.214964 0.005938
0.302850 0.214964 0.007126
0.312352 0.214964 0.007126
0.533254 0.214964 0.008314
0.161520 0.216152 0.007126
0.175772 0.216152 0.008314
0.191211 0.216152 0.008314
0.209026 0.216152 0.010689
0.214964 0.216152 0.004751
0.324228 0.216152 0.005938
0.357482 0.216152 0.007126
0.372922 0.216152 0.008314
0.420428 0.216152 0.008314
0.433492 0.216152 0.007126
0.444181 0.216152 0.005938
0.864608 0.216152 0.004751
0.127078 0.217340 0.008314
0.138955 0.217340 0.007126
0.150831 0.217340 0.007126
0.223278 0.217340 0.005938
0.342043 0.217340 0.008314
0.385986 0.217340 0.007126
0.396675 0.217340 0.007126
0.407363 0.217340 0.005938
0.847981 0.217340 0.004751
0.856295 0.217340 0.004751
0.827791 0.218527 0.008314
0.840855 0.218527 0.011876
0.811164 0.219715 0.004751
0.818290 0.219715 0.004751
0.761283 0.220903 0.005938
0.792162 0.220903 0.007126
0.801663 0.220903 0.005938
0.751781 0.222090 0.005938
0.768409 0.222090 0.010689
0.781473 0.222090 0.007126
0.730404 0.223278 0.010689
0.742280 0.223278 0.008314
0.647268 0.224466 0.008314
0.659145 0.224466 0.007126
0.687648 0.224466 0.007126
0.700713 0.224466 0.007126
0.586698 0.225653 0.010689
0.595012 0.225653 0.007126
0.628266 0.225653 0.008314
0.637767 0.225653 0.007126
0.678147 0.225653 0.014252
0.714964 0.225653 0.008314
0.422803 0.226841 0.005938
0.609264 0.226841 0.008314
0.618765 0.226841 0.005938
0.671021 0.226841 0.016627
0.503563 0.228029 0.005938
0.521378 0.228029 0.008314
0.551069 0.228029 0.008314
0.559382 0.228029 0.008314
0.571259 0.228029 0.008314
0.218527 0.229216 0.009501
0.433492 0.229216 0.008314
0.494062 0.229216 0.007126
0.513064 0.229216 0.005938
0.535629 0.229216 0.007126
0.182898 0.230404 0.008314
0.193587 0.230404 0.004751
0.199525 0.230404 0.004751
0.261283 0.230404 0.008314
0.363420 0.230404 0.005938
0.382423 0.230404 0.004751
0.389549 0.230404 0.005938
0.447743 0.230404 0.008314
0.483373 0.230404 0.008314
0.127078 0.231591 0.008314
0.137767 0.231591 0.008314
0.146081 0.231591 0.004751
0.224466 0.231591 0.004751
0.235154 0.231591 0.008314
0.248219 0.231591 0.008314
0.285036 0.231591 0.008314
0.292162 0.231591 0.005938
0.302850 0.231591 0.005938
0.311164 0.231591 0.014252
0.336105 0.231591 0.008314
0.346793 0.231591 0.005938
0.355107 0.231591 0.005938
0.372922 0.231591 0.005938
0.409739 0.231591 0.005938
0.463183 0.231591 0.011876
0.156770 0.232779 0.008314
0.169834 0.232779 0.008314
0.400238 0.232779 0.008314
0.418052 0.233967 0.013064
0.847981 0.233967 0.003563
