0.941805 0.000000 0.020190
0.849169 0.008314 0.022565
0.755344 0.009501 0.023753
0.764846 0.010689 0.023753
0.818290 0.010689 0.014252
0.881235 0.010689 0.013064
0.583135 0.035629 0.005938
0.593824 0.035629 0.005938
0.602138 0.035629 0.008314
0.614014 0.035629 0.004751
0.637767 0.035629 0.008314
0.572447 0.036817 0.008314
0.621140 0.036817 0.004751
0.629454 0.036817 0.004751
0.648456 0.036817 0.007126
0.659145 0.036817 0.007126
0.461995 0.038005 0.010689
0.473872 0.038005 0.005938
0.510689 0.038005 0.008314
0.522565 0.038005 0.008314
0.533254 0.038005 0.005938
0.541568 0.038005 0.008314
0.551069 0.038005 0.004751
0.559382 0.038005 0.005938
0.687648 0.038005 0.008314
0.700713 0.038005 0.008314
0.710214 0.038005 0.004751
0.408551 0.039192 0.008314
0.419240 0.039192 0.004751
0.441805 0.039192 0.008314
0.453682 0.039192 0.007126
0.484561 0.039192 0.008314
0.496437 0.039192 0.008314
0.718527 0.039192 0.008314
0.730404 0.039192 0.008314
0.760095 0.039192 0.011876
0.774347 0.039192 0.007126
0.783848 0.039192 0.004751
0.401425 0.040380 0.004751
0.428741 0.040380 0.007126
0.743468 0.040380 0.008314
0.751781 0.040380 0.005938
0.766033 0.040380 0.008314
0.794537 0.040380 0.008314
0.802850 0.041568 0.007126
0.311164 0.042755 0.007126
0.349169 0.042755 0.008314
0.361045 0.042755 0.005938
0.370546 0.042755 0.005938
0.380048 0.042755 0.004751
0.390736 0.042755 0.008314
0.814727 0.042755 0.010689
0.821853 0.042755 0.004751
0.268409 0.043943 0.004751
0.279097 0.043943 0.007126
0.300475 0.043943 0.008314
0.321853 0.043943 0.007126
0.331354 0.043943 0.004751
0.340855 0.043943 0.007126
0.830166 0.043943 0.008314
0.845606 0.043943 0.008314
0.201900 0.045131 0.004751
0.219715 0.045131 0.004751
0.229216 0.045131 0.005938
0.238717 0.045131 0.007126
0.249406 0.045131 0.008314
0.261283 0.045131 0.011876
0.289786 0.045131 0.007126
0.853919 0.045131 0.005938
0.865796 0.045131 0.005938
0.185273 0.046318 0.004751
0.194774 0.046318 0.005938
0.211401 0.046318 0.005938
0.874109 0.046318 0.004751
0.885986 0.046318 0.008314
0.167458 0.047506 0.004751
0.176960 0.047506 0.005938
0.153207 0.048694 0.004751
0.160333 0.048694 0.004751
0.127078 0.049881 0.005938
0.136580 0.049881 0.004751
0.144893 0.049881 0.004751
0.591449 0.049881 0.008314
0.606888 0.049881 0.010689
0.579572 0.051069 0.007126
0.622328 0.051069 0.007126
0.654394 0.051069 0.005938
0.675772 0.051069 0.007126
0.465558 0.052257 0.004751
0.472684 0.052257 0.008314
0.521378 0.052257 0.005938
0.530879 0.052257 0.005938
0.549881 0.052257 0.008314
0.561758 0.052257 0.004751
0.568884 0.052257 0.010689
0.633017 0.052257 0.008314
0.644893 0.052257 0.004751
0.663895 0.052257 0.005938
0.685273 0.052257 0.007126
0.700713 0.052257 0.008314
0.458432 0.053444 0.004751
0.484561 0.053444 0.004751
0.495249 0.053444 0.008314
0.511876 0.053444 0.007126
0.542755 0.053444 0.008314
0.713777 0.053444 0.008314
0.742280 0.053444 0.008314
0.450119 0.054632 0.005938
0.724466 0.054632 0.007126
0.733967 0.054632 0.005938
0.767221 0.054632 0.008314
0.777910 0.054632 0.007126
0.415677 0.055819 0.007126
0.790974 0.055819 0.007126
0.801663 0.055819 0.005938
0.821853 0.055819 0.005938
0.401425 0.057007 0.008314
0.426366 0.057007 0.004751
0.434679 0.057007 0.004751
0.830166 0.057007 0.004751
0.355107 0.058195 0.005938
0.364608 0.058195 0.005938
0.375297 0.058195 0.007126
0.385986 0.058195 0.004751
0.809976 0.058195 0.007126
0.840855 0.058195 0.008314
0.849169 0.058195 0.005938
0.205463 0.059382 0.008314
0.213777 0.059382 0.004751
0.273159 0.059382 0.007126
0.283848 0.059382 0.005938
0.294537 0.059382 0.008314
0.321853 0.059382 0.005938
0.332542 0.059382 0.008314
0.344418 0.059382 0.005938
0.858670 0.059382 0.005938
0.866983 0.059382 0.004751
0.875297 0.059382 0.008314
0.192399 0.060570 0.007126
0.222090 0.060570 0.010689
0.233967 0.060570 0.005938
0.244656 0.060570 0.007126
0.255344 0.060570 0.005938
0.264846 0.060570 0.005938
0.304038 0.060570 0.004751
0.888361 0.060570 0.007126
0.174584 0.061758 0.005938
0.182898 0.061758 0.004751
0.154394 0.062945 0.005938
0.163895 0.062945 0.005938
0.124703 0.064133 0.008314
0.134204 0.064133 0.005938
0.143705 0.064133 0.004751
0.568884 0.066508 0.005938
0.625891 0.066508 0.007126
0.673397 0.066508 0.010689
0.681710 0.066508 0.004751
0.514252 0.067696 0.007126
0.527316 0.067696 0.007126
0.538005 0.067696 0.007126
0.547506 0.067696 0.005938
0.558195 0.067696 0.007126
0.579572 0.067696 0.007126
0.605701 0.067696 0.008314
0.615202 0.067696 0.008314
0.635392 0.067696 0.005938
0.647268 0.067696 0.007126
0.757720 0.067696 0.005938
0.437055 0.068884 0.007126
0.470309 0.068884 0.008314
0.480998 0.068884 0.007126
0.490499 0.068884 0.005938
0.501188 0.068884 0.005938
0.590261 0.068884 0.007126
0.699525 0.068884 0.008314
0.711401 0.068884 0.005938
0.722090 0.068884 0.005938
0.732779 0.068884 0.005938
0.743468 0.068884 0.008314
0.766033 0.068884 0.004751
0.775534 0.068884 0.005938
0.783848 0.068884 0.004751
0.425178 0.070071 0.008314
0.446556 0.070071 0.004751
0.459620 0.070071 0.008314
0.794537 0.071259 0.008314
0.383610 0.072447 0.005938
0.403800 0.072447 0.005938
0.412114 0.072447 0.004751
0.808789 0.072447 0.004751
0.817102 0.072447 0.010689
0.824228 0.072447 0.004751
0.292162 0.073634 0.005938
0.302850 0.073634 0.008314
0.311164 0.073634 0.005938
0.326603 0.073634 0.007126
0.338480 0.073634 0.010689
0.345606 0.073634 0.011876
0.355107 0.073634 0.005938
0.364608 0.073634 0.007126
0.375297 0.073634 0.005938
0.393112 0.073634 0.008314
0.832542 0.073634 0.008314
0.843230 0.073634 0.007126
0.855107 0.073634 0.005938
0.864608 0.073634 0.005938
0.872922 0.073634 0.005938
0.882423 0.073634 0.004751
0.889549 0.073634 0.004751
0.162708 0.074822 0.005938
0.173397 0.074822 0.004751
0.185273 0.074822 0.008314
0.193587 0.074822 0.005938
0.203088 0.074822 0.004751
0.211401 0.074822 0.004751
0.252969 0.074822 0.008314
0.271971 0.074822 0.007126
0.281473 0.074822 0.004751
0.152019 0.076010 0.008314
0.220903 0.076010 0.005938
0.231591 0.076010 0.007126
0.242280 0.076010 0.007126
0.261283 0.076010 0.005938
0.124703 0.077197 0.009501
0.140143 0.077197 0.007126
0.130641 0.078385 0.004751
0.644893 0.080760 0.008314
0.653207 0.081948 0.004751
0.660333 0.081948 0.011876
0.486936 0.083135 0.008314
0.504751 0.083135 0.004751
0.513064 0.083135 0.005938
0.522565 0.083135 0.011876
0.529691 0.083135 0.005938
0.539192 0.083135 0.005938
0.567696 0.083135 0.005938
0.576010 0.083135 0.005938
0.585511 0.083135 0.007126
0.596200 0.083135 0.005938
0.605701 0.083135 0.005938
0.612827 0.083135 0.008314
0.623515 0.083135 0.005938
0.633017 0.083135 0.008314
0.706651 0.083135 0.005938
0.777910 0.083135 0.007126
0.472684 0.084323 0.008314
0.497625 0.084323 0.010689
0.548694 0.084323 0.007126
0.558195 0.084323 0.005938
0.716152 0.084323 0.008314
0.752969 0.084323 0.007126
0.762470 0.084323 0.008314
0.450119 0.085511 0.005938
0.459620 0.085511 0.008314
0.730404 0.085511 0.008314
0.739905 0.085511 0.005938
0.787411 0.085511 0.005938
0.799287 0.085511 0.007126
0.423990 0.086698 0.007126
0.440618 0.086698 0.010689
0.808789 0.086698 0.005938
0.819477 0.086698 0.005938
0.851544 0.086698 0.007126
0.861045 0.086698 0.004751
0.866983 0.086698 0.008314
0.875297 0.086698 0.004751
0.888361 0.086698 0.008314
0.184086 0.087886 0.004751
0.191211 0.087886 0.004751
0.209026 0.087886 0.007126
0.258907 0.087886 0.005938
0.288599 0.087886 0.011876
0.414489 0.087886 0.004751
0.827791 0.087886 0.004751
0.834917 0.087886 0.008314
0.160333 0.089074 0.005938
0.198337 0.089074 0.004751
0.217340 0.089074 0.004751
0.224466 0.089074 0.005938
0.235154 0.089074 0.007126
0.247031 0.089074 0.005938
0.269596 0.089074 0.007126
0.281473 0.089074 0.009501
0.340855 0.089074 0.005938
0.351544 0.089074 0.008314
0.369359 0.089074 0.005938
0.380048 0.089074 0.005938
0.408551 0.089074 0.004751
0.152019 0.090261 0.005938
0.171021 0.090261 0.008314
0.361045 0.090261 0.005938
0.389549 0.090261 0.005938
0.399050 0.090261 0.005938
0.142518 0.091449 0.005938
0.123515 0.092637 0.008314
0.133017 0.092637 0.005938
0.643705 0.097387 0.005938
0.666271 0.097387 0.008314
0.535629 0.098575 0.007126
0.554632 0.098575 0.007126
0.566508 0.098575 0.008314
0.574822 0.098575 0.005938
0.653207 0.098575 0.005938
0.502375 0.099762 0.007126
0.513064 0.099762 0.005938
0.523753 0.099762 0.007126
0.546318 0.099762 0.005938
0.584323 0.099762 0.007126
0.595012 0.099762 0.008314
0.605701 0.099762 0.007126
0.616390 0.099762 0.005938
0.628266 0.099762 0.008314
0.725653 0.099762 0.007126
0.737530 0.099762 0.007126
0.747031 0.099762 0.008314
0.757720 0.099762 0.005938
0.767221 0.099762 0.005938
0.777910 0.099762 0.005938
0.787411 0.099762 0.008314
0.795724 0.099762 0.005938
0.815914 0.099762 0.004751
0.836105 0.099762 0.004751
0.861045 0.099762 0.004751
0.885986 0.099762 0.011876
0.491686 0.100950 0.008314
0.713777 0.100950 0.008314
0.806413 0.100950 0.007126
0.824228 0.100950 0.004751
0.844418 0.100950 0.005938
0.852732 0.100950 0.005938
0.870546 0.100950 0.008314
0.179335 0.102138 0.004751
0.187648 0.102138 0.005938
0.198337 0.102138 0.004751
0.236342 0.102138 0.007126
0.247031 0.102138 0.007126
0.434679 0.102138 0.008314
0.447743 0.102138 0.007126
0.470309 0.102138 0.007126
0.480998 0.102138 0.005938
0.167458 0.103325 0.008314
0.205463 0.103325 0.007126
0.224466 0.103325 0.008314
0.255344 0.103325 0.005938
0.264846 0.103325 0.004751
0.273159 0.103325 0.008314
0.418052 0.103325 0.005938
0.426366 0.103325 0.004751
0.458432 0.103325 0.008314
0.144893 0.104513 0.005938
0.155582 0.104513 0.007126
0.216152 0.104513 0.005938
0.349169 0.104513 0.004751
0.358670 0.104513 0.005938
0.366983 0.104513 0.011876
0.393112 0.104513 0.009501
0.408551 0.104513 0.005938
0.125891 0.105701 0.007126
0.135392 0.105701 0.005938
0.374109 0.105701 0.011876
0.383610 0.105701 0.005938
0.622328 0.115202 0.004751
0.633017 0.115202 0.008314
0.642518 0.115202 0.008314
0.666271 0.115202 0.007126
0.738717 0.115202 0.008314
0.751781 0.115202 0.008314
0.786223 0.115202 0.004751
0.243468 0.116390 0.007126
0.475059 0.116390 0.004751
0.564133 0.116390 0.004751
0.584323 0.116390 0.008314
0.596200 0.116390 0.007126
0.605701 0.116390 0.004751
0.726841 0.116390 0.008314
0.761283 0.116390 0.008314
0.775534 0.116390 0.008314
0.793349 0.116390 0.010689
0.805226 0.116390 0.005938
0.813539 0.116390 0.004751
0.869359 0.116390 0.008314
0.228029 0.117577 0.008314
0.262470 0.117577 0.008314
0.274347 0.117577 0.008314
0.461995 0.117577 0.010689
0.482185 0.117577 0.008314
0.492874 0.117577 0.005938
0.501188 0.117577 0.005938
0.510689 0.117577 0.005938
0.520190 0.117577 0.005938
0.534442 0.117577 0.008314
0.555819 0.117577 0.008314
0.571259 0.117577 0.010689
0.612827 0.117577 0.008314
0.713777 0.117577 0.008314
0.823040 0.117577 0.007126
0.845606 0.117577 0.007126
0.857482 0.117577 0.008314
0.878860 0.117577 0.004751
0.157957 0.118765 0.005938
0.166271 0.118765 0.004751
0.192399 0.118765 0.004751
0.200713 0.118765 0.005938
0.210214 0.118765 0.005938
0.220903 0.118765 0.005938
0.252969 0.118765 0.007126
0.426366 0.118765 0.007126
0.435867 0.118765 0.005938
0.446556 0.118765 0.011876
0.453682 0.118765 0.004751
0.545131 0.118765 0.007126
0.834917 0.118765 0.008314
0.885986 0.118765 0.011876
0.894299 0.118765 0.013064
0.133017 0.119952 0.005938
0.142518 0.119952 0.004751
0.149644 0.119952 0.004751
0.365796 0.119952 0.005938
0.383610 0.119952 0.007126
0.394299 0.119952 0.005938
0.403800 0.119952 0.005938
0.413302 0.119952 0.008314
0.123515 0.121140 0.007126
0.357482 0.121140 0.004751
0.374109 0.121140 0.004751
0.179335 0.122328 0.009501
0.614014 0.131829 0.004751
0.621140 0.131829 0.010689
0.637767 0.131829 0.004751
0.644893 0.131829 0.004751
0.655582 0.131829 0.005938
0.663895 0.131829 0.004751
0.281473 0.133017 0.007126
0.605701 0.133017 0.005938
0.630641 0.133017 0.004751
0.744656 0.133017 0.007126
0.754157 0.133017 0.008314
0.764846 0.133017 0.007126
0.251781 0.134204 0.008314
0.260095 0.134204 0.008314
0.355107 0.134204 0.008314
0.476247 0.134204 0.004751
0.483373 0.134204 0.004751
0.495249 0.134204 0.008314
0.528504 0.134204 0.004751
0.536817 0.134204 0.005938
0.546318 0.134204 0.005938
0.576010 0.134204 0.007126
0.584323 0.134204 0.007126
0.596200 0.134204 0.005938
0.725653 0.134204 0.008314
0.735154 0.134204 0.005938
0.786223 0.134204 0.008314
0.842043 0.134204 0.005938
0.850356 0.134204 0.005938
0.859857 0.134204 0.008314
0.869359 0.134204 0.004751
0.887173 0.134204 0.004751
0.229216 0.135392 0.007126
0.239905 0.135392 0.007126
0.270784 0.135392 0.007126
0.404988 0.135392 0.004751
0.457245 0.135392 0.008314
0.466746 0.135392 0.005938
0.505938 0.135392 0.007126
0.516627 0.135392 0.008314
0.565321 0.135392 0.007126
0.713777 0.135392 0.007126
0.775534 0.135392 0.007126
0.794537 0.135392 0.005938
0.815914 0.135392 0.005938
0.825416 0.135392 0.011876
0.877672 0.135392 0.008314
0.894299 0.135392 0.005938
0.154394 0.136580 0.004751
0.169834 0.136580 0.004751
0.178147 0.136580 0.007126
0.188836 0.136580 0.005938
0.198337 0.136580 0.005938
0.207838 0.136580 0.005938
0.385986 0.136580 0.004751
0.435867 0.136580 0.008314
0.445368 0.136580 0.005938
0.805226 0.136580 0.007126
0.134204 0.137767 0.005938
0.144893 0.137767 0.005938
0.160333 0.137767 0.010689
0.218527 0.137767 0.007126
0.396675 0.137767 0.007126
0.123515 0.138955 0.008314
0.630641 0.146081 0.007126
0.619952 0.147268 0.005938
0.733967 0.147268 0.007126
0.596200 0.148456 0.005938
0.605701 0.148456 0.004751
0.643705 0.148456 0.008314
0.655582 0.148456 0.005938
0.663895 0.148456 0.004751
0.672209 0.148456 0.005938
0.682898 0.148456 0.005938
0.720903 0.148456 0.007126
0.890736 0.148456 0.008314
0.256532 0.149644 0.007126
0.268409 0.149644 0.007126
0.292162 0.149644 0.010689
0.300475 0.149644 0.005938
0.326603 0.149644 0.005938
0.387173 0.149644 0.008314
0.442993 0.149644 0.007126
0.484561 0.149644 0.007126
0.495249 0.149644 0.007126
0.504751 0.149644 0.005938
0.514252 0.149644 0.007126
0.523753 0.149644 0.005938
0.533254 0.149644 0.008314
0.555819 0.149644 0.005938
0.565321 0.149644 0.004751
0.572447 0.149644 0.004751
0.581948 0.149644 0.008314
0.693587 0.149644 0.005938
0.701900 0.149644 0.008314
0.711401 0.149644 0.005938
0.744656 0.149644 0.007126
0.760095 0.149644 0.010689
0.775534 0.149644 0.004751
0.837292 0.149644 0.008314
0.850356 0.149644 0.008314
0.858670 0.149644 0.004751
0.874109 0.149644 0.005938
0.882423 0.149644 0.004751
0.191211 0.150831 0.004751
0.237530 0.150831 0.004751
0.245843 0.150831 0.010689
0.334917 0.150831 0.007126
0.344418 0.150831 0.005938
0.397862 0.150831 0.007126
0.412114 0.150831 0.008314
0.422803 0.150831 0.008314
0.429929 0.150831 0.008314
0.454869 0.150831 0.008314
0.461995 0.150831 0.005938
0.471496 0.150831 0.007126
0.548694 0.150831 0.005938
0.767221 0.150831 0.004751
0.785036 0.150831 0.007126
0.793349 0.150831 0.004751
0.801663 0.150831 0.005938
0.811164 0.150831 0.008314
0.819477 0.150831 0.005938
0.828979 0.150831 0.008314
0.155582 0.152019 0.004751
0.180523 0.152019 0.007126
0.199525 0.152019 0.005938
0.210214 0.152019 0.008314
0.222090 0.152019 0.010689
0.229216 0.152019 0.004751
0.374109 0.152019 0.008314
0.144893 0.153207 0.008314
0.166271 0.153207 0.008314
0.131829 0.154394 0.008314
0.121140 0.156770 0.007126
0.888361 0.160333 0.004751
0.643705 0.161520 0.005938
0.662708 0.161520 0.005938
0.671021 0.161520 0.005938
0.680523 0.161520 0.008314
0.694774 0.161520 0.005938
0.859857 0.161520 0.004751
0.527316 0.162708 0.005938
0.618765 0.162708 0.005938
0.630641 0.162708 0.007126
0.653207 0.162708 0.005938
0.710214 0.162708 0.007126
0.775534 0.162708 0.008314
0.851544 0.162708 0.004751
0.868171 0.162708 0.005938
0.877672 0.162708 0.007126
0.266033 0.163895 0.007126
0.288599 0.163895 0.008314
0.299287 0.163895 0.004751
0.328979 0.163895 0.011876
0.343230 0.163895 0.004751
0.467933 0.163895 0.004751
0.483373 0.163895 0.004751
0.501188 0.163895 0.011876
0.517815 0.163895 0.005938
0.535629 0.163895 0.004751
0.545131 0.163895 0.007126
0.557007 0.163895 0.007126
0.568884 0.163895 0.008314
0.592637 0.163895 0.007126
0.608076 0.163895 0.010689
0.718527 0.163895 0.005938
0.731591 0.163895 0.008314
0.754157 0.163895 0.005938
0.762470 0.163895 0.004751
0.790974 0.163895 0.007126
0.813539 0.163895 0.005938
0.844418 0.163895 0.005938
0.275534 0.165083 0.008314
0.308789 0.165083 0.007126
0.319477 0.165083 0.005938
0.334917 0.165083 0.010689
0.352732 0.165083 0.008314
0.361045 0.165083 0.005938
0.370546 0.165083 0.005938
0.377672 0.165083 0.008314
0.389549 0.165083 0.004751
0.401425 0.165083 0.007126
0.409739 0.165083 0.005938
0.427553 0.165083 0.004751
0.439430 0.165083 0.008314
0.448931 0.165083 0.007126
0.476247 0.165083 0.004751
0.490499 0.165083 0.008314
0.507126 0.165083 0.011876
0.580760 0.165083 0.008314
0.745843 0.165083 0.005938
0.801663 0.165083 0.008314
0.821853 0.165083 0.005938
0.832542 0.165083 0.007126
0.191211 0.166271 0.005938
0.200713 0.166271 0.005938
0.211401 0.166271 0.007126
0.222090 0.166271 0.004751
0.231591 0.166271 0.008314
0.238717 0.166271 0.004751
0.254157 0.166271 0.005938
0.420428 0.166271 0.004751
0.458432 0.166271 0.007126
0.157957 0.167458 0.004751
0.180523 0.167458 0.008314
0.149644 0.168646 0.004751
0.167458 0.168646 0.007126
0.142518 0.171021 0.005938
0.121140 0.172209 0.007126
0.131829 0.172209 0.007126
0.850356 0.173397 0.005938
0.870546 0.173397 0.005938
0.877672 0.173397 0.004751
0.890736 0.173397 0.005938
0.859857 0.174584 0.005938
0.631829 0.175772 0.008314
0.790974 0.175772 0.005938
0.745843 0.176960 0.008314
0.761283 0.176960 0.005938
0.770784 0.176960 0.007126
0.781473 0.176960 0.007126
0.814727 0.176960 0.007126
0.828979 0.176960 0.008314
0.270784 0.178147 0.007126
0.281473 0.178147 0.007126
0.304038 0.178147 0.007126
0.355107 0.178147 0.004751
0.382423 0.178147 0.007126
0.611639 0.178147 0.004751
0.644893 0.178147 0.008314
0.678147 0.178147 0.008314
0.686461 0.178147 0.007126
0.699525 0.178147 0.004751
0.712589 0.178147 0.004751
0.723278 0.178147 0.005938
0.732779 0.178147 0.005938
0.801663 0.178147 0.005938
0.260095 0.179335 0.008314
0.293349 0.179335 0.007126
0.313539 0.179335 0.004751
0.332542 0.179335 0.007126
0.343230 0.179335 0.008314
0.369359 0.179335 0.007126
0.403800 0.179335 0.004751
0.410926 0.179335 0.005938
0.542755 0.179335 0.008314
0.566508 0.179335 0.007126
0.589074 0.179335 0.008314
0.599762 0.179335 0.007126
0.619952 0.179335 0.005938
0.653207 0.179335 0.005938
0.665083 0.179335 0.008314
0.190024 0.180523 0.005938
0.230404 0.180523 0.007126
0.394299 0.180523 0.007126
0.425178 0.180523 0.009501
0.454869 0.180523 0.005938
0.465558 0.180523 0.007126
0.475059 0.180523 0.005938
0.529691 0.180523 0.005938
0.554632 0.180523 0.007126
0.577197 0.180523 0.007126
0.169834 0.181710 0.007126
0.180523 0.181710 0.005938
0.199525 0.181710 0.007126
0.211401 0.181710 0.007126
0.220903 0.181710 0.005938
0.486936 0.181710 0.007126
0.497625 0.181710 0.005938
0.160333 0.182898 0.007126
0.245843 0.182898 0.008314
0.439430 0.182898 0.009501
0.509501 0.182898 0.008314
0.896675 0.182898 0.007126
0.142518 0.184086 0.004751
0.152019 0.184086 0.005938
0.121140 0.185273 0.007126
0.134204 0.185273 0.005938
0.866983 0.185273 0.004751
0.874109 0.185273 0.004751
0.885986 0.185273 0.004751
0.853919 0.186461 0.005938
0.767221 0.187648 0.008314
0.804038 0.187648 0.005938
0.838480 0.187648 0.004751
0.845606 0.187648 0.004751
0.722090 0.188836 0.007126
0.743468 0.188836 0.005938
0.754157 0.188836 0.005938
0.813539 0.188836 0.008314
0.827791 0.188836 0.007126
0.634204 0.190024 0.005938
0.707838 0.190024 0.008314
0.731591 0.190024 0.008314
0.777910 0.190024 0.007126
0.789786 0.190024 0.008314
0.681710 0.191211 0.008314
0.693587 0.191211 0.008314
0.554632 0.192399 0.004751
0.600950 0.192399 0.007126
0.644893 0.192399 0.005938
0.656770 0.192399 0.007126
0.669834 0.192399 0.007126
0.374109 0.193587 0.008314
0.529691 0.193587 0.008314
0.543943 0.193587 0.008314
0.565321 0.193587 0.007126
0.576010 0.193587 0.008314
0.589074 0.193587 0.007126
0.327791 0.194774 0.013064
0.334917 0.194774 0.004751
0.384798 0.194774 0.007126
0.441805 0.194774 0.007126
0.491686 0.194774 0.008314
0.307601 0.195962 0.007126
0.317102 0.195962 0.008314
0.343230 0.195962 0.008314
0.352732 0.195962 0.013064
0.395487 0.195962 0.013064
0.415677 0.195962 0.007126
0.429929 0.195962 0.008314
0.456057 0.195962 0.008314
0.469121 0.195962 0.008314
0.479810 0.195962 0.007126
0.507126 0.195962 0.008314
0.516627 0.195962 0.007126
0.268409 0.197150 0.008314
0.281473 0.197150 0.007126
0.292162 0.197150 0.008314
0.252969 0.198337 0.010689
0.218527 0.199525 0.008314
0.230404 0.199525 0.005938
0.239905 0.199525 0.008314
0.118765 0.200713 0.008314
0.130641 0.200713 0.008314
0.146081 0.200713 0.008314
0.154394 0.200713 0.005938
0.180523 0.203088 0.016627
0.193587 0.203088 0.007126
0.204276 0.203088 0.013064
0.165083 0.204276 0.005938
