0.941805 0.002375 0.020190
0.657957 0.007126 0.023753
0.853919 0.008314 0.022565
0.755344 0.009501 0.020190
0.767221 0.009501 0.024941
0.817102 0.011876 0.013064
0.880048 0.011876 0.013064
0.692399 0.013064 0.013064
0.629454 0.015439 0.013064
0.184086 0.023753 0.013064
0.248219 0.023753 0.016627
0.833729 0.040380 0.004751
0.839667 0.040380 0.010689
0.669834 0.041568 0.007126
0.730404 0.041568 0.008314
0.742280 0.041568 0.008314
0.792162 0.041568 0.008314
0.813539 0.041568 0.008314
0.824228 0.041568 0.008314
0.847981 0.041568 0.004751
0.855107 0.041568 0.008314
0.865796 0.041568 0.007126
0.623515 0.042755 0.007126
0.633017 0.042755 0.004751
0.640143 0.042755 0.004751
0.649644 0.042755 0.005938
0.659145 0.042755 0.004751
0.680523 0.042755 0.004751
0.717340 0.042755 0.007126
0.754157 0.042755 0.009501
0.768409 0.042755 0.005938
0.776722 0.042755 0.004751
0.783848 0.042755 0.004751
0.802850 0.042755 0.008314
0.881235 0.042755 0.008314
0.586698 0.043943 0.007126
0.597387 0.043943 0.011876
0.612827 0.043943 0.004751
0.694774 0.043943 0.005938
0.705463 0.043943 0.007126
0.490499 0.045131 0.008314
0.504751 0.045131 0.008314
0.513064 0.045131 0.007126
0.524941 0.045131 0.008314
0.533254 0.045131 0.004751
0.542755 0.045131 0.007126
0.574822 0.045131 0.005938
0.604513 0.045131 0.011876
0.483373 0.046318 0.004751
0.553444 0.046318 0.007126
0.562945 0.046318 0.008314
0.381235 0.047506 0.007126
0.390736 0.047506 0.004751
0.402613 0.047506 0.008314
0.415677 0.047506 0.008314
0.426366 0.047506 0.005938
0.435867 0.047506 0.005938
0.447743 0.047506 0.008314
0.457245 0.047506 0.008314
0.469121 0.047506 0.009501
0.324228 0.048694 0.008314
0.356295 0.048694 0.008314
0.369359 0.048694 0.008314
0.283848 0.049881 0.007126
0.298100 0.049881 0.008314
0.309976 0.049881 0.008314
0.347981 0.049881 0.005938
0.275534 0.051069 0.008314
0.336105 0.051069 0.008314
0.169834 0.052257 0.014252
0.248219 0.052257 0.008314
0.261283 0.052257 0.008314
0.150831 0.053444 0.010689
0.223278 0.053444 0.005938
0.236342 0.053444 0.009501
0.180523 0.054632 0.011876
0.188836 0.054632 0.004751
0.197150 0.054632 0.008314
0.212589 0.054632 0.008314
0.838480 0.055819 0.008314
0.815914 0.057007 0.004751
0.824228 0.057007 0.007126
0.851544 0.057007 0.007126
0.861045 0.057007 0.004751
0.869359 0.057007 0.007126
0.878860 0.057007 0.008314
0.630641 0.058195 0.009501
0.659145 0.058195 0.008314
0.722090 0.058195 0.008314
0.737530 0.058195 0.009501
0.781473 0.058195 0.007126
0.794537 0.058195 0.007126
0.806413 0.058195 0.007126
0.641330 0.059382 0.008314
0.669834 0.059382 0.004751
0.676960 0.059382 0.004751
0.685273 0.059382 0.008314
0.699525 0.059382 0.005938
0.711401 0.059382 0.008314
0.751781 0.059382 0.007126
0.763658 0.059382 0.005938
0.770784 0.059382 0.004751
0.587886 0.060570 0.008314
0.597387 0.060570 0.004751
0.606888 0.060570 0.007126
0.617577 0.060570 0.004751
0.466746 0.061758 0.004751
0.477435 0.061758 0.008314
0.504751 0.061758 0.008314
0.515439 0.061758 0.004751
0.522565 0.061758 0.004751
0.534442 0.061758 0.008314
0.565321 0.061758 0.005938
0.577197 0.061758 0.008314
0.458432 0.062945 0.008314
0.491686 0.062945 0.008314
0.543943 0.062945 0.005938
0.554632 0.062945 0.007126
0.406176 0.064133 0.005938
0.435867 0.064133 0.007126
0.445368 0.064133 0.005938
0.385986 0.065321 0.008314
0.396675 0.065321 0.005938
0.421615 0.065321 0.009501
0.363420 0.066508 0.010689
0.282660 0.067696 0.005938
0.292162 0.067696 0.004751
0.304038 0.067696 0.008314
0.313539 0.067696 0.005938
0.324228 0.067696 0.007126
0.331354 0.067696 0.004751
0.371734 0.067696 0.008314
0.261283 0.068884 0.008314
0.172209 0.070071 0.004751
0.180523 0.070071 0.005938
0.191211 0.070071 0.007126
0.201900 0.070071 0.008314
0.231591 0.070071 0.005938
0.241093 0.070071 0.007126
0.251781 0.070071 0.007126
0.271971 0.070071 0.008314
0.160333 0.071259 0.008314
0.218527 0.071259 0.008314
0.818290 0.071259 0.007126
0.844418 0.071259 0.007126
0.853919 0.071259 0.004751
0.131829 0.072447 0.007126
0.142518 0.072447 0.007126
0.153207 0.072447 0.004751
0.775534 0.072447 0.007126
0.786223 0.072447 0.008314
0.832542 0.072447 0.009501
0.862233 0.072447 0.005938
0.870546 0.072447 0.004751
0.881235 0.072447 0.008314
0.684086 0.073634 0.011876
0.698337 0.073634 0.005938
0.719715 0.073634 0.005938
0.731591 0.073634 0.008314
0.748219 0.073634 0.004751
0.756532 0.073634 0.004751
0.763658 0.073634 0.004751
0.807601 0.073634 0.008314
0.666271 0.074822 0.008314
0.675772 0.074822 0.008314
0.706651 0.074822 0.005938
0.739905 0.074822 0.004751
0.515439 0.076010 0.008314
0.526128 0.076010 0.008314
0.608076 0.076010 0.004751
0.643705 0.076010 0.004751
0.656770 0.076010 0.008314
0.538005 0.077197 0.008314
0.581948 0.077197 0.005938
0.599762 0.077197 0.007126
0.615202 0.077197 0.010689
0.628266 0.077197 0.008314
0.636580 0.077197 0.004751
0.453682 0.078385 0.005938
0.476247 0.078385 0.010689
0.483373 0.078385 0.005938
0.492874 0.078385 0.005938
0.502375 0.078385 0.007126
0.548694 0.078385 0.005938
0.558195 0.078385 0.008314
0.571259 0.078385 0.008314
0.590261 0.078385 0.004751
0.445368 0.079572 0.007126
0.434679 0.080760 0.007126
0.323040 0.081948 0.007126
0.353919 0.081948 0.005938
0.414489 0.081948 0.005938
0.423990 0.081948 0.007126
0.301663 0.083135 0.005938
0.311164 0.083135 0.005938
0.332542 0.083135 0.005938
0.376485 0.083135 0.008314
0.385986 0.083135 0.010689
0.393112 0.083135 0.004751
0.406176 0.083135 0.010689
0.211401 0.084323 0.005938
0.220903 0.084323 0.005938
0.229216 0.084323 0.008314
0.241093 0.084323 0.007126
0.255344 0.084323 0.008314
0.268409 0.084323 0.007126
0.281473 0.084323 0.007126
0.292162 0.084323 0.005938
0.362233 0.084323 0.005938
0.199525 0.085511 0.007126
0.168646 0.086698 0.008314
0.181710 0.086698 0.005938
0.191211 0.086698 0.005938
0.149644 0.087886 0.005938
0.157957 0.087886 0.004751
0.843230 0.087886 0.007126
0.870546 0.087886 0.007126
0.883610 0.087886 0.008314
0.129454 0.089074 0.008314
0.140143 0.089074 0.007126
0.830166 0.089074 0.008314
0.857482 0.089074 0.008314
0.724466 0.090261 0.007126
0.736342 0.090261 0.007126
0.757720 0.090261 0.008314
0.768409 0.090261 0.007126
0.777910 0.090261 0.005938
0.787411 0.090261 0.013064
0.802850 0.090261 0.004751
0.809976 0.090261 0.004751
0.820665 0.090261 0.007126
0.665083 0.091449 0.008314
0.714964 0.091449 0.008314
0.748219 0.091449 0.008314
0.655582 0.092637 0.008314
0.578385 0.093824 0.008314
0.591449 0.093824 0.007126
0.602138 0.093824 0.007126
0.621140 0.093824 0.005938
0.630641 0.093824 0.007126
0.643705 0.093824 0.008314
0.488124 0.095012 0.013064
0.496437 0.095012 0.007126
0.507126 0.095012 0.004751
0.514252 0.095012 0.004751
0.529691 0.095012 0.004751
0.535629 0.095012 0.004751
0.545131 0.095012 0.008314
0.562945 0.095012 0.008314
0.610451 0.095012 0.005938
0.442993 0.096200 0.008314
0.453682 0.096200 0.014252
0.461995 0.096200 0.007126
0.471496 0.096200 0.005938
0.480998 0.096200 0.011876
0.521378 0.096200 0.005938
0.382423 0.097387 0.004751
0.350356 0.098575 0.005938
0.372922 0.098575 0.005938
0.389549 0.098575 0.008314
0.400238 0.098575 0.005938
0.410926 0.098575 0.005938
0.419240 0.098575 0.004751
0.429929 0.098575 0.007126
0.255344 0.099762 0.005938
0.263658 0.099762 0.005938
0.285036 0.099762 0.010689
0.361045 0.099762 0.008314
0.209026 0.100950 0.013064
0.244656 0.100950 0.008314
0.273159 0.100950 0.007126
0.220903 0.102138 0.008314
0.231591 0.102138 0.008314
0.184086 0.103325 0.010689
0.200713 0.103325 0.005938
0.131829 0.104513 0.011876
0.140143 0.104513 0.004751
0.161520 0.104513 0.008314
0.191211 0.104513 0.008314
0.868171 0.104513 0.004751
0.876485 0.104513 0.004751
0.150831 0.105701 0.007126
0.808789 0.105701 0.008314
0.820665 0.105701 0.004751
0.828979 0.105701 0.005938
0.855107 0.105701 0.009501
0.776722 0.106888 0.008314
0.799287 0.106888 0.005938
0.842043 0.106888 0.008314
0.738717 0.108076 0.005938
0.767221 0.108076 0.005938
0.790974 0.108076 0.008314
0.590261 0.109264 0.008314
0.730404 0.109264 0.004751
0.748219 0.109264 0.005938
0.757720 0.109264 0.005938
0.096200 0.110451 0.007126
0.578385 0.110451 0.007126
0.605701 0.110451 0.010689
0.719715 0.110451 0.008314
0.567696 0.111639 0.007126
0.623515 0.111639 0.008314
0.634204 0.111639 0.008314
0.494062 0.112827 0.007126
0.548694 0.112827 0.005938
0.557007 0.112827 0.005938
0.485748 0.114014 0.005938
0.504751 0.114014 0.005938
0.516627 0.114014 0.007126
0.527316 0.114014 0.005938
0.539192 0.114014 0.007126
0.418052 0.115202 0.007126
0.427553 0.115202 0.004751
0.459620 0.115202 0.005938
0.476247 0.115202 0.004751
0.400238 0.116390 0.005938
0.408551 0.116390 0.004751
0.447743 0.116390 0.007126
0.469121 0.116390 0.011876
0.342043 0.117577 0.008314
0.376485 0.117577 0.007126
0.388361 0.117577 0.008314
0.435867 0.117577 0.010689
0.351544 0.118765 0.004751
0.362233 0.118765 0.008314
0.181710 0.119952 0.008314
0.194774 0.119952 0.008314
0.207838 0.119952 0.007126
0.220903 0.119952 0.008314
0.231591 0.119952 0.004751
0.239905 0.119952 0.005938
0.250594 0.119952 0.010689
0.269596 0.119952 0.008314
0.095012 0.121140 0.005938
0.171021 0.121140 0.007126
0.280285 0.121140 0.004751
0.286223 0.121140 0.004751
0.135392 0.123515 0.008314
0.146081 0.123515 0.008314
0.852732 0.124703 0.008314
0.880048 0.124703 0.008314
0.125891 0.125891 0.005938
0.823040 0.125891 0.008314
0.844418 0.125891 0.004751
0.866983 0.125891 0.008314
0.761283 0.127078 0.008314
0.796912 0.127078 0.004751
0.804038 0.127078 0.004751
0.811164 0.127078 0.011876
0.833729 0.127078 0.008314
0.662708 0.128266 0.008314
0.716152 0.128266 0.008314
0.725653 0.128266 0.008314
0.748219 0.128266 0.008314
0.783848 0.128266 0.009501
0.520190 0.129454 0.008314
0.598575 0.129454 0.007126
0.608076 0.129454 0.007126
0.618765 0.129454 0.007126
0.628266 0.129454 0.013064
0.653207 0.129454 0.007126
0.739905 0.129454 0.008314
0.529691 0.130641 0.005938
0.538005 0.130641 0.008314
0.573634 0.130641 0.008314
0.587886 0.130641 0.008314
0.642518 0.130641 0.013064
0.095012 0.131829 0.015439
0.489311 0.131829 0.008314
0.561758 0.131829 0.008314
0.434679 0.133017 0.005938
0.446556 0.133017 0.005938
0.465558 0.133017 0.005938
0.476247 0.133017 0.007126
0.500000 0.133017 0.005938
0.508314 0.133017 0.008314
0.548694 0.133017 0.008314
0.384798 0.134204 0.007126
0.422803 0.134204 0.008314
0.456057 0.134204 0.005938
0.205463 0.135392 0.008314
0.217340 0.135392 0.008314
0.412114 0.135392 0.008314
0.340855 0.136580 0.008314
0.351544 0.136580 0.005938
0.362233 0.136580 0.007126
0.371734 0.136580 0.007126
0.401425 0.136580 0.005938
0.127078 0.137767 0.007126
0.184086 0.137767 0.005938
0.193587 0.137767 0.008314
0.229216 0.137767 0.005938
0.237530 0.137767 0.005938
0.245843 0.137767 0.008314
0.263658 0.137767 0.009501
0.273159 0.137767 0.007126
0.283848 0.137767 0.008314
0.289786 0.137767 0.010689
0.141330 0.140143 0.007126
0.166271 0.140143 0.007126
0.175772 0.140143 0.011876
0.154394 0.141330 0.007126
0.876485 0.142518 0.008314
0.883610 0.142518 0.010689
0.817102 0.143705 0.010689
0.842043 0.143705 0.008314
0.852732 0.143705 0.008314
0.865796 0.143705 0.008314
0.767221 0.144893 0.007126
0.809976 0.144893 0.004751
0.830166 0.144893 0.005938
0.738717 0.147268 0.007126
0.748219 0.147268 0.005938
0.756532 0.147268 0.013064
0.777910 0.147268 0.007126
0.787411 0.147268 0.008314
0.467933 0.148456 0.007126
0.589074 0.148456 0.004751
0.597387 0.148456 0.008314
0.609264 0.148456 0.008314
0.617577 0.148456 0.005938
0.627078 0.148456 0.004751
0.642518 0.148456 0.004751
0.661520 0.148456 0.008314
0.673397 0.148456 0.008314
0.729216 0.148456 0.005938
0.459620 0.149644 0.004751
0.486936 0.149644 0.004751
0.496437 0.149644 0.008314
0.504751 0.149644 0.008314
0.541568 0.149644 0.007126
0.557007 0.149644 0.008314
0.568884 0.149644 0.007126
0.578385 0.149644 0.008314
0.648456 0.149644 0.010689
0.686461 0.149644 0.008314
0.711401 0.149644 0.004751
0.719715 0.149644 0.004751
0.448931 0.150831 0.008314
0.478622 0.150831 0.011876
0.520190 0.150831 0.007126
0.530879 0.150831 0.007126
0.701900 0.150831 0.008314
0.388361 0.152019 0.007126
0.435867 0.152019 0.008314
0.247031 0.153207 0.008314
0.255344 0.153207 0.011876
0.273159 0.153207 0.007126
0.282660 0.153207 0.005938
0.301663 0.153207 0.005938
0.309976 0.153207 0.005938
0.319477 0.153207 0.008314
0.375297 0.153207 0.007126
0.403800 0.153207 0.009501
0.415677 0.153207 0.008314
0.426366 0.153207 0.008314
0.186461 0.154394 0.004751
0.236342 0.154394 0.005938
0.292162 0.154394 0.005938
0.330166 0.154394 0.007126
0.342043 0.154394 0.007126
0.353919 0.154394 0.005938
0.363420 0.154394 0.007126
0.178147 0.155582 0.005938
0.225653 0.155582 0.007126
0.131829 0.156770 0.008314
0.143705 0.156770 0.005938
0.157957 0.156770 0.008314
0.167458 0.156770 0.007126
0.194774 0.156770 0.011876
0.212589 0.156770 0.008314
0.876485 0.159145 0.010689
0.884798 0.159145 0.013064
0.798100 0.160333 0.007126
0.808789 0.160333 0.007126
0.827791 0.160333 0.005938
0.838480 0.160333 0.011876
0.855107 0.160333 0.005938
0.864608 0.160333 0.007126
0.782660 0.161520 0.010689
0.819477 0.161520 0.005938
0.845606 0.161520 0.004751
0.764846 0.162708 0.005938
0.774347 0.162708 0.005938
0.619952 0.163895 0.008314
0.697150 0.163895 0.008314
0.742280 0.163895 0.007126
0.751781 0.163895 0.008314
0.504751 0.165083 0.005938
0.517815 0.165083 0.008314
0.633017 0.165083 0.008314
0.707838 0.165083 0.005938
0.720903 0.165083 0.008314
0.731591 0.165083 0.007126
0.526128 0.166271 0.005938
0.535629 0.166271 0.010689
0.541568 0.166271 0.004751
0.551069 0.166271 0.011876
0.574822 0.166271 0.008314
0.605701 0.166271 0.007126
0.643705 0.166271 0.007126
0.657957 0.166271 0.005938
0.669834 0.166271 0.008314
0.684086 0.166271 0.007126
0.450119 0.167458 0.008314
0.458432 0.167458 0.005938
0.495249 0.167458 0.005938
0.565321 0.167458 0.005938
0.591449 0.167458 0.008314
0.371734 0.168646 0.008314
0.429929 0.168646 0.005938
0.438242 0.168646 0.004751
0.467933 0.168646 0.004751
0.476247 0.168646 0.005938
0.486936 0.168646 0.008314
0.148456 0.169834 0.008314
0.268409 0.169834 0.007126
0.349169 0.169834 0.005938
0.361045 0.169834 0.008314
0.382423 0.169834 0.007126
0.393112 0.169834 0.004751
0.412114 0.169834 0.005938
0.421615 0.169834 0.004751
0.124703 0.171021 0.007126
0.135392 0.171021 0.008314
0.157957 0.171021 0.007126
0.219715 0.171021 0.005938
0.254157 0.171021 0.009501
0.281473 0.171021 0.008314
0.293349 0.171021 0.008314
0.302850 0.171021 0.004751
0.334917 0.171021 0.011876
0.402613 0.171021 0.007126
0.168646 0.172209 0.008314
0.178147 0.172209 0.004751
0.210214 0.172209 0.007126
0.238717 0.172209 0.010689
0.318290 0.172209 0.005938
0.326603 0.172209 0.011876
0.188836 0.173397 0.007126
0.199525 0.173397 0.007126
0.887173 0.175772 0.011876
0.847981 0.176960 0.008314
0.858670 0.176960 0.004751
0.865796 0.176960 0.004751
0.878860 0.176960 0.015439
0.789786 0.178147 0.008314
0.802850 0.178147 0.004751
0.813539 0.178147 0.008314
0.821853 0.178147 0.004751
0.777910 0.179335 0.007126
0.538005 0.180523 0.005938
0.560570 0.180523 0.010689
0.648456 0.180523 0.007126
0.666271 0.180523 0.007126
0.736342 0.180523 0.008314
0.748219 0.180523 0.008314
0.758907 0.180523 0.007126
0.768409 0.180523 0.007126
0.526128 0.181710 0.008314
0.593824 0.181710 0.008314
0.605701 0.181710 0.009501
0.621140 0.181710 0.008314
0.657957 0.181710 0.004751
0.724466 0.181710 0.008314
0.505938 0.182898 0.008314
0.515439 0.182898 0.005938
0.567696 0.182898 0.010689
0.581948 0.182898 0.008314
0.634204 0.182898 0.008314
0.471496 0.184086 0.008314
0.419240 0.185273 0.005938
0.428741 0.185273 0.008314
0.459620 0.185273 0.007126
0.483373 0.185273 0.005938
0.491686 0.185273 0.011876
0.148456 0.186461 0.008314
0.218527 0.186461 0.008314
0.256532 0.186461 0.008314
0.385986 0.186461 0.009501
0.445368 0.186461 0.008314
0.125891 0.187648 0.008314
0.138955 0.187648 0.008314
0.162708 0.187648 0.009501
0.175772 0.187648 0.008314
0.192399 0.187648 0.008314
0.205463 0.187648 0.008314
0.245843 0.187648 0.008314
0.266033 0.187648 0.005938
0.309976 0.187648 0.010689
0.325416 0.187648 0.007126
0.336105 0.187648 0.007126
0.399050 0.187648 0.008314
0.409739 0.187648 0.007126
0.713777 0.187648 0.016627
0.296912 0.188836 0.008314
0.648456 0.195962 0.008314
