0.941805 0.000000 0.024941
0.827791 0.034442 0.010689
0.834917 0.035629 0.004751
0.844418 0.035629 0.007126
0.855107 0.035629 0.008314
0.866983 0.036817 0.013064
0.874109 0.036817 0.008314
0.884798 0.036817 0.013064
0.747031 0.038005 0.008314
0.770784 0.038005 0.008314
0.786223 0.038005 0.011876
0.806413 0.038005 0.008314
0.815914 0.038005 0.004751
0.893112 0.038005 0.005938
0.900238 0.038005 0.009501
0.694774 0.039192 0.008314
0.701900 0.039192 0.014252
0.722090 0.039192 0.007126
0.733967 0.039192 0.008314
0.760095 0.039192 0.008314
0.794537 0.039192 0.005938
0.659145 0.040380 0.009501
0.675772 0.040380 0.013064
0.684086 0.040380 0.008314
0.712589 0.040380 0.008314
0.529691 0.041568 0.013064
0.624703 0.041568 0.008314
0.635392 0.041568 0.007126
0.539192 0.042755 0.008314
0.608076 0.042755 0.011876
0.615202 0.042755 0.015439
0.646081 0.042755 0.007126
0.514252 0.043943 0.008314
0.565321 0.043943 0.007126
0.574822 0.043943 0.005938
0.584323 0.043943 0.007126
0.595012 0.043943 0.008314
0.454869 0.045131 0.007126
0.464371 0.045131 0.013064
0.491686 0.045131 0.008314
0.553444 0.045131 0.008314
0.401425 0.046318 0.008314
0.425178 0.046318 0.005938
0.435867 0.046318 0.005938
0.445368 0.046318 0.005938
0.480998 0.046318 0.007126
0.501188 0.046318 0.008314
0.283848 0.047506 0.008314
0.349169 0.047506 0.007126
0.361045 0.047506 0.008314
0.385986 0.047506 0.009501
0.414489 0.047506 0.008314
0.216152 0.048694 0.004751
0.224466 0.048694 0.007126
0.249406 0.048694 0.008314
0.262470 0.048694 0.007126
0.271971 0.048694 0.008314
0.294537 0.048694 0.004751
0.300475 0.048694 0.010689
0.313539 0.048694 0.008314
0.372922 0.048694 0.008314
0.206651 0.049881 0.008314
0.236342 0.049881 0.008314
0.327791 0.049881 0.008314
0.339667 0.049881 0.008314
0.155582 0.051069 0.010689
0.171021 0.051069 0.008314
0.184086 0.051069 0.008314
0.194774 0.051069 0.005938
0.144893 0.053444 0.005938
0.852732 0.053444 0.007126
0.859857 0.053444 0.003563
0.881235 0.053444 0.005938
0.129454 0.054632 0.010689
0.828979 0.054632 0.008314
0.840855 0.054632 0.008314
0.865796 0.054632 0.004751
0.872922 0.054632 0.010689
0.758907 0.055819 0.007126
0.811164 0.055819 0.010689
0.818290 0.055819 0.013064
0.644893 0.057007 0.007126
0.698337 0.057007 0.005938
0.718527 0.057007 0.004751
0.729216 0.057007 0.008314
0.747031 0.057007 0.007126
0.780285 0.057007 0.013064
0.788599 0.057007 0.005938
0.799287 0.057007 0.008314
0.656770 0.058195 0.008314
0.669834 0.058195 0.008314
0.709026 0.058195 0.008314
0.684086 0.059382 0.009501
0.769596 0.059382 0.008314
0.568884 0.060570 0.005938
0.494062 0.061758 0.004751
0.558195 0.061758 0.005938
0.578385 0.061758 0.005938
0.589074 0.061758 0.007126
0.600950 0.061758 0.007126
0.612827 0.061758 0.007126
0.623515 0.061758 0.008314
0.634204 0.061758 0.008314
0.447743 0.062945 0.009501
0.459620 0.062945 0.005938
0.470309 0.062945 0.005938
0.478622 0.062945 0.011876
0.486936 0.062945 0.004751
0.501188 0.062945 0.004751
0.508314 0.062945 0.004751
0.519002 0.062945 0.008314
0.546318 0.062945 0.008314
0.381235 0.064133 0.004751
0.388361 0.064133 0.004751
0.395487 0.064133 0.008314
0.406176 0.064133 0.005938
0.431116 0.064133 0.009501
0.530879 0.064133 0.008314
0.239905 0.065321 0.007126
0.250594 0.065321 0.008314
0.263658 0.065321 0.008314
0.281473 0.065321 0.007126
0.290974 0.065321 0.007126
0.302850 0.065321 0.007126
0.312352 0.065321 0.007126
0.337292 0.065321 0.007126
0.413302 0.065321 0.010689
0.171021 0.066508 0.005938
0.193587 0.066508 0.008314
0.228029 0.066508 0.007126
0.356295 0.066508 0.008314
0.369359 0.066508 0.008314
0.162708 0.067696 0.008314
0.181710 0.067696 0.004751
0.204276 0.067696 0.007126
0.217340 0.067696 0.007126
0.121140 0.068884 0.008314
0.127078 0.068884 0.003563
0.140143 0.068884 0.008314
0.150831 0.068884 0.008314
0.864608 0.070071 0.008314
0.876485 0.070071 0.008314
0.884798 0.070071 0.011876
0.751781 0.071259 0.008314
0.763658 0.072447 0.007126
0.817102 0.072447 0.008314
0.827791 0.072447 0.007126
0.837292 0.072447 0.011876
0.844418 0.072447 0.004751
0.852732 0.072447 0.008314
0.710214 0.073634 0.007126
0.745843 0.073634 0.004751
0.788599 0.073634 0.007126
0.662708 0.074822 0.008314
0.680523 0.074822 0.008314
0.698337 0.074822 0.008314
0.722090 0.074822 0.008314
0.735154 0.074822 0.008314
0.776722 0.074822 0.008314
0.801663 0.074822 0.008314
0.604513 0.076010 0.007126
0.648456 0.076010 0.011876
0.593824 0.077197 0.007126
0.631829 0.077197 0.004751
0.448931 0.078385 0.007126
0.457245 0.078385 0.007126
0.469121 0.078385 0.008314
0.480998 0.078385 0.004751
0.580760 0.078385 0.008314
0.618765 0.078385 0.009501
0.638955 0.078385 0.005938
0.168646 0.079572 0.010689
0.385986 0.079572 0.007126
0.515439 0.079572 0.005938
0.524941 0.079572 0.005938
0.535629 0.079572 0.008314
0.548694 0.079572 0.007126
0.567696 0.079572 0.005938
0.185273 0.080760 0.008314
0.288599 0.080760 0.008314
0.299287 0.080760 0.005938
0.308789 0.080760 0.007126
0.331354 0.080760 0.007126
0.353919 0.080760 0.004751
0.365796 0.080760 0.007126
0.376485 0.080760 0.005938
0.400238 0.080760 0.009501
0.416865 0.080760 0.008314
0.438242 0.080760 0.008314
0.490499 0.080760 0.008314
0.504751 0.080760 0.008314
0.558195 0.080760 0.005938
0.123515 0.081948 0.010689
0.175772 0.081948 0.004751
0.212589 0.081948 0.007126
0.245843 0.081948 0.004751
0.261283 0.081948 0.010689
0.276722 0.081948 0.008314
0.340855 0.081948 0.007126
0.427553 0.081948 0.007126
0.130641 0.083135 0.005938
0.161520 0.083135 0.005938
0.197150 0.083135 0.008314
0.224466 0.083135 0.004751
0.232779 0.083135 0.004751
0.252969 0.083135 0.004751
0.140143 0.084323 0.005938
0.152019 0.084323 0.005938
0.870546 0.086698 0.010689
0.846793 0.087886 0.008314
0.857482 0.087886 0.008314
0.877672 0.087886 0.004751
0.885986 0.087886 0.011876
0.811164 0.090261 0.008314
0.819477 0.090261 0.004751
0.833729 0.090261 0.007126
0.789786 0.091449 0.007126
0.800475 0.091449 0.008314
0.730404 0.092637 0.008314
0.745843 0.092637 0.008314
0.780285 0.092637 0.007126
0.627078 0.093824 0.005938
0.647268 0.093824 0.005938
0.756532 0.093824 0.007126
0.767221 0.093824 0.008314
0.523753 0.095012 0.008314
0.538005 0.095012 0.008314
0.549881 0.095012 0.007126
0.560570 0.095012 0.007126
0.616390 0.095012 0.007126
0.635392 0.095012 0.008314
0.091449 0.096200 0.005938
0.514252 0.096200 0.007126
0.604513 0.096200 0.008314
0.357482 0.097387 0.009501
0.389549 0.097387 0.008314
0.400238 0.097387 0.007126
0.410926 0.097387 0.008314
0.419240 0.097387 0.005938
0.465558 0.097387 0.007126
0.477435 0.097387 0.008314
0.503563 0.097387 0.008314
0.574822 0.097387 0.009501
0.592637 0.097387 0.008314
0.178147 0.098575 0.007126
0.188836 0.098575 0.004751
0.198337 0.098575 0.007126
0.245843 0.098575 0.008314
0.266033 0.098575 0.008314
0.276722 0.098575 0.008314
0.286223 0.098575 0.008314
0.374109 0.098575 0.010689
0.429929 0.098575 0.007126
0.440618 0.098575 0.007126
0.452494 0.098575 0.008314
0.491686 0.098575 0.008314
0.119952 0.099762 0.008314
0.143705 0.099762 0.005938
0.153207 0.099762 0.008314
0.166271 0.099762 0.007126
0.209026 0.099762 0.005938
0.218527 0.099762 0.008314
0.233967 0.099762 0.008314
0.131829 0.100950 0.008314
0.090261 0.104513 0.004751
0.817102 0.104513 0.010689
0.884798 0.104513 0.007126
0.864608 0.105701 0.005938
0.875297 0.105701 0.008314
0.804038 0.106888 0.004751
0.853919 0.106888 0.008314
0.827791 0.108076 0.005938
0.843230 0.108076 0.013064
0.717340 0.109264 0.007126
0.725653 0.109264 0.007126
0.739905 0.109264 0.008314
0.757720 0.109264 0.005938
0.766033 0.109264 0.007126
0.776722 0.109264 0.007126
0.787411 0.109264 0.008314
0.794537 0.109264 0.008314
0.656770 0.110451 0.008314
0.749406 0.110451 0.005938
0.633017 0.111639 0.008314
0.560570 0.112827 0.007126
0.584323 0.112827 0.005938
0.614014 0.112827 0.005938
0.622328 0.112827 0.005938
0.644893 0.112827 0.005938
0.453682 0.114014 0.007126
0.527316 0.114014 0.008314
0.540380 0.114014 0.007126
0.551069 0.114014 0.007126
0.573634 0.114014 0.008314
0.592637 0.114014 0.005938
0.604513 0.114014 0.007126
0.090261 0.115202 0.014252
0.228029 0.115202 0.008314
0.243468 0.115202 0.008314
0.256532 0.115202 0.004751
0.413302 0.115202 0.011876
0.429929 0.115202 0.008314
0.477435 0.115202 0.005938
0.515439 0.115202 0.008314
0.181710 0.116390 0.008314
0.207838 0.116390 0.008314
0.217340 0.116390 0.008314
0.267221 0.116390 0.007126
0.276722 0.116390 0.004751
0.375297 0.116390 0.007126
0.385986 0.116390 0.008314
0.399050 0.116390 0.008314
0.467933 0.116390 0.008314
0.485748 0.116390 0.005938
0.496437 0.116390 0.005938
0.505938 0.116390 0.004751
0.160333 0.117577 0.008314
0.169834 0.117577 0.008314
0.192399 0.117577 0.011876
0.148456 0.118765 0.007126
0.118765 0.119952 0.007126
0.128266 0.119952 0.007126
0.138955 0.119952 0.007126
0.885986 0.123515 0.010689
0.739905 0.124703 0.008314
0.750594 0.124703 0.008314
0.819477 0.124703 0.010689
0.868171 0.124703 0.011876
0.716152 0.125891 0.008314
0.726841 0.125891 0.008314
0.762470 0.125891 0.009501
0.777910 0.125891 0.008314
0.789786 0.125891 0.008314
0.805226 0.125891 0.009501
0.837292 0.125891 0.010689
0.858670 0.125891 0.008314
0.646081 0.129454 0.007126
0.656770 0.129454 0.008314
0.530879 0.130641 0.009501
0.546318 0.130641 0.008314
0.603325 0.130641 0.010689
0.612827 0.130641 0.007126
0.623515 0.130641 0.005938
0.634204 0.130641 0.008314
0.491686 0.131829 0.007126
0.502375 0.131829 0.005938
0.511876 0.131829 0.004751
0.560570 0.131829 0.008314
0.574822 0.131829 0.008314
0.589074 0.131829 0.008314
0.459620 0.133017 0.008314
0.473872 0.133017 0.010689
0.178147 0.134204 0.013064
0.195962 0.134204 0.005938
0.258907 0.134204 0.010689
0.276722 0.134204 0.011876
0.171021 0.135392 0.011876
0.186461 0.135392 0.007126
0.206651 0.135392 0.008314
0.216152 0.135392 0.007126
0.225653 0.135392 0.004751
0.233967 0.135392 0.008314
0.244656 0.135392 0.008314
0.283848 0.135392 0.013064
0.380048 0.135392 0.008314
0.416865 0.135392 0.004751
0.434679 0.135392 0.005938
0.446556 0.135392 0.008314
0.117577 0.136580 0.008314
0.129454 0.136580 0.008314
0.393112 0.136580 0.007126
0.406176 0.136580 0.008314
0.426366 0.136580 0.008314
0.137767 0.137767 0.007126
0.152019 0.137767 0.008314
0.364608 0.137767 0.013064
0.162708 0.138955 0.004751
0.345606 0.138955 0.014252
0.355107 0.138955 0.005938
0.878860 0.143705 0.010689
0.887173 0.143705 0.010689
0.864608 0.144893 0.008314
0.824228 0.146081 0.008314
0.832542 0.146081 0.004751
0.850356 0.146081 0.008314
0.813539 0.147268 0.008314
0.783848 0.148456 0.013064
0.789786 0.148456 0.015439
0.801663 0.148456 0.008314
0.694774 0.149644 0.008314
0.528504 0.150831 0.008314
0.541568 0.150831 0.009501
0.643705 0.150831 0.007126
0.756532 0.150831 0.008314
0.770784 0.150831 0.008314
0.498812 0.152019 0.008314
0.513064 0.152019 0.010689
0.555819 0.152019 0.008314
0.580760 0.152019 0.013064
0.589074 0.152019 0.008314
0.603325 0.152019 0.010689
0.616390 0.152019 0.013064
0.633017 0.152019 0.016627
0.655582 0.152019 0.008314
0.667458 0.152019 0.013064
0.684086 0.152019 0.008314
0.704276 0.152019 0.008314
0.719715 0.152019 0.008314
0.731591 0.152019 0.008314
0.743468 0.152019 0.008314
0.486936 0.153207 0.008314
0.565321 0.153207 0.008314
0.206651 0.154394 0.005938
0.216152 0.154394 0.007126
0.228029 0.154394 0.008314
0.243468 0.154394 0.007126
0.255344 0.154394 0.005938
0.476247 0.154394 0.015439
0.146081 0.155582 0.009501
0.160333 0.155582 0.008314
0.197150 0.155582 0.005938
0.175772 0.156770 0.008314
0.187648 0.156770 0.005938
0.266033 0.156770 0.008314
0.277910 0.156770 0.007126
0.425178 0.156770 0.008314
0.437055 0.156770 0.008314
0.352732 0.157957 0.007126
0.364608 0.157957 0.008314
0.374109 0.157957 0.005938
0.288599 0.159145 0.007126
0.298100 0.159145 0.007126
0.308789 0.159145 0.007126
0.318290 0.159145 0.005938
0.332542 0.159145 0.008314
0.344418 0.159145 0.008314
0.894299 0.162708 0.003563
0.882423 0.166271 0.016627
0.859857 0.167458 0.008314
0.871734 0.167458 0.008314
0.834917 0.168646 0.008314
0.847981 0.168646 0.007126
0.408551 0.169834 0.007126
0.807601 0.171021 0.005938
0.118765 0.172209 0.008314
0.756532 0.172209 0.008314
0.768409 0.172209 0.007126
0.780285 0.172209 0.008314
0.794537 0.172209 0.010689
0.131829 0.173397 0.008314
0.142518 0.173397 0.013064
0.150831 0.173397 0.004751
0.157957 0.173397 0.004751
0.597387 0.173397 0.007126
0.669834 0.173397 0.008314
0.686461 0.173397 0.008314
0.707838 0.173397 0.008314
0.744656 0.173397 0.007126
0.167458 0.174584 0.008314
0.237530 0.174584 0.007126
0.247031 0.174584 0.004751
0.572447 0.174584 0.008314
0.585511 0.174584 0.008314
0.647268 0.174584 0.008314
0.656770 0.174584 0.008314
0.698337 0.174584 0.017815
0.722090 0.174584 0.008314
0.732779 0.174584 0.008314
0.188836 0.175772 0.008314
0.201900 0.175772 0.008314
0.213777 0.175772 0.007126
0.224466 0.175772 0.008314
0.270784 0.175772 0.005938
0.558195 0.175772 0.008314
0.606888 0.175772 0.013064
0.621140 0.175772 0.008314
0.634204 0.175772 0.008314
0.548694 0.176960 0.005938
0.282660 0.178147 0.008314
0.298100 0.178147 0.008314
0.464371 0.178147 0.010689
0.486936 0.178147 0.008314
0.502375 0.178147 0.011876
0.521378 0.178147 0.009501
0.539192 0.178147 0.014252
0.311164 0.179335 0.007126
0.337292 0.179335 0.008314
0.389549 0.179335 0.008314
0.400238 0.179335 0.008314
0.425178 0.179335 0.011876
0.450119 0.179335 0.016627
0.476247 0.179335 0.008314
0.323040 0.180523 0.007126
0.347981 0.180523 0.005938
0.358670 0.180523 0.008314
0.370546 0.180523 0.008314
0.415677 0.180523 0.008314
0.440618 0.180523 0.008314
