0.843230 0.083135 0.013064
0.675772 0.084323 0.016627
0.690024 0.084323 0.004751
0.757720 0.084323 0.008314
0.775534 0.084323 0.008314
0.786223 0.084323 0.004751
0.603325 0.085511 0.004751
0.628266 0.085511 0.007126
0.666271 0.085511 0.008314
0.718527 0.085511 0.013064
0.728029 0.085511 0.008314
0.767221 0.085511 0.004751
0.794537 0.085511 0.004751
0.806413 0.085511 0.008314
0.836105 0.085511 0.011876
0.851544 0.085511 0.004751
0.492874 0.086698 0.008314
0.502375 0.086698 0.008314
0.519002 0.086698 0.008314
0.529691 0.086698 0.008314
0.538005 0.086698 0.005938
0.547506 0.086698 0.004751
0.555819 0.086698 0.005938
0.577197 0.086698 0.008314
0.587886 0.086698 0.005938
0.596200 0.086698 0.004751
0.611639 0.086698 0.005938
0.739905 0.086698 0.008314
0.866983 0.086698 0.005938
0.419240 0.087886 0.004751
0.479810 0.087886 0.008314
0.566508 0.087886 0.007126
0.875297 0.087886 0.004751
0.897862 0.087886 0.010689
0.425178 0.089074 0.009501
0.469121 0.089074 0.007126
0.400238 0.090261 0.007126
0.410926 0.090261 0.005938
0.442993 0.090261 0.010689
0.456057 0.090261 0.008314
0.314727 0.091449 0.004751
0.358670 0.091449 0.008314
0.369359 0.091449 0.005938
0.390736 0.091449 0.007126
0.380048 0.092637 0.008314
0.300475 0.093824 0.007126
0.332542 0.093824 0.007126
0.344418 0.093824 0.008314
0.276722 0.096200 0.010689
0.290974 0.096200 0.008314
0.321853 0.097387 0.005938
0.245843 0.099762 0.005938
0.254157 0.099762 0.005938
0.237530 0.100950 0.007126
0.789786 0.100950 0.004751
0.806413 0.100950 0.007126
0.863420 0.100950 0.004751
0.883610 0.100950 0.008314
0.513064 0.102138 0.008314
0.523753 0.102138 0.008314
0.547506 0.102138 0.008314
0.616390 0.102138 0.007126
0.625891 0.102138 0.005938
0.655582 0.102138 0.004751
0.663895 0.102138 0.004751
0.752969 0.102138 0.007126
0.764846 0.102138 0.008314
0.775534 0.102138 0.004751
0.828979 0.102138 0.008314
0.844418 0.102138 0.007126
0.853919 0.102138 0.005938
0.871734 0.102138 0.008314
0.456057 0.103325 0.007126
0.500000 0.103325 0.008314
0.536817 0.103325 0.004751
0.595012 0.103325 0.008314
0.608076 0.103325 0.008314
0.636580 0.103325 0.007126
0.646081 0.103325 0.007126
0.705463 0.103325 0.005938
0.741093 0.103325 0.004751
0.818290 0.103325 0.005938
0.192399 0.104513 0.008314
0.205463 0.104513 0.008314
0.214964 0.104513 0.007126
0.225653 0.104513 0.007126
0.466746 0.104513 0.007126
0.476247 0.104513 0.008314
0.489311 0.104513 0.007126
0.559382 0.104513 0.007126
0.570071 0.104513 0.008314
0.718527 0.104513 0.008314
0.732779 0.104513 0.008314
0.156770 0.105701 0.005938
0.434679 0.105701 0.005938
0.583135 0.105701 0.010689
0.148456 0.106888 0.004751
0.400238 0.106888 0.009501
0.408551 0.106888 0.010689
0.423990 0.106888 0.008314
0.445368 0.106888 0.007126
0.165083 0.108076 0.008314
0.178147 0.108076 0.008314
0.325416 0.108076 0.005938
0.346793 0.108076 0.007126
0.388361 0.108076 0.005938
0.123515 0.109264 0.008314
0.135392 0.109264 0.010689
0.334917 0.109264 0.007126
0.362233 0.109264 0.008314
0.377672 0.109264 0.008314
0.317102 0.110451 0.007126
0.306413 0.111639 0.007126
0.287411 0.112827 0.007126
0.295724 0.112827 0.004751
0.262470 0.114014 0.004751
0.268409 0.114014 0.004751
0.243468 0.116390 0.008314
0.852732 0.116390 0.009501
0.230404 0.117577 0.008314
0.252969 0.117577 0.007126
0.700713 0.117577 0.008314
0.207838 0.118765 0.005938
0.217340 0.118765 0.004751
0.500000 0.118765 0.008314
0.515439 0.118765 0.009501
0.647268 0.118765 0.011876
0.667458 0.118765 0.008314
0.679335 0.118765 0.007126
0.690024 0.118765 0.008314
0.741093 0.118765 0.008314
0.831354 0.118765 0.008314
0.839667 0.118765 0.004751
0.846793 0.118765 0.004751
0.870546 0.118765 0.004751
0.883610 0.118765 0.010689
0.190024 0.119952 0.008314
0.198337 0.119952 0.004751
0.446556 0.119952 0.010689
0.461995 0.119952 0.008314
0.527316 0.119952 0.013064
0.535629 0.119952 0.007126
0.547506 0.119952 0.008314
0.593824 0.119952 0.004751
0.627078 0.119952 0.010689
0.635392 0.119952 0.005938
0.714964 0.119952 0.008314
0.726841 0.119952 0.007126
0.754157 0.119952 0.008314
0.763658 0.119952 0.005938
0.809976 0.119952 0.008314
0.818290 0.119952 0.008314
0.861045 0.119952 0.005938
0.168646 0.121140 0.005938
0.179335 0.121140 0.005938
0.431116 0.121140 0.008314
0.612827 0.121140 0.007126
0.771971 0.121140 0.013064
0.781473 0.121140 0.013064
0.150831 0.122328 0.011876
0.159145 0.122328 0.004751
0.396675 0.122328 0.007126
0.408551 0.122328 0.005938
0.419240 0.122328 0.008314
0.561758 0.122328 0.008314
0.573634 0.122328 0.005938
0.583135 0.122328 0.007126
0.602138 0.122328 0.008314
0.338480 0.124703 0.007126
0.351544 0.124703 0.008314
0.382423 0.124703 0.010689
0.326603 0.125891 0.008314
0.365796 0.125891 0.010689
0.293349 0.127078 0.008314
0.306413 0.127078 0.010689
0.281473 0.128266 0.013064
0.273159 0.129454 0.008314
0.262470 0.130641 0.007126
0.206651 0.134204 0.007126
0.217340 0.134204 0.008314
0.232779 0.135392 0.008314
0.245843 0.135392 0.010689
0.168646 0.137767 0.008314
0.178147 0.137767 0.005938
0.187648 0.137767 0.008314
0.856295 0.137767 0.007126
0.875297 0.137767 0.004751
0.154394 0.138955 0.007126
0.434679 0.138955 0.004751
0.495249 0.138955 0.008314
0.508314 0.138955 0.007126
0.581948 0.138955 0.008314
0.623515 0.138955 0.010689
0.637767 0.138955 0.010689
0.714964 0.138955 0.005938
0.725653 0.138955 0.008314
0.747031 0.138955 0.008314
0.792162 0.138955 0.011876
0.837292 0.138955 0.004751
0.844418 0.138955 0.011876
0.865796 0.138955 0.008314
0.484561 0.140143 0.008314
0.515439 0.140143 0.013064
0.523753 0.140143 0.013064
0.535629 0.140143 0.008314
0.545131 0.140143 0.007126
0.555819 0.140143 0.007126
0.596200 0.140143 0.005938
0.609264 0.140143 0.008314
0.654394 0.140143 0.011876
0.736342 0.140143 0.008314
0.763658 0.140143 0.008314
0.777910 0.140143 0.009501
0.800475 0.140143 0.004751
0.811164 0.140143 0.008314
0.823040 0.140143 0.010689
0.396675 0.141330 0.011876
0.425178 0.141330 0.007126
0.566508 0.141330 0.010689
0.662708 0.141330 0.016627
0.380048 0.142518 0.008314
0.389549 0.142518 0.010689
0.402613 0.142518 0.008314
0.414489 0.142518 0.008314
0.471496 0.142518 0.008314
0.369359 0.143705 0.007126
0.456057 0.143705 0.011876
0.270784 0.149644 0.005938
0.281473 0.149644 0.007126
0.235154 0.150831 0.005938
0.260095 0.150831 0.008314
0.225653 0.153207 0.008314
0.244656 0.153207 0.008314
0.186461 0.154394 0.008314
0.197150 0.154394 0.008314
0.211401 0.154394 0.008314
0.716152 0.154394 0.008314
0.891924 0.154394 0.014252
0.174584 0.155582 0.008314
0.754157 0.155582 0.008314
0.802850 0.155582 0.004751
0.610451 0.156770 0.007126
0.642518 0.156770 0.011876
0.649644 0.156770 0.004751
0.655582 0.156770 0.004751
0.730404 0.156770 0.008314
0.767221 0.156770 0.008314
0.779097 0.156770 0.008314
0.792162 0.156770 0.007126
0.808789 0.156770 0.011876
0.846793 0.156770 0.008314
0.863420 0.156770 0.008314
0.874109 0.156770 0.010689
0.881235 0.156770 0.004751
0.162708 0.157957 0.008314
0.633017 0.157957 0.008314
0.742280 0.157957 0.008314
0.818290 0.157957 0.008314
0.831354 0.157957 0.008314
0.148456 0.159145 0.008314
0.585511 0.159145 0.008314
0.600950 0.159145 0.008314
0.619952 0.159145 0.008314
0.133017 0.160333 0.008314
0.546318 0.160333 0.004751
0.564133 0.160333 0.008314
0.573634 0.160333 0.008314
0.501188 0.161520 0.008314
0.515439 0.161520 0.008314
0.528504 0.161520 0.008314
0.538005 0.161520 0.005938
0.464371 0.162708 0.008314
0.473872 0.162708 0.008314
0.486936 0.162708 0.008314
0.410926 0.163895 0.008314
0.421615 0.163895 0.008314
0.439430 0.163895 0.008314
0.119952 0.165083 0.010689
0.375297 0.165083 0.013064
0.396675 0.165083 0.008314
0.452494 0.165083 0.007126
0.353919 0.166271 0.008314
0.363420 0.166271 0.008314
0.282660 0.168646 0.010689
0.267221 0.169834 0.008314
0.254157 0.172209 0.008314
0.853919 0.172209 0.008314
0.862233 0.172209 0.004751
0.204276 0.173397 0.007126
0.245843 0.173397 0.005938
0.831354 0.173397 0.004751
0.842043 0.173397 0.007126
0.871734 0.173397 0.005938
0.889549 0.173397 0.005938
0.185273 0.174584 0.007126
0.194774 0.174584 0.007126
0.218527 0.174584 0.009501
0.233967 0.174584 0.008314
0.712589 0.174584 0.004751
0.776722 0.174584 0.003563
0.812352 0.174584 0.007126
0.824228 0.174584 0.008314
0.880048 0.174584 0.004751
0.175772 0.175772 0.010689
0.591449 0.175772 0.011876
0.660333 0.175772 0.008314
0.719715 0.175772 0.005938
0.732779 0.175772 0.008314
0.769596 0.175772 0.005938
0.790974 0.175772 0.008314
0.801663 0.175772 0.007126
0.155582 0.176960 0.010689
0.162708 0.176960 0.010689
0.604513 0.176960 0.008314
0.615202 0.176960 0.005938
0.623515 0.176960 0.010689
0.650831 0.176960 0.008314
0.743468 0.176960 0.004751
0.640143 0.178147 0.008314
0.532067 0.179335 0.007126
0.555819 0.179335 0.008314
0.572447 0.179335 0.008314
0.143705 0.180523 0.009501
0.542755 0.180523 0.008314
0.514252 0.181710 0.014252
0.521378 0.181710 0.008314
0.128266 0.182898 0.008314
0.117577 0.184086 0.007126
0.401425 0.184086 0.010689
0.450119 0.184086 0.005938
0.461995 0.184086 0.008314
0.477435 0.184086 0.009501
0.490499 0.184086 0.008314
0.503563 0.184086 0.008314
0.385986 0.185273 0.010689
0.413302 0.185273 0.005938
0.437055 0.185273 0.009501
0.365796 0.186461 0.008314
0.380048 0.186461 0.011876
0.425178 0.186461 0.008314
0.343230 0.187648 0.008314
0.353919 0.187648 0.005938
0.868171 0.188836 0.005938
0.877672 0.188836 0.004751
0.285036 0.190024 0.015439
0.328979 0.190024 0.008314
0.857482 0.190024 0.008314
0.228029 0.191211 0.005938
0.237530 0.191211 0.005938
0.249406 0.191211 0.007126
0.258907 0.191211 0.007126
0.273159 0.191211 0.009501
0.293349 0.191211 0.013064
0.846793 0.191211 0.008314
0.218527 0.192399 0.007126
0.786223 0.192399 0.011876
0.825416 0.192399 0.005938
0.834917 0.192399 0.004751
0.181710 0.193587 0.004751
0.195962 0.193587 0.007126
0.206651 0.193587 0.008314
0.752969 0.193587 0.007126
0.762470 0.193587 0.008314
0.792162 0.193587 0.011876
0.802850 0.193587 0.008314
0.815914 0.193587 0.008314
0.729216 0.194774 0.010689
0.741093 0.194774 0.007126
0.776722 0.194774 0.007126
0.171021 0.195962 0.008314
0.600950 0.195962 0.011876
0.608076 0.195962 0.004751
0.641330 0.195962 0.005938
0.648456 0.195962 0.004751
0.665083 0.195962 0.007126
0.674584 0.195962 0.004751
0.682898 0.195962 0.011876
0.706651 0.195962 0.007126
0.720903 0.195962 0.011876
0.147268 0.197150 0.008314
0.157957 0.197150 0.007126
0.590261 0.197150 0.008314
0.617577 0.197150 0.013064
0.625891 0.197150 0.013064
0.695962 0.197150 0.008314
0.553444 0.199525 0.007126
0.572447 0.199525 0.013064
0.545131 0.200713 0.013064
0.562945 0.200713 0.007126
0.135392 0.201900 0.008314
0.533254 0.201900 0.007126
0.124703 0.203088 0.004751
0.471496 0.203088 0.011876
0.510689 0.203088 0.010689
0.117577 0.204276 0.010689
0.399050 0.204276 0.008314
0.458432 0.204276 0.009501
0.478622 0.204276 0.013064
0.489311 0.204276 0.008314
0.498812 0.204276 0.005938
0.524941 0.204276 0.011876
0.366983 0.205463 0.008314
0.389549 0.205463 0.007126
0.414489 0.205463 0.007126
0.423990 0.205463 0.005938
0.433492 0.205463 0.008314
0.442993 0.205463 0.008314
0.344418 0.206651 0.008314
0.353919 0.206651 0.008314
0.380048 0.206651 0.007126
0.262470 0.207838 0.008314
0.334917 0.207838 0.007126
0.251781 0.209026 0.004751
0.274347 0.209026 0.007126
0.282660 0.209026 0.004751
0.302850 0.209026 0.014252
0.309976 0.209026 0.013064
0.223278 0.210214 0.005938
0.232779 0.210214 0.005938
0.242280 0.210214 0.008314
0.292162 0.210214 0.007126
0.321853 0.210214 0.008314
0.181710 0.211401 0.004751
0.203088 0.211401 0.007126
0.213777 0.211401 0.005938
0.865796 0.211401 0.005938
0.173397 0.212589 0.005938
0.191211 0.212589 0.008314
0.851544 0.212589 0.013064
0.165083 0.213777 0.005938
0.821853 0.213777 0.015439
0.155582 0.214964 0.010689
0.744656 0.214964 0.004751
0.812352 0.214964 0.007126
0.838480 0.214964 0.008314
0.137767 0.216152 0.008314
0.631829 0.216152 0.004751
0.642518 0.216152 0.008314
0.654394 0.216152 0.007126
0.662708 0.216152 0.008314
0.673397 0.216152 0.008314
0.801663 0.216152 0.008314
0.616390 0.217340 0.013064
0.685273 0.217340 0.007126
0.699525 0.217340 0.008314
0.710214 0.217340 0.005938
0.729216 0.217340 0.014252
0.776722 0.217340 0.008314
0.787411 0.217340 0.008314
0.579572 0.218527 0.008314
0.591449 0.218527 0.008314
0.604513 0.218527 0.008314
0.719715 0.218527 0.008314
0.752969 0.218527 0.008314
0.764846 0.218527 0.008314
0.116390 0.219715 0.005938
0.124703 0.219715 0.005938
0.564133 0.219715 0.008314
0.538005 0.220903 0.008314
0.548694 0.220903 0.008314
0.428741 0.222090 0.005938
0.460808 0.222090 0.005938
0.471496 0.222090 0.008314
0.505938 0.222090 0.008314
0.520190 0.222090 0.010689
0.390736 0.223278 0.007126
0.418052 0.223278 0.008314
0.439430 0.223278 0.007126
0.451306 0.223278 0.007126
0.484561 0.223278 0.008314
0.495249 0.223278 0.008314
0.345606 0.224466 0.004751
0.353919 0.224466 0.005938
0.364608 0.224466 0.008314
0.375297 0.224466 0.008314
0.404988 0.224466 0.008314
0.305226 0.225653 0.004751
0.324228 0.225653 0.008314
0.334917 0.225653 0.008314
0.267221 0.226841 0.008314
0.280285 0.226841 0.011876
0.287411 0.226841 0.005938
0.298100 0.226841 0.008314
0.229216 0.228029 0.004751
0.236342 0.228029 0.013064
0.247031 0.228029 0.007126
0.256532 0.228029 0.004751
0.192399 0.229216 0.005938
0.209026 0.229216 0.007126
0.219715 0.229216 0.007126
0.168646 0.230404 0.008314
0.181710 0.230404 0.008314
0.200713 0.230404 0.014252
0.156770 0.232779 0.008314
0.115202 0.233967 0.011876
0.123515 0.233967 0.004751
0.133017 0.233967 0.007126
0.144893 0.233967 0.008314
