0.665083 0.084323 0.004751
0.774347 0.084323 0.009501
0.597387 0.085511 0.007126
0.606888 0.085511 0.008314
0.616390 0.085511 0.005938
0.624703 0.085511 0.004751
0.637767 0.085511 0.005938
0.647268 0.085511 0.005938
0.655582 0.085511 0.005938
0.672209 0.085511 0.004751
0.695962 0.085511 0.005938
0.712589 0.085511 0.010689
0.732779 0.085511 0.004751
0.743468 0.085511 0.008314
0.754157 0.085511 0.007126
0.764846 0.085511 0.007126
0.787411 0.085511 0.008314
0.798100 0.085511 0.004751
0.808789 0.085511 0.008314
0.817102 0.085511 0.005938
0.855107 0.085511 0.005938
0.871734 0.085511 0.004751
0.878860 0.085511 0.004751
0.887173 0.085511 0.004751
0.894299 0.085511 0.011876
0.570071 0.086698 0.007126
0.581948 0.086698 0.005938
0.590261 0.086698 0.004751
0.685273 0.086698 0.008314
0.723278 0.086698 0.008314
0.837292 0.086698 0.005938
0.845606 0.086698 0.008314
0.864608 0.086698 0.004751
0.477435 0.087886 0.007126
0.486936 0.087886 0.005938
0.530879 0.087886 0.004751
0.548694 0.087886 0.007126
0.558195 0.087886 0.007126
0.827791 0.087886 0.008314
0.451306 0.089074 0.004751
0.458432 0.089074 0.004751
0.465558 0.089074 0.010689
0.514252 0.089074 0.004751
0.521378 0.089074 0.011876
0.393112 0.090261 0.009501
0.419240 0.090261 0.008314
0.431116 0.090261 0.008314
0.441805 0.090261 0.005938
0.504751 0.090261 0.005938
0.538005 0.090261 0.011876
0.361045 0.091449 0.005938
0.407363 0.091449 0.007126
0.495249 0.091449 0.005938
0.206651 0.092637 0.008314
0.293349 0.092637 0.005938
0.301663 0.092637 0.011876
0.342043 0.092637 0.008314
0.351544 0.092637 0.004751
0.370546 0.092637 0.007126
0.381235 0.092637 0.007126
0.191211 0.093824 0.004751
0.198337 0.093824 0.004751
0.218527 0.093824 0.007126
0.229216 0.093824 0.005938
0.238717 0.093824 0.007126
0.249406 0.093824 0.005938
0.258907 0.093824 0.004751
0.267221 0.093824 0.005938
0.277910 0.093824 0.004751
0.285036 0.093824 0.004751
0.318290 0.093824 0.008314
0.330166 0.093824 0.007126
0.173397 0.095012 0.007126
0.182898 0.095012 0.005938
0.150831 0.096200 0.005938
0.142518 0.097387 0.004751
0.128266 0.098575 0.016627
0.134204 0.098575 0.004751
0.162708 0.098575 0.008314
0.659145 0.098575 0.005938
0.669834 0.098575 0.008314
0.676960 0.098575 0.004751
0.686461 0.098575 0.005938
0.118765 0.099762 0.007126
0.638955 0.099762 0.008314
0.648456 0.099762 0.007126
0.695962 0.099762 0.005938
0.744656 0.099762 0.004751
0.773159 0.099762 0.004751
0.781473 0.099762 0.005938
0.851544 0.099762 0.005938
0.862233 0.099762 0.005938
0.706651 0.100950 0.005938
0.717340 0.100950 0.005938
0.726841 0.100950 0.004751
0.733967 0.100950 0.007126
0.752969 0.100950 0.005938
0.763658 0.100950 0.007126
0.792162 0.100950 0.004751
0.805226 0.100950 0.004751
0.815914 0.100950 0.007126
0.834917 0.100950 0.005938
0.844418 0.100950 0.004751
0.617577 0.102138 0.004751
0.627078 0.102138 0.007126
0.826603 0.102138 0.007126
0.884798 0.102138 0.008314
0.546318 0.103325 0.008314
0.581948 0.103325 0.007126
0.590261 0.103325 0.004751
0.599762 0.103325 0.008314
0.610451 0.103325 0.005938
0.870546 0.103325 0.008314
0.453682 0.104513 0.007126
0.472684 0.104513 0.004751
0.488124 0.104513 0.004751
0.513064 0.104513 0.004751
0.521378 0.104513 0.005938
0.532067 0.104513 0.005938
0.554632 0.104513 0.011876
0.562945 0.104513 0.004751
0.571259 0.104513 0.004751
0.271971 0.105701 0.004751
0.396675 0.105701 0.005938
0.406176 0.105701 0.004751
0.413302 0.105701 0.004751
0.421615 0.105701 0.007126
0.431116 0.105701 0.004751
0.437055 0.105701 0.004751
0.463183 0.105701 0.005938
0.497625 0.105701 0.007126
0.248219 0.106888 0.007126
0.260095 0.106888 0.008314
0.280285 0.106888 0.004751
0.289786 0.106888 0.005938
0.298100 0.106888 0.004751
0.306413 0.106888 0.004751
0.332542 0.106888 0.005938
0.349169 0.106888 0.008314
0.388361 0.106888 0.004751
0.216152 0.108076 0.007126
0.229216 0.108076 0.004751
0.239905 0.108076 0.008314
0.314727 0.108076 0.011876
0.321853 0.108076 0.005938
0.342043 0.108076 0.004751
0.361045 0.108076 0.007126
0.372922 0.108076 0.005938
0.382423 0.108076 0.008314
0.193587 0.109264 0.004751
0.199525 0.109264 0.004751
0.159145 0.111639 0.004751
0.174584 0.111639 0.005938
0.182898 0.111639 0.005938
0.138955 0.112827 0.005938
0.148456 0.112827 0.008314
0.714964 0.114014 0.007126
0.736342 0.114014 0.011876
0.652019 0.115202 0.005938
0.680523 0.115202 0.004751
0.687648 0.115202 0.004751
0.698337 0.115202 0.011876
0.726841 0.115202 0.008314
0.743468 0.115202 0.004751
0.750594 0.115202 0.004751
0.757720 0.115202 0.004751
0.777910 0.115202 0.008314
0.641330 0.116390 0.007126
0.669834 0.116390 0.007126
0.705463 0.116390 0.004751
0.766033 0.116390 0.005938
0.787411 0.116390 0.008314
0.823040 0.116390 0.004751
0.828979 0.116390 0.008314
0.839667 0.116390 0.007126
0.849169 0.116390 0.004751
0.859857 0.116390 0.007126
0.868171 0.116390 0.005938
0.878860 0.116390 0.005938
0.887173 0.116390 0.007126
0.617577 0.117577 0.007126
0.628266 0.117577 0.008314
0.660333 0.117577 0.007126
0.806413 0.117577 0.008314
0.815914 0.117577 0.004751
0.899050 0.117577 0.005938
0.129454 0.118765 0.008314
0.572447 0.118765 0.007126
0.606888 0.118765 0.005938
0.121140 0.119952 0.016627
0.438242 0.119952 0.005938
0.459620 0.119952 0.005938
0.469121 0.119952 0.004751
0.478622 0.119952 0.008314
0.530879 0.119952 0.004751
0.538005 0.119952 0.008314
0.548694 0.119952 0.005938
0.557007 0.119952 0.004751
0.583135 0.119952 0.008314
0.598575 0.119952 0.008314
0.268409 0.121140 0.005938
0.277910 0.121140 0.004751
0.287411 0.121140 0.007126
0.351544 0.121140 0.007126
0.362233 0.121140 0.008314
0.394299 0.121140 0.005938
0.419240 0.121140 0.008314
0.427553 0.121140 0.005938
0.448931 0.121140 0.008314
0.489311 0.121140 0.007126
0.497625 0.121140 0.004751
0.505938 0.121140 0.010689
0.521378 0.121140 0.005938
0.233967 0.122328 0.008314
0.248219 0.122328 0.007126
0.257720 0.122328 0.004751
0.296912 0.122328 0.008314
0.326603 0.122328 0.005938
0.334917 0.122328 0.004751
0.342043 0.122328 0.004751
0.376485 0.122328 0.005938
0.385986 0.122328 0.004751
0.402613 0.122328 0.004751
0.410926 0.122328 0.004751
0.191211 0.123515 0.005938
0.199525 0.123515 0.004751
0.206651 0.123515 0.004751
0.305226 0.123515 0.005938
0.317102 0.123515 0.008314
0.182898 0.124703 0.004751
0.213777 0.124703 0.004751
0.140143 0.125891 0.004751
0.223278 0.125891 0.007126
0.124703 0.127078 0.004751
0.131829 0.127078 0.004751
0.148456 0.127078 0.007126
0.161520 0.127078 0.009501
0.174584 0.127078 0.004751
0.659145 0.130641 0.005938
0.668646 0.130641 0.007126
0.706651 0.130641 0.007126
0.754157 0.130641 0.004751
0.845606 0.130641 0.005938
0.855107 0.130641 0.005938
0.863420 0.130641 0.005938
0.872922 0.130641 0.007126
0.881235 0.130641 0.008314
0.718527 0.131829 0.005938
0.725653 0.131829 0.008314
0.736342 0.131829 0.007126
0.745843 0.131829 0.004751
0.767221 0.131829 0.010689
0.782660 0.131829 0.005938
0.793349 0.131829 0.007126
0.807601 0.131829 0.007126
0.817102 0.131829 0.008314
0.831354 0.131829 0.008314
0.603325 0.133017 0.009501
0.621140 0.133017 0.008314
0.640143 0.133017 0.011876
0.648456 0.133017 0.004751
0.485748 0.134204 0.008314
0.541568 0.134204 0.005938
0.554632 0.134204 0.007126
0.578385 0.134204 0.004751
0.589074 0.134204 0.007126
0.250594 0.135392 0.004751
0.267221 0.135392 0.004751
0.275534 0.135392 0.007126
0.285036 0.135392 0.008314
0.445368 0.135392 0.004751
0.452494 0.135392 0.004751
0.463183 0.135392 0.007126
0.472684 0.135392 0.005938
0.502375 0.135392 0.004751
0.510689 0.135392 0.005938
0.522565 0.135392 0.007126
0.533254 0.135392 0.004751
0.565321 0.135392 0.008314
0.230404 0.136580 0.007126
0.241093 0.136580 0.005938
0.257720 0.136580 0.005938
0.337292 0.136580 0.005938
0.346793 0.136580 0.005938
0.355107 0.136580 0.004751
0.362233 0.136580 0.004751
0.383610 0.136580 0.004751
0.421615 0.136580 0.005938
0.433492 0.136580 0.009501
0.494062 0.136580 0.011876
0.198337 0.137767 0.007126
0.209026 0.137767 0.008314
0.220903 0.137767 0.004751
0.369359 0.137767 0.004751
0.375297 0.137767 0.010689
0.390736 0.137767 0.010689
0.413302 0.137767 0.010689
0.186461 0.138955 0.005938
0.402613 0.138955 0.007126
0.159145 0.141330 0.005938
0.167458 0.141330 0.004751
0.176960 0.141330 0.005938
0.143705 0.142518 0.004751
0.150831 0.142518 0.004751
0.128266 0.143705 0.005938
0.870546 0.143705 0.004751
0.877672 0.143705 0.008314
0.135392 0.144893 0.011876
0.717340 0.144893 0.010689
0.790974 0.144893 0.005938
0.798100 0.144893 0.008314
0.863420 0.144893 0.004751
0.117577 0.146081 0.007126
0.737530 0.146081 0.008314
0.777910 0.146081 0.004751
0.807601 0.146081 0.005938
0.815914 0.146081 0.004751
0.827791 0.146081 0.008314
0.836105 0.146081 0.004751
0.843230 0.146081 0.008314
0.855107 0.146081 0.007126
0.726841 0.147268 0.005938
0.756532 0.147268 0.008314
0.767221 0.147268 0.007126
0.657957 0.148456 0.007126
0.471496 0.149644 0.009501
0.587886 0.149644 0.004751
0.616390 0.149644 0.007126
0.627078 0.149644 0.005938
0.637767 0.149644 0.005938
0.647268 0.149644 0.008314
0.480998 0.150831 0.005938
0.491686 0.150831 0.005938
0.498812 0.150831 0.008314
0.511876 0.150831 0.005938
0.540380 0.150831 0.007126
0.566508 0.150831 0.004751
0.595012 0.150831 0.009501
0.608076 0.150831 0.005938
0.282660 0.152019 0.010689
0.448931 0.152019 0.007126
0.458432 0.152019 0.005938
0.529691 0.152019 0.005938
0.555819 0.152019 0.008314
0.574822 0.152019 0.005938
0.219715 0.153207 0.007126
0.231591 0.153207 0.008314
0.244656 0.153207 0.008314
0.255344 0.153207 0.005938
0.266033 0.153207 0.005938
0.275534 0.153207 0.004751
0.337292 0.153207 0.009501
0.350356 0.153207 0.008314
0.361045 0.153207 0.008314
0.419240 0.153207 0.007126
0.431116 0.153207 0.008314
0.520190 0.153207 0.007126
0.182898 0.154394 0.005938
0.209026 0.154394 0.007126
0.369359 0.154394 0.005938
0.380048 0.154394 0.007126
0.401425 0.154394 0.005938
0.409739 0.154394 0.004751
0.173397 0.155582 0.007126
0.197150 0.155582 0.008314
0.389549 0.155582 0.007126
0.162708 0.156770 0.004751
0.875297 0.157957 0.008314
0.884798 0.157957 0.007126
0.127078 0.159145 0.008314
0.141330 0.159145 0.008314
0.843230 0.159145 0.008314
0.859857 0.159145 0.007126
0.868171 0.159145 0.004751
0.116390 0.160333 0.008314
0.775534 0.160333 0.004751
0.793349 0.160333 0.005938
0.801663 0.160333 0.004751
0.807601 0.160333 0.004751
0.823040 0.160333 0.004751
0.833729 0.160333 0.008314
0.710214 0.161520 0.005938
0.719715 0.161520 0.005938
0.728029 0.161520 0.004751
0.736342 0.161520 0.008314
0.745843 0.161520 0.007126
0.762470 0.161520 0.004751
0.783848 0.161520 0.005938
0.814727 0.161520 0.010689
0.755344 0.162708 0.004751
0.586698 0.165083 0.005938
0.615202 0.165083 0.008314
0.625891 0.165083 0.004751
0.646081 0.165083 0.005938
0.655582 0.165083 0.007126
0.264846 0.166271 0.007126
0.283848 0.166271 0.008314
0.534442 0.166271 0.005938
0.558195 0.166271 0.010689
0.567696 0.166271 0.007126
0.577197 0.166271 0.005938
0.597387 0.166271 0.008314
0.635392 0.166271 0.007126
0.245843 0.167458 0.004751
0.254157 0.167458 0.005938
0.275534 0.167458 0.004751
0.447743 0.167458 0.008314
0.472684 0.167458 0.007126
0.483373 0.167458 0.011876
0.490499 0.167458 0.010689
0.501188 0.167458 0.008314
0.513064 0.167458 0.005938
0.522565 0.167458 0.007126
0.543943 0.167458 0.007126
0.552257 0.167458 0.010689
0.226841 0.168646 0.007126
0.238717 0.168646 0.005938
0.378860 0.168646 0.004751
0.394299 0.168646 0.004751
0.403800 0.168646 0.010689
0.409739 0.168646 0.004751
0.420428 0.168646 0.005938
0.431116 0.168646 0.008314
0.459620 0.168646 0.007126
0.216152 0.169834 0.005938
0.338480 0.169834 0.007126
0.349169 0.169834 0.005938
0.369359 0.169834 0.007126
0.384798 0.169834 0.008314
0.165083 0.171021 0.008314
0.175772 0.171021 0.004751
0.185273 0.171021 0.007126
0.194774 0.171021 0.007126
0.206651 0.171021 0.007126
0.358670 0.171021 0.007126
0.148456 0.172209 0.004751
0.861045 0.172209 0.004751
0.877672 0.172209 0.008314
0.885986 0.172209 0.010689
0.155582 0.173397 0.005938
0.845606 0.173397 0.005938
0.853919 0.173397 0.004751
0.130641 0.174584 0.008314
0.140143 0.174584 0.005938
0.793349 0.174584 0.005938
0.827791 0.174584 0.004751
0.837292 0.174584 0.005938
0.115202 0.175772 0.007126
0.754157 0.175772 0.004751
0.762470 0.175772 0.007126
0.801663 0.175772 0.004751
0.818290 0.175772 0.007126
0.781473 0.176960 0.007126
0.808789 0.176960 0.004751
0.653207 0.178147 0.004751
0.704276 0.178147 0.007126
0.714964 0.178147 0.008314
0.723278 0.178147 0.004751
0.730404 0.178147 0.004751
0.737530 0.178147 0.004751
0.745843 0.178147 0.005938
0.773159 0.178147 0.008314
0.631829 0.179335 0.004751
0.262470 0.180523 0.005938
0.279097 0.180523 0.004751
0.579572 0.180523 0.004751
0.614014 0.180523 0.008314
0.623515 0.180523 0.005938
0.523753 0.181710 0.004751
0.586698 0.181710 0.009501
0.600950 0.181710 0.005938
0.241093 0.182898 0.004751
0.249406 0.182898 0.010689
0.286223 0.182898 0.010689
0.331354 0.182898 0.005938
0.342043 0.182898 0.007126
0.448931 0.182898 0.004751
0.456057 0.182898 0.007126
0.469121 0.182898 0.008314
0.478622 0.182898 0.005938
0.488124 0.182898 0.004751
0.509501 0.182898 0.004751
0.530879 0.182898 0.004751
0.538005 0.182898 0.004751
0.546318 0.182898 0.005938
0.570071 0.182898 0.007126
0.216152 0.184086 0.004751
0.224466 0.184086 0.005938
0.233967 0.184086 0.004751
0.350356 0.184086 0.005938
0.359857 0.184086 0.007126
0.371734 0.184086 0.005938
0.381235 0.184086 0.004751
0.388361 0.184086 0.004751
0.404988 0.184086 0.009501
0.418052 0.184086 0.004751
0.438242 0.184086 0.008314
0.501188 0.184086 0.008314
0.558195 0.184086 0.008314
0.206651 0.185273 0.005938
0.395487 0.185273 0.005938
0.426366 0.185273 0.005938
0.161520 0.187648 0.011876
0.192399 0.187648 0.008314
0.861045 0.187648 0.005938
0.870546 0.187648 0.004751
0.882423 0.187648 0.009501
0.889549 0.187648 0.009501
0.129454 0.188836 0.005938
0.154394 0.188836 0.011876
0.171021 0.188836 0.007126
0.182898 0.188836 0.008314
0.840855 0.188836 0.005938
0.112827 0.190024 0.008314
0.119952 0.190024 0.005938
0.137767 0.190024 0.004751
0.146081 0.190024 0.004751
0.825416 0.190024 0.004751
0.849169 0.190024 0.013064
0.796912 0.191211 0.005938
0.806413 0.191211 0.004751
0.668646 0.192399 0.004751
0.766033 0.192399 0.005938
0.775534 0.192399 0.004751
0.789786 0.192399 0.004751
0.649644 0.193587 0.004751
0.660333 0.193587 0.007126
0.675772 0.193587 0.004751
0.682898 0.193587 0.008314
0.717340 0.193587 0.005938
0.728029 0.193587 0.008314
0.739905 0.193587 0.007126
0.749406 0.193587 0.004751
0.756532 0.193587 0.011876
0.782660 0.193587 0.004751
0.578385 0.194774 0.008314
0.631829 0.194774 0.004751
0.641330 0.194774 0.005938
0.695962 0.194774 0.007126
0.706651 0.194774 0.007126
0.488124 0.195962 0.008314
0.500000 0.195962 0.005938
0.508314 0.195962 0.004751
0.515439 0.195962 0.007126
0.587886 0.195962 0.007126
0.600950 0.195962 0.008314
0.614014 0.195962 0.004751
0.622328 0.195962 0.005938
0.260095 0.197150 0.005938
0.270784 0.197150 0.004751
0.283848 0.197150 0.010689
0.293349 0.197150 0.005938
0.300475 0.197150 0.004751
0.327791 0.197150 0.005938
0.336105 0.197150 0.007126
0.347981 0.197150 0.005938
0.358670 0.197150 0.005938
0.365796 0.197150 0.004751
0.391924 0.197150 0.004751
0.400238 0.197150 0.004751
0.414489 0.197150 0.005938
0.448931 0.197150 0.008314
0.463183 0.197150 0.008314
0.476247 0.197150 0.005938
0.526128 0.197150 0.004751
0.538005 0.197150 0.004751
0.548694 0.197150 0.005938
0.557007 0.197150 0.005938
0.566508 0.197150 0.004751
0.249406 0.198337 0.005938
0.319477 0.198337 0.004751
0.372922 0.198337 0.010689
0.381235 0.198337 0.007126
0.426366 0.198337 0.007126
0.437055 0.198337 0.005938
0.212589 0.199525 0.004751
0.220903 0.199525 0.004751
0.229216 0.199525 0.005938
0.239905 0.199525 0.005938
0.142518 0.200713 0.003563
0.114014 0.203088 0.007126
0.124703 0.203088 0.008314
0.136580 0.203088 0.004751
0.178147 0.203088 0.005938
0.188836 0.203088 0.005938
0.198337 0.203088 0.004751
0.838480 0.203088 0.004751
0.872922 0.203088 0.010689
0.880048 0.203088 0.011876
0.149644 0.204276 0.005938
0.157957 0.204276 0.004751
0.165083 0.204276 0.008314
0.865796 0.204276 0.004751
0.888361 0.204276 0.011876
0.806413 0.205463 0.008314
0.849169 0.205463 0.007126
0.857482 0.205463 0.005938
0.814727 0.206651 0.011876
0.821853 0.206651 0.004751
0.644893 0.207838 0.007126
0.733967 0.207838 0.008314
0.745843 0.207838 0.007126
0.767221 0.207838 0.007126
0.776722 0.207838 0.005938
0.786223 0.207838 0.005938
0.795724 0.207838 0.008314
0.830166 0.207838 0.004751
0.565321 0.209026 0.007126
0.573634 0.209026 0.007126
0.584323 0.209026 0.004751
0.621140 0.209026 0.008314
0.631829 0.209026 0.007126
0.663895 0.209026 0.011876
0.672209 0.209026 0.009501
0.684086 0.209026 0.008314
0.694774 0.209026 0.004751
0.704276 0.209026 0.007126
0.714964 0.209026 0.007126
0.723278 0.209026 0.004751
0.756532 0.209026 0.004751
0.445368 0.210214 0.005938
0.456057 0.210214 0.007126
0.467933 0.210214 0.007126
0.476247 0.210214 0.004751
0.483373 0.210214 0.004751
0.492874 0.210214 0.005938
0.508314 0.210214 0.004751
0.519002 0.210214 0.007126
0.529691 0.210214 0.005938
0.540380 0.210214 0.007126
0.553444 0.210214 0.007126
0.596200 0.210214 0.008314
0.604513 0.210214 0.004751
0.657957 0.210214 0.009501
0.281473 0.211401 0.005938
0.437055 0.211401 0.011876
0.501188 0.211401 0.004751
0.228029 0.212589 0.009501
0.273159 0.212589 0.004751
0.298100 0.212589 0.007126
0.308789 0.212589 0.008314
0.321853 0.212589 0.007126
0.334917 0.212589 0.010689
0.343230 0.212589 0.010689
0.383610 0.212589 0.004751
0.399050 0.212589 0.005938
0.408551 0.212589 0.007126
0.420428 0.212589 0.008314
0.428741 0.212589 0.004751
0.237530 0.213777 0.005938
0.247031 0.213777 0.004751
0.264846 0.213777 0.005938
0.358670 0.213777 0.007126
0.368171 0.213777 0.004751
0.375297 0.213777 0.004751
0.390736 0.213777 0.004751
0.255344 0.214964 0.005938
0.180523 0.217340 0.008314
0.190024 0.217340 0.007126
0.200713 0.217340 0.005938
0.213777 0.217340 0.007126
0.111639 0.218527 0.007126
0.121140 0.218527 0.005938
0.131829 0.218527 0.005938
0.142518 0.218527 0.005938
0.150831 0.218527 0.004751
0.161520 0.219715 0.008314
0.862233 0.219715 0.004751
0.812352 0.220903 0.007126
0.853919 0.220903 0.005938
0.730404 0.222090 0.007126
0.744656 0.222090 0.010689
0.751781 0.222090 0.004751
0.800475 0.222090 0.008314
0.823040 0.222090 0.004751
0.834917 0.222090 0.008314
0.843230 0.222090 0.008314
0.619952 0.223278 0.004751
0.717340 0.223278 0.008314
0.514252 0.224466 0.005938
0.530879 0.224466 0.004751
0.581948 0.224466 0.005938
0.591449 0.224466 0.005938
0.599762 0.224466 0.008314
0.610451 0.224466 0.005938
0.638955 0.224466 0.007126
0.649644 0.224466 0.005938
0.669834 0.224466 0.005938
0.678147 0.224466 0.010689
0.491686 0.225653 0.008314
0.503563 0.225653 0.008314
0.523753 0.225653 0.005938
0.564133 0.225653 0.005938
0.573634 0.225653 0.013064
0.629454 0.225653 0.008314
0.659145 0.225653 0.005938
0.692399 0.225653 0.005938
0.706651 0.225653 0.008314
0.395487 0.226841 0.004751
0.448931 0.226841 0.007126
0.458432 0.226841 0.005938
0.466746 0.226841 0.004751
0.473872 0.226841 0.010689
0.553444 0.226841 0.010689
0.271971 0.228029 0.005938
0.282660 0.228029 0.010689
0.298100 0.228029 0.007126
0.308789 0.228029 0.008314
0.344418 0.228029 0.005938
0.355107 0.228029 0.004751
0.403800 0.228029 0.005938
0.412114 0.228029 0.004751
0.425178 0.228029 0.008314
0.438242 0.228029 0.008314
0.229216 0.229216 0.008314
0.336105 0.229216 0.008314
0.363420 0.229216 0.005938
0.372922 0.229216 0.005938
0.382423 0.229216 0.008314
0.130641 0.230404 0.005938
0.210214 0.230404 0.004751
0.217340 0.230404 0.005938
0.237530 0.230404 0.004751
0.244656 0.230404 0.004751
0.262470 0.230404 0.008314
0.325416 0.230404 0.008314
0.199525 0.231591 0.008314
0.122328 0.232779 0.005938
0.142518 0.232779 0.008314
0.154394 0.232779 0.005938
0.162708 0.232779 0.004751
0.181710 0.232779 0.005938
0.110451 0.233967 0.008314
0.169834 0.233967 0.010689
0.190024 0.233967 0.008314
