0.640143 0.089074 0.004751
0.648456 0.089074 0.004751
0.676960 0.089074 0.004751
0.692399 0.089074 0.004751
0.720903 0.089074 0.004751
0.728029 0.089074 0.010689
0.532067 0.090261 0.004751
0.542755 0.090261 0.008314
0.555819 0.090261 0.007126
0.568884 0.090261 0.008314
0.579572 0.090261 0.005938
0.587886 0.090261 0.004751
0.611639 0.090261 0.008314
0.621140 0.090261 0.005938
0.630641 0.090261 0.005938
0.656770 0.090261 0.005938
0.667458 0.090261 0.007126
0.682898 0.090261 0.010689
0.699525 0.090261 0.005938
0.711401 0.090261 0.008314
0.739905 0.090261 0.005938
0.750594 0.090261 0.008314
0.777910 0.090261 0.008314
0.790974 0.090261 0.008314
0.804038 0.090261 0.005938
0.812352 0.090261 0.007126
0.842043 0.090261 0.005938
0.853919 0.090261 0.008314
0.473872 0.091449 0.007126
0.501188 0.091449 0.007126
0.511876 0.091449 0.005938
0.520190 0.091449 0.008314
0.598575 0.091449 0.008314
0.764846 0.091449 0.008314
0.823040 0.091449 0.008314
0.864608 0.091449 0.004751
0.871734 0.091449 0.004751
0.878860 0.091449 0.010689
0.415677 0.092637 0.007126
0.438242 0.092637 0.008314
0.452494 0.092637 0.008314
0.463183 0.092637 0.005938
0.483373 0.092637 0.005938
0.491686 0.092637 0.004751
0.832542 0.092637 0.008314
0.333729 0.093824 0.008314
0.365796 0.093824 0.008314
0.377672 0.093824 0.007126
0.388361 0.093824 0.005938
0.395487 0.093824 0.008314
0.404988 0.093824 0.007126
0.427553 0.093824 0.008314
0.323040 0.096200 0.007126
0.304038 0.097387 0.013064
0.294537 0.098575 0.005938
0.228029 0.099762 0.007126
0.239905 0.099762 0.007126
0.252969 0.099762 0.008314
0.266033 0.099762 0.007126
0.276722 0.099762 0.007126
0.286223 0.099762 0.008314
0.217340 0.100950 0.007126
0.199525 0.102138 0.008314
0.209026 0.102138 0.004751
0.693587 0.103325 0.005938
0.705463 0.103325 0.005938
0.162708 0.104513 0.008314
0.174584 0.104513 0.008314
0.186461 0.104513 0.008314
0.661520 0.104513 0.007126
0.672209 0.104513 0.005938
0.716152 0.104513 0.007126
0.624703 0.105701 0.005938
0.633017 0.105701 0.004751
0.641330 0.105701 0.004751
0.649644 0.105701 0.007126
0.680523 0.105701 0.009501
0.780285 0.105701 0.005938
0.811164 0.105701 0.005938
0.832542 0.105701 0.004751
0.143705 0.106888 0.008314
0.153207 0.106888 0.004751
0.559382 0.106888 0.008314
0.574822 0.106888 0.008314
0.585511 0.106888 0.007126
0.596200 0.106888 0.004751
0.616390 0.106888 0.005938
0.731591 0.106888 0.008314
0.741093 0.106888 0.010689
0.755344 0.106888 0.005938
0.764846 0.106888 0.005938
0.792162 0.106888 0.008314
0.801663 0.106888 0.007126
0.820665 0.106888 0.004751
0.842043 0.106888 0.008314
0.876485 0.106888 0.004751
0.503563 0.108076 0.004751
0.523753 0.108076 0.008314
0.533254 0.108076 0.008314
0.543943 0.108076 0.005938
0.605701 0.108076 0.007126
0.855107 0.108076 0.008314
0.868171 0.108076 0.011876
0.129454 0.109264 0.008314
0.432304 0.109264 0.011876
0.439430 0.109264 0.010689
0.476247 0.109264 0.010689
0.490499 0.109264 0.010689
0.509501 0.109264 0.008314
0.347981 0.110451 0.011876
0.355107 0.110451 0.008314
0.377672 0.110451 0.005938
0.388361 0.110451 0.005938
0.401425 0.110451 0.008314
0.410926 0.110451 0.007126
0.421615 0.110451 0.005938
0.365796 0.111639 0.008314
0.452494 0.111639 0.008314
0.465558 0.111639 0.008314
0.298100 0.112827 0.004751
0.319477 0.112827 0.009501
0.336105 0.112827 0.008314
0.705463 0.114014 0.007126
0.280285 0.115202 0.005938
0.288599 0.115202 0.007126
0.209026 0.116390 0.008314
0.217340 0.116390 0.004751
0.236342 0.116390 0.007126
0.248219 0.116390 0.008314
0.270784 0.116390 0.005938
0.225653 0.117577 0.008314
0.260095 0.117577 0.007126
0.186461 0.118765 0.004751
0.194774 0.118765 0.010689
0.175772 0.119952 0.007126
0.666271 0.119952 0.008314
0.881235 0.119952 0.008314
0.631829 0.121140 0.008314
0.678147 0.121140 0.008314
0.756532 0.121140 0.008314
0.774347 0.121140 0.004751
0.783848 0.121140 0.011876
0.790974 0.121140 0.010689
0.802850 0.121140 0.008314
0.814727 0.121140 0.004751
0.834917 0.121140 0.007126
0.149644 0.122328 0.010689
0.166271 0.122328 0.008314
0.622328 0.122328 0.008314
0.686461 0.122328 0.004751
0.694774 0.122328 0.005938
0.726841 0.122328 0.005938
0.736342 0.122328 0.007126
0.766033 0.122328 0.005938
0.821853 0.122328 0.010689
0.844418 0.122328 0.008314
0.127078 0.123515 0.008314
0.137767 0.123515 0.007126
0.546318 0.123515 0.008314
0.586698 0.123515 0.010689
0.704276 0.123515 0.005938
0.716152 0.123515 0.008314
0.495249 0.124703 0.007126
0.507126 0.124703 0.007126
0.522565 0.124703 0.008314
0.534442 0.124703 0.008314
0.580760 0.124703 0.004751
0.401425 0.125891 0.008314
0.447743 0.125891 0.007126
0.461995 0.125891 0.007126
0.472684 0.125891 0.007126
0.484561 0.125891 0.008314
0.111639 0.127078 0.009501
0.344418 0.127078 0.008314
0.355107 0.127078 0.005938
0.364608 0.127078 0.007126
0.418052 0.127078 0.005938
0.426366 0.127078 0.005938
0.437055 0.127078 0.005938
0.313539 0.128266 0.005938
0.321853 0.128266 0.007126
0.332542 0.128266 0.004751
0.298100 0.129454 0.008314
0.279097 0.130641 0.008314
0.287411 0.130641 0.005938
0.254157 0.131829 0.007126
0.268409 0.131829 0.007126
0.210214 0.133017 0.004751
0.220903 0.133017 0.007126
0.231591 0.133017 0.007126
0.242280 0.133017 0.007126
0.200713 0.134204 0.005938
0.885986 0.134204 0.009501
0.192399 0.135392 0.007126
0.713777 0.135392 0.007126
0.868171 0.135392 0.004751
0.165083 0.136580 0.008314
0.176960 0.136580 0.007126
0.458432 0.136580 0.005938
0.647268 0.136580 0.008314
0.653207 0.136580 0.003563
0.659145 0.136580 0.004751
0.668646 0.136580 0.007126
0.725653 0.136580 0.005938
0.744656 0.136580 0.008314
0.808789 0.136580 0.007126
0.819477 0.136580 0.005938
0.827791 0.136580 0.005938
0.838480 0.136580 0.008314
0.861045 0.136580 0.004751
0.143705 0.137767 0.005938
0.152019 0.137767 0.007126
0.590261 0.137767 0.007126
0.636580 0.137767 0.007126
0.735154 0.137767 0.005938
0.764846 0.137767 0.008314
0.776722 0.137767 0.008314
0.794537 0.137767 0.007126
0.852732 0.137767 0.005938
0.135392 0.138955 0.004751
0.579572 0.138955 0.008314
0.610451 0.138955 0.008314
0.624703 0.138955 0.008314
0.124703 0.140143 0.007126
0.448931 0.140143 0.005938
0.494062 0.140143 0.008314
0.511876 0.140143 0.004751
0.529691 0.140143 0.007126
0.545131 0.140143 0.008314
0.557007 0.140143 0.007126
0.599762 0.140143 0.008314
0.412114 0.141330 0.008314
0.425178 0.141330 0.008314
0.439430 0.141330 0.007126
0.477435 0.141330 0.008314
0.503563 0.141330 0.013064
0.520190 0.141330 0.005938
0.568884 0.141330 0.005938
0.358670 0.142518 0.005938
0.366983 0.142518 0.005938
0.351544 0.143705 0.010689
0.375297 0.143705 0.005938
0.286223 0.144893 0.005938
0.274347 0.146081 0.008314
0.247031 0.147268 0.007126
0.257720 0.147268 0.005938
0.267221 0.147268 0.004751
0.237530 0.148456 0.007126
0.210214 0.149644 0.008314
0.218527 0.149644 0.004751
0.226841 0.149644 0.008314
0.184086 0.150831 0.008314
0.199525 0.150831 0.008314
0.716152 0.150831 0.008314
0.864608 0.150831 0.004751
0.870546 0.150831 0.008314
0.880048 0.150831 0.008314
0.124703 0.152019 0.011876
0.153207 0.152019 0.008314
0.166271 0.152019 0.008314
0.725653 0.152019 0.004751
0.731591 0.152019 0.004751
0.741093 0.152019 0.007126
0.750594 0.152019 0.005938
0.758907 0.152019 0.004751
0.770784 0.152019 0.008314
0.780285 0.152019 0.007126
0.792162 0.152019 0.008314
0.801663 0.152019 0.004751
0.808789 0.152019 0.004751
0.844418 0.152019 0.008314
0.856295 0.152019 0.007126
0.663895 0.153207 0.008314
0.825416 0.153207 0.007126
0.834917 0.153207 0.005938
0.143705 0.154394 0.010689
0.589074 0.154394 0.004751
0.623515 0.154394 0.005938
0.642518 0.154394 0.008314
0.653207 0.154394 0.008314
0.534442 0.155582 0.011876
0.549881 0.155582 0.010689
0.557007 0.155582 0.005938
0.565321 0.155582 0.008314
0.576010 0.155582 0.004751
0.615202 0.155582 0.007126
0.514252 0.156770 0.007126
0.524941 0.156770 0.005938
0.599762 0.156770 0.009501
0.433492 0.157957 0.008314
0.451306 0.157957 0.008314
0.463183 0.157957 0.005938
0.389549 0.159145 0.004751
0.380048 0.160333 0.007126
0.286223 0.162708 0.008314
0.276722 0.163895 0.007126
0.254157 0.165083 0.005938
0.263658 0.165083 0.008314
0.204276 0.166271 0.008314
0.214964 0.166271 0.008314
0.226841 0.166271 0.007126
0.242280 0.166271 0.008314
0.864608 0.166271 0.007126
0.875297 0.166271 0.004751
0.882423 0.166271 0.010689
0.179335 0.167458 0.005938
0.191211 0.167458 0.008314
0.737530 0.167458 0.004751
0.763658 0.167458 0.013064
0.781473 0.167458 0.008314
0.809976 0.167458 0.008314
0.842043 0.167458 0.007126
0.157957 0.168646 0.007126
0.171021 0.168646 0.008314
0.711401 0.168646 0.009501
0.723278 0.168646 0.005938
0.731591 0.168646 0.004751
0.745843 0.168646 0.010689
0.755344 0.168646 0.005938
0.771971 0.168646 0.011876
0.792162 0.168646 0.008314
0.799287 0.168646 0.004751
0.820665 0.168646 0.007126
0.831354 0.168646 0.007126
0.852732 0.168646 0.007126
0.144893 0.169834 0.008314
0.663895 0.169834 0.008314
0.137767 0.171021 0.008314
0.634204 0.172209 0.013064
0.643705 0.172209 0.005938
0.653207 0.172209 0.007126
0.478622 0.173397 0.005938
0.554632 0.173397 0.007126
0.611639 0.173397 0.005938
0.625891 0.173397 0.011876
0.490499 0.174584 0.004751
0.511876 0.174584 0.005938
0.521378 0.174584 0.005938
0.565321 0.174584 0.008314
0.592637 0.174584 0.011876
0.600950 0.174584 0.005938
0.422803 0.175772 0.008314
0.433492 0.175772 0.008314
0.456057 0.175772 0.005938
0.578385 0.175772 0.008314
0.412114 0.176960 0.007126
0.441805 0.176960 0.011876
0.384798 0.178147 0.004751
0.402613 0.178147 0.007126
0.270784 0.179335 0.005938
0.286223 0.179335 0.010689
0.230404 0.180523 0.010689
0.250594 0.180523 0.008314
0.279097 0.180523 0.004751
0.206651 0.182898 0.008314
0.872922 0.182898 0.007126
0.192399 0.184086 0.008314
0.219715 0.184086 0.008314
0.739905 0.184086 0.008314
0.788599 0.184086 0.007126
0.852732 0.184086 0.007126
0.882423 0.184086 0.013064
0.889549 0.184086 0.013064
0.157957 0.185273 0.004751
0.166271 0.185273 0.007126
0.175772 0.185273 0.011876
0.718527 0.185273 0.007126
0.729216 0.185273 0.005938
0.843230 0.185273 0.007126
0.862233 0.185273 0.008314
0.148456 0.186461 0.013064
0.705463 0.186461 0.009501
0.752969 0.186461 0.010689
0.769596 0.186461 0.008314
0.780285 0.186461 0.007126
0.799287 0.186461 0.008314
0.820665 0.186461 0.007126
0.831354 0.186461 0.008314
0.134204 0.187648 0.004751
0.140143 0.187648 0.004751
0.811164 0.187648 0.007126
0.646081 0.188836 0.007126
0.661520 0.188836 0.008314
0.669834 0.188836 0.013064
0.678147 0.188836 0.005938
0.617577 0.190024 0.008314
0.528504 0.191211 0.007126
0.539192 0.191211 0.005938
0.548694 0.191211 0.007126
0.564133 0.191211 0.008314
0.574822 0.191211 0.005938
0.600950 0.191211 0.010689
0.606888 0.191211 0.008314
0.441805 0.192399 0.004751
0.515439 0.192399 0.008314
0.584323 0.192399 0.008314
0.429929 0.193587 0.007126
0.458432 0.193587 0.007126
0.290974 0.194774 0.010689
0.331354 0.194774 0.005938
0.339667 0.194774 0.004751
0.357482 0.194774 0.008314
0.283848 0.195962 0.004751
0.347981 0.195962 0.013064
0.393112 0.195962 0.005938
0.406176 0.195962 0.007126
0.415677 0.195962 0.005938
0.260095 0.197150 0.010689
0.274347 0.197150 0.005938
0.368171 0.197150 0.005938
0.376485 0.197150 0.004751
0.237530 0.198337 0.005938
0.247031 0.198337 0.008314
0.210214 0.199525 0.010689
0.228029 0.199525 0.007126
0.154394 0.200713 0.005938
0.163895 0.200713 0.005938
0.173397 0.200713 0.008314
0.185273 0.200713 0.005938
0.195962 0.200713 0.009501
0.821853 0.200713 0.005938
0.832542 0.200713 0.007126
0.134204 0.201900 0.007126
0.143705 0.201900 0.007126
0.736342 0.201900 0.004751
0.744656 0.201900 0.005938
0.752969 0.201900 0.007126
0.777910 0.201900 0.008314
0.726841 0.203088 0.008314
0.763658 0.203088 0.008314
0.641330 0.204276 0.005938
0.690024 0.204276 0.008314
0.699525 0.204276 0.005938
0.713777 0.204276 0.008314
0.769596 0.204276 0.010689
0.621140 0.205463 0.007126
0.649644 0.205463 0.005938
0.657957 0.205463 0.004751
0.667458 0.205463 0.005938
0.679335 0.205463 0.008314
0.598575 0.206651 0.005938
0.608076 0.206651 0.007126
0.631829 0.206651 0.008314
0.517815 0.207838 0.005938
0.527316 0.207838 0.005938
0.538005 0.207838 0.007126
0.587886 0.207838 0.005938
0.448931 0.209026 0.008314
0.460808 0.209026 0.008314
0.508314 0.209026 0.005938
0.574822 0.209026 0.008314
0.289786 0.210214 0.005938
0.299287 0.210214 0.004751
0.315914 0.210214 0.007126
0.422803 0.210214 0.005938
0.549881 0.210214 0.005938
0.307601 0.211401 0.005938
0.326603 0.211401 0.007126
0.371734 0.211401 0.010689
0.380048 0.211401 0.011876
0.431116 0.211401 0.007126
0.345606 0.212589 0.007126
0.353919 0.212589 0.005938
0.364608 0.212589 0.004751
0.399050 0.212589 0.007126
0.881235 0.212589 0.019002
0.888361 0.212589 0.013064
0.844418 0.213777 0.009501
0.857482 0.213777 0.008314
0.868171 0.213777 0.008314
0.210214 0.214964 0.008314
0.159145 0.216152 0.007126
0.186461 0.216152 0.008314
0.199525 0.216152 0.007126
0.805226 0.216152 0.007126
0.817102 0.216152 0.008314
0.830166 0.216152 0.008314
0.137767 0.217340 0.005938
0.147268 0.217340 0.008314
0.171021 0.217340 0.008314
0.748219 0.217340 0.005938
0.758907 0.217340 0.008314
0.769596 0.218527 0.007126
0.781473 0.218527 0.008314
0.794537 0.218527 0.008314
0.699525 0.219715 0.005938
0.714964 0.219715 0.010689
0.726841 0.219715 0.008314
0.738717 0.219715 0.008314
0.605701 0.220903 0.005938
0.629454 0.220903 0.005938
0.640143 0.220903 0.005938
0.649644 0.220903 0.007126
0.660333 0.220903 0.007126
0.682898 0.220903 0.008314
0.690024 0.220903 0.005938
0.498812 0.222090 0.008314
0.596200 0.222090 0.005938
0.619952 0.222090 0.008314
0.671021 0.222090 0.008314
0.540380 0.223278 0.008314
0.573634 0.223278 0.007126
0.586698 0.223278 0.008314
0.446556 0.224466 0.008314
0.325416 0.225653 0.007126
0.420428 0.225653 0.007126
0.258907 0.226841 0.007126
0.280285 0.226841 0.008314
0.290974 0.226841 0.004751
0.306413 0.226841 0.008314
0.336105 0.226841 0.008314
0.349169 0.226841 0.007126
0.358670 0.226841 0.007126
0.368171 0.226841 0.005938
0.377672 0.226841 0.005938
0.433492 0.226841 0.008314
0.268409 0.228029 0.007126
0.390736 0.228029 0.008314
0.235154 0.229216 0.008314
0.247031 0.229216 0.008314
0.159145 0.230404 0.011876
0.188836 0.230404 0.007126
0.200713 0.230404 0.008314
0.209026 0.230404 0.005938
0.219715 0.230404 0.008314
0.138955 0.231591 0.008314
0.150831 0.231591 0.008314
0.173397 0.231591 0.008314
