0.825416 0.077197 0.008314
0.836105 0.077197 0.005938
0.847981 0.077197 0.008314
0.880048 0.077197 0.008314
0.800475 0.078385 0.008314
0.815914 0.078385 0.008314
0.870546 0.078385 0.007126
0.783848 0.079572 0.008314
0.857482 0.079572 0.007126
0.756532 0.080760 0.013064
0.763658 0.080760 0.004751
0.774347 0.080760 0.007126
0.694774 0.081948 0.008314
0.736342 0.081948 0.008314
0.747031 0.081948 0.007126
0.571259 0.083135 0.008314
0.583135 0.083135 0.007126
0.606888 0.083135 0.008314
0.618765 0.083135 0.007126
0.629454 0.083135 0.007126
0.640143 0.083135 0.004751
0.649644 0.083135 0.005938
0.705463 0.083135 0.004751
0.484561 0.084323 0.010689
0.514252 0.084323 0.007126
0.552257 0.084323 0.007126
0.561758 0.084323 0.005938
0.712589 0.084323 0.005938
0.467933 0.085511 0.008314
0.491686 0.085511 0.010689
0.503563 0.085511 0.004751
0.539192 0.085511 0.010689
0.593824 0.085511 0.008314
0.439430 0.086698 0.008314
0.454869 0.086698 0.008314
0.523753 0.086698 0.008314
0.414489 0.087886 0.013064
0.427553 0.087886 0.008314
0.385986 0.090261 0.008314
0.397862 0.090261 0.004751
0.243468 0.091449 0.004751
0.337292 0.091449 0.007126
0.877672 0.091449 0.007126
0.210214 0.092637 0.008314
0.224466 0.092637 0.004751
0.349169 0.092637 0.007126
0.825416 0.092637 0.007126
0.836105 0.092637 0.005938
0.851544 0.092637 0.004751
0.862233 0.092637 0.008314
0.868171 0.092637 0.004751
0.199525 0.093824 0.007126
0.233967 0.093824 0.008314
0.359857 0.093824 0.008314
0.372922 0.093824 0.008314
0.795724 0.093824 0.005938
0.805226 0.093824 0.005938
0.813539 0.093824 0.008314
0.844418 0.093824 0.005938
0.185273 0.095012 0.008314
0.786223 0.095012 0.008314
0.774347 0.096200 0.008314
0.173397 0.097387 0.008314
0.611639 0.097387 0.004751
0.637767 0.097387 0.008314
0.666271 0.097387 0.004751
0.680523 0.097387 0.008314
0.711401 0.097387 0.011876
0.718527 0.097387 0.007126
0.729216 0.097387 0.008314
0.737530 0.097387 0.004751
0.747031 0.097387 0.005938
0.756532 0.097387 0.005938
0.764846 0.097387 0.004751
0.160333 0.098575 0.007126
0.648456 0.098575 0.004751
0.701900 0.098575 0.007126
0.583135 0.099762 0.008314
0.595012 0.099762 0.007126
0.603325 0.099762 0.004751
0.628266 0.099762 0.005938
0.507126 0.100950 0.005938
0.539192 0.100950 0.007126
0.548694 0.100950 0.005938
0.558195 0.100950 0.008314
0.571259 0.100950 0.008314
0.489311 0.102138 0.007126
0.500000 0.102138 0.004751
0.519002 0.102138 0.007126
0.529691 0.102138 0.005938
0.459620 0.103325 0.008314
0.479810 0.103325 0.004751
0.404988 0.104513 0.004751
0.435867 0.104513 0.008314
0.447743 0.104513 0.007126
0.470309 0.104513 0.007126
0.385986 0.105701 0.004751
0.395487 0.105701 0.005938
0.426366 0.105701 0.007126
0.309976 0.106888 0.004751
0.345606 0.106888 0.005938
0.356295 0.106888 0.005938
0.376485 0.106888 0.007126
0.413302 0.106888 0.008314
0.242280 0.108076 0.005938
0.250594 0.108076 0.008314
0.262470 0.108076 0.005938
0.319477 0.108076 0.005938
0.327791 0.108076 0.013064
0.336105 0.108076 0.004751
0.364608 0.108076 0.008314
0.806413 0.108076 0.009501
0.812352 0.108076 0.010689
0.850356 0.108076 0.008314
0.874109 0.108076 0.008314
0.216152 0.109264 0.009501
0.229216 0.109264 0.008314
0.830166 0.109264 0.008314
0.838480 0.109264 0.004751
0.862233 0.109264 0.010689
0.193587 0.110451 0.008314
0.205463 0.110451 0.007126
0.186461 0.111639 0.005938
0.611639 0.111639 0.008314
0.660333 0.111639 0.005938
0.781473 0.111639 0.007126
0.790974 0.111639 0.004751
0.175772 0.112827 0.007126
0.593824 0.112827 0.004751
0.644893 0.112827 0.008314
0.652019 0.112827 0.004751
0.669834 0.112827 0.005938
0.687648 0.112827 0.004751
0.705463 0.112827 0.007126
0.758907 0.112827 0.004751
0.769596 0.112827 0.007126
0.571259 0.114014 0.008314
0.585511 0.114014 0.005938
0.619952 0.114014 0.005938
0.634204 0.114014 0.004751
0.678147 0.114014 0.007126
0.695962 0.114014 0.007126
0.716152 0.114014 0.005938
0.726841 0.114014 0.005938
0.737530 0.114014 0.008314
0.748219 0.114014 0.004751
0.162708 0.115202 0.008314
0.547506 0.115202 0.007126
0.558195 0.115202 0.007126
0.508314 0.117577 0.009501
0.535629 0.117577 0.007126
0.129454 0.118765 0.008314
0.141330 0.118765 0.005938
0.150831 0.118765 0.008314
0.472684 0.118765 0.005938
0.495249 0.118765 0.007126
0.524941 0.118765 0.008314
0.407363 0.119952 0.004751
0.450119 0.119952 0.007126
0.461995 0.119952 0.007126
0.485748 0.119952 0.008314
0.306413 0.121140 0.005938
0.380048 0.121140 0.011876
0.388361 0.121140 0.013064
0.396675 0.121140 0.005938
0.416865 0.121140 0.005938
0.427553 0.121140 0.005938
0.438242 0.121140 0.007126
0.294537 0.122328 0.007126
0.331354 0.122328 0.004751
0.339667 0.122328 0.007126
0.371734 0.122328 0.004751
0.881235 0.122328 0.008314
0.241093 0.123515 0.008314
0.264846 0.123515 0.005938
0.274347 0.123515 0.008314
0.285036 0.123515 0.005938
0.324228 0.123515 0.005938
0.352732 0.123515 0.007126
0.363420 0.123515 0.008314
0.870546 0.123515 0.004751
0.230404 0.124703 0.008314
0.254157 0.124703 0.008314
0.846793 0.124703 0.008314
0.859857 0.124703 0.008314
0.836105 0.125891 0.004751
0.209026 0.127078 0.005938
0.662708 0.127078 0.007126
0.804038 0.127078 0.008314
0.828979 0.127078 0.008314
0.199525 0.128266 0.008314
0.217340 0.128266 0.008314
0.756532 0.128266 0.008314
0.768409 0.128266 0.008314
0.775534 0.128266 0.004751
0.783848 0.128266 0.011876
0.790974 0.128266 0.004751
0.817102 0.128266 0.007126
0.716152 0.129454 0.008314
0.725653 0.129454 0.010689
0.747031 0.129454 0.011876
0.165083 0.130641 0.007126
0.642518 0.130641 0.007126
0.146081 0.131829 0.007126
0.156770 0.131829 0.004751
0.564133 0.131829 0.005938
0.573634 0.131829 0.008314
0.584323 0.131829 0.008314
0.137767 0.133017 0.005938
0.526128 0.133017 0.004751
0.541568 0.133017 0.008314
0.553444 0.133017 0.007126
0.496437 0.134204 0.005938
0.515439 0.134204 0.007126
0.125891 0.135392 0.007126
0.488124 0.135392 0.011876
0.504751 0.135392 0.004751
0.464371 0.136580 0.004751
0.371734 0.137767 0.008314
0.406176 0.137767 0.007126
0.416865 0.137767 0.005938
0.425178 0.137767 0.005938
0.434679 0.137767 0.008314
0.444181 0.137767 0.005938
0.452494 0.137767 0.011876
0.276722 0.138955 0.004751
0.353919 0.138955 0.009501
0.378860 0.138955 0.008314
0.397862 0.138955 0.005938
0.880048 0.138955 0.009501
0.269596 0.140143 0.008314
0.338480 0.140143 0.005938
0.347981 0.140143 0.011876
0.389549 0.140143 0.004751
0.859857 0.140143 0.008314
0.869359 0.140143 0.008314
0.244656 0.141330 0.009501
0.260095 0.141330 0.008314
0.831354 0.141330 0.008314
0.838480 0.141330 0.011876
0.790974 0.142518 0.004751
0.811164 0.142518 0.008314
0.821853 0.142518 0.005938
0.847981 0.142518 0.008314
0.210214 0.143705 0.008314
0.219715 0.143705 0.008314
0.230404 0.143705 0.007126
0.798100 0.143705 0.004751
0.198337 0.144893 0.008314
0.650831 0.144893 0.007126
0.661520 0.144893 0.008314
0.773159 0.144893 0.010689
0.781473 0.144893 0.008314
0.184086 0.146081 0.007126
0.637767 0.146081 0.007126
0.748219 0.146081 0.008314
0.758907 0.146081 0.008314
0.625891 0.147268 0.008314
0.716152 0.147268 0.008314
0.728029 0.147268 0.008314
0.738717 0.147268 0.008314
0.171021 0.148456 0.008314
0.590261 0.148456 0.010689
0.615202 0.148456 0.008314
0.136580 0.149644 0.004751
0.143705 0.149644 0.010689
0.560570 0.149644 0.004751
0.581948 0.149644 0.008314
0.605701 0.149644 0.008314
0.128266 0.150831 0.010689
0.157957 0.150831 0.009501
0.547506 0.150831 0.008314
0.485748 0.152019 0.004751
0.514252 0.152019 0.004751
0.523753 0.152019 0.008314
0.534442 0.152019 0.008314
0.477435 0.153207 0.013064
0.495249 0.153207 0.007126
0.505938 0.153207 0.013064
0.401425 0.154394 0.007126
0.437055 0.154394 0.004751
0.445368 0.154394 0.005938
0.464371 0.154394 0.008314
0.287411 0.155582 0.008314
0.391924 0.155582 0.004751
0.414489 0.155582 0.008314
0.426366 0.155582 0.008314
0.454869 0.155582 0.007126
0.255344 0.156770 0.008314
0.264846 0.156770 0.004751
0.275534 0.156770 0.007126
0.351544 0.156770 0.007126
0.361045 0.156770 0.007126
0.382423 0.156770 0.007126
0.870546 0.156770 0.005938
0.880048 0.156770 0.007126
0.340855 0.157957 0.013064
0.370546 0.157957 0.008314
0.861045 0.157957 0.005938
0.230404 0.159145 0.008314
0.243468 0.159145 0.005938
0.840855 0.159145 0.004751
0.850356 0.159145 0.008314
0.792162 0.160333 0.013064
0.801663 0.160333 0.008314
0.812352 0.160333 0.005938
0.823040 0.160333 0.008314
0.832542 0.160333 0.011876
0.212589 0.161520 0.004751
0.760095 0.161520 0.008314
0.770784 0.161520 0.004751
0.781473 0.161520 0.008314
0.742280 0.162708 0.004751
0.750594 0.162708 0.013064
0.188836 0.163895 0.004751
0.646081 0.163895 0.005938
0.655582 0.163895 0.011876
0.714964 0.163895 0.011876
0.723278 0.163895 0.004751
0.732779 0.163895 0.008314
0.150831 0.165083 0.005938
0.162708 0.165083 0.008314
0.179335 0.165083 0.008314
0.635392 0.165083 0.007126
0.584323 0.166271 0.008314
0.593824 0.166271 0.007126
0.603325 0.166271 0.007126
0.614014 0.166271 0.005938
0.623515 0.166271 0.008314
0.141330 0.167458 0.008314
0.572447 0.167458 0.005938
0.552257 0.168646 0.007126
0.561758 0.168646 0.008314
0.127078 0.169834 0.010689
0.511876 0.169834 0.008314
0.521378 0.169834 0.005938
0.530879 0.169834 0.005938
0.542755 0.169834 0.008314
0.495249 0.171021 0.008314
0.882423 0.171021 0.009501
0.420428 0.172209 0.008314
0.440618 0.172209 0.008314
0.453682 0.172209 0.008314
0.465558 0.172209 0.007126
0.476247 0.172209 0.005938
0.484561 0.172209 0.005938
0.869359 0.172209 0.010689
0.429929 0.173397 0.005938
0.270784 0.174584 0.007126
0.281473 0.174584 0.007126
0.387173 0.174584 0.007126
0.409739 0.174584 0.008314
0.261283 0.175772 0.005938
0.336105 0.175772 0.005938
0.347981 0.175772 0.005938
0.357482 0.175772 0.007126
0.368171 0.175772 0.007126
0.376485 0.175772 0.004751
0.399050 0.175772 0.008314
0.230404 0.176960 0.008314
0.251781 0.176960 0.005938
0.824228 0.176960 0.008314
0.834917 0.176960 0.005938
0.843230 0.176960 0.008314
0.855107 0.176960 0.004751
0.220903 0.178147 0.004751
0.242280 0.178147 0.008314
0.813539 0.178147 0.008314
0.201900 0.179335 0.007126
0.211401 0.179335 0.005938
0.785036 0.179335 0.009501
0.800475 0.179335 0.009501
0.191211 0.181710 0.008314
0.743468 0.181710 0.010689
0.750594 0.181710 0.004751
0.760095 0.181710 0.005938
0.768409 0.181710 0.010689
0.154394 0.182898 0.007126
0.167458 0.182898 0.008314
0.180523 0.182898 0.008314
0.144893 0.184086 0.007126
0.612827 0.184086 0.008314
0.641330 0.184086 0.004751
0.652019 0.184086 0.008314
0.660333 0.184086 0.008314
0.705463 0.184086 0.007126
0.716152 0.184086 0.004751
0.595012 0.185273 0.009501
0.630641 0.185273 0.008314
0.671021 0.185273 0.008314
0.732779 0.185273 0.008314
0.122328 0.186461 0.008314
0.134204 0.186461 0.007126
0.535629 0.186461 0.010689
0.560570 0.186461 0.008314
0.574822 0.186461 0.011876
0.581948 0.186461 0.009501
0.503563 0.187648 0.009501
0.551069 0.187648 0.008314
0.492874 0.188836 0.008314
0.510689 0.188836 0.009501
0.526128 0.188836 0.008314
0.437055 0.190024 0.005938
0.448931 0.190024 0.008314
0.460808 0.190024 0.005938
0.470309 0.190024 0.008314
0.483373 0.190024 0.005938
0.269596 0.192399 0.004751
0.276722 0.192399 0.005938
0.350356 0.192399 0.010689
0.365796 0.192399 0.011876
0.372922 0.192399 0.004751
0.383610 0.192399 0.008314
0.395487 0.192399 0.008314
0.414489 0.192399 0.008314
0.425178 0.192399 0.008314
0.220903 0.193587 0.007126
0.231591 0.193587 0.007126
0.285036 0.193587 0.004751
0.327791 0.193587 0.004751
0.338480 0.193587 0.007126
0.826603 0.193587 0.008314
0.843230 0.193587 0.005938
0.851544 0.193587 0.008314
0.875297 0.193587 0.004751
0.882423 0.193587 0.010689
0.210214 0.194774 0.008314
0.242280 0.194774 0.007126
0.255344 0.194774 0.007126
0.296912 0.194774 0.008314
0.813539 0.194774 0.008314
0.834917 0.194774 0.013064
0.861045 0.194774 0.011876
0.199525 0.195962 0.008314
0.795724 0.195962 0.013064
0.804038 0.195962 0.007126
0.866983 0.195962 0.004751
0.154394 0.197150 0.007126
0.185273 0.197150 0.008314
0.783848 0.197150 0.004751
0.169834 0.198337 0.007126
0.775534 0.198337 0.008314
0.143705 0.199525 0.007126
0.630641 0.199525 0.007126
0.640143 0.199525 0.004751
0.743468 0.199525 0.008314
0.752969 0.199525 0.008314
0.764846 0.199525 0.008314
0.597387 0.200713 0.005938
0.605701 0.200713 0.008314
0.618765 0.200713 0.008314
0.647268 0.200713 0.004751
0.667458 0.200713 0.004751
0.698337 0.200713 0.005938
0.706651 0.200713 0.004751
0.712589 0.200713 0.004751
0.719715 0.200713 0.004751
0.134204 0.201900 0.008314
0.589074 0.201900 0.007126
0.657957 0.201900 0.008314
0.676960 0.201900 0.005938
0.685273 0.201900 0.007126
0.123515 0.203088 0.008314
0.545131 0.204276 0.007126
0.558195 0.204276 0.008314
0.568884 0.204276 0.005938
0.578385 0.204276 0.008314
0.515439 0.205463 0.008314
0.522565 0.205463 0.013064
0.444181 0.206651 0.007126
0.454869 0.206651 0.005938
0.475059 0.206651 0.008314
0.483373 0.206651 0.004751
0.492874 0.206651 0.007126
0.503563 0.206651 0.004751
0.418052 0.207838 0.007126
0.431116 0.207838 0.008314
0.461995 0.207838 0.011876
0.269596 0.209026 0.007126
0.319477 0.209026 0.007126
0.332542 0.209026 0.007126
0.343230 0.209026 0.005938
0.351544 0.209026 0.007126
0.362233 0.209026 0.007126
0.374109 0.209026 0.007126
0.384798 0.209026 0.007126
0.396675 0.209026 0.008314
0.407363 0.209026 0.008314
0.257720 0.210214 0.008314
0.283848 0.210214 0.008314
0.294537 0.210214 0.010689
0.877672 0.210214 0.008314
0.210214 0.211401 0.007126
0.247031 0.211401 0.008314
0.192399 0.212589 0.013064
0.199525 0.212589 0.011876
0.885986 0.212589 0.015439
0.181710 0.213777 0.008314
0.819477 0.213777 0.004751
0.833729 0.213777 0.008314
0.849169 0.213777 0.011876
0.857482 0.213777 0.013064
0.155582 0.214964 0.008314
0.770784 0.214964 0.007126
0.780285 0.214964 0.007126
0.790974 0.214964 0.008314
0.802850 0.214964 0.005938
0.812352 0.214964 0.014252
0.168646 0.216152 0.008314
0.712589 0.216152 0.007126
0.725653 0.216152 0.008314
0.749406 0.216152 0.008314
0.758907 0.216152 0.007126
0.142518 0.217340 0.008314
0.738717 0.217340 0.007126
0.121140 0.218527 0.008314
0.133017 0.218527 0.008314
0.700713 0.218527 0.008314
0.624703 0.219715 0.004751
0.637767 0.219715 0.004751
0.657957 0.219715 0.004751
0.577197 0.220903 0.004751
0.606888 0.220903 0.007126
0.617577 0.220903 0.008314
0.648456 0.220903 0.008314
0.567696 0.222090 0.007126
0.483373 0.223278 0.007126
0.492874 0.223278 0.005938
0.502375 0.223278 0.005938
0.522565 0.223278 0.005938
0.532067 0.223278 0.005938
0.543943 0.223278 0.008314
0.552257 0.223278 0.014252
0.585511 0.223278 0.015439
0.438242 0.224466 0.007126
0.461995 0.224466 0.008314
0.472684 0.224466 0.007126
0.513064 0.224466 0.008314
0.595012 0.224466 0.008314
0.425178 0.225653 0.008314
0.448931 0.225653 0.005938
0.281473 0.226841 0.008314
0.294537 0.226841 0.007126
0.305226 0.226841 0.005938
0.319477 0.226841 0.009501
0.331354 0.226841 0.008314
0.353919 0.226841 0.008314
0.376485 0.226841 0.008314
0.385986 0.226841 0.005938
0.413302 0.226841 0.008314
0.217340 0.228029 0.008314
0.228029 0.228029 0.008314
0.269596 0.228029 0.008314
0.342043 0.228029 0.008314
0.363420 0.228029 0.008314
0.401425 0.228029 0.010689
0.239905 0.229216 0.008314
0.256532 0.229216 0.010689
0.188836 0.230404 0.011876
0.197150 0.230404 0.004751
0.206651 0.230404 0.007126
0.143705 0.231591 0.008314
0.130641 0.232779 0.007126
0.160333 0.232779 0.010689
0.173397 0.232779 0.009501
0.121140 0.233967 0.008314
