793.000000 0.000000 21.000000
697.000000 29.000000 9.000000
703.000000 30.000000 4.000000
711.000000 30.000000 6.000000
720.000000 30.000000 7.000000
730.000000 31.000000 11.000000
736.000000 31.000000 7.000000
745.000000 31.000000 11.000000
629.000000 32.000000 7.000000
649.000000 32.000000 7.000000
662.000000 32.000000 10.000000
679.000000 32.000000 7.000000
687.000000 32.000000 4.000000
752.000000 32.000000 5.000000
758.000000 32.000000 8.000000
585.000000 33.000000 7.000000
591.000000 33.000000 12.000000
608.000000 33.000000 6.000000
618.000000 33.000000 7.000000
640.000000 33.000000 7.000000
669.000000 33.000000 5.000000
555.000000 34.000000 8.000000
569.000000 34.000000 11.000000
576.000000 34.000000 7.000000
600.000000 34.000000 7.000000
446.000000 35.000000 11.000000
526.000000 35.000000 7.000000
535.000000 35.000000 6.000000
454.000000 36.000000 7.000000
512.000000 36.000000 10.000000
518.000000 36.000000 13.000000
544.000000 36.000000 6.000000
433.000000 37.000000 7.000000
476.000000 37.000000 6.000000
484.000000 37.000000 5.000000
492.000000 37.000000 6.000000
501.000000 37.000000 7.000000
383.000000 38.000000 6.000000
391.000000 38.000000 11.000000
414.000000 38.000000 7.000000
466.000000 38.000000 7.000000
338.000000 39.000000 7.000000
358.000000 39.000000 5.000000
367.000000 39.000000 5.000000
375.000000 39.000000 5.000000
405.000000 39.000000 6.000000
422.000000 39.000000 7.000000
239.000000 40.000000 7.000000
294.000000 40.000000 6.000000
304.000000 40.000000 7.000000
325.000000 40.000000 8.000000
349.000000 40.000000 7.000000
182.000000 41.000000 4.000000
189.000000 41.000000 6.000000
210.000000 41.000000 7.000000
221.000000 41.000000 6.000000
229.000000 41.000000 7.000000
248.000000 41.000000 4.000000
253.000000 41.000000 9.000000
264.000000 41.000000 7.000000
314.000000 41.000000 7.000000
174.000000 42.000000 7.000000
199.000000 42.000000 7.000000
276.000000 42.000000 7.000000
286.000000 42.000000 7.000000
131.000000 43.000000 9.000000
144.000000 43.000000 7.000000
155.000000 43.000000 7.000000
164.000000 43.000000 5.000000
122.000000 45.000000 5.000000
718.000000 45.000000 6.000000
724.000000 45.000000 3.000000
742.000000 45.000000 5.000000
109.000000 46.000000 9.000000
698.000000 46.000000 7.000000
708.000000 46.000000 7.000000
729.000000 46.000000 4.000000
735.000000 46.000000 9.000000
639.000000 47.000000 6.000000
683.000000 47.000000 9.000000
689.000000 47.000000 11.000000
543.000000 48.000000 6.000000
588.000000 48.000000 5.000000
605.000000 48.000000 4.000000
614.000000 48.000000 7.000000
629.000000 48.000000 6.000000
657.000000 48.000000 11.000000
664.000000 48.000000 5.000000
673.000000 48.000000 7.000000
553.000000 49.000000 7.000000
564.000000 49.000000 7.000000
597.000000 49.000000 7.000000
576.000000 50.000000 8.000000
648.000000 50.000000 7.000000
479.000000 51.000000 5.000000
416.000000 52.000000 4.000000
470.000000 52.000000 5.000000
487.000000 52.000000 5.000000
496.000000 52.000000 6.000000
506.000000 52.000000 6.000000
516.000000 52.000000 6.000000
525.000000 52.000000 7.000000
534.000000 52.000000 7.000000
377.000000 53.000000 8.000000
387.000000 53.000000 5.000000
396.000000 53.000000 5.000000
403.000000 53.000000 10.000000
410.000000 53.000000 4.000000
422.000000 53.000000 4.000000
428.000000 53.000000 4.000000
437.000000 53.000000 7.000000
460.000000 53.000000 7.000000
321.000000 54.000000 4.000000
327.000000 54.000000 4.000000
333.000000 54.000000 7.000000
342.000000 54.000000 5.000000
363.000000 54.000000 8.000000
447.000000 54.000000 7.000000
202.000000 55.000000 6.000000
211.000000 55.000000 7.000000
222.000000 55.000000 7.000000
237.000000 55.000000 6.000000
245.000000 55.000000 6.000000
255.000000 55.000000 6.000000
263.000000 55.000000 6.000000
284.000000 55.000000 6.000000
348.000000 55.000000 9.000000
144.000000 56.000000 5.000000
163.000000 56.000000 7.000000
192.000000 56.000000 6.000000
300.000000 56.000000 7.000000
311.000000 56.000000 7.000000
137.000000 57.000000 7.000000
153.000000 57.000000 4.000000
172.000000 57.000000 6.000000
183.000000 57.000000 6.000000
102.000000 58.000000 7.000000
107.000000 58.000000 3.000000
118.000000 58.000000 7.000000
127.000000 58.000000 7.000000
728.000000 59.000000 7.000000
738.000000 59.000000 7.000000
745.000000 59.000000 10.000000
633.000000 60.000000 7.000000
643.000000 61.000000 6.000000
688.000000 61.000000 7.000000
697.000000 61.000000 6.000000
705.000000 61.000000 10.000000
711.000000 61.000000 4.000000
718.000000 61.000000 7.000000
598.000000 62.000000 6.000000
628.000000 62.000000 4.000000
664.000000 62.000000 6.000000
558.000000 63.000000 7.000000
573.000000 63.000000 7.000000
588.000000 63.000000 7.000000
608.000000 63.000000 7.000000
619.000000 63.000000 7.000000
654.000000 63.000000 7.000000
675.000000 63.000000 7.000000
509.000000 64.000000 6.000000
546.000000 64.000000 10.000000
500.000000 65.000000 6.000000
532.000000 65.000000 4.000000
378.000000 66.000000 6.000000
385.000000 66.000000 6.000000
395.000000 66.000000 7.000000
405.000000 66.000000 4.000000
489.000000 66.000000 7.000000
521.000000 66.000000 8.000000
538.000000 66.000000 5.000000
142.000000 67.000000 9.000000
325.000000 67.000000 6.000000
434.000000 67.000000 5.000000
442.000000 67.000000 5.000000
451.000000 67.000000 7.000000
462.000000 67.000000 6.000000
478.000000 67.000000 5.000000
156.000000 68.000000 7.000000
243.000000 68.000000 7.000000
252.000000 68.000000 5.000000
260.000000 68.000000 6.000000
279.000000 68.000000 6.000000
298.000000 68.000000 4.000000
308.000000 68.000000 6.000000
317.000000 68.000000 5.000000
337.000000 68.000000 8.000000
351.000000 68.000000 7.000000
369.000000 68.000000 7.000000
413.000000 68.000000 7.000000
425.000000 68.000000 7.000000
470.000000 68.000000 5.000000
104.000000 69.000000 9.000000
148.000000 69.000000 4.000000
179.000000 69.000000 6.000000
207.000000 69.000000 4.000000
220.000000 69.000000 9.000000
233.000000 69.000000 7.000000
287.000000 69.000000 6.000000
360.000000 69.000000 6.000000
110.000000 70.000000 5.000000
136.000000 70.000000 5.000000
166.000000 70.000000 7.000000
189.000000 70.000000 4.000000
196.000000 70.000000 4.000000
213.000000 70.000000 4.000000
118.000000 71.000000 5.000000
128.000000 71.000000 5.000000
733.000000 73.000000 9.000000
713.000000 74.000000 7.000000
722.000000 74.000000 7.000000
739.000000 74.000000 4.000000
746.000000 74.000000 10.000000
683.000000 76.000000 7.000000
690.000000 76.000000 4.000000
702.000000 76.000000 6.000000
665.000000 77.000000 6.000000
674.000000 77.000000 7.000000
615.000000 78.000000 7.000000
628.000000 78.000000 7.000000
657.000000 78.000000 6.000000
528.000000 79.000000 5.000000
545.000000 79.000000 5.000000
637.000000 79.000000 6.000000
646.000000 79.000000 7.000000
441.000000 80.000000 7.000000
453.000000 80.000000 7.000000
463.000000 80.000000 6.000000
472.000000 80.000000 6.000000
519.000000 80.000000 6.000000
535.000000 80.000000 7.000000
77.000000 81.000000 5.000000
433.000000 81.000000 6.000000
509.000000 81.000000 7.000000
301.000000 82.000000 8.000000
328.000000 82.000000 7.000000
337.000000 82.000000 6.000000
346.000000 82.000000 7.000000
353.000000 82.000000 5.000000
392.000000 82.000000 6.000000
402.000000 82.000000 7.000000
424.000000 82.000000 7.000000
484.000000 82.000000 8.000000
499.000000 82.000000 7.000000
150.000000 83.000000 6.000000
159.000000 83.000000 4.000000
167.000000 83.000000 6.000000
207.000000 83.000000 7.000000
224.000000 83.000000 7.000000
233.000000 83.000000 7.000000
241.000000 83.000000 7.000000
315.000000 83.000000 9.000000
362.000000 83.000000 6.000000
371.000000 83.000000 6.000000
381.000000 83.000000 7.000000
414.000000 83.000000 7.000000
101.000000 84.000000 7.000000
121.000000 84.000000 5.000000
129.000000 84.000000 7.000000
140.000000 84.000000 6.000000
176.000000 84.000000 5.000000
184.000000 84.000000 7.000000
197.000000 84.000000 7.000000
111.000000 85.000000 7.000000
76.000000 88.000000 4.000000
688.000000 88.000000 9.000000
745.000000 88.000000 6.000000
728.000000 89.000000 5.000000
737.000000 89.000000 7.000000
677.000000 90.000000 4.000000
719.000000 90.000000 7.000000
697.000000 91.000000 5.000000
710.000000 91.000000 11.000000
604.000000 92.000000 6.000000
611.000000 92.000000 6.000000
623.000000 92.000000 7.000000
638.000000 92.000000 5.000000
645.000000 92.000000 6.000000
654.000000 92.000000 6.000000
663.000000 92.000000 7.000000
669.000000 92.000000 7.000000
553.000000 93.000000 7.000000
631.000000 93.000000 5.000000
533.000000 94.000000 7.000000
472.000000 95.000000 6.000000
492.000000 95.000000 5.000000
517.000000 95.000000 5.000000
524.000000 95.000000 5.000000
543.000000 95.000000 5.000000
382.000000 96.000000 6.000000
444.000000 96.000000 7.000000
455.000000 96.000000 6.000000
464.000000 96.000000 6.000000
483.000000 96.000000 7.000000
499.000000 96.000000 5.000000
509.000000 96.000000 6.000000
76.000000 97.000000 12.000000
192.000000 97.000000 7.000000
205.000000 97.000000 7.000000
216.000000 97.000000 4.000000
348.000000 97.000000 10.000000
362.000000 97.000000 7.000000
402.000000 97.000000 5.000000
434.000000 97.000000 7.000000
153.000000 98.000000 7.000000
175.000000 98.000000 7.000000
183.000000 98.000000 7.000000
225.000000 98.000000 6.000000
233.000000 98.000000 4.000000
316.000000 98.000000 6.000000
325.000000 98.000000 7.000000
336.000000 98.000000 7.000000
394.000000 98.000000 7.000000
409.000000 98.000000 5.000000
418.000000 98.000000 5.000000
426.000000 98.000000 4.000000
135.000000 99.000000 7.000000
143.000000 99.000000 7.000000
162.000000 99.000000 10.000000
125.000000 100.000000 6.000000
100.000000 101.000000 6.000000
108.000000 101.000000 6.000000
117.000000 101.000000 6.000000
746.000000 104.000000 9.000000
623.000000 105.000000 7.000000
632.000000 105.000000 7.000000
690.000000 105.000000 9.000000
731.000000 105.000000 10.000000
603.000000 106.000000 7.000000
612.000000 106.000000 7.000000
642.000000 106.000000 8.000000
655.000000 106.000000 7.000000
665.000000 106.000000 7.000000
678.000000 106.000000 8.000000
705.000000 106.000000 9.000000
723.000000 106.000000 7.000000
544.000000 109.000000 6.000000
553.000000 109.000000 7.000000
447.000000 110.000000 8.000000
460.000000 110.000000 7.000000
508.000000 110.000000 9.000000
516.000000 110.000000 6.000000
525.000000 110.000000 5.000000
534.000000 110.000000 7.000000
414.000000 111.000000 6.000000
423.000000 111.000000 5.000000
431.000000 111.000000 4.000000
472.000000 111.000000 7.000000
484.000000 111.000000 7.000000
496.000000 111.000000 7.000000
387.000000 112.000000 7.000000
399.000000 112.000000 9.000000
150.000000 113.000000 11.000000
165.000000 113.000000 5.000000
218.000000 113.000000 9.000000
233.000000 113.000000 10.000000
144.000000 114.000000 10.000000
157.000000 114.000000 6.000000
174.000000 114.000000 7.000000
182.000000 114.000000 6.000000
190.000000 114.000000 4.000000
197.000000 114.000000 7.000000
206.000000 114.000000 7.000000
239.000000 114.000000 11.000000
320.000000 114.000000 7.000000
351.000000 114.000000 4.000000
366.000000 114.000000 5.000000
376.000000 114.000000 7.000000
99.000000 115.000000 7.000000
109.000000 115.000000 7.000000
331.000000 115.000000 6.000000
342.000000 115.000000 7.000000
359.000000 115.000000 7.000000
116.000000 116.000000 6.000000
128.000000 116.000000 7.000000
307.000000 116.000000 11.000000
137.000000 117.000000 4.000000
291.000000 117.000000 12.000000
299.000000 117.000000 5.000000
740.000000 121.000000 9.000000
747.000000 121.000000 9.000000
728.000000 122.000000 7.000000
694.000000 123.000000 7.000000
701.000000 123.000000 4.000000
716.000000 123.000000 7.000000
685.000000 124.000000 7.000000
660.000000 125.000000 11.000000
665.000000 125.000000 13.000000
675.000000 125.000000 7.000000
585.000000 126.000000 7.000000
445.000000 127.000000 7.000000
456.000000 127.000000 8.000000
542.000000 127.000000 6.000000
637.000000 127.000000 7.000000
649.000000 127.000000 7.000000
420.000000 128.000000 7.000000
432.000000 128.000000 9.000000
468.000000 128.000000 7.000000
489.000000 128.000000 11.000000
496.000000 128.000000 7.000000
508.000000 128.000000 9.000000
519.000000 128.000000 11.000000
533.000000 128.000000 14.000000
552.000000 128.000000 7.000000
562.000000 128.000000 11.000000
576.000000 128.000000 7.000000
593.000000 128.000000 7.000000
606.000000 128.000000 7.000000
616.000000 128.000000 7.000000
626.000000 128.000000 7.000000
410.000000 129.000000 7.000000
476.000000 129.000000 7.000000
174.000000 130.000000 5.000000
182.000000 130.000000 6.000000
192.000000 130.000000 7.000000
205.000000 130.000000 6.000000
215.000000 130.000000 5.000000
401.000000 130.000000 13.000000
123.000000 131.000000 8.000000
135.000000 131.000000 7.000000
166.000000 131.000000 5.000000
148.000000 132.000000 7.000000
158.000000 132.000000 5.000000
224.000000 132.000000 7.000000
234.000000 132.000000 6.000000
358.000000 132.000000 7.000000
368.000000 132.000000 7.000000
297.000000 133.000000 6.000000
307.000000 133.000000 7.000000
315.000000 133.000000 5.000000
243.000000 134.000000 6.000000
251.000000 134.000000 6.000000
260.000000 134.000000 6.000000
268.000000 134.000000 5.000000
280.000000 134.000000 7.000000
290.000000 134.000000 7.000000
753.000000 137.000000 3.000000
743.000000 140.000000 14.000000
724.000000 141.000000 7.000000
734.000000 141.000000 7.000000
703.000000 142.000000 7.000000
714.000000 142.000000 6.000000
344.000000 143.000000 6.000000
680.000000 144.000000 5.000000
100.000000 145.000000 7.000000
637.000000 145.000000 7.000000
647.000000 145.000000 6.000000
657.000000 145.000000 7.000000
669.000000 145.000000 9.000000
111.000000 146.000000 7.000000
120.000000 146.000000 11.000000
127.000000 146.000000 4.000000
133.000000 146.000000 4.000000
503.000000 146.000000 6.000000
564.000000 146.000000 7.000000
578.000000 146.000000 7.000000
596.000000 146.000000 7.000000
627.000000 146.000000 6.000000
141.000000 147.000000 7.000000
200.000000 147.000000 6.000000
208.000000 147.000000 4.000000
482.000000 147.000000 7.000000
493.000000 147.000000 7.000000
545.000000 147.000000 7.000000
553.000000 147.000000 7.000000
588.000000 147.000000 15.000000
608.000000 147.000000 7.000000
617.000000 147.000000 7.000000
159.000000 148.000000 7.000000
170.000000 148.000000 7.000000
180.000000 148.000000 6.000000
189.000000 148.000000 7.000000
228.000000 148.000000 5.000000
470.000000 148.000000 7.000000
511.000000 148.000000 11.000000
523.000000 148.000000 7.000000
534.000000 148.000000 7.000000
462.000000 149.000000 5.000000
238.000000 150.000000 7.000000
251.000000 150.000000 7.000000
391.000000 150.000000 9.000000
410.000000 150.000000 7.000000
423.000000 150.000000 10.000000
439.000000 150.000000 8.000000
454.000000 150.000000 12.000000
262.000000 151.000000 6.000000
284.000000 151.000000 7.000000
328.000000 151.000000 7.000000
337.000000 151.000000 7.000000
358.000000 151.000000 10.000000
379.000000 151.000000 14.000000
401.000000 151.000000 7.000000
272.000000 152.000000 6.000000
293.000000 152.000000 5.000000
302.000000 152.000000 7.000000
312.000000 152.000000 7.000000
350.000000 152.000000 7.000000
371.000000 152.000000 7.000000
