248.000000 0.000000 9.000000
266.000000 0.000000 10.000000
319.000000 0.000000 11.000000
306.000000 1.000000 7.000000
793.000000 2.000000 14.000000
712.000000 6.000000 19.000000
651.000000 8.000000 29.000000
749.000000 8.000000 28.000000
636.000000 9.000000 11.000000
741.000000 9.000000 17.000000
688.000000 10.000000 10.000000
583.000000 11.000000 11.000000
296.000000 16.000000 13.000000
261.000000 17.000000 11.000000
314.000000 17.000000 11.000000
277.000000 18.000000 24.000000
369.000000 18.000000 17.000000
156.000000 19.000000 14.000000
208.000000 19.000000 14.000000
175.000000 20.000000 17.000000
241.000000 20.000000 14.000000
131.000000 21.000000 14.000000
218.000000 21.000000 21.000000
102.000000 22.000000 14.000000
338.000000 44.000000 5.000000
346.000000 44.000000 5.000000
297.000000 45.000000 4.000000
270.000000 46.000000 7.000000
291.000000 46.000000 4.000000
330.000000 46.000000 4.000000
258.000000 47.000000 6.000000
281.000000 47.000000 7.000000
214.000000 48.000000 6.000000
224.000000 48.000000 7.000000
240.000000 48.000000 7.000000
204.000000 49.000000 6.000000
179.000000 50.000000 5.000000
187.000000 50.000000 7.000000
195.000000 50.000000 5.000000
231.000000 50.000000 7.000000
160.000000 51.000000 7.000000
169.000000 51.000000 6.000000
321.000000 51.000000 16.000000
308.000000 52.000000 4.000000
313.000000 52.000000 4.000000
143.000000 53.000000 4.000000
151.000000 53.000000 7.000000
302.000000 53.000000 4.000000
109.000000 54.000000 7.000000
117.000000 54.000000 7.000000
126.000000 54.000000 5.000000
135.000000 54.000000 6.000000
295.000000 54.000000 4.000000
754.000000 65.000000 23.000000
745.000000 67.000000 17.000000
777.000000 85.000000 50.000000
694.000000 88.000000 16.000000
77.000000 96.000000 6.000000
778.000000 120.000000 8.000000
