0.381235 0.001188 0.011876
0.941805 0.004751 0.019002
0.596200 0.007126 0.007126
0.655582 0.007126 0.030879
0.851544 0.007126 0.022565
0.755344 0.010689 0.020190
0.785036 0.011876 0.020190
0.817102 0.011876 0.014252
0.880048 0.013064 0.013064
0.692399 0.014252 0.013064
0.629454 0.015439 0.013064
0.336105 0.020190 0.023753
0.309976 0.021378 0.013064
0.247031 0.022565 0.016627
0.374109 0.022565 0.013064
0.184086 0.023753 0.015439
0.219715 0.024941 0.020190
0.269596 0.024941 0.016627
0.121140 0.027316 0.013064
0.825416 0.040380 0.008314
0.837292 0.040380 0.008314
0.845606 0.040380 0.004751
0.813539 0.041568 0.008314
0.861045 0.041568 0.013064
0.871734 0.041568 0.013064
0.739905 0.042755 0.013064
0.756532 0.042755 0.008314
0.767221 0.042755 0.007126
0.780285 0.042755 0.008314
0.789786 0.042755 0.004751
0.802850 0.042755 0.008314
0.718527 0.043943 0.007126
0.729216 0.043943 0.007126
0.633017 0.046318 0.007126
0.706651 0.046318 0.008314
0.558195 0.047506 0.008314
0.598575 0.047506 0.005938
0.610451 0.047506 0.008314
0.623515 0.047506 0.008314
0.644893 0.047506 0.008314
0.656770 0.047506 0.008314
0.693587 0.047506 0.008314
0.527316 0.048694 0.008314
0.542755 0.048694 0.008314
0.568884 0.048694 0.005938
0.578385 0.048694 0.008314
0.590261 0.048694 0.008314
0.667458 0.048694 0.007126
0.676960 0.048694 0.013064
0.442993 0.049881 0.007126
0.464371 0.049881 0.005938
0.482185 0.049881 0.008314
0.494062 0.049881 0.007126
0.504751 0.049881 0.007126
0.514252 0.049881 0.008314
0.422803 0.051069 0.008314
0.433492 0.051069 0.005938
0.454869 0.051069 0.008314
0.472684 0.051069 0.004751
0.383610 0.052257 0.014252
0.407363 0.052257 0.009501
0.790974 0.052257 0.007126
0.801663 0.052257 0.004751
0.328979 0.053444 0.004751
0.338480 0.053444 0.008314
0.350356 0.053444 0.008314
0.363420 0.053444 0.008314
0.374109 0.053444 0.007126
0.252969 0.055819 0.010689
0.271971 0.055819 0.009501
0.195962 0.057007 0.005938
0.205463 0.057007 0.005938
0.214964 0.057007 0.007126
0.258907 0.057007 0.004751
0.286223 0.057007 0.008314
0.311164 0.057007 0.005938
0.320665 0.057007 0.007126
0.186461 0.058195 0.005938
0.299287 0.058195 0.008314
0.870546 0.058195 0.008314
0.878860 0.059382 0.005938
0.157957 0.060570 0.007126
0.168646 0.060570 0.013064
0.825416 0.060570 0.005938
0.834917 0.060570 0.005938
0.846793 0.060570 0.007126
0.856295 0.060570 0.005938
0.136580 0.061758 0.013064
0.144893 0.061758 0.007126
0.748219 0.061758 0.007126
0.757720 0.061758 0.004751
0.773159 0.061758 0.008314
0.783848 0.061758 0.005938
0.806413 0.061758 0.007126
0.817102 0.061758 0.005938
0.719715 0.062945 0.010689
0.737530 0.062945 0.008314
0.766033 0.062945 0.004751
0.793349 0.062945 0.004751
0.621140 0.064133 0.007126
0.589074 0.065321 0.005938
0.599762 0.065321 0.007126
0.610451 0.065321 0.007126
0.630641 0.065321 0.005938
0.638955 0.065321 0.007126
0.648456 0.065321 0.005938
0.660333 0.065321 0.007126
0.672209 0.065321 0.005938
0.681710 0.065321 0.007126
0.693587 0.065321 0.005938
0.701900 0.065321 0.005938
0.460808 0.066508 0.008314
0.511876 0.066508 0.008314
0.570071 0.066508 0.007126
0.580760 0.066508 0.005938
0.447743 0.067696 0.008314
0.473872 0.067696 0.008314
0.485748 0.067696 0.004751
0.496437 0.067696 0.008314
0.523753 0.067696 0.008314
0.535629 0.067696 0.005938
0.552257 0.067696 0.011876
0.408551 0.068884 0.008314
0.423990 0.068884 0.008314
0.434679 0.068884 0.007126
0.545131 0.068884 0.008314
0.375297 0.072447 0.007126
0.385986 0.072447 0.005938
0.859857 0.072447 0.008314
0.871734 0.072447 0.008314
0.878860 0.072447 0.010689
0.273159 0.073634 0.008314
0.285036 0.073634 0.008314
0.334917 0.073634 0.008314
0.363420 0.073634 0.007126
0.393112 0.073634 0.010689
0.214964 0.074822 0.007126
0.226841 0.074822 0.007126
0.238717 0.074822 0.008314
0.295724 0.074822 0.004751
0.311164 0.074822 0.005938
0.321853 0.074822 0.008314
0.342043 0.074822 0.005938
0.351544 0.074822 0.008314
0.834917 0.074822 0.008314
0.845606 0.074822 0.007126
0.180523 0.076010 0.005938
0.191211 0.076010 0.007126
0.204276 0.076010 0.008314
0.773159 0.076010 0.004751
0.171021 0.077197 0.007126
0.258907 0.077197 0.011876
0.764846 0.077197 0.008314
0.781473 0.077197 0.004751
0.794537 0.077197 0.005938
0.806413 0.077197 0.008314
0.153207 0.078385 0.004751
0.160333 0.078385 0.011876
0.717340 0.079572 0.005938
0.726841 0.079572 0.008314
0.742280 0.079572 0.008314
0.754157 0.079572 0.008314
0.818290 0.079572 0.008314
0.143705 0.080760 0.008314
0.665083 0.080760 0.007126
0.680523 0.080760 0.008314
0.131829 0.081948 0.008314
0.593824 0.081948 0.007126
0.605701 0.081948 0.008314
0.691211 0.081948 0.008314
0.700713 0.081948 0.004751
0.709026 0.081948 0.005938
0.503563 0.083135 0.008314
0.621140 0.083135 0.008314
0.648456 0.083135 0.004751
0.655582 0.083135 0.004751
0.472684 0.084323 0.007126
0.488124 0.084323 0.009501
0.527316 0.084323 0.005938
0.541568 0.084323 0.008314
0.581948 0.084323 0.005938
0.638955 0.084323 0.013064
0.461995 0.085511 0.008314
0.517815 0.085511 0.008314
0.553444 0.085511 0.005938
0.562945 0.085511 0.007126
0.572447 0.085511 0.005938
0.427553 0.086698 0.008314
0.438242 0.086698 0.008314
0.633017 0.086698 0.011876
0.364608 0.089074 0.008314
0.414489 0.089074 0.010689
0.271971 0.090261 0.005938
0.281473 0.090261 0.007126
0.292162 0.090261 0.008314
0.305226 0.090261 0.008314
0.315914 0.090261 0.008314
0.332542 0.090261 0.010689
0.345606 0.090261 0.004751
0.353919 0.090261 0.005938
0.383610 0.090261 0.010689
0.396675 0.091449 0.010689
0.884798 0.091449 0.010689
0.230404 0.092637 0.008314
0.260095 0.092637 0.007126
0.870546 0.092637 0.004751
0.877672 0.092637 0.004751
0.218527 0.093824 0.008314
0.244656 0.093824 0.009501
0.833729 0.093824 0.008314
0.845606 0.093824 0.008314
0.859857 0.093824 0.008314
0.188836 0.095012 0.007126
0.199525 0.095012 0.005938
0.209026 0.095012 0.008314
0.819477 0.096200 0.008314
0.174584 0.097387 0.010689
0.774347 0.097387 0.013064
0.804038 0.097387 0.008314
0.150831 0.098575 0.005938
0.762470 0.098575 0.008314
0.790974 0.098575 0.008314
0.141330 0.099762 0.007126
0.160333 0.099762 0.011876
0.742280 0.099762 0.008314
0.545131 0.100950 0.007126
0.554632 0.100950 0.005938
0.602138 0.100950 0.007126
0.711401 0.100950 0.009501
0.472684 0.102138 0.009501
0.532067 0.102138 0.010689
0.564133 0.102138 0.005938
0.573634 0.102138 0.011876
0.590261 0.102138 0.008314
0.668646 0.102138 0.008314
0.728029 0.102138 0.010689
0.502375 0.103325 0.010689
0.519002 0.103325 0.008314
0.612827 0.103325 0.005938
0.622328 0.103325 0.007126
0.657957 0.103325 0.010689
0.488124 0.104513 0.011876
0.634204 0.104513 0.007126
0.643705 0.104513 0.005938
0.129454 0.105701 0.008314
0.437055 0.106888 0.007126
0.459620 0.106888 0.008314
0.355107 0.108076 0.007126
0.404988 0.108076 0.007126
0.414489 0.108076 0.008314
0.426366 0.108076 0.008314
0.450119 0.108076 0.010689
0.365796 0.109264 0.015439
0.382423 0.109264 0.008314
0.393112 0.109264 0.007126
0.239905 0.110451 0.007126
0.257720 0.110451 0.009501
0.286223 0.110451 0.014252
0.292162 0.110451 0.011876
0.340855 0.110451 0.011876
0.229216 0.111639 0.007126
0.269596 0.111639 0.013064
0.276722 0.111639 0.004751
0.870546 0.111639 0.008314
0.882423 0.111639 0.008314
0.207838 0.112827 0.005938
0.218527 0.114014 0.007126
0.825416 0.114014 0.007126
0.858670 0.114014 0.008314
0.149644 0.115202 0.008314
0.160333 0.115202 0.007126
0.173397 0.115202 0.004751
0.188836 0.115202 0.007126
0.199525 0.115202 0.013064
0.796912 0.116390 0.008314
0.807601 0.116390 0.008314
0.775534 0.117577 0.007126
0.785036 0.117577 0.008314
0.128266 0.118765 0.011876
0.134204 0.118765 0.010689
0.750594 0.118765 0.007126
0.763658 0.118765 0.008314
0.728029 0.119952 0.008314
0.738717 0.119952 0.008314
0.644893 0.121140 0.008314
0.656770 0.121140 0.005938
0.663895 0.121140 0.011876
0.581948 0.122328 0.008314
0.593824 0.122328 0.007126
0.603325 0.122328 0.008314
0.614014 0.122328 0.005938
0.624703 0.122328 0.007126
0.634204 0.122328 0.007126
0.716152 0.122328 0.010689
0.568884 0.123515 0.010689
0.507126 0.124703 0.005938
0.517815 0.124703 0.008314
0.529691 0.124703 0.008314
0.540380 0.124703 0.008314
0.478622 0.125891 0.008314
0.489311 0.125891 0.005938
0.498812 0.125891 0.008314
0.553444 0.125891 0.010689
0.472684 0.127078 0.010689
0.404988 0.128266 0.011876
0.414489 0.128266 0.007126
0.425178 0.128266 0.008314
0.433492 0.128266 0.007126
0.454869 0.128266 0.008314
0.389549 0.129454 0.008314
0.444181 0.129454 0.005938
0.178147 0.130641 0.005938
0.160333 0.131829 0.008314
0.168646 0.131829 0.005938
0.187648 0.131829 0.005938
0.195962 0.131829 0.005938
0.267221 0.131829 0.008314
0.280285 0.131829 0.010689
0.287411 0.131829 0.010689
0.372922 0.131829 0.008314
0.205463 0.133017 0.005938
0.214964 0.133017 0.005938
0.235154 0.133017 0.005938
0.244656 0.133017 0.005938
0.250594 0.133017 0.010689
0.352732 0.133017 0.008314
0.363420 0.133017 0.007126
0.883610 0.133017 0.013064
0.135392 0.134204 0.004751
0.141330 0.134204 0.004751
0.149644 0.134204 0.005938
0.223278 0.134204 0.007126
0.342043 0.134204 0.008314
0.876485 0.134204 0.004751
0.866983 0.135392 0.008314
0.125891 0.136580 0.008314
0.809976 0.136580 0.008314
0.838480 0.136580 0.004751
0.844418 0.136580 0.004751
0.851544 0.136580 0.010689
0.794537 0.137767 0.008314
0.819477 0.137767 0.008314
0.830166 0.137767 0.005938
0.762470 0.140143 0.007126
0.776722 0.140143 0.010689
0.714964 0.141330 0.007126
0.748219 0.141330 0.009501
0.650831 0.142518 0.004751
0.706651 0.142518 0.014252
0.513064 0.143705 0.005938
0.522565 0.143705 0.007126
0.530879 0.143705 0.005938
0.540380 0.143705 0.005938
0.564133 0.143705 0.007126
0.572447 0.143705 0.004751
0.593824 0.143705 0.007126
0.602138 0.143705 0.005938
0.612827 0.143705 0.008314
0.627078 0.143705 0.010689
0.641330 0.143705 0.008314
0.659145 0.143705 0.014252
0.669834 0.143705 0.007126
0.732779 0.143705 0.013064
0.470309 0.144893 0.011876
0.477435 0.144893 0.013064
0.489311 0.144893 0.008314
0.503563 0.146081 0.008314
0.552257 0.146081 0.008314
0.583135 0.146081 0.008314
0.413302 0.147268 0.008314
0.427553 0.147268 0.009501
0.440618 0.147268 0.008314
0.453682 0.147268 0.010689
0.270784 0.148456 0.007126
0.281473 0.148456 0.005938
0.400238 0.148456 0.008314
0.248219 0.149644 0.007126
0.258907 0.149644 0.008314
0.337292 0.149644 0.007126
0.359857 0.149644 0.005938
0.369359 0.149644 0.005938
0.378860 0.149644 0.008314
0.166271 0.150831 0.007126
0.209026 0.150831 0.008314
0.218527 0.150831 0.007126
0.229216 0.150831 0.005938
0.236342 0.150831 0.013064
0.349169 0.150831 0.008314
0.153207 0.152019 0.008314
0.176960 0.152019 0.008314
0.193587 0.152019 0.008314
0.142518 0.153207 0.008314
0.128266 0.154394 0.008314
0.742280 0.173397 0.021378
0.870546 0.174584 0.008314
0.881235 0.174584 0.008314
0.889549 0.174584 0.013064
0.834917 0.175772 0.020190
0.846793 0.175772 0.007126
0.857482 0.175772 0.008314
0.250594 0.176960 0.008314
0.264846 0.176960 0.008314
0.693587 0.176960 0.008314
0.179335 0.178147 0.009501
0.207838 0.178147 0.013064
0.214964 0.178147 0.013064
0.239905 0.178147 0.008314
0.793349 0.178147 0.005938
0.801663 0.178147 0.013064
0.817102 0.178147 0.010689
0.194774 0.179335 0.008314
0.224466 0.179335 0.008314
0.285036 0.179335 0.023753
0.671021 0.179335 0.008314
0.125891 0.180523 0.011876
0.142518 0.180523 0.008314
0.167458 0.180523 0.016627
0.276722 0.180523 0.016627
0.298100 0.180523 0.008314
0.336105 0.180523 0.008314
0.573634 0.180523 0.010689
0.637767 0.180523 0.020190
0.661520 0.180523 0.008314
0.681710 0.180523 0.008314
0.703088 0.180523 0.005938
0.714964 0.180523 0.008314
0.725653 0.180523 0.007126
0.782660 0.180523 0.008314
0.156770 0.181710 0.005938
0.324228 0.181710 0.008314
0.368171 0.181710 0.007126
0.397862 0.181710 0.007126
0.558195 0.181710 0.010689
0.585511 0.181710 0.007126
0.611639 0.181710 0.009501
0.623515 0.181710 0.008314
0.652019 0.181710 0.007126
0.769596 0.181710 0.020190
0.309976 0.182898 0.009501
0.347981 0.182898 0.008314
0.357482 0.182898 0.008314
0.378860 0.182898 0.015439
0.387173 0.182898 0.015439
0.406176 0.182898 0.004751
0.413302 0.182898 0.011876
0.429929 0.182898 0.010689
0.453682 0.182898 0.007126
0.467933 0.182898 0.013064
0.476247 0.182898 0.008314
0.749406 0.182898 0.007126
0.441805 0.184086 0.008314
0.491686 0.184086 0.011876
0.509501 0.184086 0.013064
0.526128 0.184086 0.010689
0.540380 0.184086 0.013064
0.596200 0.184086 0.008314
0.737530 0.184086 0.008314
