0.292162 0.000000 0.013064
0.315914 0.000000 0.011876
0.377672 0.000000 0.011876
0.941805 0.002375 0.020190
0.849169 0.007126 0.022565
0.647268 0.008314 0.028504
0.653207 0.008314 0.020190
0.878860 0.010689 0.016627
0.756532 0.011876 0.016627
0.766033 0.011876 0.023753
0.817102 0.011876 0.013064
0.593824 0.013064 0.028504
0.692399 0.014252 0.013064
0.629454 0.015439 0.013064
0.403800 0.019002 0.019002
0.309976 0.020190 0.013064
0.374109 0.020190 0.013064
0.438242 0.020190 0.014252
0.184086 0.022565 0.015439
0.247031 0.022565 0.016627
0.337292 0.022565 0.020190
0.276722 0.023753 0.020190
0.121140 0.026128 0.015439
0.902613 0.042755 0.011876
0.736342 0.043943 0.010689
0.887173 0.043943 0.010689
0.623515 0.045131 0.014252
0.655582 0.045131 0.008314
0.692399 0.045131 0.011876
0.751781 0.045131 0.013064
0.769596 0.045131 0.008314
0.782660 0.045131 0.008314
0.792162 0.045131 0.007126
0.801663 0.045131 0.007126
0.809976 0.045131 0.013064
0.837292 0.045131 0.008314
0.849169 0.045131 0.007126
0.858670 0.045131 0.008314
0.633017 0.046318 0.007126
0.666271 0.046318 0.005938
0.675772 0.046318 0.007126
0.700713 0.046318 0.005938
0.711401 0.046318 0.008314
0.723278 0.046318 0.008314
0.823040 0.046318 0.008314
0.872922 0.046318 0.008314
0.643705 0.047506 0.007126
0.581948 0.048694 0.013064
0.616390 0.048694 0.004751
0.592637 0.049881 0.007126
0.604513 0.049881 0.008314
0.554632 0.051069 0.005938
0.566508 0.051069 0.008314
0.425178 0.052257 0.014252
0.460808 0.052257 0.008314
0.471496 0.052257 0.008314
0.521378 0.052257 0.008314
0.532067 0.052257 0.008314
0.545131 0.052257 0.008314
0.364608 0.053444 0.008314
0.416865 0.053444 0.008314
0.434679 0.053444 0.008314
0.447743 0.053444 0.007126
0.504751 0.053444 0.010689
0.351544 0.054632 0.009501
0.376485 0.054632 0.010689
0.393112 0.054632 0.008314
0.406176 0.054632 0.008314
0.488124 0.054632 0.011876
0.288599 0.055819 0.008314
0.300475 0.055819 0.010689
0.315914 0.055819 0.008314
0.337292 0.055819 0.008314
0.277910 0.057007 0.007126
0.247031 0.058195 0.008314
0.257720 0.058195 0.007126
0.268409 0.058195 0.007126
0.239905 0.059382 0.004751
0.175772 0.061758 0.008314
0.203088 0.061758 0.008314
0.217340 0.061758 0.008314
0.225653 0.061758 0.017815
0.231591 0.061758 0.011876
0.667458 0.061758 0.004751
0.809976 0.061758 0.011876
0.882423 0.061758 0.008314
0.907363 0.061758 0.008314
0.187648 0.062945 0.008314
0.684086 0.062945 0.005938
0.699525 0.062945 0.009501
0.793349 0.062945 0.007126
0.804038 0.062945 0.008314
0.818290 0.062945 0.011876
0.833729 0.062945 0.010689
0.840855 0.062945 0.011876
0.855107 0.062945 0.009501
0.869359 0.062945 0.008314
0.899050 0.062945 0.005938
0.162708 0.064133 0.008314
0.643705 0.064133 0.008314
0.656770 0.064133 0.008314
0.711401 0.064133 0.007126
0.722090 0.064133 0.008314
0.737530 0.064133 0.007126
0.749406 0.064133 0.008314
0.779097 0.064133 0.008314
0.148456 0.065321 0.008314
0.618765 0.065321 0.008314
0.631829 0.065321 0.008314
0.890736 0.065321 0.004751
0.137767 0.066508 0.008314
0.585511 0.066508 0.005938
0.114014 0.067696 0.007126
0.125891 0.067696 0.008314
0.467933 0.067696 0.010689
0.596200 0.067696 0.011876
0.763658 0.067696 0.010689
0.428741 0.068884 0.008314
0.444181 0.068884 0.007126
0.454869 0.068884 0.008314
0.534442 0.068884 0.005938
0.546318 0.068884 0.008314
0.559382 0.068884 0.009501
0.573634 0.068884 0.008314
0.339667 0.070071 0.009501
0.389549 0.070071 0.008314
0.415677 0.070071 0.008314
0.307601 0.071259 0.008314
0.320665 0.071259 0.008314
0.352732 0.071259 0.005938
0.362233 0.071259 0.008314
0.374109 0.071259 0.008314
0.403800 0.071259 0.008314
0.488124 0.071259 0.008314
0.510689 0.071259 0.009501
0.523753 0.071259 0.008314
0.282660 0.072447 0.008314
0.294537 0.072447 0.008314
0.500000 0.072447 0.005938
0.268409 0.073634 0.005938
0.257720 0.074822 0.008314
0.198337 0.076010 0.007126
0.219715 0.076010 0.008314
0.245843 0.076010 0.008314
0.211401 0.077197 0.008314
0.233967 0.077197 0.008314
0.698337 0.077197 0.004751
0.171021 0.078385 0.008314
0.678147 0.078385 0.005938
0.686461 0.078385 0.013064
0.716152 0.078385 0.007126
0.726841 0.078385 0.008314
0.785036 0.078385 0.007126
0.802850 0.078385 0.005938
0.812352 0.078385 0.007126
0.882423 0.078385 0.008314
0.893112 0.078385 0.005938
0.908551 0.078385 0.010689
0.185273 0.079572 0.008314
0.794537 0.079572 0.004751
0.826603 0.079572 0.005938
0.834917 0.079572 0.005938
0.843230 0.079572 0.004751
0.870546 0.079572 0.007126
0.148456 0.080760 0.005938
0.159145 0.080760 0.008314
0.641330 0.080760 0.008314
0.667458 0.080760 0.008314
0.858670 0.080760 0.005938
0.901425 0.080760 0.004751
0.654394 0.081948 0.008314
0.616390 0.083135 0.008314
0.628266 0.083135 0.008314
0.128266 0.084323 0.007126
0.137767 0.084323 0.008314
0.586698 0.084323 0.008314
0.595012 0.084323 0.007126
0.606888 0.084323 0.008314
0.564133 0.085511 0.007126
0.576010 0.085511 0.005938
0.323040 0.086698 0.008314
0.337292 0.086698 0.008314
0.520190 0.086698 0.008314
0.542755 0.086698 0.007126
0.554632 0.086698 0.005938
0.114014 0.087886 0.009501
0.376485 0.087886 0.007126
0.387173 0.087886 0.005938
0.425178 0.087886 0.008314
0.460808 0.087886 0.007126
0.471496 0.087886 0.005938
0.483373 0.087886 0.008314
0.497625 0.087886 0.007126
0.507126 0.087886 0.010689
0.311164 0.089074 0.008314
0.365796 0.089074 0.008314
0.396675 0.089074 0.008314
0.448931 0.089074 0.008314
0.260095 0.090261 0.008314
0.274347 0.090261 0.008314
0.298100 0.090261 0.008314
0.437055 0.090261 0.005938
0.285036 0.091449 0.008314
0.233967 0.092637 0.007126
0.244656 0.092637 0.007126
0.222090 0.093824 0.008314
0.909739 0.093824 0.008314
0.212589 0.095012 0.005938
0.888361 0.095012 0.008314
0.897862 0.095012 0.008314
0.193587 0.096200 0.007126
0.878860 0.096200 0.007126
0.203088 0.097387 0.008314
0.680523 0.097387 0.008314
0.655582 0.098575 0.004751
0.666271 0.098575 0.008314
0.171021 0.099762 0.005938
0.182898 0.099762 0.008314
0.523753 0.099762 0.005938
0.533254 0.099762 0.007126
0.585511 0.099762 0.004751
0.595012 0.099762 0.008314
0.621140 0.099762 0.007126
0.630641 0.099762 0.005938
0.642518 0.099762 0.009501
0.513064 0.100950 0.007126
0.567696 0.100950 0.013064
0.576010 0.100950 0.007126
0.610451 0.100950 0.008314
0.471496 0.102138 0.010689
0.488124 0.102138 0.005938
0.500000 0.102138 0.007126
0.542755 0.102138 0.011876
0.549881 0.102138 0.004751
0.147268 0.103325 0.007126
0.160333 0.103325 0.008314
0.358670 0.103325 0.008314
0.385986 0.103325 0.008314
0.399050 0.103325 0.005938
0.444181 0.103325 0.008314
0.453682 0.103325 0.005938
0.135392 0.104513 0.007126
0.293349 0.104513 0.007126
0.330166 0.104513 0.005938
0.344418 0.104513 0.008314
0.369359 0.104513 0.010689
0.463183 0.104513 0.008314
0.124703 0.106888 0.005938
0.268409 0.106888 0.008314
0.914489 0.106888 0.008314
0.112827 0.108076 0.007126
0.256532 0.108076 0.008314
0.904988 0.108076 0.007126
0.242280 0.109264 0.008314
0.228029 0.110451 0.008314
0.885986 0.110451 0.004751
0.205463 0.111639 0.007126
0.217340 0.111639 0.005938
0.182898 0.114014 0.007126
0.194774 0.114014 0.005938
0.173397 0.115202 0.007126
0.610451 0.115202 0.004751
0.675772 0.115202 0.011876
0.602138 0.116390 0.011876
0.630641 0.116390 0.009501
0.642518 0.116390 0.008314
0.666271 0.116390 0.008314
0.154394 0.117577 0.007126
0.162708 0.117577 0.005938
0.585511 0.117577 0.004751
0.619952 0.117577 0.007126
0.142518 0.118765 0.007126
0.505938 0.118765 0.011876
0.519002 0.118765 0.008314
0.527316 0.118765 0.008314
0.541568 0.118765 0.005938
0.551069 0.118765 0.007126
0.562945 0.118765 0.007126
0.577197 0.118765 0.010689
0.124703 0.119952 0.004751
0.480998 0.119952 0.005938
0.500000 0.119952 0.013064
0.106888 0.121140 0.010689
0.114014 0.121140 0.008314
0.343230 0.121140 0.008314
0.355107 0.121140 0.008314
0.452494 0.121140 0.008314
0.461995 0.121140 0.005938
0.471496 0.121140 0.007126
0.332542 0.122328 0.007126
0.439430 0.122328 0.008314
0.073634 0.123515 0.007126
0.262470 0.123515 0.005938
0.281473 0.123515 0.008314
0.428741 0.123515 0.008314
0.230404 0.125891 0.007126
0.242280 0.125891 0.008314
0.252969 0.125891 0.005938
0.270784 0.125891 0.011876
0.885986 0.125891 0.010689
0.210214 0.127078 0.008314
0.220903 0.127078 0.004751
0.823040 0.127078 0.008314
0.836105 0.127078 0.008314
0.871734 0.127078 0.005938
0.197150 0.128266 0.005938
0.755344 0.128266 0.008314
0.794537 0.128266 0.004751
0.814727 0.128266 0.004751
0.850356 0.128266 0.008314
0.862233 0.128266 0.007126
0.187648 0.129454 0.005938
0.744656 0.129454 0.014252
0.913302 0.129454 0.008314
0.178147 0.130641 0.008314
0.767221 0.130641 0.008314
0.153207 0.131829 0.007126
0.163895 0.131829 0.007126
0.676960 0.131829 0.008314
0.141330 0.133017 0.004751
0.609264 0.133017 0.007126
0.618765 0.133017 0.007126
0.628266 0.133017 0.004751
0.638955 0.133017 0.013064
0.667458 0.133017 0.008314
0.124703 0.134204 0.008314
0.134204 0.134204 0.005938
0.646081 0.134204 0.013064
0.655582 0.134204 0.007126
0.358670 0.135392 0.017815
0.583135 0.135392 0.008314
0.597387 0.135392 0.008314
0.549881 0.136580 0.007126
0.560570 0.136580 0.008314
0.567696 0.136580 0.011876
0.444181 0.137767 0.008314
0.523753 0.137767 0.009501
0.538005 0.137767 0.008314
0.110451 0.138955 0.009501
0.287411 0.138955 0.009501
0.331354 0.138955 0.010689
0.349169 0.138955 0.010689
0.509501 0.138955 0.008314
0.264846 0.140143 0.008314
0.275534 0.140143 0.008314
0.421615 0.140143 0.008314
0.432304 0.140143 0.008314
0.459620 0.140143 0.010689
0.497625 0.140143 0.008314
0.250594 0.141330 0.008314
0.473872 0.141330 0.008314
0.484561 0.141330 0.008314
0.237530 0.143705 0.008314
0.903800 0.143705 0.013064
0.910926 0.143705 0.013064
0.876485 0.144893 0.010689
0.888361 0.144893 0.009501
0.895487 0.144893 0.005938
0.191211 0.146081 0.005938
0.200713 0.146081 0.007126
0.213777 0.146081 0.008314
0.226841 0.146081 0.007126
0.760095 0.146081 0.009501
0.834917 0.146081 0.007126
0.845606 0.146081 0.008314
0.857482 0.146081 0.008314
0.868171 0.146081 0.004751
0.180523 0.147268 0.007126
0.169834 0.148456 0.008314
0.735154 0.148456 0.008314
0.747031 0.148456 0.005938
0.148456 0.149644 0.004751
0.705463 0.149644 0.005938
0.719715 0.149644 0.013064
0.725653 0.149644 0.016627
0.155582 0.150831 0.010689
0.685273 0.150831 0.007126
0.695962 0.150831 0.005938
0.123515 0.152019 0.009501
0.129454 0.152019 0.004751
0.137767 0.152019 0.005938
0.633017 0.152019 0.008314
0.674584 0.152019 0.008314
0.622328 0.153207 0.008314
0.648456 0.153207 0.009501
0.661520 0.153207 0.008314
0.112827 0.154394 0.009501
0.577197 0.155582 0.008314
0.590261 0.155582 0.008314
0.610451 0.155582 0.010689
0.554632 0.156770 0.008314
0.567696 0.156770 0.008314
0.542755 0.157957 0.008314
0.485748 0.159145 0.008314
0.492874 0.159145 0.008314
0.504751 0.159145 0.008314
0.515439 0.159145 0.008314
0.530879 0.159145 0.008314
0.275534 0.160333 0.008314
0.285036 0.160333 0.005938
0.295724 0.160333 0.005938
0.331354 0.160333 0.009501
0.344418 0.160333 0.008314
0.355107 0.160333 0.008314
0.366983 0.160333 0.008314
0.402613 0.160333 0.010689
0.416865 0.160333 0.008314
0.429929 0.160333 0.008314
0.440618 0.160333 0.008314
0.458432 0.160333 0.010689
0.471496 0.160333 0.009501
0.249406 0.161520 0.008314
0.263658 0.161520 0.008314
0.304038 0.161520 0.007126
0.312352 0.161520 0.011876
0.236342 0.162708 0.007126
0.219715 0.163895 0.008314
0.197150 0.165083 0.008314
0.207838 0.165083 0.008314
0.165083 0.166271 0.008314
0.178147 0.166271 0.004751
0.184086 0.166271 0.004751
0.154394 0.168646 0.005938
0.143705 0.169834 0.008314
0.119952 0.171021 0.007126
0.131829 0.171021 0.008314
0.106888 0.172209 0.010689
0.707838 0.173397 0.014252
0.679335 0.174584 0.009501
0.692399 0.174584 0.010689
0.714964 0.174584 0.013064
0.393112 0.175772 0.005938
0.656770 0.175772 0.007126
0.667458 0.175772 0.005938
0.625891 0.176960 0.014252
0.584323 0.178147 0.010689
0.598575 0.178147 0.008314
0.635392 0.178147 0.005938
0.646081 0.178147 0.008314
0.731591 0.178147 0.009501
0.187648 0.179335 0.011876
0.195962 0.179335 0.004751
0.268409 0.179335 0.005938
0.611639 0.179335 0.008314
0.203088 0.180523 0.010689
0.258907 0.180523 0.007126
0.280285 0.180523 0.008314
0.292162 0.180523 0.008314
0.307601 0.180523 0.008314
0.318290 0.180523 0.008314
0.444181 0.180523 0.007126
0.457245 0.180523 0.008314
0.469121 0.180523 0.009501
0.491686 0.180523 0.010689
0.505938 0.180523 0.009501
0.523753 0.180523 0.013064
0.566508 0.180523 0.013064
0.743468 0.180523 0.021378
0.218527 0.181710 0.008314
0.235154 0.181710 0.005938
0.249406 0.181710 0.013064
0.369359 0.181710 0.008314
0.415677 0.181710 0.008314
0.426366 0.181710 0.015439
0.534442 0.181710 0.008314
0.551069 0.181710 0.010689
0.174584 0.182898 0.007126
0.381235 0.182898 0.009501
0.334917 0.184086 0.013064
0.124703 0.185273 0.008314
0.137767 0.185273 0.005938
0.397862 0.185273 0.011876
0.693587 0.185273 0.008314
0.156770 0.186461 0.009501
0.111639 0.187648 0.009501
0.675772 0.187648 0.008314
0.160333 0.201900 0.010689
