0.866983 0.079572 0.021378
0.821853 0.080760 0.007126
0.840855 0.080760 0.014252
0.850356 0.080760 0.013064
0.832542 0.081948 0.014252
0.776722 0.083135 0.016627
0.788599 0.083135 0.008314
0.768409 0.084323 0.005938
0.798100 0.084323 0.016627
0.809976 0.084323 0.008314
0.621140 0.085511 0.009501
0.652019 0.085511 0.013064
0.660333 0.085511 0.004751
0.685273 0.085511 0.008314
0.695962 0.085511 0.007126
0.757720 0.085511 0.008314
0.636580 0.086698 0.013064
0.669834 0.086698 0.008314
0.731591 0.086698 0.008314
0.744656 0.086698 0.008314
0.543943 0.087886 0.005938
0.593824 0.087886 0.004751
0.608076 0.087886 0.010689
0.705463 0.087886 0.008314
0.718527 0.087886 0.008314
0.504751 0.089074 0.008314
0.532067 0.089074 0.008314
0.554632 0.089074 0.005938
0.565321 0.089074 0.008314
0.586698 0.089074 0.004751
0.519002 0.090261 0.008314
0.576010 0.090261 0.008314
0.446556 0.091449 0.013064
0.473872 0.091449 0.008314
0.489311 0.091449 0.010689
0.439430 0.092637 0.016627
0.458432 0.092637 0.016627
0.370546 0.093824 0.005938
0.415677 0.093824 0.010689
0.428741 0.093824 0.008314
0.352732 0.095012 0.005938
0.361045 0.095012 0.005938
0.388361 0.095012 0.008314
0.399050 0.095012 0.008314
0.343230 0.096200 0.008314
0.235154 0.097387 0.008314
0.290974 0.097387 0.008314
0.300475 0.097387 0.007126
0.311164 0.097387 0.013064
0.318290 0.097387 0.004751
0.248219 0.098575 0.008314
0.260095 0.099762 0.016627
0.268409 0.099762 0.008314
0.280285 0.099762 0.008314
0.328979 0.099762 0.008314
0.224466 0.100950 0.008314
0.180523 0.102138 0.010689
0.195962 0.102138 0.010689
0.211401 0.102138 0.008314
0.123515 0.103325 0.019002
0.147268 0.103325 0.016627
0.165083 0.103325 0.013064
0.135392 0.104513 0.008314
0.870546 0.104513 0.015439
0.839667 0.106888 0.008314
0.794537 0.108076 0.008314
0.850356 0.108076 0.016627
0.809976 0.109264 0.013064
0.827791 0.109264 0.008314
0.785036 0.110451 0.008314
0.706651 0.111639 0.004751
0.745843 0.111639 0.004751
0.773159 0.111639 0.008314
0.674584 0.112827 0.004751
0.716152 0.112827 0.005938
0.736342 0.112827 0.008314
0.755344 0.112827 0.008314
0.764846 0.112827 0.004751
0.643705 0.114014 0.010689
0.682898 0.114014 0.005938
0.693587 0.114014 0.010689
0.726841 0.114014 0.008314
0.628266 0.115202 0.007126
0.655582 0.115202 0.008314
0.667458 0.115202 0.017815
0.617577 0.116390 0.004751
0.581948 0.117577 0.010689
0.609264 0.117577 0.005938
0.597387 0.118765 0.008314
0.568884 0.119952 0.008314
0.527316 0.121140 0.010689
0.543943 0.121140 0.008314
0.557007 0.121140 0.008314
0.381235 0.122328 0.016627
0.471496 0.122328 0.008314
0.500000 0.122328 0.010689
0.514252 0.122328 0.008314
0.482185 0.123515 0.008314
0.393112 0.125891 0.004751
0.404988 0.125891 0.008314
0.438242 0.125891 0.005938
0.448931 0.125891 0.008314
0.458432 0.125891 0.008314
0.419240 0.127078 0.008314
0.428741 0.127078 0.015439
0.370546 0.128266 0.007126
0.326603 0.130641 0.008314
0.338480 0.130641 0.008314
0.346793 0.130641 0.008314
0.358670 0.130641 0.008314
0.877672 0.130641 0.019002
0.864608 0.131829 0.008314
0.806413 0.133017 0.008314
0.818290 0.133017 0.005938
0.826603 0.133017 0.004751
0.836105 0.133017 0.011876
0.842043 0.133017 0.013064
0.852732 0.133017 0.008314
0.286223 0.135392 0.008314
0.296912 0.135392 0.016627
0.304038 0.135392 0.013064
0.754157 0.135392 0.005938
0.768409 0.135392 0.010689
0.779097 0.135392 0.008314
0.197150 0.136580 0.011876
0.266033 0.136580 0.008314
0.276722 0.136580 0.007126
0.790974 0.136580 0.008314
0.172209 0.137767 0.014252
0.206651 0.137767 0.005938
0.224466 0.137767 0.013064
0.238717 0.137767 0.008314
0.251781 0.137767 0.008314
0.744656 0.137767 0.008314
0.159145 0.138955 0.008314
0.179335 0.138955 0.013064
0.633017 0.138955 0.008314
0.646081 0.138955 0.008314
0.705463 0.138955 0.007126
0.714964 0.138955 0.007126
0.724466 0.138955 0.007126
0.134204 0.140143 0.008314
0.146081 0.140143 0.007126
0.621140 0.140143 0.008314
0.657957 0.140143 0.007126
0.667458 0.140143 0.014252
0.735154 0.140143 0.008314
0.564133 0.141330 0.008314
0.589074 0.141330 0.008314
0.119952 0.142518 0.009501
0.503563 0.142518 0.010689
0.542755 0.142518 0.007126
0.574822 0.142518 0.008314
0.599762 0.142518 0.007126
0.609264 0.142518 0.008314
0.520190 0.143705 0.008314
0.530879 0.143705 0.008314
0.553444 0.143705 0.008314
0.464371 0.144893 0.008314
0.476247 0.144893 0.007126
0.488124 0.144893 0.013064
0.447743 0.146081 0.010689
0.402613 0.149644 0.008314
0.431116 0.149644 0.008314
0.371734 0.150831 0.004751
0.418052 0.150831 0.008314
0.362233 0.152019 0.013064
0.337292 0.153207 0.008314
0.347981 0.153207 0.008314
0.273159 0.154394 0.005938
0.391924 0.154394 0.008314
0.282660 0.155582 0.004751
0.853919 0.155582 0.007126
0.864608 0.155582 0.008314
0.875297 0.155582 0.008314
0.883610 0.155582 0.015439
0.161520 0.156770 0.008314
0.169834 0.156770 0.005938
0.180523 0.156770 0.007126
0.191211 0.156770 0.007126
0.201900 0.156770 0.008314
0.237530 0.156770 0.008314
0.250594 0.156770 0.008314
0.263658 0.156770 0.007126
0.826603 0.156770 0.008314
0.838480 0.156770 0.016627
0.148456 0.157957 0.008314
0.212589 0.157957 0.008314
0.813539 0.157957 0.009501
0.118765 0.159145 0.009501
0.135392 0.159145 0.008314
0.225653 0.159145 0.008314
0.795724 0.159145 0.010689
0.663895 0.160333 0.011876
0.707838 0.160333 0.013064
0.781473 0.160333 0.008314
0.650831 0.161520 0.005938
0.719715 0.161520 0.008314
0.755344 0.161520 0.008314
0.768409 0.161520 0.008314
0.642518 0.162708 0.004751
0.731591 0.162708 0.005938
0.741093 0.162708 0.008314
0.566508 0.163895 0.008314
0.609264 0.163895 0.009501
0.623515 0.163895 0.008314
0.634204 0.163895 0.005938
0.671021 0.163895 0.010689
0.508314 0.165083 0.005938
0.520190 0.165083 0.008314
0.553444 0.165083 0.005938
0.579572 0.165083 0.008314
0.592637 0.165083 0.010689
0.415677 0.166271 0.014252
0.483373 0.166271 0.008314
0.498812 0.166271 0.013064
0.543943 0.166271 0.007126
0.463183 0.167458 0.016627
0.532067 0.167458 0.008314
0.450119 0.168646 0.008314
0.425178 0.169834 0.016627
0.437055 0.169834 0.008314
0.163895 0.173397 0.008314
0.180523 0.174584 0.008314
0.192399 0.174584 0.008314
0.212589 0.174584 0.004751
0.122328 0.175772 0.010689
0.135392 0.175772 0.008314
0.148456 0.175772 0.010689
0.204276 0.175772 0.005938
0.219715 0.175772 0.004751
0.281473 0.175772 0.009501
0.361045 0.175772 0.013064
0.887173 0.175772 0.010689
0.232779 0.176960 0.008314
0.244656 0.176960 0.008314
0.257720 0.176960 0.008314
0.270784 0.176960 0.008314
0.862233 0.178147 0.008314
0.875297 0.178147 0.008314
0.833729 0.179335 0.008314
0.846793 0.179335 0.019002
0.774347 0.180523 0.004751
0.789786 0.180523 0.008314
0.821853 0.180523 0.008314
0.764846 0.181710 0.011876
0.804038 0.181710 0.010689
0.739905 0.182898 0.008314
0.748219 0.182898 0.008314
0.643705 0.185273 0.007126
0.678147 0.185273 0.004751
0.685273 0.185273 0.011876
0.701900 0.185273 0.011876
0.716152 0.185273 0.008314
0.728029 0.185273 0.008314
0.630641 0.186461 0.009501
0.653207 0.186461 0.008314
0.667458 0.186461 0.008314
0.327791 0.187648 0.005938
0.599762 0.187648 0.011876
0.617577 0.187648 0.008314
0.570071 0.188836 0.008314
0.606888 0.188836 0.008314
0.491686 0.190024 0.005938
0.504751 0.190024 0.008314
0.515439 0.190024 0.008314
0.528504 0.190024 0.008314
0.543943 0.190024 0.009501
0.558195 0.190024 0.008314
0.583135 0.190024 0.010689
0.184086 0.191211 0.009501
0.482185 0.191211 0.008314
0.337292 0.192399 0.008314
0.433492 0.192399 0.008314
0.459620 0.192399 0.008314
0.469121 0.192399 0.008314
0.301663 0.193587 0.010689
0.323040 0.193587 0.013064
0.445368 0.193587 0.009501
0.203088 0.194774 0.008314
0.214964 0.194774 0.007126
0.226841 0.194774 0.009501
0.254157 0.194774 0.010689
0.269596 0.194774 0.008314
0.285036 0.194774 0.009501
0.389549 0.194774 0.008314
0.397862 0.194774 0.014252
0.119952 0.195962 0.010689
0.140143 0.195962 0.009501
0.152019 0.195962 0.007126
0.162708 0.195962 0.008314
0.242280 0.195962 0.008314
0.355107 0.195962 0.008314
0.368171 0.195962 0.015439
0.377672 0.195962 0.007126
0.742280 0.206651 0.008314
0.758907 0.206651 0.013064
0.731591 0.209026 0.008314
0.709026 0.210214 0.008314
0.719715 0.210214 0.008314
0.682898 0.211401 0.008314
0.695962 0.211401 0.008314
0.635392 0.212589 0.008314
0.646081 0.212589 0.008314
0.671021 0.212589 0.008314
0.599762 0.213777 0.016627
0.622328 0.213777 0.008314
0.657957 0.213777 0.008314
0.490499 0.214964 0.005938
0.538005 0.214964 0.008314
0.565321 0.214964 0.010689
0.580760 0.214964 0.008314
0.593824 0.214964 0.013064
0.611639 0.214964 0.008314
0.526128 0.216152 0.008314
0.551069 0.216152 0.008314
0.251781 0.217340 0.007126
0.337292 0.217340 0.005938
0.433492 0.217340 0.007126
0.445368 0.217340 0.008314
0.460808 0.217340 0.013064
0.477435 0.217340 0.010689
0.501188 0.217340 0.008314
0.514252 0.217340 0.008314
0.117577 0.218527 0.015439
0.127078 0.218527 0.005938
0.137767 0.218527 0.008314
0.148456 0.218527 0.007126
0.169834 0.218527 0.007126
0.180523 0.218527 0.015439
0.219715 0.218527 0.011876
0.236342 0.218527 0.011876
0.263658 0.218527 0.008314
0.275534 0.218527 0.007126
0.285036 0.218527 0.007126
0.296912 0.218527 0.008314
0.307601 0.218527 0.005938
0.317102 0.218527 0.008314
0.327791 0.218527 0.007126
0.396675 0.218527 0.008314
0.409739 0.218527 0.008314
0.421615 0.218527 0.008314
0.159145 0.219715 0.008314
0.356295 0.219715 0.016627
0.380048 0.219715 0.016627
0.201900 0.220903 0.011876
0.368171 0.220903 0.008314
