0.318290 0.000000 0.011876
0.363420 0.000000 0.013064
0.377672 0.000000 0.013064
0.604513 0.000000 0.024941
0.295724 0.001188 0.008314
0.941805 0.004751 0.013064
0.647268 0.007126 0.035629
0.328979 0.008314 0.004751
0.630641 0.008314 0.052257
0.842043 0.008314 0.020190
0.903800 0.009501 0.020190
0.718527 0.010689 0.024941
0.756532 0.010689 0.016627
0.771971 0.010689 0.033254
0.817102 0.010689 0.011876
0.880048 0.010689 0.013064
0.692399 0.013064 0.013064
0.333729 0.019002 0.016627
0.309976 0.020190 0.013064
0.209026 0.021378 0.020190
0.374109 0.021378 0.011876
0.247031 0.022565 0.016627
0.275534 0.022565 0.024941
0.143705 0.023753 0.032067
0.184086 0.023753 0.013064
0.260095 0.023753 0.036817
0.121140 0.027316 0.013064
0.551069 0.057007 0.010689
0.566508 0.058195 0.004751
0.572447 0.059382 0.004751
0.532067 0.060570 0.004751
0.515439 0.062945 0.014252
0.422803 0.065321 0.008314
0.473872 0.065321 0.010689
0.486936 0.065321 0.011876
0.432304 0.067696 0.009501
0.444181 0.067696 0.016627
0.456057 0.067696 0.004751
0.463183 0.067696 0.004751
0.492874 0.067696 0.004751
0.488124 0.100950 0.004751
0.523753 0.100950 0.004751
0.478622 0.102138 0.016627
0.516627 0.102138 0.004751
0.450119 0.103325 0.008314
0.456057 0.103325 0.019002
0.507126 0.103325 0.016627
0.466746 0.104513 0.004751
0.552257 0.121140 0.004751
0.561758 0.122328 0.004751
0.570071 0.122328 0.004751
0.539192 0.124703 0.004751
0.579572 0.124703 0.008314
0.456057 0.128266 0.015439
0.502375 0.128266 0.004751
0.510689 0.129454 0.008314
0.532067 0.129454 0.007126
0.522565 0.130641 0.008314
0.464371 0.131829 0.021378
0.477435 0.134204 0.008314
0.490499 0.135392 0.008314
0.529691 0.174584 0.004751
0.535629 0.175772 0.004751
0.435867 0.178147 0.008314
0.381235 0.179335 0.019002
0.393112 0.179335 0.007126
0.419240 0.179335 0.010689
0.447743 0.179335 0.022565
0.494062 0.179335 0.008314
0.504751 0.179335 0.007126
0.515439 0.179335 0.017815
0.404988 0.180523 0.008314
