0.294537 0.000000 0.010689
0.315914 0.000000 0.011876
0.378860 0.000000 0.013064
0.363420 0.001188 0.008314
0.941805 0.002375 0.016627
0.845606 0.007126 0.022565
0.773159 0.009501 0.034442
0.889549 0.009501 0.033254
0.755344 0.010689 0.013064
0.880048 0.010689 0.020190
0.817102 0.011876 0.011876
0.692399 0.013064 0.013064
0.351544 0.019002 0.015439
0.309976 0.020190 0.013064
0.372922 0.020190 0.013064
0.328979 0.021378 0.028504
0.438242 0.021378 0.020190
0.185273 0.022565 0.016627
0.247031 0.022565 0.016627
0.207838 0.023753 0.020190
0.286223 0.023753 0.016627
0.155582 0.024941 0.016627
0.258907 0.024941 0.024941
0.121140 0.026128 0.016627
0.401425 0.052257 0.005938
0.410926 0.052257 0.005938
0.352732 0.053444 0.004751
0.320665 0.054632 0.008314
0.345606 0.054632 0.004751
0.391924 0.054632 0.004751
0.306413 0.055819 0.007126
0.333729 0.055819 0.008314
0.254157 0.057007 0.007126
0.266033 0.057007 0.008314
0.285036 0.057007 0.008314
0.242280 0.058195 0.007126
0.212589 0.059382 0.005938
0.222090 0.059382 0.008314
0.231591 0.059382 0.005938
0.274347 0.059382 0.008314
0.190024 0.060570 0.008314
0.200713 0.060570 0.007126
0.381235 0.060570 0.019002
0.365796 0.061758 0.004751
0.371734 0.061758 0.004751
0.169834 0.062945 0.004751
0.179335 0.062945 0.008314
0.358670 0.062945 0.004751
0.129454 0.064133 0.008314
0.138955 0.064133 0.008314
0.149644 0.064133 0.005938
0.160333 0.064133 0.007126
0.350356 0.064133 0.004751
0.895487 0.077197 0.027316
0.884798 0.079572 0.020190
0.922803 0.100950 0.059382
0.824228 0.104513 0.019002
0.091449 0.114014 0.007126
0.923990 0.142518 0.009501
