55 57
177 181
67 68
258 264
436 441
147 149
70 73
8 9
251 252
421 425
148 150
132 133
343 344
712 717
192 193
41 42
181 183
376 377
424 426
74 75
265 271
484 486
357 363
214 216
15 16
409 410
47 48
7 12
96 99
457 459
428 432
107 108
277 281
318 319
350 351
199 200
458 460
259 260
251 256
291 292
720 725
631 635
417 419
232 233
423 429
642 644
443 444
690 693
81 82
324 325
475 485
494 498
173 174
705 709
22 23
432 434
416 417
476 477
756 760
394 398
605 609
775 782
206 207
568 569
177 180
88 90
660 661
258 263
298 299
509 510
228 231
390 391
207 208
439 442
601 602
649 651
69 76
450 451
121 123
299 300
693 694
213 215
391 392
423 424
240 241
650 652
110 113
682 684
321 324
154 156
332 333
364 365
575 576
95 97
667 668
715 717
354 357
338 340
516 517
155 157
187 189
365 366
214 215
689 692
306 307
716 718
549 550
781 784
760 761
398 399
630 633
21 22
609 610
657 659
280 282
40 44
328 331
490 491
701 702
10 12
582 583
221 223
631 634
793 794
54 55
464 466
674 675
723 726
523 524
162 164
146 147
32 36
755 758
604 607
583 584
43 45
615 616
675 676
756 759
179 180
605 608
767 768
28 29
616 617
648 649
109 112
567 572
136 138
708 709
168 170
379 381
427 430
781 788
29 30
508 513
77 79
121 122
312 318
741 742
2 3
412 414
353 355
72 76
413 415
3 4
445 447
623 624
246 247
127 128
715 716
354 356
338 339
176 179
9 11
430 431
68 69
279 280
737 740
128 129
160 161
530 536
371 372
257 261
707 708
220 221
630 632
500 504
678 681
349 353
150 153
31 34
404 405
91 94
253 254
464 465
512 514
313 314
544 546
556 557
194 195
604 606
405 406
397 402
346 347
637 639
319 320
567 571
729 731
530 531
168 169
578 580
379 380
489 490
622 623
330 335
471 472
312 317
563 564
161 166
261 262
493 496
293 294
326 328
504 505
385 386
795 797
596 597
283 286
294 295
526 529
748 749
386 387
777 785
796 798
666 670
348 351
689 690
437 438
551 558
408 411
570 571
209 211
257 260
249 256
289 292
268 269
349 352
511 512
134 135
722 723
381 384
182 184
360 361
31 33
242 244
290 293
452 453
663 664
711 713
776 779
552 558
64 66
555 560
534 537
696 697
655 656
5 7
577 578
496 501
49 50
747 748
551 553
278 287
71 74
50 51
330 334
569 579
540 543
341 343
142 143
783 786
584 586
222 224
762 763
23 24
721 722
234 235
282 284
83 84
314 316
724 727
115 116
773 778
541 544
326 327
131 133
703 704
13 16
585 587
56 57
714 719
754 755
677 679
506 513
736 737
695 696
208 209
787 788
300 301
636 637
440 442
63 65
241 242
281 287
322 325
780 785
333 334
4 6
640 643
141 142
274 275
123 124
680 801
426 427
307 308
539 542
518 519
566 568
5 6
359 364
610 611
248 249
658 660
70 72
97 98
329 332
507 509
89 94
617 628
340 341
11 13
510 511
148 149
270 273
448 450
71 73
451 452
171 178
422 425
60 63
222 223
433 434
481 483
724 726
374 375
576 577
495 503
137 139
547 550
185 188
428 431
407 408
366 367
539 802
159 163
458 459
477 481
440 441
399 400
532 533
203 205
661 665
25 37
494 497
473 474
721 725
794 795
753 757
204 206
435 438
735 736
373 374
226 230
676 677
96 102
237 239
285 288
768 769
687 695
406 407
329 331
130 131
750 751
210 212
151 153
590 600
650 651
33 36
321 323
243 245
742 743
591 592
761 765
683 684
196 197
476 480
155 156
775 776
288 289
624 625
88 93
250 253
229 230
358 362
129 130
749 750
100 103
262 263
598 599
111 112
764 766
472 478
572 574
254 255
664 666
144 145
395 401
236 237
106 109
195 196
85 86
738 740
198 201
136 137
546 548
347 348
118 119
228 229
77 78
210 211
712 714
151 152
110 111
642 646
443 446
243 244
202 203
790 791
51 52
535 538
217 219
505 506
143 144
114 117
686 688
487 488
235 236
645 647
250 252
387 388
557 561
358 361
520 521
40 42
498 502
461 462
132 134
542 545
420 421
25 26
774 778
453 454
413 418
154 167
302 303
435 436
106 108
17 18
468 479
486 487
409 411
47 49
335 336
697 698
789 790
350 352
268 273
538 799
519 520
641 644
730 731
80 82
701 704
339 342
611 612
10 14
383 385
671 672
663 668
232 234
763 764
162 166
84 85
774 782
416 418
265 267
553 554
796 797
645 646
227 231
117 118
729 734
58 59
678 679
191 192
301 302
61 64
527 528
309 315
770 771
393 394
619 620
91 92
62 65
224 225
382 384
682 685
183 184
771 772
275 276
35 38
445 449
124 125
534 536
744 745
367 368
777 779
667 669
216 217
264 266
187 190
597 601
276 277
308 309
718 720
157 158
745 746
160 163
139 140
460 461
98 99
90 95
641 643
101 104
190 191
172 173
541 543
784 786
585 586
482 484
105 107
283 284
164 165
375 376
87 89
135 138
769 770
46 48
618 619
467 468
618 628
316 317
710 711
186 189
197 198
120 122
492 497
743 744
592 593
422 429
39 44
652 653
290 291
700 702
732 734
382 383
573 579
593 594
625 626
474 475
685 686
24 37
733 735
526 531
396 403
626 627
658 659
507 508
629 632
559 564
238 240
448 449
570 573
371 373
529 532
691 692
492 501
101 103
751 752
360 363
393 397
603 606
104 105
473 478
75 78
45 46
662 670
633 634
304 306
482 483
574 575
444 447
245 247
378 380
515 516
186 188
758 759
19 20
607 608
456 457
688 691
79 80
699 700
370 372
780 783
548 549
540 545
171 172
791 792
20 21
414 415
52 53
762 765
311 313
433 437
732 733
355 356
152 167
792 793
204 205
662 665
53 54
175 178
463 465
673 674
296 297
754 757
145 146
267 270
388 389
26 27
359 362
687 694
297 298
739 741
499 503
766 767
170 175
389 390
27 28
238 239
119 120
322 327
410 412
799 800
60 61
182 185
454 455
271 272
303 304
514 515
591 600
1 2
554 560
212 213
525 533
455 456
698 699
336 337
226 233
266 269
639 640
488 489
126 127
480 485
369 370
580 581
218 219
599 603
100 102
278 279
672 673
310 311
521 522
581 582
41 43
613 614
462 463
255 259
522 523
713 719
225 227
525 528
403 404
395 400
614 615
706 707
56 58
344 345
738 739
296 305
555 556
587 588
547 552
396 401
647 648
285 286
377 378
337 342
0 1
588 589
8 14
636 638
620 621
787 789
499 502
199 201
469 470
92 93
680 681
30 32
469 479
728 730
310 315
598 602
561 562
200 202
621 622
81 83
669 671
653 654
470 471
125 126
535 537
705 710
562 563
594 595
627 629
34 35
66 67
654 655
114 116
524 527
495 500
174 176
158 159
746 747
595 596
