124.999657 37.000143 0.004450
144.000022 37.000143 0.003337
155.000186 37.999831 0.003893
166.000350 37.999831 0.003893
199.999631 37.999831 0.003337
247.999938 37.999831 0.007787
228.999573 40.000106 0.003893
265.000028 40.000106 0.005006
334.999764 42.000381 0.013348
345.999928 42.000381 0.003893
307.000409 43.000069 0.009455
360.000055 43.000069 0.005006
277.999568 43.999757 0.010568
371.000219 43.999757 0.003893
317.999674 45.000344 0.012792
405.000399 45.000344 0.002781
383.000071 46.000032 0.005006
490.999638 46.999720 0.005006
504.999765 48.000307 0.004450
75.999662 78.999625 0.003893
89.000101 78.999625 0.003893
129.000207 80.000212 0.006118
144.999710 80.000212 0.003893
172.999964 80.999900 0.003893
205.999557 81.999588 0.003893
251.999589 83.000175 0.006118
276.000192 83.000175 0.003337
288.999732 83.999863 0.004450
326.999563 84.999551 0.003893
354.999817 86.000138 0.003893
380.000108 88.000413 0.003893
438.999680 88.000413 0.003893
400.000161 89.000101 0.002781
429.000103 89.000101 0.003893
461.999696 89.000101 0.003893
474.000447 89.000101 0.003893
409.999738 89.999789 0.003893
230.999848 91.000376 0.003337
489.999950 91.000376 0.003893
52.999646 103.000228 0.004450
95.000027 103.000228 0.003337
144.999710 103.000228 0.006118
123.999969 103.999916 0.003337
172.999964 103.999916 0.003893
74.000286 104.999604 0.008899
183.000440 104.999604 0.003893
210.000107 106.000191 0.002781
268.999679 106.000191 0.003893
233.999811 106.999879 0.003337
288.999732 107.999567 0.003893
311.000060 109.000154 0.003893
323.999600 109.000154 0.003893
337.999727 109.000154 0.005561
375.999558 111.000429 0.003893
388.999997 111.000429 0.005006
411.000325 112.000117 0.003337
469.000209 112.999805 0.007230
443.999918 114.000392 0.003893
489.999950 114.000392 0.004450
504.000077 114.000392 0.005006
91.000376 124.999657 0.005006
103.000228 124.999657 0.005006
51.000270 126.000244 0.005006
78.999625 126.999932 0.004450
117.000355 126.999932 0.003893
63.000122 127.999620 0.005006
127.999620 127.999620 0.003893
146.000297 127.999620 0.003337
155.999874 127.999620 0.003893
175.999927 127.999620 0.002781
233.000123 129.999895 0.003893
265.999716 129.999895 0.005561
221.999959 130.999583 0.009455
250.999901 130.999583 0.003893
291.000007 130.999583 0.003337
302.999859 130.999583 0.008899
210.000107 132.000170 0.005561
345.999928 132.999858 0.003893
313.000335 134.000445 0.003337
360.000055 134.000445 0.003893
391.999960 134.000445 0.006674
423.999865 134.000445 0.006118
412.999701 137.000408 0.003893
440.999955 137.000408 0.006674
466.000246 138.000096 0.008899
478.999786 138.000096 0.003893
492.999913 138.000096 0.003893
51.999958 146.999985 0.005561
172.000276 149.000260 0.006118
65.000397 149.999948 0.003893
184.999816 149.999948 0.005561
120.000318 150.999636 0.003893
130.999583 152.000223 0.003893
149.999948 152.000223 0.003337
97.999990 152.999911 0.003893
218.000308 153.999599 0.003893
285.999769 153.999599 0.005006
230.000160 155.000186 0.004450
242.000012 155.000186 0.003893
274.999605 155.000186 0.005006
313.000335 155.999874 0.005561
357.999780 156.999562 0.003893
299.999896 158.000149 0.005006
337.000039 158.000149 0.003893
368.000256 158.000149 0.003337
383.000071 158.000149 0.005561
431.000378 158.999837 0.006118
405.000399 160.000424 0.003893
415.999664 160.000424 0.003893
443.000230 160.000424 0.005006
486.999987 160.000424 0.006118
472.000172 161.000112 0.003893
458.999733 161.999800 0.005561
501.999802 161.999800 0.005561
92.000064 172.999964 0.006118
66.000085 173.999652 0.003893
77.000249 173.999652 0.005006
103.999916 175.000239 0.003893
115.000080 175.999927 0.003893
135.000133 175.999927 0.003893
153.999599 175.999927 0.003893
178.000202 175.999927 0.003337
167.000038 178.000202 0.004450
201.999906 178.000202 0.006118
213.000070 178.000202 0.003893
224.000234 178.000202 0.003337
250.000213 178.000202 0.004450
268.999679 178.000202 0.003337
294.999658 178.999890 0.003893
319.000261 179.999578 0.003337
331.000113 181.000165 0.003893
360.999743 183.000440 0.003893
383.000071 183.000440 0.006118
371.000219 184.000128 0.002781
415.999664 184.000128 0.003893
426.000140 184.000128 0.003893
460.000320 184.000128 0.003893
472.000172 184.999816 0.003893
437.999992 186.000403 0.004450
492.999913 186.000403 0.005006
504.000077 186.000403 0.010011
54.999921 196.999668 0.003893
66.000085 198.000255 0.002781
83.999863 198.000255 0.002781
94.000339 198.999943 0.003893
121.999694 198.999943 0.005006
137.000408 198.999943 0.003893
166.000350 201.000218 0.003893
195.000292 201.000218 0.003337
176.999615 201.999906 0.008899
218.999996 201.999906 0.006118
244.999975 201.999906 0.003893
267.999991 201.999906 0.003893
233.999811 202.999594 0.003337
305.999822 204.000181 0.003893
328.999838 204.000181 0.003893
317.999674 204.999869 0.004450
343.999653 204.999869 0.005561
359.000367 205.999557 0.003893
385.000346 205.999557 0.006118
409.000050 205.999557 0.003893
426.000140 205.999557 0.007230
469.999897 205.999557 0.007230
397.999886 207.999832 0.005561
487.999675 210.000107 0.007230
501.999802 210.000107 0.005006
454.000394 210.999795 0.007787
285.000081 212.000382 0.002781
63.000122 219.999684 0.003337
51.000270 221.999959 0.005006
89.000101 221.999959 0.006118
127.999620 221.999959 0.003893
146.000297 222.999647 0.008342
156.999562 222.999647 0.003337
178.000202 222.999647 0.004450
104.999604 224.000234 0.003337
190.000054 224.000234 0.003893
259.999790 224.000234 0.005561
115.000080 224.999922 0.003893
233.999811 224.999922 0.003893
245.999663 224.999922 0.004450
276.000192 225.999610 0.003893
336.000351 225.999610 0.005561
288.999732 227.000197 0.005006
299.999896 227.000197 0.003337
351.000166 227.999885 0.005006
380.000108 228.999573 0.006118
426.000140 228.999573 0.006118
366.999669 230.000160 0.005006
391.999960 230.000160 0.003893
440.000267 233.000123 0.006674
466.999934 233.000123 0.002781
487.999675 233.000123 0.005561
501.000114 233.999811 0.005561
51.999958 244.000287 0.005006
63.000122 244.000287 0.003893
77.999937 244.000287 0.003893
101.999641 247.000250 0.006118
115.999768 247.000250 0.004450
146.999985 247.000250 0.003893
158.000149 247.000250 0.003893
132.999858 247.999938 0.005561
167.999726 247.999938 0.002781
201.999906 247.999938 0.003337
262.000065 247.999938 0.006118
230.000160 248.999626 0.003893
273.000229 250.000213 0.003337
291.999695 250.000213 0.003337
308.999785 250.999901 0.003337
331.999801 251.999589 0.005006
360.000055 253.000176 0.006118
343.999653 253.999864 0.007787
386.999722 253.999864 0.002781
409.999738 253.999864 0.003893
440.999955 254.999552 0.004450
428.000415 256.000139 0.003893
458.000045 256.000139 0.006674
478.000098 256.000139 0.003893
501.999802 256.999827 0.004450
489.000262 258.000414 0.004450
49.999683 267.999991 0.005006
63.000122 268.999679 0.007787
94.000339 268.999679 0.006118
81.999588 270.000266 0.003893
111.000429 270.000266 0.006118
132.000170 270.000266 0.005561
230.000160 270.000266 0.005561
147.999673 270.999954 0.003893
173.999652 270.999954 0.002224
198.000255 270.999954 0.006674
215.000345 270.999954 0.005006
158.000149 271.999642 0.003337
259.999790 273.000229 0.003893
247.000250 273.999917 0.006118
276.000192 273.999917 0.003893
293.000282 273.999917 0.002781
316.000298 273.999917 0.005561
328.999838 274.999605 0.003893
363.999706 274.999605 0.007230
340.000002 276.000192 0.006118
380.999796 276.999880 0.006118
395.999611 276.999880 0.005006
409.999738 277.999568 0.003893
440.999955 277.999568 0.006118
424.999553 279.000155 0.003893
454.000394 279.000155 0.003893
489.000262 279.999843 0.004450
477.000410 281.000430 0.002781
52.999646 290.000319 0.008342
63.000122 293.000282 0.002781
123.000281 293.000282 0.003893
95.999715 293.999970 0.005006
107.999567 293.999970 0.006118
135.999821 294.999658 0.008899
164.999763 294.999658 0.004450
175.999927 294.999658 0.002781
81.999588 296.000245 0.008899
239.999737 296.000245 0.005561
322.000224 296.000245 0.006118
204.999869 296.999933 0.003893
224.999922 296.999933 0.003893
267.000303 297.999621 0.003893
290.000319 297.999621 0.004450
300.999584 297.999621 0.006118
340.999690 299.000208 0.003337
467.999622 299.000208 0.005561
377.000145 300.999584 0.003337
455.000082 302.000171 0.003337
420.000214 302.999859 0.004450
406.000087 304.000446 0.006118
443.000230 304.000446 0.003893
481.999749 304.000446 0.003893
493.999601 305.000134 0.009455
432.000066 307.000409 0.006118
52.999646 316.999986 0.007787
63.000122 316.999986 0.002781
81.999588 316.999986 0.003893
106.000191 316.999986 0.005006
164.000075 319.000261 0.003893
173.999652 319.000261 0.003337
213.999758 319.000261 0.003337
123.000281 319.999949 0.007787
244.000287 319.999949 0.003337
270.000266 319.999949 0.005561
254.999552 320.999637 0.003893
330.000425 320.999637 0.006674
308.000097 322.000224 0.006118
144.000022 322.999912 0.007787
365.000293 323.999600 0.005006
388.999997 323.999600 0.008342
434.000341 323.999600 0.005561
418.999627 325.000187 0.003893
405.000399 325.999875 0.005006
446.999881 325.999875 0.002781
458.999733 326.999563 0.004450
483.000336 328.000150 0.003893
75.999662 340.999690 0.008899
88.000413 340.999690 0.005006
109.000154 340.999690 0.006674
126.000244 342.000277 0.003893
135.999821 342.000277 0.003893
150.999636 342.000277 0.003893
161.999800 342.000277 0.003893
205.999557 342.000277 0.003337
233.000123 342.999965 0.005561
54.999921 343.999653 0.008342
244.999975 343.999653 0.008342
264.000340 345.000240 0.003337
291.000007 345.000240 0.002781
313.000335 345.000240 0.004450
340.000002 346.999616 0.006118
353.000441 346.999616 0.003893
437.999992 346.999616 0.009455
374.000182 348.000203 0.005006
386.000034 348.000203 0.005006
325.000187 348.999891 0.005561
400.999849 348.999891 0.005006
414.000288 349.999579 0.003893
464.999659 351.999854 0.003893
486.999987 353.000441 0.006118
498.000151 353.000441 0.007787
57.000196 363.999706 0.003893
115.000080 363.999706 0.006674
46.000032 365.000293 0.004450
84.999551 365.000293 0.003893
97.000302 365.000293 0.004450
184.000128 365.000293 0.003893
146.000297 365.999981 0.003893
195.000292 365.999981 0.004450
221.999959 365.999981 0.006118
279.999843 365.999981 0.006118
207.999832 368.000256 0.003893
241.000324 368.000256 0.005006
256.000139 368.000256 0.003893
267.000303 368.000256 0.003893
293.999970 368.999944 0.004450
308.000097 368.999944 0.005006
325.000187 368.999944 0.005561
368.999944 369.999632 0.006118
354.999817 371.000219 0.003893
386.999722 371.000219 0.007230
406.000087 371.999907 0.003893
340.999690 372.999595 0.006118
437.000304 374.000182 0.003893
463.000283 374.000182 0.006674
487.999675 379.000420 0.008899
48.999995 388.000309 0.006118
74.000286 388.000309 0.003337
89.000101 388.000309 0.006674
167.999726 388.000309 0.006674
118.000043 388.999997 0.003893
107.999567 389.999685 0.003893
129.999895 389.999685 0.004450
190.000054 389.999685 0.003337
247.999938 389.999685 0.005006
201.999906 391.000272 0.004450
216.999721 391.000272 0.002224
267.999991 392.999648 0.008899
386.999722 394.999923 0.006118
411.000325 394.999923 0.005006
322.999912 395.999611 0.008899
371.000219 395.999611 0.003893
398.999574 395.999611 0.003893
302.999859 397.000198 0.006118
421.999590 397.000198 0.003893
443.000230 397.000198 0.009455
457.000357 398.999574 0.004450
472.999860 400.000161 0.006118
489.000262 400.999849 0.003893
46.000032 412.000013 0.006118
62.000434 412.000013 0.003337
109.999842 412.000013 0.003337
80.999900 412.999701 0.003893
127.999620 412.999701 0.002781
140.000371 412.999701 0.004450
164.000075 412.999701 0.003893
175.999927 412.999701 0.003893
189.000366 412.999701 0.003893
212.000382 412.999701 0.007787
250.000213 412.999701 0.008342
232.000435 414.999976 0.006118
285.000081 415.999664 0.003893
346.999616 417.000251 0.006118
360.000055 417.999939 0.005006
317.999674 418.999627 0.003893
372.999595 418.999627 0.006118
388.999997 420.000214 0.006118
406.000087 420.999902 0.005561
418.999627 420.999902 0.003893
435.999717 421.999590 0.006118
457.000357 421.999590 0.006118
469.999897 421.999590 0.006118
486.999987 423.999865 0.006118
86.000138 435.999717 0.003337
109.000154 435.999717 0.005006
178.000202 435.999717 0.003893
227.000197 435.999717 0.003337
66.999773 437.000304 0.003893
120.000318 437.000304 0.004450
146.999985 437.000304 0.005561
166.000350 437.000304 0.005561
198.000255 437.999992 0.003337
51.000270 438.999680 0.006674
244.999975 440.000267 0.005006
282.000118 440.000267 0.003893
293.000282 440.000267 0.003337
304.000446 440.000267 0.005561
316.999986 441.999643 0.004450
333.000388 441.999643 0.005006
356.000404 441.999643 0.003893
371.999907 441.999643 0.007787
345.999928 443.000230 0.003893
383.000071 443.999918 0.003893
437.000304 443.999918 0.004450
395.999611 444.999606 0.003893
420.000214 444.999606 0.005561
469.000209 446.000193 0.009455
480.000373 446.000193 0.007787
452.999807 446.999881 0.007230
496.999564 447.999569 0.006118
43.999757 458.000045 0.005561
57.000196 458.999733 0.004450
104.999604 460.000320 0.003337
141.000059 460.000320 0.003893
169.000313 460.000320 0.003893
74.999974 461.000008 0.003893
190.999742 461.999696 0.003893
215.000345 461.999696 0.003893
276.000192 461.999696 0.003893
129.999895 463.000283 0.006118
247.999938 463.000283 0.003893
262.999753 463.000283 0.005006
311.999748 464.999659 0.003893
359.000367 464.999659 0.007230
328.000150 466.000246 0.006118
405.000399 466.999934 0.007230
426.999828 469.000209 0.006674
377.000145 469.999897 0.003893
388.000309 469.999897 0.006118
496.999564 472.000172 0.005006
470.999585 472.999860 0.005006
458.000045 474.000447 0.010568
484.000024 474.000447 0.006118
58.999572 481.999749 0.005006
72.000011 483.000336 0.003893
111.000429 483.000336 0.006118
46.999720 484.000024 0.009455
83.999863 484.000024 0.003893
146.999985 484.000024 0.003893
123.999969 484.999712 0.003893
170.000001 484.999712 0.006118
187.000091 484.999712 0.005561
201.999906 484.999712 0.010011
213.999758 486.000299 0.005006
227.000197 486.999987 0.004450
238.000361 486.999987 0.003337
248.999626 486.999987 0.003893
259.000102 486.999987 0.003337
360.000055 486.999987 0.005006
308.999785 489.000262 0.007787
383.000071 489.999950 0.003893
394.000235 489.999950 0.003893
405.000399 490.999638 0.003893
431.000378 492.999913 0.009455
464.999659 493.999601 0.003893
443.999918 495.000188 0.007787
486.000299 495.000188 0.005006
43.000069 506.000352 0.005006
80.999900 507.999728 0.006118
112.999805 507.999728 0.007230
129.999895 507.999728 0.005006
141.000059 507.999728 0.006118
163.000387 507.999728 0.002781
199.999631 510.000003 0.005006
215.000345 510.000003 0.005006
227.000197 510.000003 0.006118
302.000171 510.000003 0.007787
316.000298 510.000003 0.005006
186.000403 510.999691 0.006118
103.000228 512.000278 0.008899
268.999679 512.000278 0.003893
331.000113 512.000278 0.006118
360.000055 512.000278 0.005006
348.000203 512.999966 0.005006
372.999595 512.999966 0.006118
248.999626 513.999654 0.007787
389.999685 515.000241 0.003893
400.999849 515.999929 0.003893
414.000288 515.999929 0.003893
429.999791 515.999929 0.006118
452.999807 515.999929 0.003893
486.999987 516.999617 0.009455
91.000376 530.999744 0.005006
42.000381 532.000331 0.003893
115.999768 532.000331 0.003893
199.999631 532.000331 0.003893
54.000233 533.000019 0.003893
103.000228 533.000019 0.003893
138.999784 533.000019 0.005006
176.999615 533.000019 0.005006
213.999758 533.000019 0.006118
68.000360 533.999707 0.008899
150.999636 533.999707 0.003893
189.000366 533.999707 0.003893
224.999922 533.999707 0.004450
250.000213 533.999707 0.002781
268.999679 535.000294 0.006118
336.000351 535.999982 0.006674
310.000372 536.999670 0.003893
368.000256 536.999670 0.004450
382.000383 538.000257 0.004450
394.000235 538.000257 0.003893
420.000214 538.000257 0.007230
291.999695 539.999633 0.007787
434.000341 539.999633 0.005006
447.999569 539.999633 0.006118
477.000410 539.999633 0.006118
492.999913 541.999908 0.006118
42.000381 553.999760 0.009455
54.000233 553.999760 0.005006
69.999736 555.000347 0.005006
95.000027 556.000035 0.003893
135.000133 556.000035 0.003337
169.000313 556.999723 0.007230
187.000091 558.000310 0.003337
244.000287 558.000310 0.003893
328.000150 558.000310 0.006118
198.000255 558.999998 0.005006
210.999795 559.999686 0.003893
311.999748 559.999686 0.003893
382.000383 559.999686 0.006118
348.999891 561.000273 0.002781
296.999933 561.999961 0.006118
262.999753 562.999649 0.007787
417.999939 562.999649 0.005561
460.000320 562.999649 0.008899
398.999574 564.000236 0.007230
431.000378 564.000236 0.003893
470.999585 565.999612 0.003893
58.999572 579.000051 0.003893
143.000334 579.000051 0.006118
170.999689 579.000051 0.005006
81.999588 579.999739 0.003893
158.999837 579.999739 0.005006
183.000440 579.999739 0.005006
112.999805 581.000326 0.005006
199.999631 581.000326 0.005006
251.999589 581.000326 0.006118
212.000382 582.000014 0.003893
225.999610 582.000014 0.003893
236.999774 582.000014 0.005561
302.000171 582.000014 0.006674
274.999605 584.999977 0.003893
325.999875 584.999977 0.004450
337.999727 584.999977 0.005006
369.999632 584.999977 0.005561
386.000034 584.999977 0.005006
397.000198 584.999977 0.005006
285.999769 585.999665 0.008899
490.999638 585.999665 0.005006
354.999817 587.000252 0.006118
408.000362 587.000252 0.003893
431.000378 587.000252 0.003893
444.999606 587.999940 0.006118
467.999622 587.999940 0.003893
492.999913 596.999829 0.003337
48.000307 602.000067 0.003337
172.999964 602.000067 0.004450
80.999900 602.999755 0.004450
97.999990 602.999755 0.003893
141.999747 602.999755 0.003893
161.999800 602.999755 0.003337
186.000403 602.999755 0.003893
126.999932 604.000342 0.003893
196.999668 604.000342 0.003893
221.999959 605.000030 0.005006
233.000123 605.000030 0.003893
245.999663 605.000030 0.005006
256.999827 605.000030 0.003893
115.000080 607.000305 0.007787
299.000208 607.000305 0.003893
310.000372 607.000305 0.003893
337.999727 607.999993 0.005006
363.000018 608.999681 0.007230
379.000420 608.999681 0.002224
435.999717 610.999956 0.007787
409.999738 613.000231 0.003893
458.999733 613.000231 0.005006
469.999897 613.999919 0.004450
484.000024 614.999607 0.003893
37.999831 627.000358 0.003893
69.000048 627.000358 0.003893
89.999789 627.000358 0.003893
126.999932 627.000358 0.003337
137.000408 627.000358 0.003893
152.999911 627.000358 0.003893
164.000075 628.000046 0.004450
178.999890 628.000046 0.005561
233.000123 628.000046 0.007787
253.999864 628.000046 0.003893
57.000196 628.999734 0.008899
190.999742 628.999734 0.003893
207.999832 628.999734 0.002781
311.000060 631.000009 0.003337
343.999653 631.000009 0.004450
383.000071 631.000009 0.006118
331.000113 631.999697 0.003893
354.999817 631.999697 0.003893
368.999944 631.999697 0.004450
400.000161 631.999697 0.004450
437.999992 633.999972 0.003893
454.000394 633.999972 0.007230
481.000061 636.999935 0.003893
45.000344 650.000374 0.004450
60.999847 650.000374 0.002224
80.000212 651.000062 0.005006
92.999752 651.000062 0.003893
118.999731 651.999750 0.002781
167.000038 651.999750 0.006118
193.999705 651.999750 0.003893
205.999557 651.999750 0.003893
218.999996 651.999750 0.003893
247.999938 653.000337 0.004450
259.999790 654.000025 0.002781
299.999896 654.000025 0.004450
313.000335 654.000025 0.005006
325.999875 654.999713 0.005006
342.000277 654.999713 0.006118
138.000096 656.000300 0.008342
363.999706 656.000300 0.003337
406.000087 656.999988 0.003893
469.000209 657.999676 0.006118
394.999923 659.000263 0.005561
434.000341 659.000263 0.003337
455.999770 659.000263 0.003893
480.000373 659.999951 0.003893
69.000048 673.000390 0.003893
80.000212 673.000390 0.005006
43.999757 674.000078 0.003893
97.999990 674.999766 0.006118
109.000154 674.999766 0.003893
149.000260 674.999766 0.006118
196.999668 674.999766 0.007230
123.999969 676.000353 0.006118
163.000387 676.000353 0.003337
235.000398 676.000353 0.003893
221.999959 677.000041 0.004450
267.999991 677.000041 0.003337
330.000425 679.000316 0.003337
363.999706 680.000004 0.005006
395.999611 680.000004 0.006118
385.000346 680.999692 0.003893
411.000325 680.999692 0.006118
432.000066 680.999692 0.009455
446.000193 682.000279 0.005006
463.000283 682.999967 0.005561
490.999638 683.999655 0.009455
37.000143 697.000094 0.003893
74.999974 697.000094 0.003893
62.000434 697.999782 0.006118
86.000138 697.999782 0.003893
97.000302 697.999782 0.003893
126.000244 697.999782 0.006118
195.000292 697.999782 0.006118
164.999763 699.000369 0.003337
109.999842 700.000057 0.003893
155.000186 700.000057 0.003893
224.999922 700.000057 0.003893
213.000070 700.999745 0.003893
254.999552 700.999745 0.008899
140.000371 702.000332 0.005561
265.999716 702.000332 0.003893
277.999568 702.000332 0.003893
302.999859 702.000332 0.002781
317.999674 702.000332 0.002781
348.999891 702.000332 0.007230
374.999870 703.999708 0.003893
394.999923 703.999708 0.005006
423.999865 705.000295 0.003893
411.000325 705.999983 0.006118
469.999897 706.999671 0.003893
458.999733 708.000258 0.005006
80.000212 720.000110 0.007230
35.999556 720.999798 0.003893
63.000122 720.999798 0.003893
106.000191 722.000385 0.002781
149.000260 723.000073 0.003337
299.000208 723.000073 0.008899
164.999763 723.999761 0.006674
227.999885 723.999761 0.003337
250.000213 723.999761 0.005006
189.000366 725.000348 0.003893
204.999869 725.000348 0.005561
262.000065 726.000036 0.004450
276.000192 726.000036 0.006118
322.000224 726.000036 0.007787
339.000314 726.000036 0.005561
351.999854 726.000036 0.005006
363.999706 726.000036 0.005006
382.000383 728.000311 0.006118
394.000235 728.999999 0.003893
431.000378 728.999999 0.003337
406.999775 729.999687 0.005006
489.999950 729.999687 0.007787
457.000357 731.999962 0.003893
132.999858 743.999814 0.002781
35.999556 745.000401 0.005561
63.999810 745.000401 0.003337
97.999990 745.000401 0.003893
109.999842 745.000401 0.003893
161.000112 746.999777 0.003893
190.000054 746.999777 0.003893
299.000208 746.999777 0.009455
199.999631 748.000364 0.003337
265.000028 748.000364 0.003893
322.999912 749.000052 0.004450
336.000351 749.000052 0.003893
311.999748 749.999740 0.003337
357.000092 749.999740 0.003337
230.999848 752.000015 0.008899
386.000034 752.000015 0.003893
411.000325 752.999703 0.004450
429.000103 752.999703 0.008342
440.000267 752.999703 0.003893
474.000447 752.999703 0.005006
397.999886 754.000290 0.005006
461.999696 754.000290 0.002781
489.999950 754.000290 0.005561
37.999831 768.000417 0.005006
80.000212 768.000417 0.003893
57.999884 769.000105 0.003893
69.000048 769.000105 0.003893
129.999895 769.000105 0.005561
146.999985 769.000105 0.003893
109.000154 771.000380 0.007787
184.000128 771.000380 0.004450
195.000292 771.000380 0.003893
207.000144 772.000068 0.003893
265.000028 772.000068 0.003337
279.999843 772.000068 0.006118
216.999721 772.999756 0.003337
293.999970 772.999756 0.005561
308.999785 772.999756 0.003893
337.999727 772.999756 0.006118
360.999743 774.000343 0.006118
379.000420 774.000343 0.005561
389.999685 774.000343 0.003893
403.999812 775.999719 0.003893
417.999939 775.999719 0.003893
437.000304 777.000306 0.003893
454.000394 777.000306 0.003893
474.000447 777.999994 0.003893
486.999987 780.000269 0.005006
34.999868 791.000433 0.003337
86.999826 792.000121 0.005561
100.999953 792.999809 0.003893
176.999615 792.999809 0.003337
69.999736 794.000396 0.003893
137.000408 794.000396 0.003337
155.000186 794.000396 0.003893
195.999980 795.000084 0.003893
218.000308 795.999772 0.003893
265.000028 797.000359 0.003893
290.000319 797.000359 0.003893
339.000314 797.000359 0.003893
239.999737 798.000047 0.007230
354.999817 798.000047 0.003893
388.000309 798.999735 0.005561
420.000214 800.000322 0.006118
443.000230 801.000010 0.006674
460.000320 801.000010 0.003893
477.000410 801.999698 0.003893
489.000262 801.999698 0.003893
42.000381 817.000412 0.003893
74.000286 817.000412 0.004450
123.999969 817.000412 0.005006
143.000334 818.000100 0.005561
170.999689 818.000100 0.005006
60.999847 818.999788 0.003893
155.000186 818.999788 0.005006
196.999668 818.999788 0.003893
276.000192 818.999788 0.003893
94.000339 820.000375 0.007787
210.999795 820.000375 0.005006
262.999753 820.000375 0.005006
186.000403 821.000063 0.006118
238.000361 821.000063 0.007787
314.999711 821.000063 0.006674
287.000356 821.999751 0.003893
334.999764 821.999751 0.005006
351.999854 821.999751 0.003893
372.999595 823.000338 0.003337
394.000235 823.000338 0.003893
408.000362 824.000026 0.006118
417.999939 824.000026 0.003893
446.000193 826.000301 0.008342
466.999934 826.000301 0.003337
457.000357 826.999989 0.003893
486.000299 827.999677 0.008342
487.380938 565.396838 0.004918
501.666652 562.539695 0.004918
484.523795 707.539695 0.004918
41.666652 576.984122 0.004918
