444 445
67 68
838 839
687 688
719 720
167 173
779 780
8 9
251 252
477 478
720 721
343 344
569 570
192 193
561 566
240 242
772 777
812 813
451 453
33 38
483 485
73 74
642 658
454 458
133 134
543 545
376 377
225 226
635 637
74 75
106 107
155 158
325 331
775 778
166 167
786 787
247 250
568 574
47 48
226 227
96 99
827 834
668 670
266 272
258 259
318 319
70 77
808 811
199 200
609 611
40 45
291 292
140 141
383 384
232 233
642 644
402 406
475 476
292 293
523 525
284 289
535 536
782 785
233 234
476 477
114 115
357 358
55 56
88 90
676 678
298 299
509 510
147 148
557 559
390 391
800 802
207 208
450 451
280 287
391 392
801 803
602 603
240 241
833 835
423 424
353 356
564 567
734 740
181 182
51 54
246 248
635 636
683 685
516 517
365 366
807 809
446 449
214 215
247 249
645 658
7 11
279 281
668 669
306 307
549 550
760 761
398 399
21 22
113 114
339 340
132 136
582 583
205 206
793 794
102 104
674 675
523 524
583 584
405 407
575 580
254 256
615 616
826 827
286 288
497 499
135 137
468 472
179 180
65 69
767 768
815 817
28 29
726 727
76 78
708 709
530 532
180 181
228 230
50 53
800 801
61 62
121 122
600 605
169 171
401 405
741 742
153 154
2 3
700 701
590 591
213 214
619 627
110 112
342 346
504 506
682 683
305 306
202 204
755 762
3 4
482 487
397 398
84 87
127 128
537 539
386 388
187 188
235 237
467 471
264 273
430 431
128 129
209 212
578 585
829 832
821 828
548 553
101 102
560 564
641 650
360 362
161 162
830 833
290 294
501 505
253 254
464 465
334 337
313 314
94 99
763 770
194 195
604 606
64 67
556 557
756 758
577 579
378 379
227 228
486 488
109 111
319 320
729 731
489 490
379 380
209 216
201 203
622 623
320 321
730 732
312 317
39 42
234 236
412 413
404 409
261 262
493 496
463 464
385 386
596 597
304 309
625 633
359 361
629 630
840 841
478 479
689 690
437 438
737 739
327 328
551 558
149 160
120 124
168 173
570 571
781 782
241 243
419 420
42 43
659 667
699 703
500 503
548 552
511 512
333 335
134 135
20 24
360 361
722 723
560 563
640 644
681 682
814 815
452 453
700 704
75 76
773 774
411 412
824 828
733 737
806 807
744 746
655 656
5 7
788 789
264 267
610 612
49 50
459 461
637 638
89 95
109 110
27 31
839 840
729 730
599 602
688 689
30 36
278 287
707 711
98 100
508 511
780 781
82 83
341 343
142 143
600 603
115 116
813 814
573 576
13 16
175 176
795 796
56 57
754 755
105 108
116 117
164 166
695 696
208 209
809 816
57 58
787 788
300 301
340 346
197 199
19 22
63 65
651 653
728 738
200 201
90 91
82 87
581 585
182 183
414 417
4 6
141 142
274 275
732 735
514 522
643 645
554 558
565 567
447 450
426 427
174 175
288 295
518 519
156 157
5 6
415 417
285 289
248 249
459 460
418 419
89 94
588 592
437 441
400 401
148 149
270 273
521 529
492 493
783 785
422 425
222 223
44 46
543 544
843 845
481 483
392 393
314 315
525 526
643 649
196 198
484 485
374 375
832 835
824 831
466 467
757 759
444 448
517 518
817 819
407 408
277 280
366 367
78 80
229 231
159 163
747 751
731 734
170 172
348 349
628 632
709 715
278 281
550 551
63 64
71 77
672 684
362 369
381 382
491 492
661 665
494 497
473 474
255 261
794 795
144 146
842 844
432 433
403 406
565 566
776 777
646 649
373 374
495 498
465 466
587 590
676 677
18 24
107 111
768 769
528 531
617 618
329 331
130 131
48 52
11 12
421 423
469 472
701 706
270 272
712 715
650 651
211 213
783 784
702 707
742 743
591 601
724 725
265 269
66 69
155 156
524 529
775 776
624 625
568 572
206 210
336 338
616 621
757 758
96 97
716 717
229 230
428 439
188 189
509 513
218 220
657 667
129 130
749 750
262 263
510 514
598 599
221 222
841 842
690 691
41 44
25 36
494 496
133 136
664 666
468 471
675 684
122 126
195 196
85 86
727 740
177 178
457 461
347 348
118 119
439 440
29 38
531 532
169 170
291 294
380 381
351 354
151 152
671 673
431 435
184 186
321 322
402 408
491 495
243 244
202 203
324 327
790 791
413 414
535 538
823 825
364 372
384 387
656 657
505 506
143 144
265 268
756 762
325 328
597 598
235 236
446 447
438 443
538 539
660 663
546 552
630 631
520 521
239 242
121 125
571 572
490 498
420 421
542 545
631 632
25 26
723 724
305 309
771 773
32 34
154 158
604 605
332 335
575 578
623 627
302 303
664 665
14 16
704 710
106 108
354 359
17 18
748 753
394 395
486 487
608 611
697 698
546 547
368 370
258 260
789 790
460 462
350 352
808 812
519 520
579 580
749 753
10 14
822 823
172 174
830 836
313 317
434 436
324 326
612 613
84 85
416 418
733 741
217 218
176 177
796 797
589 593
316 318
28 31
117 118
157 163
250 251
298 300
708 711
586 587
257 259
58 59
427 432
678 679
191 192
301 302
527 528
150 151
641 648
150 160
393 394
39 45
652 654
91 92
224 225
634 636
183 184
353 357
803 804
544 553
32 33
275 276
51 55
124 125
367 368
804 805
836 837
187 190
276 277
629 633
515 522
608 610
279 282
745 746
139 140
837 838
829 834
341 342
799 802
778 779
619 624
282 283
822 831
131 132
752 754
13 15
784 786
223 224
434 435
72 73
482 484
283 284
315 316
526 527
164 165
574 576
256 257
507 513
197 198
607 609
818 820
168 171
530 533
79 81
810 816
500 501
98 103
699 710
743 744
352 355
441 442
652 653
533 534
293 296
382 383
593 594
231 232
614 626
474 475
685 686
145 147
35 37
267 271
717 718
415 416
537 540
9 12
297 299
297 308
718 719
68 70
810 811
448 449
71 72
371 373
659 660
691 692
330 332
540 541
751 752
101 103
422 424
470 473
843 844
104 105
692 693
290 295
541 542
123 127
403 410
334 338
345 347
93 95
725 726
547 549
46 47
208 216
337 339
49 52
138 139
507 512
515 516
747 750
818 819
456 457
429 440
79 80
400 404
728 736
322 323
759 760
219 221
20 21
791 792
592 601
255 260
562 569
355 356
363 369
204 205
792 793
53 54
385 387
673 674
145 146
765 766
388 389
26 27
736 739
237 238
825 826
618 622
480 481
329 330
178 179
766 767
389 390
238 239
119 120
772 774
764 770
333 336
211 212
60 61
454 455
263 268
303 304
23 30
152 153
363 364
1 2
123 126
395 396
606 607
455 456
714 716
185 186
307 310
396 397
266 269
245 246
436 442
639 640
488 489
159 161
207 210
617 621
97 100
8 10
429 430
620 626
310 311
351 358
370 371
764 765
581 582
219 220
41 43
661 663
462 463
311 312
705 706
554 555
573 577
252 253
614 615
646 647
694 696
344 345
698 703
555 556
193 194
185 190
798 799
59 60
647 648
428 433
695 697
679 680
285 286
377 378
499 502
0 1
588 589
628 634
19 23
469 470
92 93
680 681
712 713
672 677
561 562
410 411
443 445
81 83
669 671
702 705
502 503
713 714
761 763
594 595
805 806
34 35
654 655
686 687
735 738
365 372
595 596
