124.999657 37.000143 0.005006
135.999821 37.000143 0.003893
155.999874 37.999831 0.003893
167.000038 37.999831 0.003893
201.000218 39.000418 0.003893
250.000213 39.000418 0.006118
228.999573 40.000106 0.003893
265.999716 42.000381 0.006118
348.000203 42.000381 0.005006
334.999764 43.000069 0.007787
360.999743 43.000069 0.005006
277.999568 45.000344 0.003893
317.999674 45.000344 0.013348
417.000251 45.000344 0.009455
385.000346 46.000032 0.005006
492.999913 46.999720 0.017798
397.000198 48.000307 0.003893
75.999662 78.999625 0.006674
89.999789 78.999625 0.007787
195.999980 80.000212 0.005006
129.000207 80.999900 0.006118
155.000186 80.999900 0.003893
173.999652 80.999900 0.003893
205.999557 81.999588 0.003893
114.000392 83.000175 0.006674
251.999589 83.000175 0.006118
276.999880 83.000175 0.003893
290.000319 83.999863 0.005006
326.999563 86.000138 0.003893
356.000404 86.000138 0.003893
219.999684 86.999826 0.006118
316.999986 88.000413 0.003893
429.999791 89.000101 0.003893
412.999701 89.999789 0.006118
463.999971 89.999789 0.009455
474.000447 89.999789 0.003893
232.000435 91.000376 0.003337
489.999950 91.000376 0.003893
391.999960 92.000064 0.003893
95.000027 101.999641 0.003893
52.999646 103.000228 0.005006
161.000112 103.000228 0.005006
124.999657 103.999916 0.003337
144.999710 103.999916 0.006118
183.000440 104.999604 0.003893
84.999551 106.000191 0.003893
198.000255 106.000191 0.005561
210.999795 106.000191 0.003893
224.999922 106.000191 0.005561
267.000303 106.000191 0.005561
288.000044 107.999567 0.007230
339.000314 107.999567 0.006118
250.999901 109.000154 0.007787
311.999748 109.000154 0.003893
325.000187 109.000154 0.005006
356.000404 109.999842 0.006118
368.000256 111.000429 0.003893
388.999997 111.000429 0.004450
400.999849 112.000117 0.003893
443.999918 112.999805 0.007230
469.999897 112.999805 0.007230
490.999638 114.000392 0.005006
504.000077 114.000392 0.005006
91.000376 124.999657 0.005006
103.999916 124.999657 0.005006
78.999625 126.000244 0.005006
51.000270 126.999932 0.005006
118.000043 126.999932 0.003893
156.999562 126.999932 0.003893
63.999810 127.999620 0.005561
167.000038 127.999620 0.003893
221.999959 129.999895 0.009455
239.000049 130.999583 0.006118
251.999589 130.999583 0.003893
267.000303 130.999583 0.006118
282.000118 130.999583 0.003893
291.999695 130.999583 0.003893
210.999795 132.000170 0.006118
304.000446 132.000170 0.008899
369.999632 132.999858 0.003893
345.999928 134.000445 0.003893
394.000235 135.000133 0.009455
424.999553 135.000133 0.003893
412.999701 137.000408 0.009455
466.999934 138.000096 0.008899
478.999786 138.000096 0.005006
503.000389 138.000096 0.008899
441.999643 138.999784 0.006674
54.000233 147.999673 0.009455
172.999964 149.000260 0.006118
66.000085 149.999948 0.003893
89.999789 150.999636 0.003337
111.000429 150.999636 0.003893
121.000006 150.999636 0.003893
184.000128 150.999636 0.005006
132.000170 152.000223 0.003893
218.000308 152.999911 0.005006
230.999848 153.999599 0.003893
265.999716 155.000186 0.003893
207.000144 155.999874 0.009455
242.000012 155.999874 0.003893
348.000203 156.999562 0.003893
360.000055 156.999562 0.008899
300.999584 158.000149 0.005006
383.000071 158.000149 0.005561
395.999611 158.000149 0.003893
431.000378 158.999837 0.005561
443.000230 158.999837 0.005006
406.999775 160.000424 0.003893
472.000172 161.000112 0.003893
486.999987 161.000112 0.006674
460.000320 161.999800 0.005561
501.999802 161.999800 0.006118
57.999884 172.999964 0.008342
77.000249 172.999964 0.006118
92.999752 172.999964 0.006118
104.999604 175.000239 0.003893
126.999932 175.000239 0.003893
141.999747 175.999927 0.006118
155.000186 175.999927 0.003893
167.999726 176.999615 0.005006
250.999901 176.999615 0.005006
261.000377 178.000202 0.003337
308.000097 178.000202 0.004450
201.999906 178.999890 0.006118
213.999758 178.999890 0.003893
294.999658 178.999890 0.003893
319.999949 178.999890 0.003893
340.000002 181.000165 0.003893
351.000166 181.999853 0.003893
362.000330 183.000440 0.003893
383.999759 183.000440 0.005561
415.999664 184.000128 0.005006
461.000008 184.000128 0.005006
472.999860 186.000403 0.003893
493.999601 186.000403 0.005006
447.999569 187.000091 0.009455
504.000077 187.000091 0.009455
54.999921 198.000255 0.005561
66.999773 198.000255 0.003337
83.999863 198.000255 0.003893
106.000191 198.999943 0.005006
121.999694 198.999943 0.005006
137.000408 199.999631 0.005006
156.999562 199.999631 0.003893
202.999594 201.000218 0.003893
178.999890 201.999906 0.007787
218.999996 201.999906 0.006118
233.999811 201.999906 0.003893
245.999663 201.999906 0.003893
293.000282 204.000181 0.006674
307.000409 204.000181 0.005006
319.000261 204.999869 0.003893
343.999653 205.999557 0.005561
359.000367 205.999557 0.006118
391.000272 205.999557 0.008899
409.999738 205.999557 0.005006
424.999553 205.999557 0.006118
371.999907 207.000144 0.006118
469.999897 207.000144 0.006118
274.999605 207.999832 0.007787
486.999987 209.000419 0.006118
501.999802 209.000419 0.005561
455.000082 210.000107 0.007787
63.999810 219.999684 0.003893
51.000270 221.000271 0.005006
83.999863 221.999959 0.003893
95.000027 221.999959 0.004450
127.999620 222.999647 0.003893
156.999562 222.999647 0.003893
178.000202 222.999647 0.004450
146.000297 224.000234 0.005006
190.999742 224.000234 0.003893
115.000080 224.999922 0.008899
212.000382 224.999922 0.003893
233.999811 224.999922 0.003893
245.999663 224.999922 0.005006
259.999790 224.999922 0.005561
276.000192 225.999610 0.003893
288.999732 227.000197 0.004450
300.999584 227.000197 0.003893
334.999764 227.000197 0.006118
351.000166 227.999885 0.005006
366.999669 228.999573 0.005561
380.999796 228.999573 0.006118
424.999553 228.999573 0.007787
391.999960 230.000160 0.003893
466.999934 233.000123 0.007787
489.000262 233.000123 0.005561
501.000114 233.000123 0.005006
446.000193 236.000086 0.007787
52.999646 244.000287 0.008899
63.999810 244.000287 0.003893
78.999625 244.999975 0.009455
89.999789 244.999975 0.003893
101.999641 247.000250 0.006118
117.000355 247.000250 0.005006
146.999985 247.000250 0.003893
132.999858 247.999938 0.005561
158.999837 247.999938 0.004450
178.999890 247.999938 0.003893
202.999594 247.999938 0.003893
262.000065 247.999938 0.005561
230.999848 248.999626 0.003893
291.999695 250.000213 0.003337
319.000261 250.999901 0.003893
331.999801 251.999589 0.005006
360.999743 253.000176 0.005561
386.999722 253.999864 0.003337
411.000325 253.999864 0.003893
345.000240 254.999552 0.006674
440.999955 254.999552 0.004450
426.999828 256.000139 0.006118
463.999971 256.999827 0.006118
478.999786 256.999827 0.006118
489.999950 258.000414 0.004450
398.999574 265.000028 0.004450
51.000270 268.999679 0.005561
63.999810 268.999679 0.007230
95.000027 268.999679 0.006118
83.000175 270.000266 0.005006
111.000429 270.000266 0.006118
121.999694 270.000266 0.003893
135.999821 270.000266 0.005006
149.000260 270.999954 0.003893
167.999726 270.999954 0.006118
196.999668 270.999954 0.006674
215.000345 270.999954 0.005006
230.999848 270.999954 0.006118
259.999790 273.000229 0.003893
247.000250 273.999917 0.006118
276.000192 273.999917 0.007230
293.000282 273.999917 0.002781
316.000298 273.999917 0.005561
330.000425 274.999605 0.005006
365.000293 274.999605 0.007787
345.999928 276.000192 0.006118
380.999796 276.999880 0.005561
397.000198 276.999880 0.005006
409.999738 277.999568 0.003893
440.999955 279.000155 0.006118
455.000082 279.000155 0.005006
424.999553 279.999843 0.006118
477.000410 279.999843 0.005561
489.000262 279.999843 0.005006
51.999958 290.000319 0.008899
63.999810 291.999695 0.003337
123.000281 293.000282 0.003893
81.999588 294.999658 0.003893
97.000302 294.999658 0.006118
137.000408 294.999658 0.007787
153.999599 294.999658 0.003893
167.000038 294.999658 0.005006
176.999615 294.999658 0.003893
192.000329 294.999658 0.006118
279.000155 294.999658 0.005006
204.999869 296.000245 0.005006
216.000033 296.000245 0.003893
253.000176 296.000245 0.005006
239.999737 296.999933 0.005561
267.000303 297.999621 0.003893
290.000319 297.999621 0.003337
300.999584 297.999621 0.003893
340.999690 299.000208 0.003893
469.000209 302.000171 0.006118
391.999960 304.000446 0.005561
420.999902 304.000446 0.005006
481.999749 304.000446 0.006118
368.999944 305.000134 0.008342
406.000087 305.000134 0.006118
444.999606 305.000134 0.003893
493.999601 305.000134 0.003893
432.999754 305.999822 0.003893
455.999770 305.999822 0.009455
52.999646 316.999986 0.008342
63.999810 316.999986 0.003337
81.999588 316.999986 0.003893
106.999879 317.999674 0.005561
173.999652 319.000261 0.003893
225.999610 319.000261 0.003893
124.999657 319.999949 0.007787
212.000382 319.999949 0.007787
236.000086 319.999949 0.003893
254.999552 320.999637 0.003893
270.000266 320.999637 0.005561
311.000060 322.000224 0.006118
330.000425 322.000224 0.007787
144.000022 322.999912 0.007787
340.000002 322.999912 0.003893
282.999806 325.000187 0.008342
389.999685 325.000187 0.003893
418.999627 325.000187 0.003893
447.999569 325.999875 0.005006
460.000320 325.999875 0.008899
405.000399 326.999563 0.005561
356.000404 328.000150 0.006118
483.000336 328.000150 0.006118
75.999662 340.999690 0.008899
109.999842 340.999690 0.003893
89.000101 342.000277 0.005006
126.999932 342.000277 0.003893
150.999636 342.000277 0.004450
170.000001 342.000277 0.003337
187.000091 342.000277 0.003893
196.999668 342.000277 0.003893
232.000435 342.999965 0.005006
244.000287 342.999965 0.006118
265.000028 343.999653 0.003893
54.999921 345.000240 0.008899
216.000033 345.000240 0.007787
282.999806 345.000240 0.003893
299.999896 345.000240 0.003893
313.000335 345.000240 0.004450
340.999690 346.999616 0.006118
354.000129 346.999616 0.006674
374.999870 346.999616 0.005006
400.999849 348.000203 0.005561
325.999875 348.999891 0.005561
414.999976 348.999891 0.007230
432.000066 348.999891 0.002781
449.999844 348.999891 0.007787
464.999659 351.999854 0.003893
487.999675 353.000441 0.009455
498.999839 353.000441 0.005006
57.999884 363.999706 0.003893
115.000080 363.999706 0.006674
46.999720 365.000293 0.005006
84.999551 365.000293 0.003893
97.999990 365.000293 0.005561
172.999964 365.000293 0.005006
183.000440 365.000293 0.003893
146.999985 365.999981 0.003893
195.000292 365.999981 0.004450
221.999959 366.999669 0.007787
281.000430 366.999669 0.006118
207.999832 368.000256 0.003893
242.000012 368.000256 0.005561
293.999970 368.000256 0.005006
256.999827 368.999944 0.003893
308.000097 368.999944 0.004450
325.000187 368.999944 0.005561
368.999944 369.999632 0.005561
354.999817 371.000219 0.003893
388.000309 371.999907 0.007787
406.000087 371.999907 0.007787
423.000177 371.999907 0.006118
340.999690 372.999595 0.006118
437.999992 374.000182 0.007230
463.000283 374.000182 0.007230
489.000262 380.000108 0.008899
49.999683 388.000309 0.006118
167.999726 388.000309 0.006118
65.000397 388.999997 0.007787
118.999731 388.999997 0.003893
181.000165 388.999997 0.005006
89.999789 389.999685 0.007230
107.999567 389.999685 0.003893
130.999583 389.999685 0.005006
144.000022 389.999685 0.004450
190.999742 389.999685 0.003893
247.999938 389.999685 0.005006
224.000234 391.000272 0.003893
267.999991 392.999648 0.008342
322.999912 395.999611 0.007787
337.000039 395.999611 0.006118
371.000219 395.999611 0.005561
386.999722 395.999611 0.006118
400.000161 395.999611 0.005006
412.000013 395.999611 0.005006
302.999859 397.000198 0.009455
432.999754 397.000198 0.003893
444.999606 397.000198 0.005006
353.000441 397.999886 0.006674
457.000357 397.999886 0.004450
474.000447 400.000161 0.006118
489.000262 400.999849 0.003893
46.999720 411.000325 0.006118
62.000434 411.000325 0.003893
83.000175 412.999701 0.007787
129.000207 412.999701 0.003893
140.000371 412.999701 0.003893
164.999763 412.999701 0.003893
176.999615 412.999701 0.003893
190.000054 412.999701 0.003893
212.000382 412.999701 0.007787
250.000213 412.999701 0.008899
262.000065 414.000288 0.003893
232.000435 414.999976 0.006118
285.000081 415.999664 0.003337
308.999785 417.999939 0.005006
346.999616 417.999939 0.007230
360.999743 417.999939 0.005006
374.999870 417.999939 0.005561
389.999685 420.000214 0.006118
406.999775 420.999902 0.006118
420.000214 420.999902 0.003893
440.999955 421.999590 0.006118
457.000357 421.999590 0.006118
470.999585 421.999590 0.006118
487.999675 423.999865 0.003893
86.999826 435.999717 0.003893
109.000154 435.999717 0.005006
178.999890 435.999717 0.003893
228.999573 435.999717 0.007787
66.999773 437.000304 0.003893
120.000318 437.000304 0.004450
190.000054 437.000304 0.003337
149.999948 437.999992 0.006674
166.000350 437.999992 0.005561
51.000270 438.999680 0.006674
245.999663 438.999680 0.008342
282.999806 440.000267 0.003893
305.000134 440.000267 0.005006
317.999674 440.999955 0.005006
334.000076 441.999643 0.005561
357.000092 441.999643 0.006118
371.999907 441.999643 0.007787
345.999928 443.000230 0.003893
383.999759 443.999918 0.005006
397.000198 444.999606 0.003893
420.999902 444.999606 0.005561
437.999992 444.999606 0.006118
481.999749 446.000193 0.008899
454.000394 446.999881 0.007230
470.999585 446.999881 0.003893
496.999564 449.000156 0.006118
45.000344 458.999733 0.006118
57.999884 460.000320 0.006118
97.000302 460.000320 0.003893
141.999747 460.000320 0.009455
158.000149 460.000320 0.008899
169.000313 460.000320 0.003893
74.999974 461.000008 0.006118
86.000138 461.000008 0.003893
202.999594 461.000008 0.005006
190.999742 461.999696 0.003893
215.000345 461.999696 0.004450
276.000192 461.999696 0.004450
288.000044 461.999696 0.006118
115.999768 463.000283 0.006118
130.999583 463.000283 0.006118
262.000065 463.000283 0.004450
248.999626 463.999971 0.006118
304.000446 464.999659 0.007230
359.000367 464.999659 0.007787
328.000150 466.000246 0.006118
405.000399 466.999934 0.007230
426.999828 469.000209 0.006674
377.000145 469.999897 0.003893
388.000309 470.999585 0.007787
458.000045 472.999860 0.010568
472.999860 472.999860 0.006118
498.000151 472.999860 0.006118
486.000299 474.000447 0.005006
60.000159 481.999749 0.005006
72.999699 483.000336 0.004450
84.999551 483.000336 0.003893
112.000117 483.000336 0.003893
46.999720 484.000024 0.009455
135.999821 484.000024 0.005006
155.000186 484.000024 0.006674
123.999969 484.999712 0.003893
170.000001 484.999712 0.005561
187.000091 484.999712 0.005561
201.999906 484.999712 0.003893
213.999758 486.000299 0.004450
227.000197 486.999987 0.004450
248.999626 486.999987 0.003893
293.000282 487.999675 0.005561
346.999616 487.999675 0.005561
360.000055 487.999675 0.004450
279.000155 489.000262 0.007787
308.999785 489.000262 0.003893
383.000071 489.999950 0.008899
394.999923 489.999950 0.006118
406.999775 490.999638 0.003893
423.000177 490.999638 0.006118
444.999606 493.999601 0.007787
466.000246 493.999601 0.005561
486.000299 493.999601 0.003893
43.999757 506.000352 0.007787
65.000397 506.000352 0.007787
130.999583 507.000040 0.007230
80.999900 507.999728 0.005561
112.999805 507.999728 0.007230
92.999752 509.000315 0.005006
170.999689 509.000315 0.007787
141.999747 510.000003 0.009455
187.000091 510.000003 0.005561
201.000218 510.000003 0.005006
216.000033 510.000003 0.005006
300.999584 510.000003 0.006118
316.000298 510.999691 0.005561
331.999801 512.000278 0.006118
360.000055 512.000278 0.006118
268.999679 512.999966 0.003893
348.000203 512.999966 0.005561
374.000182 512.999966 0.007230
248.999626 513.999654 0.007787
389.999685 515.000241 0.003893
429.999791 515.000241 0.006118
443.999918 515.000241 0.006118
400.999849 515.999929 0.003893
414.000288 515.999929 0.003893
487.999675 516.999617 0.009455
461.999696 518.999892 0.003893
472.999860 519.999580 0.007787
91.000376 530.999744 0.005561
43.000069 532.000331 0.004450
115.999768 532.000331 0.003893
127.999620 532.000331 0.005006
54.999921 533.000019 0.005561
68.000360 533.000019 0.009455
104.999604 533.000019 0.003893
141.000059 533.000019 0.005006
176.999615 533.000019 0.005006
189.000366 533.000019 0.003893
199.999631 533.000019 0.003893
213.999758 533.000019 0.005561
227.000197 533.999707 0.004450
242.999700 533.999707 0.002224
267.999991 535.000294 0.005006
160.000424 535.999982 0.007230
336.000351 535.999982 0.006674
311.000060 536.999670 0.003893
368.000256 536.999670 0.004450
382.000383 538.000257 0.004450
394.999923 538.000257 0.003893
420.000214 538.000257 0.006674
297.999621 538.999945 0.006118
461.999696 538.999945 0.003893
435.999717 539.999633 0.006118
447.999569 539.999633 0.005561
477.000410 539.999633 0.006118
493.999601 541.999908 0.006118
54.000233 553.000072 0.005006
43.000069 553.999760 0.009455
126.999932 553.999760 0.007787
71.000323 555.000347 0.006118
95.000027 556.000035 0.003893
144.999710 558.000310 0.003893
167.999726 558.000310 0.005006
187.000091 558.000310 0.003893
235.000398 558.000310 0.003893
245.999663 558.000310 0.003893
212.000382 558.999998 0.003893
313.000335 558.999998 0.003893
328.000150 558.999998 0.006118
282.999806 559.999686 0.005006
349.999579 561.000273 0.003893
366.999669 561.000273 0.007230
383.999759 561.000273 0.007230
296.000245 561.999961 0.006118
265.000028 562.999649 0.003893
417.000251 564.000236 0.005006
431.000378 564.000236 0.005006
447.999569 564.000236 0.006118
461.000008 564.000236 0.005006
400.999849 564.999924 0.006674
481.999749 568.999575 0.008899
58.999572 579.000051 0.003893
172.000276 579.000051 0.005006
184.000128 579.000051 0.006118
40.000106 579.999739 0.003893
81.999588 579.999739 0.003893
144.000022 579.999739 0.006118
158.999837 579.999739 0.005006
112.000117 581.000326 0.006118
251.999589 581.000326 0.006118
201.000218 582.000014 0.006118
212.000382 582.000014 0.004450
224.999922 582.000014 0.004450
238.000361 582.000014 0.005006
302.000171 582.999702 0.007230
274.999605 584.000289 0.007787
371.000219 584.000289 0.004450
287.000356 584.999977 0.006118
326.999563 584.999977 0.005006
388.000309 584.999977 0.007787
340.000002 585.999665 0.005561
356.000404 587.000252 0.006118
432.000066 587.999940 0.005006
444.999606 587.999940 0.006118
469.000209 587.999940 0.003893
492.999913 587.999940 0.011123
417.999939 590.000215 0.007787
39.000418 602.000067 0.007787
57.000196 602.000067 0.003337
163.000387 602.000067 0.003337
173.999652 602.000067 0.006118
81.999588 602.999755 0.005006
97.999990 602.999755 0.006118
143.000334 602.999755 0.003893
187.000091 602.999755 0.004450
207.999832 605.000030 0.006118
222.999647 605.000030 0.005006
233.999811 605.000030 0.003893
247.000250 605.000030 0.005006
258.000414 605.000030 0.003893
282.000118 605.999718 0.006118
322.999912 605.999718 0.005006
115.999768 607.000305 0.007787
299.000208 607.000305 0.005561
311.000060 607.000305 0.003893
349.999579 607.999993 0.003893
339.000314 608.999681 0.005561
363.000018 608.999681 0.003893
379.000420 608.999681 0.006118
435.999717 611.999644 0.007787
409.999738 613.000231 0.003893
458.999733 613.000231 0.005006
420.999902 613.999919 0.007787
470.999585 613.999919 0.006118
484.999712 614.999607 0.007787
69.999736 627.000358 0.004450
80.999900 627.000358 0.003893
91.000376 627.000358 0.003893
137.000408 627.000358 0.003893
152.999911 627.000358 0.003893
242.000012 627.000358 0.007787
39.000418 628.000046 0.007787
118.000043 628.000046 0.007230
164.000075 628.000046 0.003893
178.999890 628.000046 0.006118
253.999864 628.000046 0.003893
265.999716 628.000046 0.004450
57.999884 628.999734 0.008899
209.000419 628.999734 0.003337
388.000309 630.000321 0.008899
311.000060 631.000009 0.003337
331.999801 631.999697 0.005006
345.000240 631.999697 0.005006
368.999944 631.999697 0.004450
282.999806 633.000284 0.003893
400.999849 633.000284 0.003893
454.000394 633.999972 0.006118
429.000103 634.999660 0.003893
467.999622 636.000247 0.005561
481.999749 636.999935 0.006118
43.999757 650.000374 0.005561
69.000048 650.000374 0.003893
239.999737 650.000374 0.003893
109.999842 651.000062 0.003893
167.999726 651.000062 0.006118
81.999588 651.999750 0.005006
149.999948 651.999750 0.004450
195.000292 651.999750 0.003893
207.000144 651.999750 0.005006
219.999684 651.999750 0.004450
184.999816 653.000337 0.007787
259.999790 653.000337 0.002781
284.000393 653.000337 0.005561
314.000023 653.000337 0.005561
300.999584 654.000025 0.005006
326.999563 654.000025 0.006118
342.000277 654.999713 0.005006
353.000441 654.999713 0.003893
374.000182 656.000300 0.003893
138.000096 656.999988 0.007787
406.999775 656.999988 0.003893
423.999865 656.999988 0.007787
446.000193 656.999988 0.003893
8.999889 657.999676 0.011123
435.000029 657.999676 0.003893
469.999897 657.999676 0.006118
457.000357 659.000263 0.004450
481.999749 659.000263 0.003893
395.999611 659.999951 0.005561
69.000048 673.000390 0.003893
81.999588 673.000390 0.006118
45.000344 674.000078 0.003893
98.999678 674.999766 0.007787
196.999668 674.999766 0.007787
123.999969 676.000353 0.005006
135.999821 676.000353 0.005006
164.000075 676.000353 0.003893
235.000398 676.000353 0.003893
221.999959 677.000041 0.005006
267.999991 677.000041 0.003893
287.000356 677.000041 0.009455
299.000208 677.999729 0.003893
311.000060 677.999729 0.003893
340.000002 679.000316 0.003893
351.000166 679.000316 0.005006
181.999853 680.000004 0.003893
365.000293 680.000004 0.005006
375.999558 680.000004 0.003893
386.000034 680.999692 0.003893
397.000198 680.999692 0.006118
412.000013 680.999692 0.003893
434.000341 680.999692 0.006118
447.999569 682.000279 0.006118
463.999971 683.999655 0.006118
490.999638 683.999655 0.009455
37.999831 697.000094 0.007230
74.999974 697.000094 0.003893
57.000196 697.999782 0.003893
86.999826 697.999782 0.005006
97.999990 699.000369 0.005006
126.999932 699.000369 0.006118
166.000350 699.000369 0.003893
195.999980 699.000369 0.006674
236.999774 699.000369 0.005006
111.000429 700.000057 0.003893
155.000186 700.000057 0.004450
224.999922 700.000057 0.004450
213.000070 700.999745 0.006118
254.999552 700.999745 0.006118
294.999658 700.999745 0.006118
310.000372 700.999745 0.006674
140.000371 702.000332 0.005561
279.000155 702.000332 0.005006
349.999579 702.000332 0.006674
374.999870 703.999708 0.003893
385.000346 703.999708 0.003893
334.999764 705.000295 0.003893
412.000013 705.000295 0.007787
426.000140 705.000295 0.007787
446.999881 706.999671 0.005006
460.000320 706.999671 0.005006
470.999585 706.999671 0.003893
489.999950 708.000258 0.006674
37.000143 720.000110 0.005006
48.000307 720.000110 0.010568
63.000122 720.000110 0.003893
80.999900 720.999798 0.007787
97.999990 722.000385 0.003893
121.999694 722.000385 0.006118
299.000208 723.000073 0.007787
218.999996 723.999761 0.003893
236.999774 723.999761 0.003893
205.999557 725.000348 0.005561
250.000213 725.000348 0.005006
363.999706 725.000348 0.006118
189.000366 726.000036 0.003893
261.000377 726.000036 0.005006
322.999912 726.000036 0.006674
353.000441 726.000036 0.005006
277.999568 726.999724 0.006674
340.000002 726.999724 0.006118
143.000334 728.000311 0.006674
383.000071 728.000311 0.006118
394.000235 728.999999 0.003893
406.999775 728.999999 0.005006
423.000177 728.999999 0.007230
489.999950 729.999687 0.009455
458.000045 731.999962 0.003893
97.999990 743.999814 0.005006
39.000418 745.000401 0.006674
74.000286 745.000401 0.003893
84.999551 745.000401 0.003893
111.000429 745.000401 0.003893
143.000334 745.000401 0.003893
54.999921 746.000089 0.006118
179.999578 746.999777 0.003337
210.000107 748.000364 0.003893
265.000028 748.000364 0.003893
290.000319 748.000364 0.006118
274.999605 749.000052 0.003893
311.999748 749.000052 0.003337
336.000351 749.999740 0.003893
348.000203 749.999740 0.003893
232.000435 752.000015 0.003893
386.999722 752.000015 0.008899
411.000325 752.999703 0.004450
429.999791 752.999703 0.008342
440.000267 752.999703 0.003893
463.000283 752.999703 0.006118
475.999823 752.999703 0.006118
489.999950 754.000290 0.005561
397.999886 754.999978 0.005006
37.999831 768.000417 0.005006
80.000212 768.000417 0.003893
57.999884 769.000105 0.003893
69.000048 769.000105 0.003893
164.000075 769.000105 0.003337
135.999821 769.999793 0.004450
109.000154 771.000380 0.003893
184.999816 771.000380 0.005006
195.999980 771.000380 0.003893
207.000144 772.000068 0.003893
218.000308 772.000068 0.003893
233.999811 772.000068 0.006118
256.999827 772.000068 0.003893
279.999843 772.000068 0.006118
247.000250 772.999756 0.008342
294.999658 772.999756 0.005561
308.999785 772.999756 0.003893
337.999727 772.999756 0.006118
351.999854 774.000343 0.009455
379.000420 774.000343 0.005561
389.999685 774.000343 0.003893
405.000399 775.999719 0.004450
417.999939 777.000306 0.005006
429.000103 777.000306 0.003893
454.000394 777.000306 0.004450
475.000135 777.999994 0.009455
487.999675 778.999682 0.005561
43.999757 792.000121 0.003337
60.000159 792.999809 0.007787
86.999826 792.999809 0.006118
101.999641 792.999809 0.003893
71.000323 794.000396 0.003893
127.999620 794.000396 0.007787
138.000096 794.000396 0.002781
155.999874 794.000396 0.003893
178.000202 794.000396 0.003893
196.999668 795.000084 0.003893
308.000097 795.999772 0.003893
218.000308 797.000359 0.008899
265.999716 797.000359 0.003893
291.000007 797.000359 0.003893
331.000113 797.000359 0.003893
356.000404 798.000047 0.003893
388.999997 798.999735 0.005561
406.000087 798.999735 0.003893
242.000012 800.000322 0.007230
420.000214 800.000322 0.006674
460.000320 801.000010 0.003337
443.999918 803.000285 0.006674
478.000098 803.000285 0.004450
40.000106 817.000412 0.006118
111.000429 817.000412 0.006118
123.999969 817.000412 0.003893
74.999974 818.000100 0.005006
144.000022 818.000100 0.006118
155.999874 818.000100 0.003893
170.000001 818.000100 0.005006
60.999847 818.999788 0.003893
198.000255 818.999788 0.003893
276.999880 818.999788 0.003893
94.000339 820.000375 0.007787
212.000382 820.000375 0.009455
262.999753 820.000375 0.005006
187.000091 821.000063 0.007787
238.000361 821.000063 0.007230
288.000044 821.999751 0.003893
322.999912 821.999751 0.003337
334.999764 821.999751 0.005006
353.000441 823.000338 0.006118
372.999595 823.000338 0.006118
394.000235 823.000338 0.003893
408.000362 824.000026 0.006118
467.999622 826.000301 0.003893
446.999881 827.999677 0.008342
486.999987 827.999677 0.008342
