0.164800 0.056000 0.029600
0.249600 0.056000 0.011200
0.266400 0.056000 0.026400
0.232000 0.056800 0.011200
0.184000 0.057600 0.012800
0.212800 0.057600 0.027200
0.842400 0.059200 0.028800
0.860800 0.060000 0.030400
0.080800 0.082400 0.011200
0.064000 0.085600 0.009600
0.048800 0.086400 0.013600
0.305600 0.092000 0.011200
0.337600 0.092800 0.012800
0.388800 0.092800 0.013600
0.851200 0.092800 0.011200
0.888800 0.093600 0.019200
0.320800 0.094400 0.011200
0.352800 0.094400 0.008800
0.835200 0.094400 0.011200
0.798400 0.095200 0.019200
0.132000 0.096000 0.013600
0.290400 0.096000 0.011200
0.367200 0.096000 0.011200
0.403200 0.096000 0.009600
0.812000 0.096000 0.016800
0.873600 0.096000 0.019200
0.268000 0.096800 0.013600
0.552000 0.096800 0.016000
0.674400 0.096800 0.012800
0.178400 0.097600 0.005600
0.244800 0.097600 0.013600
0.416800 0.097600 0.008800
0.448800 0.097600 0.011200
0.507200 0.097600 0.011200
0.655200 0.097600 0.012000
0.695200 0.097600 0.011200
0.711200 0.097600 0.011200
0.150400 0.098400 0.011200
0.212800 0.098400 0.013600
0.228000 0.098400 0.011200
0.433600 0.098400 0.011200
0.526400 0.098400 0.013600
0.592000 0.098400 0.011200
0.774400 0.098400 0.011200
0.112800 0.099200 0.013600
0.187200 0.099200 0.005600
0.196800 0.099200 0.013600
0.460800 0.099200 0.008800
0.489600 0.099200 0.011200
0.612000 0.099200 0.015200
0.727200 0.099200 0.011200
0.744800 0.099200 0.008800
0.756800 0.099200 0.008800
0.164800 0.100000 0.011200
0.473600 0.100000 0.011200
0.574400 0.100000 0.011200
0.636800 0.100000 0.011200
0.394400 0.118400 0.013600
0.901600 0.118400 0.013600
0.361600 0.119200 0.009600
0.835200 0.119200 0.008800
0.887200 0.119200 0.011200
0.292000 0.120000 0.008800
0.314400 0.120000 0.008800
0.340000 0.120000 0.005600
0.376800 0.120000 0.010400
0.846400 0.120000 0.008800
0.858400 0.120000 0.007200
0.869600 0.120000 0.008800
0.304000 0.120800 0.007200
0.348000 0.120800 0.005600
0.676000 0.120800 0.013600
0.721600 0.120800 0.008800
0.744800 0.120800 0.005600
0.753600 0.120800 0.008800
0.799200 0.120800 0.010400
0.275200 0.121600 0.011200
0.414400 0.121600 0.016800
0.694400 0.121600 0.011200
0.712000 0.121600 0.013600
0.812800 0.121600 0.011200
0.261600 0.122400 0.011200
0.423200 0.122400 0.013600
0.442400 0.122400 0.010400
0.456000 0.122400 0.008800
0.732000 0.122400 0.011200
0.772800 0.122400 0.016000
0.784800 0.122400 0.005600
0.200800 0.123200 0.015200
0.225600 0.123200 0.012800
0.148800 0.124000 0.011200
0.243200 0.124000 0.013600
0.469600 0.124000 0.008800
0.499200 0.124000 0.011200
0.516000 0.124000 0.010400
0.532000 0.124000 0.012000
0.655200 0.124000 0.013600
0.112800 0.124800 0.013600
0.165600 0.124800 0.011200
0.481600 0.124800 0.009600
0.553600 0.124800 0.012000
0.588800 0.124800 0.013600
0.618400 0.124800 0.015200
0.636800 0.124800 0.011200
0.183200 0.125600 0.012800
0.571200 0.125600 0.011200
0.131200 0.126400 0.013600
0.929600 0.138400 0.019200
0.892800 0.143200 0.013600
0.860000 0.144000 0.010400
0.876000 0.144000 0.011200
0.845600 0.144800 0.011200
0.439200 0.146400 0.008800
0.801600 0.146400 0.011200
0.345600 0.147200 0.011200
0.363200 0.147200 0.016800
0.374400 0.147200 0.008800
0.448800 0.147200 0.016800
0.488800 0.147200 0.009600
0.500800 0.147200 0.005600
0.692000 0.147200 0.012800
0.830400 0.147200 0.008800
0.261600 0.148000 0.013600
0.388800 0.148000 0.013600
0.425600 0.148000 0.008800
0.464800 0.148000 0.011200
0.528000 0.148000 0.011200
0.728800 0.148000 0.014400
0.748000 0.148000 0.014400
0.784800 0.148000 0.011200
0.818400 0.148000 0.011200
0.224000 0.148800 0.011200
0.241600 0.148800 0.011200
0.308800 0.148800 0.008800
0.327200 0.148800 0.012800
0.406400 0.148800 0.005600
0.478400 0.148800 0.008800
0.512000 0.148800 0.008800
0.577600 0.148800 0.011200
0.710400 0.148800 0.011200
0.203200 0.149600 0.013600
0.285600 0.149600 0.011200
0.297600 0.149600 0.005600
0.556000 0.149600 0.012800
0.769600 0.149600 0.010400
0.183200 0.150400 0.012000
0.594400 0.150400 0.012800
0.616000 0.150400 0.011200
0.635200 0.150400 0.008000
0.645600 0.150400 0.007200
0.672000 0.150400 0.011200
0.144000 0.151200 0.011200
0.163200 0.151200 0.012800
0.655200 0.151200 0.008800
0.116800 0.152000 0.016800
0.128800 0.152000 0.008800
0.872800 0.167200 0.012800
0.892000 0.167200 0.012800
0.263200 0.171200 0.012800
0.843200 0.171200 0.008800
0.856000 0.171200 0.008800
0.245600 0.172000 0.010400
0.332800 0.172800 0.008800
0.342400 0.172800 0.008800
0.409600 0.172800 0.011200
0.428000 0.172800 0.012000
0.779200 0.172800 0.008000
0.829600 0.172800 0.012800
0.290400 0.173600 0.016000
0.358400 0.173600 0.011200
0.443200 0.173600 0.012800
0.461600 0.173600 0.008800
0.509600 0.173600 0.008800
0.520800 0.173600 0.005600
0.320000 0.174400 0.008800
0.376000 0.174400 0.011200
0.395200 0.174400 0.013600
0.477600 0.174400 0.010400
0.492000 0.174400 0.013600
0.531200 0.174400 0.008000
0.541600 0.174400 0.005600
0.556000 0.174400 0.011200
0.576800 0.174400 0.008800
0.589600 0.174400 0.008800
0.623200 0.174400 0.013600
0.708800 0.174400 0.008800
0.722400 0.174400 0.008800
0.750400 0.174400 0.013600
0.793600 0.174400 0.010400
0.812800 0.174400 0.005600
0.306400 0.175200 0.008800
0.607200 0.175200 0.012000
0.644800 0.175200 0.011200
0.664800 0.175200 0.005600
0.693600 0.175200 0.011200
0.735200 0.175200 0.008800
0.769600 0.175200 0.008800
0.224800 0.176000 0.013600
0.676000 0.176000 0.011200
0.144800 0.176800 0.013600
0.207200 0.176800 0.013600
0.168000 0.177600 0.013600
0.120000 0.178400 0.015200
0.189600 0.178400 0.012800
0.888800 0.193600 0.013600
0.905600 0.193600 0.012800
0.859200 0.194400 0.016800
0.871200 0.194400 0.007200
0.832800 0.195200 0.014400
0.810400 0.196000 0.013600
0.788000 0.196800 0.013600
0.451200 0.197600 0.008800
0.385600 0.198400 0.013600
0.432000 0.198400 0.013600
0.476000 0.198400 0.011200
0.518400 0.198400 0.011200
0.768800 0.198400 0.012800
0.417600 0.199200 0.010400
0.492800 0.199200 0.010400
0.505600 0.199200 0.011200
0.662400 0.199200 0.008800
0.748800 0.199200 0.012000
0.269600 0.200000 0.013600
0.288000 0.200000 0.012800
0.308000 0.200000 0.013600
0.329600 0.200000 0.016800
0.352000 0.200000 0.011200
0.404800 0.200000 0.008800
0.583200 0.200000 0.012000
0.598400 0.200000 0.011200
0.631200 0.200000 0.011200
0.368800 0.200800 0.011200
0.536000 0.200800 0.008800
0.548800 0.200800 0.008800
0.615200 0.200800 0.010400
0.650400 0.200800 0.007200
0.678400 0.200800 0.011200
0.696800 0.200800 0.011200
0.232800 0.201600 0.008800
0.245600 0.201600 0.016800
0.561600 0.201600 0.011200
0.731200 0.201600 0.011200
0.168800 0.202400 0.013600
0.190400 0.203200 0.012800
0.212800 0.203200 0.013600
0.715200 0.203200 0.011200
0.125600 0.204800 0.016000
0.145600 0.204800 0.012800
0.863200 0.221600 0.011200
0.875200 0.221600 0.005600
0.894400 0.221600 0.015200
0.786400 0.222400 0.012800
0.806400 0.222400 0.008800
0.820800 0.222400 0.011200
0.843200 0.222400 0.013600
0.520000 0.223200 0.012800
0.282400 0.224800 0.005600
0.328000 0.224800 0.013600
0.423200 0.224800 0.011200
0.581600 0.224800 0.008800
0.679200 0.224800 0.012000
0.752000 0.224800 0.011200
0.769600 0.224800 0.011200
0.337600 0.225600 0.005600
0.393600 0.225600 0.008800
0.438400 0.225600 0.012800
0.458400 0.225600 0.011200
0.479200 0.225600 0.015200
0.539200 0.225600 0.014400
0.561600 0.225600 0.013600
0.594400 0.225600 0.008000
0.608000 0.225600 0.010400
0.623200 0.225600 0.011200
0.640800 0.225600 0.011200
0.654400 0.225600 0.008800
0.664000 0.225600 0.008800
0.256000 0.226400 0.007200
0.268000 0.226400 0.011200
0.294400 0.226400 0.011200
0.348000 0.226400 0.013600
0.376800 0.226400 0.013600
0.407200 0.226400 0.008800
0.501600 0.226400 0.013600
0.732000 0.226400 0.011200
0.244800 0.227200 0.008800
0.312000 0.227200 0.011200
0.698400 0.227200 0.013600
0.230400 0.228000 0.011200
0.164000 0.228800 0.015200
0.140000 0.230400 0.014400
0.191200 0.230400 0.012800
0.719200 0.230400 0.008800
0.120000 0.231200 0.015200
0.212000 0.231200 0.011200
0.889600 0.246400 0.013600
0.786400 0.247200 0.010400
0.421600 0.248000 0.008800
0.800000 0.248000 0.008800
0.844800 0.248000 0.011200
0.369600 0.248800 0.008800
0.383200 0.248800 0.008800
0.545600 0.248800 0.010400
0.763200 0.248800 0.008800
0.815200 0.248800 0.011200
0.394400 0.249600 0.008800
0.411200 0.249600 0.016800
0.436800 0.249600 0.009600
0.531200 0.249600 0.008800
0.573600 0.249600 0.007200
0.625600 0.249600 0.011200
0.653600 0.249600 0.013600
0.702400 0.249600 0.012800
0.725600 0.249600 0.012800
0.829600 0.249600 0.008800
0.356800 0.250400 0.008800
0.474400 0.250400 0.012000
0.564000 0.250400 0.013600
0.669600 0.250400 0.011200
0.745600 0.250400 0.012800
0.454400 0.251200 0.012000
0.496800 0.251200 0.013600
0.516000 0.251200 0.011200
0.588000 0.251200 0.011200
0.608000 0.251200 0.011200
0.689600 0.251200 0.011200
0.318400 0.252000 0.013600
0.336800 0.252000 0.013600
0.872000 0.252800 0.016800
0.288800 0.253600 0.016000
0.173600 0.256000 0.005600
0.186400 0.256000 0.011200
0.254400 0.256000 0.008000
0.267200 0.256000 0.016800
0.144800 0.256800 0.013600
0.163200 0.256800 0.014400
0.224800 0.256800 0.011200
0.242400 0.256800 0.011200
0.124000 0.257600 0.016000
0.204800 0.258400 0.013600
0.645600 0.272000 0.008800
0.672800 0.272000 0.008800
0.687200 0.272000 0.008800
0.748800 0.272000 0.012000
0.569600 0.272800 0.008800
0.590400 0.272800 0.013600
0.603200 0.272800 0.008000
0.702400 0.272800 0.011200
0.724000 0.272800 0.012800
0.810400 0.272800 0.012800
0.829600 0.272800 0.010400
0.889600 0.272800 0.012800
0.358400 0.273600 0.013600
0.496800 0.273600 0.013600
0.511200 0.273600 0.012800
0.615200 0.273600 0.011200
0.768800 0.273600 0.011200
0.786400 0.273600 0.013600
0.474400 0.274400 0.008800
0.536000 0.274400 0.012000
0.554400 0.274400 0.011200
0.631200 0.274400 0.009600
0.845600 0.274400 0.013600
0.383200 0.275200 0.012800
0.461600 0.275200 0.008000
0.872000 0.276000 0.012000
0.406400 0.276800 0.011200
0.428800 0.276800 0.012800
0.310400 0.277600 0.011200
0.328000 0.277600 0.011200
0.344000 0.277600 0.010400
0.448000 0.277600 0.010400
0.287200 0.279200 0.015200
0.259200 0.280800 0.011200
0.222400 0.281600 0.015200
0.276000 0.281600 0.008800
0.126400 0.282400 0.016800
0.196000 0.282400 0.011200
0.116800 0.283200 0.016000
0.141600 0.283200 0.010400
0.173600 0.283200 0.016000
0.183200 0.283200 0.008800
0.208000 0.283200 0.011200
0.243200 0.283200 0.008800
0.157600 0.284000 0.011200
0.719200 0.294400 0.011200
0.617600 0.295200 0.008800
0.701600 0.295200 0.011200
0.904800 0.295200 0.016800
0.651200 0.296000 0.010400
0.755200 0.296000 0.011200
0.847200 0.296000 0.008800
0.861600 0.296000 0.009600
0.470400 0.296800 0.013600
0.589600 0.296800 0.011200
0.667200 0.296800 0.010400
0.684000 0.296800 0.011200
0.736800 0.296800 0.011200
0.824800 0.296800 0.010400
0.512000 0.297600 0.013600
0.564800 0.297600 0.015200
0.605600 0.297600 0.008800
0.632800 0.297600 0.011200
0.767200 0.297600 0.008800
0.809600 0.297600 0.010400
0.376800 0.298400 0.010400
0.392000 0.298400 0.010400
0.425600 0.298400 0.009600
0.440800 0.298400 0.008800
0.455200 0.298400 0.008800
0.491200 0.298400 0.011200
0.790400 0.298400 0.013600
0.363200 0.299200 0.011200
0.409600 0.299200 0.011200
0.534400 0.299200 0.013600
0.883200 0.299200 0.014400
0.341600 0.300000 0.012800
0.292000 0.302400 0.012800
0.312000 0.303200 0.012000
0.257600 0.304000 0.008800
0.273600 0.304000 0.011200
0.236800 0.304800 0.013600
0.221600 0.305600 0.010400
0.116000 0.306400 0.016800
0.173600 0.306400 0.007200
0.182400 0.306400 0.008800
0.199200 0.306400 0.011200
0.209600 0.306400 0.005600
0.141600 0.307200 0.011200
0.164000 0.307200 0.005600
0.126400 0.308000 0.008800
0.758400 0.320000 0.012800
0.636000 0.320800 0.008800
0.664800 0.320800 0.011200
0.701600 0.320800 0.011200
0.848800 0.320800 0.013600
0.865600 0.320800 0.011200
0.601600 0.321600 0.011200
0.623200 0.321600 0.016800
0.648800 0.321600 0.008800
0.683200 0.321600 0.012000
0.718400 0.321600 0.012800
0.740800 0.321600 0.011200
0.777600 0.321600 0.011200
0.816000 0.321600 0.008800
0.828000 0.321600 0.011200
0.493600 0.323200 0.008800
0.510400 0.323200 0.011200
0.536800 0.323200 0.008800
0.552000 0.323200 0.013600
0.569600 0.323200 0.005600
0.583200 0.323200 0.013600
0.804000 0.323200 0.018400
0.886400 0.323200 0.015200
0.374400 0.324000 0.014400
0.392800 0.324000 0.013600
0.405600 0.324800 0.008800
0.415200 0.324800 0.005600
0.427200 0.324800 0.008800
0.481600 0.324800 0.008800
0.524800 0.324800 0.005600
0.354400 0.325600 0.008800
0.445600 0.325600 0.013600
0.467200 0.325600 0.013600
0.320000 0.326400 0.015200
0.342400 0.326400 0.018400
0.310400 0.327200 0.007200
0.292800 0.328000 0.015200
0.206400 0.328800 0.011200
0.246400 0.328800 0.011200
0.190400 0.329600 0.011200
0.225600 0.329600 0.012800
0.267200 0.329600 0.013600
0.114400 0.330400 0.011200
0.127200 0.330400 0.007200
0.176000 0.330400 0.013600
0.140800 0.331200 0.012800
0.157600 0.331200 0.013600
0.928000 0.336000 0.026400
0.941600 0.336000 0.031200
