320.000000 65.000000 17.000000
344.000000 65.000000 14.000000
366.000000 65.000000 35.000000
214.000000 66.000000 40.000000
243.000000 66.000000 17.000000
292.000000 66.000000 39.000000
1048.000000 70.000000 38.000000
1074.000000 71.000000 34.000000
1028.000000 112.000000 13.000000
1115.000000 112.000000 17.000000
978.000000 113.000000 11.000000
1010.000000 113.000000 11.000000
863.000000 114.000000 18.000000
998.000000 114.000000 6.000000
1050.000000 114.000000 16.000000
1091.000000 114.000000 14.000000
354.000000 115.000000 16.000000
378.000000 115.000000 17.000000
764.000000 115.000000 21.000000
885.000000 115.000000 15.000000
964.000000 115.000000 11.000000
1073.000000 115.000000 14.000000
337.000000 116.000000 11.000000
400.000000 116.000000 9.000000
413.000000 116.000000 21.000000
839.000000 116.000000 11.000000
948.000000 116.000000 11.000000
143.000000 117.000000 17.000000
732.000000 117.000000 11.000000
747.000000 117.000000 11.000000
795.000000 117.000000 14.000000
189.000000 118.000000 14.000000
210.000000 118.000000 17.000000
235.000000 118.000000 16.000000
258.000000 118.000000 14.000000
278.000000 118.000000 14.000000
318.000000 118.000000 14.000000
441.000000 118.000000 17.000000
691.000000 118.000000 15.000000
714.000000 118.000000 14.000000
814.000000 118.000000 19.000000
904.000000 118.000000 20.000000
168.000000 119.000000 11.000000
464.000000 119.000000 17.000000
583.000000 119.000000 17.000000
666.000000 119.000000 16.000000
930.000000 119.000000 14.000000
298.000000 120.000000 13.000000
505.000000 120.000000 14.000000
564.000000 120.000000 16.000000
613.000000 120.000000 17.000000
487.000000 121.000000 14.000000
541.000000 121.000000 11.000000
525.000000 122.000000 11.000000
638.000000 122.000000 17.000000
403.000000 143.000000 14.000000
996.000000 143.000000 11.000000
1013.000000 143.000000 11.000000
1033.000000 143.000000 16.000000
1110.000000 143.000000 21.000000
339.000000 144.000000 14.000000
381.000000 144.000000 13.000000
423.000000 144.000000 11.000000
851.000000 144.000000 11.000000
978.000000 144.000000 14.000000
1057.000000 144.000000 11.000000
1096.000000 144.000000 14.000000
263.000000 145.000000 15.000000
361.000000 145.000000 14.000000
454.000000 145.000000 11.000000
707.000000 145.000000 14.000000
756.000000 145.000000 14.000000
779.000000 145.000000 14.000000
837.000000 145.000000 11.000000
1044.000000 145.000000 7.000000
216.000000 146.000000 14.000000
290.000000 146.000000 14.000000
314.000000 146.000000 14.000000
436.000000 146.000000 14.000000
467.000000 146.000000 11.000000
487.000000 146.000000 13.000000
730.000000 146.000000 14.000000
801.000000 146.000000 14.000000
821.000000 146.000000 14.000000
870.000000 146.000000 13.000000
957.000000 146.000000 14.000000
1075.000000 146.000000 14.000000
144.000000 147.000000 20.000000
159.000000 147.000000 16.000000
243.000000 147.000000 14.000000
936.000000 147.000000 14.000000
181.000000 148.000000 11.000000
198.000000 148.000000 11.000000
506.000000 148.000000 11.000000
530.000000 148.000000 11.000000
549.000000 148.000000 13.000000
686.000000 148.000000 13.000000
891.000000 148.000000 13.000000
909.000000 148.000000 14.000000
569.000000 149.000000 11.000000
666.000000 149.000000 13.000000
593.000000 150.000000 11.000000
615.000000 151.000000 14.000000
630.000000 152.000000 11.000000
644.000000 152.000000 11.000000
1069.000000 172.000000 18.000000
1101.000000 172.000000 16.000000
319.000000 174.000000 16.000000
344.000000 174.000000 13.000000
366.000000 174.000000 14.000000
383.000000 174.000000 11.000000
410.000000 174.000000 14.000000
432.000000 174.000000 14.000000
1024.000000 174.000000 14.000000
215.000000 175.000000 15.000000
395.000000 175.000000 11.000000
458.000000 175.000000 15.000000
483.000000 175.000000 15.000000
823.000000 175.000000 13.000000
854.000000 175.000000 17.000000
981.000000 175.000000 15.000000
1043.000000 175.000000 14.000000
291.000000 176.000000 14.000000
506.000000 176.000000 13.000000
874.000000 176.000000 11.000000
888.000000 176.000000 11.000000
925.000000 176.000000 15.000000
1005.000000 176.000000 14.000000
157.000000 177.000000 7.000000
168.000000 177.000000 7.000000
193.000000 177.000000 11.000000
523.000000 177.000000 11.000000
670.000000 177.000000 14.000000
715.000000 177.000000 16.000000
765.000000 177.000000 11.000000
793.000000 177.000000 9.000000
956.000000 177.000000 17.000000
146.000000 178.000000 17.000000
239.000000 178.000000 16.000000
265.000000 178.000000 14.000000
542.000000 178.000000 14.000000
566.000000 178.000000 17.000000
689.000000 178.000000 14.000000
738.000000 178.000000 17.000000
782.000000 178.000000 11.000000
905.000000 178.000000 14.000000
594.000000 180.000000 14.000000
625.000000 182.000000 19.000000
642.000000 182.000000 21.000000
1099.000000 201.000000 20.000000
1083.000000 202.000000 14.000000
1032.000000 203.000000 14.000000
1058.000000 203.000000 17.000000
436.000000 204.000000 12.000000
481.000000 204.000000 11.000000
914.000000 204.000000 16.000000
973.000000 204.000000 11.000000
146.000000 205.000000 17.000000
378.000000 205.000000 13.000000
416.000000 205.000000 14.000000
863.000000 205.000000 20.000000
888.000000 205.000000 16.000000
939.000000 205.000000 14.000000
953.000000 205.000000 9.000000
988.000000 205.000000 11.000000
302.000000 206.000000 11.000000
398.000000 206.000000 12.000000
462.000000 206.000000 17.000000
761.000000 206.000000 14.000000
819.000000 206.000000 11.000000
836.000000 206.000000 11.000000
1008.000000 206.000000 14.000000
215.000000 207.000000 20.000000
241.000000 207.000000 14.000000
287.000000 207.000000 16.000000
361.000000 207.000000 14.000000
531.000000 207.000000 12.000000
552.000000 207.000000 11.000000
733.000000 207.000000 17.000000
783.000000 207.000000 14.000000
803.000000 207.000000 11.000000
849.000000 207.000000 11.000000
163.000000 208.000000 11.000000
180.000000 208.000000 11.000000
199.000000 208.000000 14.000000
225.000000 208.000000 17.000000
263.000000 208.000000 11.000000
339.000000 208.000000 14.000000
514.000000 208.000000 11.000000
569.000000 208.000000 14.000000
589.000000 208.000000 9.000000
712.000000 208.000000 14.000000
317.000000 209.000000 14.000000
498.000000 209.000000 14.000000
602.000000 209.000000 11.000000
616.000000 209.000000 11.000000
691.000000 209.000000 13.000000
630.000000 210.000000 11.000000
649.000000 210.000000 14.000000
672.000000 211.000000 11.000000
1092.000000 233.000000 16.000000
1111.000000 233.000000 17.000000
519.000000 234.000000 14.000000
985.000000 234.000000 14.000000
486.000000 235.000000 19.000000
955.000000 235.000000 20.000000
416.000000 236.000000 16.000000
458.000000 236.000000 14.000000
547.000000 236.000000 17.000000
902.000000 236.000000 11.000000
932.000000 236.000000 14.000000
1009.000000 236.000000 15.000000
1030.000000 236.000000 16.000000
288.000000 237.000000 19.000000
374.000000 237.000000 14.000000
713.000000 237.000000 14.000000
786.000000 237.000000 14.000000
809.000000 237.000000 17.000000
870.000000 237.000000 17.000000
887.000000 237.000000 11.000000
917.000000 237.000000 10.000000
218.000000 238.000000 12.000000
236.000000 238.000000 11.000000
251.000000 238.000000 11.000000
395.000000 238.000000 14.000000
441.000000 238.000000 14.000000
576.000000 238.000000 16.000000
597.000000 238.000000 13.000000
653.000000 238.000000 14.000000
675.000000 238.000000 17.000000
733.000000 238.000000 11.000000
750.000000 238.000000 11.000000
768.000000 238.000000 11.000000
145.000000 239.000000 17.000000
270.000000 239.000000 13.000000
615.000000 239.000000 14.000000
634.000000 239.000000 14.000000
688.000000 239.000000 17.000000
848.000000 239.000000 11.000000
1057.000000 239.000000 20.000000
163.000000 240.000000 12.000000
182.000000 240.000000 12.000000
200.000000 240.000000 11.000000
320.000000 240.000000 17.000000
335.000000 240.000000 11.000000
354.000000 240.000000 14.000000
832.000000 240.000000 22.000000
963.000000 266.000000 16.000000
1009.000000 266.000000 14.000000
1091.000000 266.000000 17.000000
572.000000 267.000000 13.000000
988.000000 267.000000 12.000000
1030.000000 267.000000 14.000000
1106.000000 267.000000 19.000000
459.000000 268.000000 11.000000
497.000000 268.000000 19.000000
537.000000 268.000000 9.000000
805.000000 268.000000 11.000000
915.000000 268.000000 14.000000
936.000000 268.000000 16.000000
1048.000000 268.000000 11.000000
145.000000 269.000000 14.000000
250.000000 269.000000 19.000000
474.000000 269.000000 11.000000
523.000000 269.000000 11.000000
552.000000 269.000000 11.000000
708.000000 269.000000 13.000000
788.000000 269.000000 14.000000
820.000000 269.000000 11.000000
892.000000 269.000000 11.000000
1067.000000 269.000000 12.000000
237.000000 270.000000 7.000000
436.000000 270.000000 11.000000
598.000000 270.000000 17.000000
638.000000 270.000000 16.000000
671.000000 270.000000 17.000000
726.000000 270.000000 11.000000
744.000000 270.000000 14.000000
840.000000 270.000000 11.000000
857.000000 270.000000 13.000000
877.000000 270.000000 11.000000
225.000000 271.000000 9.000000
276.000000 271.000000 10.000000
348.000000 271.000000 12.000000
366.000000 271.000000 11.000000
401.000000 271.000000 12.000000
420.000000 271.000000 11.000000
689.000000 271.000000 12.000000
767.000000 271.000000 14.000000
171.000000 272.000000 16.000000
192.000000 272.000000 11.000000
210.000000 272.000000 11.000000
288.000000 272.000000 11.000000
383.000000 272.000000 11.000000
618.000000 272.000000 14.000000
305.000000 273.000000 11.000000
322.000000 273.000000 19.000000
988.000000 294.000000 17.000000
856.000000 296.000000 14.000000
942.000000 296.000000 9.000000
975.000000 296.000000 7.000000
1073.000000 296.000000 14.000000
880.000000 297.000000 17.000000
929.000000 297.000000 11.000000
955.000000 297.000000 17.000000
1117.000000 297.000000 14.000000
452.000000 298.000000 17.000000
699.000000 298.000000 14.000000
833.000000 298.000000 13.000000
915.000000 298.000000 20.000000
1009.000000 298.000000 14.000000
1052.000000 298.000000 11.000000
425.000000 299.000000 16.000000
554.000000 299.000000 17.000000
634.000000 299.000000 14.000000
717.000000 299.000000 11.000000
773.000000 299.000000 13.000000
796.000000 299.000000 14.000000
813.000000 299.000000 12.000000
1035.000000 299.000000 14.000000
1099.000000 299.000000 14.000000
400.000000 300.000000 14.000000
535.000000 300.000000 11.000000
581.000000 300.000000 14.000000
614.000000 300.000000 20.000000
648.000000 300.000000 11.000000
677.000000 300.000000 14.000000
187.000000 301.000000 15.000000
516.000000 301.000000 14.000000
662.000000 301.000000 11.000000
737.000000 301.000000 12.000000
754.000000 301.000000 11.000000
148.000000 302.000000 17.000000
210.000000 302.000000 11.000000
225.000000 302.000000 14.000000
249.000000 302.000000 16.000000
369.000000 302.000000 19.000000
166.000000 303.000000 11.000000
341.000000 303.000000 14.000000
477.000000 303.000000 14.000000
272.000000 304.000000 20.000000
300.000000 304.000000 11.000000
317.000000 304.000000 14.000000
497.000000 304.000000 14.000000
286.000000 306.000000 9.000000
953.000000 323.000000 17.000000
965.000000 323.000000 11.000000
934.000000 324.000000 16.000000
980.000000 324.000000 11.000000
1001.000000 324.000000 14.000000
1125.000000 324.000000 17.000000
1018.000000 325.000000 14.000000
1076.000000 325.000000 14.000000
1099.000000 325.000000 11.000000
1113.000000 325.000000 10.000000
775.000000 326.000000 20.000000
803.000000 327.000000 11.000000
817.000000 327.000000 14.000000
1048.000000 327.000000 16.000000
733.000000 328.000000 14.000000
758.000000 328.000000 13.000000
786.000000 328.000000 19.000000
900.000000 328.000000 17.000000
586.000000 329.000000 13.000000
713.000000 329.000000 14.000000
837.000000 329.000000 14.000000
523.000000 330.000000 11.000000
536.000000 330.000000 9.000000
607.000000 330.000000 14.000000
633.000000 330.000000 17.000000
657.000000 330.000000 11.000000
674.000000 330.000000 11.000000
860.000000 330.000000 17.000000
152.000000 331.000000 14.000000
401.000000 331.000000 13.000000
496.000000 331.000000 11.000000
556.000000 331.000000 15.000000
691.000000 331.000000 11.000000
194.000000 332.000000 14.000000
219.000000 332.000000 16.000000
378.000000 332.000000 14.000000
419.000000 332.000000 11.000000
457.000000 332.000000 12.000000
881.000000 332.000000 14.000000
174.000000 333.000000 13.000000
239.000000 333.000000 16.000000
287.000000 333.000000 14.000000
334.000000 333.000000 17.000000
357.000000 333.000000 13.000000
438.000000 333.000000 14.000000
478.000000 333.000000 12.000000
264.000000 334.000000 12.000000
310.000000 334.000000 14.000000
1127.000000 350.000000 16.000000
1106.000000 352.000000 14.000000
1065.000000 353.000000 17.000000
1085.000000 353.000000 14.000000
1000.000000 354.000000 15.000000
1024.000000 354.000000 14.000000
772.000000 355.000000 11.000000
951.000000 355.000000 14.000000
585.000000 356.000000 17.000000
724.000000 356.000000 14.000000
745.000000 356.000000 11.000000
761.000000 356.000000 11.000000
915.000000 356.000000 9.000000
975.000000 356.000000 14.000000
785.000000 357.000000 10.000000
799.000000 357.000000 7.000000
901.000000 357.000000 11.000000
929.000000 357.000000 11.000000
1043.000000 357.000000 17.000000
504.000000 358.000000 14.000000
532.000000 358.000000 17.000000
611.000000 358.000000 14.000000
816.000000 358.000000 11.000000
830.000000 358.000000 9.000000
882.000000 358.000000 11.000000
155.000000 359.000000 17.000000
432.000000 359.000000 14.000000
451.000000 359.000000 11.000000
468.000000 359.000000 11.000000
484.000000 359.000000 11.000000
634.000000 359.000000 14.000000
698.000000 359.000000 11.000000
843.000000 359.000000 10.000000
858.000000 359.000000 16.000000
294.000000 360.000000 11.000000
381.000000 360.000000 12.000000
421.000000 360.000000 11.000000
558.000000 360.000000 16.000000
657.000000 360.000000 14.000000
229.000000 361.000000 11.000000
248.000000 361.000000 14.000000
360.000000 361.000000 13.000000
181.000000 362.000000 15.000000
311.000000 362.000000 11.000000
338.000000 362.000000 14.000000
403.000000 362.000000 14.000000
682.000000 362.000000 16.000000
209.000000 363.000000 14.000000
274.000000 363.000000 14.000000
834.000000 384.000000 11.000000
846.000000 384.000000 7.000000
887.000000 384.000000 11.000000
618.000000 385.000000 17.000000
728.000000 385.000000 16.000000
871.000000 385.000000 21.000000
923.000000 385.000000 14.000000
577.000000 386.000000 17.000000
632.000000 386.000000 10.000000
660.000000 386.000000 11.000000
683.000000 386.000000 7.000000
694.000000 386.000000 11.000000
709.000000 386.000000 11.000000
751.000000 386.000000 11.000000
768.000000 386.000000 11.000000
787.000000 386.000000 17.000000
905.000000 386.000000 11.000000
950.000000 386.000000 16.000000
971.000000 386.000000 13.000000
1112.000000 386.000000 16.000000
234.000000 387.000000 14.000000
318.000000 387.000000 17.000000
507.000000 387.000000 16.000000
552.000000 387.000000 14.000000
645.000000 387.000000 9.000000
990.000000 387.000000 14.000000
212.000000 388.000000 14.000000
257.000000 388.000000 14.000000
385.000000 388.000000 11.000000
432.000000 388.000000 14.000000
452.000000 388.000000 11.000000
466.000000 388.000000 7.000000
486.000000 388.000000 16.000000
531.000000 388.000000 14.000000
815.000000 388.000000 21.000000
1010.000000 388.000000 21.000000
1041.000000 388.000000 16.000000
1089.000000 388.000000 19.000000
153.000000 389.000000 14.000000
169.000000 389.000000 11.000000
190.000000 389.000000 13.000000
279.000000 389.000000 11.000000
344.000000 389.000000 19.000000
370.000000 389.000000 11.000000
1064.000000 389.000000 19.000000
410.000000 391.000000 11.000000
202.000000 448.000000 21.000000
234.000000 448.000000 24.000000
264.000000 450.000000 17.000000
315.000000 450.000000 41.000000
289.000000 451.000000 19.000000
173.000000 453.000000 45.000000
