200.000000 62.000000 36.000000
265.000000 62.000000 31.000000
286.000000 62.000000 14.000000
308.000000 62.000000 14.000000
227.000000 63.000000 17.000000
325.000000 64.000000 28.000000
1035.000000 74.000000 28.000000
269.000000 108.000000 17.000000
334.000000 108.000000 14.000000
150.000000 109.000000 19.000000
355.000000 109.000000 14.000000
177.000000 110.000000 20.000000
290.000000 110.000000 17.000000
315.000000 110.000000 11.000000
671.000000 110.000000 14.000000
248.000000 111.000000 14.000000
382.000000 111.000000 19.000000
412.000000 111.000000 14.000000
435.000000 111.000000 14.000000
553.000000 111.000000 17.000000
693.000000 111.000000 14.000000
207.000000 112.000000 14.000000
227.000000 112.000000 12.000000
458.000000 112.000000 17.000000
510.000000 112.000000 20.000000
531.000000 112.000000 17.000000
644.000000 112.000000 17.000000
485.000000 113.000000 21.000000
577.000000 113.000000 14.000000
606.000000 113.000000 11.000000
626.000000 113.000000 14.000000
716.000000 113.000000 16.000000
740.000000 113.000000 14.000000
500.000000 114.000000 21.000000
592.000000 114.000000 9.000000
761.000000 114.000000 14.000000
786.000000 115.000000 17.000000
1087.000000 115.000000 17.000000
804.000000 116.000000 19.000000
831.000000 116.000000 20.000000
1065.000000 116.000000 11.000000
859.000000 117.000000 17.000000
916.000000 117.000000 17.000000
999.000000 117.000000 17.000000
1048.000000 117.000000 13.000000
938.000000 118.000000 11.000000
977.000000 118.000000 17.000000
889.000000 119.000000 17.000000
952.000000 119.000000 11.000000
1025.000000 120.000000 18.000000
321.000000 139.000000 13.000000
338.000000 140.000000 11.000000
367.000000 140.000000 10.000000
398.000000 140.000000 11.000000
174.000000 141.000000 14.000000
300.000000 141.000000 18.000000
352.000000 141.000000 11.000000
383.000000 141.000000 13.000000
426.000000 141.000000 7.000000
147.000000 142.000000 18.000000
437.000000 142.000000 7.000000
227.000000 143.000000 15.000000
252.000000 143.000000 14.000000
457.000000 143.000000 14.000000
473.000000 143.000000 14.000000
492.000000 143.000000 14.000000
512.000000 143.000000 16.000000
579.000000 143.000000 17.000000
627.000000 143.000000 14.000000
673.000000 143.000000 16.000000
202.000000 144.000000 17.000000
552.000000 144.000000 20.000000
606.000000 144.000000 11.000000
648.000000 144.000000 15.000000
696.000000 144.000000 16.000000
273.000000 145.000000 14.000000
537.000000 145.000000 11.000000
722.000000 146.000000 14.000000
744.000000 146.000000 14.000000
764.000000 146.000000 14.000000
804.000000 146.000000 14.000000
829.000000 146.000000 16.000000
852.000000 146.000000 15.000000
1042.000000 146.000000 14.000000
1090.000000 146.000000 17.000000
784.000000 147.000000 11.000000
926.000000 147.000000 13.000000
1066.000000 147.000000 15.000000
876.000000 148.000000 14.000000
898.000000 148.000000 16.000000
946.000000 149.000000 14.000000
974.000000 149.000000 11.000000
997.000000 149.000000 15.000000
1020.000000 149.000000 13.000000
959.000000 150.000000 9.000000
149.000000 172.000000 16.000000
314.000000 172.000000 18.000000
384.000000 172.000000 16.000000
332.000000 173.000000 14.000000
351.000000 173.000000 11.000000
405.000000 173.000000 11.000000
427.000000 173.000000 7.000000
441.000000 173.000000 11.000000
475.000000 173.000000 14.000000
169.000000 174.000000 11.000000
183.000000 174.000000 12.000000
202.000000 174.000000 11.000000
255.000000 174.000000 7.000000
290.000000 174.000000 11.000000
497.000000 174.000000 14.000000
548.000000 174.000000 12.000000
568.000000 174.000000 14.000000
219.000000 175.000000 17.000000
244.000000 175.000000 9.000000
271.000000 175.000000 12.000000
457.000000 175.000000 14.000000
518.000000 175.000000 14.000000
531.000000 175.000000 11.000000
592.000000 175.000000 16.000000
669.000000 175.000000 16.000000
614.000000 176.000000 17.000000
628.000000 176.000000 14.000000
646.000000 176.000000 14.000000
693.000000 176.000000 17.000000
765.000000 176.000000 12.000000
717.000000 177.000000 17.000000
746.000000 177.000000 12.000000
784.000000 177.000000 14.000000
989.000000 177.000000 11.000000
1031.000000 177.000000 11.000000
803.000000 178.000000 16.000000
842.000000 178.000000 11.000000
921.000000 178.000000 20.000000
932.000000 178.000000 20.000000
949.000000 178.000000 13.000000
1008.000000 178.000000 15.000000
1049.000000 178.000000 14.000000
827.000000 179.000000 14.000000
854.000000 179.000000 20.000000
889.000000 179.000000 11.000000
904.000000 179.000000 11.000000
964.000000 179.000000 11.000000
978.000000 179.000000 7.000000
1072.000000 179.000000 13.000000
1090.000000 179.000000 21.000000
567.000000 203.000000 14.000000
469.000000 204.000000 17.000000
518.000000 204.000000 14.000000
145.000000 205.000000 17.000000
166.000000 205.000000 14.000000
430.000000 205.000000 14.000000
583.000000 205.000000 17.000000
192.000000 206.000000 19.000000
216.000000 206.000000 18.000000
351.000000 206.000000 14.000000
413.000000 206.000000 11.000000
449.000000 206.000000 13.000000
538.000000 206.000000 17.000000
604.000000 206.000000 20.000000
618.000000 206.000000 11.000000
635.000000 206.000000 14.000000
236.000000 207.000000 12.000000
268.000000 207.000000 11.000000
331.000000 207.000000 14.000000
369.000000 207.000000 7.000000
382.000000 207.000000 17.000000
401.000000 207.000000 20.000000
498.000000 207.000000 17.000000
657.000000 207.000000 11.000000
743.000000 207.000000 14.000000
764.000000 207.000000 13.000000
1004.000000 207.000000 16.000000
251.000000 208.000000 11.000000
285.000000 208.000000 14.000000
683.000000 208.000000 18.000000
713.000000 208.000000 17.000000
826.000000 208.000000 19.000000
952.000000 208.000000 13.000000
975.000000 208.000000 16.000000
1022.000000 208.000000 9.000000
1039.000000 208.000000 20.000000
782.000000 209.000000 13.000000
815.000000 209.000000 7.000000
841.000000 209.000000 14.000000
932.000000 209.000000 14.000000
306.000000 210.000000 16.000000
801.000000 210.000000 11.000000
862.000000 210.000000 17.000000
1068.000000 210.000000 14.000000
880.000000 211.000000 19.000000
891.000000 211.000000 21.000000
908.000000 213.000000 14.000000
1088.000000 213.000000 16.000000
607.000000 236.000000 17.000000
450.000000 237.000000 17.000000
474.000000 237.000000 17.000000
500.000000 237.000000 11.000000
519.000000 237.000000 11.000000
558.000000 237.000000 7.000000
568.000000 237.000000 7.000000
584.000000 237.000000 14.000000
634.000000 237.000000 13.000000
653.000000 237.000000 13.000000
695.000000 237.000000 11.000000
737.000000 237.000000 16.000000
768.000000 237.000000 7.000000
783.000000 237.000000 11.000000
370.000000 238.000000 16.000000
533.000000 238.000000 7.000000
546.000000 238.000000 9.000000
680.000000 238.000000 7.000000
707.000000 238.000000 7.000000
718.000000 238.000000 16.000000
150.000000 239.000000 21.000000
167.000000 239.000000 17.000000
221.000000 239.000000 13.000000
272.000000 239.000000 19.000000
351.000000 239.000000 14.000000
403.000000 239.000000 17.000000
427.000000 239.000000 14.000000
204.000000 240.000000 11.000000
241.000000 240.000000 16.000000
328.000000 240.000000 14.000000
805.000000 240.000000 14.000000
1023.000000 240.000000 14.000000
1047.000000 240.000000 16.000000
1066.000000 240.000000 14.000000
1087.000000 240.000000 17.000000
185.000000 241.000000 14.000000
286.000000 241.000000 7.000000
837.000000 241.000000 11.000000
852.000000 241.000000 11.000000
869.000000 241.000000 11.000000
898.000000 241.000000 11.000000
915.000000 241.000000 11.000000
944.000000 241.000000 19.000000
984.000000 241.000000 17.000000
1006.000000 241.000000 7.000000
302.000000 242.000000 17.000000
822.000000 242.000000 11.000000
884.000000 242.000000 11.000000
963.000000 243.000000 14.000000
633.000000 265.000000 16.000000
542.000000 267.000000 14.000000
589.000000 267.000000 11.000000
608.000000 267.000000 16.000000
569.000000 268.000000 16.000000
172.000000 269.000000 13.000000
193.000000 269.000000 13.000000
240.000000 269.000000 11.000000
346.000000 269.000000 11.000000
359.000000 269.000000 11.000000
432.000000 269.000000 16.000000
522.000000 269.000000 12.000000
653.000000 269.000000 15.000000
756.000000 269.000000 14.000000
145.000000 270.000000 18.000000
222.000000 270.000000 14.000000
258.000000 270.000000 14.000000
328.000000 270.000000 11.000000
397.000000 270.000000 17.000000
454.000000 270.000000 17.000000
482.000000 270.000000 16.000000
504.000000 270.000000 14.000000
672.000000 270.000000 7.000000
683.000000 270.000000 17.000000
700.000000 270.000000 11.000000
738.000000 270.000000 19.000000
790.000000 270.000000 12.000000
810.000000 270.000000 13.000000
842.000000 270.000000 14.000000
863.000000 270.000000 14.000000
883.000000 270.000000 11.000000
914.000000 270.000000 14.000000
310.000000 271.000000 13.000000
377.000000 271.000000 14.000000
773.000000 271.000000 17.000000
828.000000 271.000000 11.000000
926.000000 271.000000 21.000000
945.000000 271.000000 17.000000
974.000000 271.000000 14.000000
1001.000000 271.000000 14.000000
1095.000000 271.000000 17.000000
279.000000 272.000000 17.000000
291.000000 272.000000 14.000000
897.000000 272.000000 11.000000
1025.000000 272.000000 17.000000
1041.000000 272.000000 11.000000
1062.000000 272.000000 14.000000
1077.000000 272.000000 11.000000
414.000000 298.000000 7.000000
298.000000 299.000000 16.000000
425.000000 299.000000 19.000000
732.000000 299.000000 17.000000
788.000000 299.000000 9.000000
153.000000 300.000000 20.000000
464.000000 300.000000 11.000000
499.000000 300.000000 14.000000
515.000000 300.000000 11.000000
534.000000 300.000000 13.000000
586.000000 300.000000 14.000000
709.000000 300.000000 14.000000
259.000000 301.000000 14.000000
321.000000 301.000000 17.000000
447.000000 301.000000 14.000000
479.000000 301.000000 11.000000
608.000000 301.000000 16.000000
634.000000 301.000000 19.000000
660.000000 301.000000 17.000000
692.000000 301.000000 14.000000
775.000000 301.000000 9.000000
848.000000 301.000000 7.000000
892.000000 301.000000 11.000000
909.000000 301.000000 11.000000
954.000000 301.000000 17.000000
353.000000 302.000000 14.000000
376.000000 302.000000 14.000000
398.000000 302.000000 14.000000
565.000000 302.000000 21.000000
748.000000 302.000000 9.000000
761.000000 302.000000 9.000000
801.000000 302.000000 11.000000
236.000000 303.000000 20.000000
820.000000 303.000000 14.000000
869.000000 303.000000 17.000000
928.000000 303.000000 14.000000
971.000000 303.000000 11.000000
984.000000 303.000000 7.000000
1000.000000 303.000000 14.000000
1049.000000 303.000000 7.000000
1065.000000 303.000000 12.000000
182.000000 304.000000 14.000000
203.000000 304.000000 14.000000
835.000000 304.000000 11.000000
1019.000000 304.000000 14.000000
1037.000000 304.000000 11.000000
1095.000000 304.000000 14.000000
1092.000000 328.000000 14.000000
516.000000 329.000000 7.000000
699.000000 329.000000 11.000000
786.000000 329.000000 16.000000
1062.000000 329.000000 7.000000
463.000000 330.000000 14.000000
663.000000 330.000000 11.000000
686.000000 330.000000 7.000000
719.000000 330.000000 14.000000
741.000000 330.000000 14.000000
1045.000000 330.000000 13.000000
1074.000000 330.000000 19.000000
1110.000000 330.000000 27.000000
155.000000 331.000000 16.000000
254.000000 331.000000 15.000000
318.000000 331.000000 14.000000
346.000000 331.000000 11.000000
360.000000 331.000000 11.000000
443.000000 331.000000 14.000000
536.000000 331.000000 7.000000
629.000000 331.000000 11.000000
646.000000 331.000000 11.000000
766.000000 331.000000 13.000000
887.000000 331.000000 13.000000
182.000000 332.000000 14.000000
231.000000 332.000000 12.000000
300.000000 332.000000 14.000000
487.000000 332.000000 16.000000
556.000000 332.000000 6.000000
566.000000 332.000000 7.000000
616.000000 332.000000 7.000000
824.000000 332.000000 7.000000
843.000000 332.000000 14.000000
859.000000 332.000000 17.000000
909.000000 332.000000 14.000000
202.000000 333.000000 17.000000
374.000000 333.000000 11.000000
391.000000 333.000000 11.000000
402.000000 333.000000 17.000000
580.000000 333.000000 11.000000
603.000000 333.000000 11.000000
811.000000 333.000000 11.000000
930.000000 333.000000 13.000000
977.000000 333.000000 15.000000
1026.000000 333.000000 16.000000
277.000000 334.000000 14.000000
424.000000 334.000000 16.000000
951.000000 335.000000 14.000000
999.000000 337.000000 14.000000
751.000000 358.000000 12.000000
154.000000 359.000000 17.000000
306.000000 359.000000 17.000000
415.000000 359.000000 13.000000
499.000000 359.000000 16.000000
663.000000 359.000000 16.000000
732.000000 359.000000 16.000000
778.000000 359.000000 18.000000
172.000000 360.000000 14.000000
367.000000 360.000000 14.000000
439.000000 360.000000 14.000000
478.000000 360.000000 11.000000
529.000000 360.000000 15.000000
221.000000 361.000000 16.000000
239.000000 361.000000 11.000000
281.000000 361.000000 14.000000
325.000000 361.000000 17.000000
336.000000 361.000000 7.000000
350.000000 361.000000 11.000000
386.000000 361.000000 6.000000
461.000000 361.000000 14.000000
800.000000 361.000000 14.000000
823.000000 361.000000 14.000000
846.000000 361.000000 13.000000
875.000000 361.000000 19.000000
945.000000 361.000000 14.000000
194.000000 362.000000 14.000000
266.000000 362.000000 14.000000
588.000000 362.000000 14.000000
615.000000 362.000000 11.000000
682.000000 362.000000 16.000000
864.000000 362.000000 17.000000
897.000000 362.000000 16.000000
914.000000 362.000000 11.000000
1100.000000 362.000000 16.000000
564.000000 363.000000 12.000000
603.000000 363.000000 7.000000
707.000000 363.000000 14.000000
930.000000 363.000000 11.000000
965.000000 363.000000 13.000000
1045.000000 363.000000 14.000000
1078.000000 363.000000 11.000000
632.000000 364.000000 17.000000
986.000000 364.000000 16.000000
1014.000000 364.000000 20.000000
1062.000000 364.000000 11.000000
547.000000 365.000000 11.000000
469.000000 390.000000 16.000000
254.000000 391.000000 14.000000
282.000000 391.000000 16.000000
504.000000 391.000000 17.000000
656.000000 391.000000 17.000000
844.000000 391.000000 17.000000
236.000000 392.000000 11.000000
329.000000 392.000000 16.000000
367.000000 392.000000 14.000000
384.000000 392.000000 12.000000
401.000000 392.000000 17.000000
428.000000 392.000000 14.000000
524.000000 392.000000 17.000000
554.000000 392.000000 17.000000
566.000000 392.000000 7.000000
722.000000 392.000000 17.000000
767.000000 392.000000 17.000000
822.000000 392.000000 14.000000
858.000000 392.000000 11.000000
151.000000 393.000000 21.000000
164.000000 393.000000 11.000000
217.000000 393.000000 13.000000
305.000000 393.000000 14.000000
356.000000 393.000000 17.000000
446.000000 393.000000 14.000000
588.000000 393.000000 17.000000
678.000000 393.000000 14.000000
747.000000 393.000000 14.000000
805.000000 393.000000 7.000000
875.000000 393.000000 11.000000
898.000000 393.000000 16.000000
189.000000 394.000000 18.000000
604.000000 394.000000 17.000000
794.000000 394.000000 19.000000
629.000000 395.000000 14.000000
925.000000 395.000000 19.000000
700.000000 396.000000 16.000000
952.000000 397.000000 21.000000
984.000000 397.000000 16.000000
1009.000000 397.000000 14.000000
1055.000000 397.000000 11.000000
1072.000000 397.000000 11.000000
1028.000000 398.000000 11.000000
1040.000000 398.000000 7.000000
1088.000000 398.000000 9.000000
1100.000000 398.000000 20.000000
