311.000000 62.000000 14.000000
334.000000 62.000000 34.000000
289.000000 63.000000 14.000000
194.000000 65.000000 34.000000
263.000000 65.000000 34.000000
217.000000 67.000000 21.000000
1051.000000 67.000000 31.000000
1069.000000 70.000000 34.000000
511.000000 102.000000 14.000000
532.000000 103.000000 21.000000
641.000000 103.000000 9.000000
584.000000 105.000000 16.000000
606.000000 105.000000 17.000000
629.000000 105.000000 9.000000
699.000000 105.000000 17.000000
426.000000 106.000000 19.000000
451.000000 106.000000 16.000000
475.000000 106.000000 14.000000
493.000000 106.000000 11.000000
560.000000 106.000000 11.000000
396.000000 107.000000 14.000000
546.000000 107.000000 9.000000
658.000000 107.000000 12.000000
728.000000 107.000000 14.000000
777.000000 107.000000 16.000000
796.000000 107.000000 14.000000
866.000000 107.000000 14.000000
892.000000 107.000000 17.000000
972.000000 107.000000 13.000000
314.000000 108.000000 14.000000
336.000000 108.000000 14.000000
356.000000 108.000000 14.000000
375.000000 108.000000 14.000000
412.000000 108.000000 7.000000
678.000000 108.000000 14.000000
747.000000 108.000000 17.000000
812.000000 108.000000 24.000000
838.000000 108.000000 21.000000
953.000000 108.000000 11.000000
850.000000 109.000000 7.000000
938.000000 109.000000 11.000000
990.000000 109.000000 10.000000
1052.000000 109.000000 9.000000
272.000000 110.000000 11.000000
293.000000 110.000000 14.000000
914.000000 110.000000 19.000000
1003.000000 110.000000 7.000000
1019.000000 110.000000 12.000000
1037.000000 110.000000 11.000000
1067.000000 110.000000 14.000000
1086.000000 110.000000 11.000000
226.000000 111.000000 21.000000
1100.000000 111.000000 23.000000
192.000000 112.000000 20.000000
213.000000 112.000000 11.000000
161.000000 113.000000 14.000000
247.000000 113.000000 19.000000
139.000000 114.000000 15.000000
556.000000 136.000000 11.000000
537.000000 137.000000 14.000000
572.000000 137.000000 14.000000
421.000000 138.000000 16.000000
508.000000 138.000000 16.000000
655.000000 138.000000 16.000000
323.000000 139.000000 20.000000
461.000000 139.000000 13.000000
484.000000 139.000000 16.000000
592.000000 139.000000 14.000000
700.000000 139.000000 14.000000
722.000000 139.000000 16.000000
607.000000 140.000000 14.000000
625.000000 140.000000 11.000000
637.000000 140.000000 11.000000
680.000000 140.000000 14.000000
749.000000 140.000000 16.000000
799.000000 140.000000 16.000000
192.000000 141.000000 14.000000
352.000000 141.000000 14.000000
378.000000 141.000000 16.000000
399.000000 141.000000 14.000000
444.000000 141.000000 14.000000
777.000000 141.000000 16.000000
825.000000 141.000000 14.000000
851.000000 141.000000 16.000000
1066.000000 141.000000 11.000000
145.000000 142.000000 18.000000
288.000000 142.000000 10.000000
305.000000 142.000000 12.000000
879.000000 142.000000 14.000000
1042.000000 142.000000 11.000000
1082.000000 142.000000 11.000000
172.000000 143.000000 14.000000
215.000000 143.000000 15.000000
237.000000 143.000000 13.000000
254.000000 143.000000 11.000000
274.000000 143.000000 14.000000
898.000000 143.000000 14.000000
919.000000 144.000000 14.000000
953.000000 144.000000 15.000000
1004.000000 144.000000 16.000000
1027.000000 144.000000 14.000000
1102.000000 144.000000 17.000000
977.000000 146.000000 17.000000
333.000000 169.000000 14.000000
464.000000 170.000000 14.000000
512.000000 170.000000 16.000000
582.000000 170.000000 14.000000
605.000000 170.000000 15.000000
805.000000 170.000000 14.000000
294.000000 171.000000 14.000000
312.000000 171.000000 14.000000
419.000000 171.000000 14.000000
441.000000 171.000000 13.000000
485.000000 171.000000 14.000000
535.000000 171.000000 14.000000
557.000000 171.000000 16.000000
658.000000 171.000000 16.000000
747.000000 171.000000 13.000000
764.000000 171.000000 11.000000
785.000000 171.000000 16.000000
378.000000 172.000000 14.000000
633.000000 172.000000 14.000000
683.000000 172.000000 15.000000
271.000000 173.000000 14.000000
357.000000 173.000000 14.000000
398.000000 173.000000 14.000000
723.000000 173.000000 15.000000
829.000000 173.000000 15.000000
701.000000 174.000000 14.000000
221.000000 175.000000 17.000000
855.000000 175.000000 17.000000
886.000000 175.000000 17.000000
916.000000 175.000000 16.000000
174.000000 176.000000 17.000000
250.000000 176.000000 14.000000
942.000000 176.000000 14.000000
961.000000 176.000000 12.000000
978.000000 176.000000 10.000000
1098.000000 176.000000 19.000000
146.000000 177.000000 17.000000
198.000000 177.000000 14.000000
992.000000 178.000000 21.000000
1065.000000 178.000000 16.000000
1015.000000 179.000000 16.000000
1039.000000 180.000000 16.000000
449.000000 201.000000 14.000000
491.000000 201.000000 14.000000
735.000000 201.000000 17.000000
796.000000 201.000000 19.000000
427.000000 202.000000 14.000000
470.000000 202.000000 13.000000
508.000000 202.000000 11.000000
552.000000 202.000000 12.000000
596.000000 202.000000 13.000000
626.000000 202.000000 20.000000
683.000000 202.000000 12.000000
710.000000 202.000000 17.000000
760.000000 202.000000 11.000000
774.000000 202.000000 14.000000
286.000000 203.000000 10.000000
379.000000 203.000000 13.000000
404.000000 203.000000 16.000000
577.000000 203.000000 15.000000
648.000000 203.000000 14.000000
666.000000 203.000000 11.000000
1144.000000 203.000000 22.000000
300.000000 204.000000 11.000000
317.000000 204.000000 11.000000
334.000000 204.000000 11.000000
353.000000 204.000000 17.000000
525.000000 204.000000 17.000000
809.000000 205.000000 7.000000
148.000000 206.000000 17.000000
206.000000 206.000000 17.000000
825.000000 206.000000 12.000000
845.000000 206.000000 13.000000
867.000000 206.000000 16.000000
1095.000000 206.000000 19.000000
175.000000 207.000000 17.000000
257.000000 207.000000 17.000000
271.000000 207.000000 10.000000
922.000000 207.000000 17.000000
1066.000000 208.000000 14.000000
231.000000 209.000000 16.000000
896.000000 209.000000 16.000000
953.000000 209.000000 17.000000
981.000000 209.000000 18.000000
1008.000000 211.000000 13.000000
1023.000000 211.000000 11.000000
1039.000000 211.000000 14.000000
676.000000 231.000000 18.000000
703.000000 232.000000 17.000000
415.000000 233.000000 14.000000
444.000000 233.000000 17.000000
478.000000 233.000000 19.000000
561.000000 233.000000 16.000000
586.000000 233.000000 14.000000
731.000000 233.000000 14.000000
347.000000 234.000000 17.000000
369.000000 234.000000 14.000000
515.000000 234.000000 17.000000
607.000000 234.000000 17.000000
657.000000 234.000000 14.000000
754.000000 234.000000 15.000000
393.000000 235.000000 16.000000
538.000000 235.000000 14.000000
788.000000 235.000000 14.000000
313.000000 236.000000 17.000000
634.000000 236.000000 14.000000
772.000000 236.000000 7.000000
276.000000 237.000000 14.000000
295.000000 237.000000 14.000000
812.000000 237.000000 15.000000
838.000000 237.000000 17.000000
144.000000 238.000000 18.000000
250.000000 239.000000 17.000000
869.000000 239.000000 17.000000
900.000000 239.000000 15.000000
948.000000 239.000000 16.000000
1097.000000 239.000000 21.000000
988.000000 240.000000 11.000000
1074.000000 240.000000 16.000000
175.000000 241.000000 17.000000
196.000000 242.000000 14.000000
223.000000 242.000000 18.000000
971.000000 242.000000 14.000000
1008.000000 242.000000 16.000000
1031.000000 242.000000 17.000000
924.000000 243.000000 17.000000
1051.000000 244.000000 17.000000
518.000000 264.000000 14.000000
544.000000 264.000000 19.000000
343.000000 265.000000 7.000000
458.000000 265.000000 14.000000
498.000000 265.000000 14.000000
724.000000 265.000000 11.000000
745.000000 265.000000 16.000000
428.000000 266.000000 21.000000
558.000000 266.000000 7.000000
571.000000 266.000000 19.000000
478.000000 267.000000 14.000000
710.000000 267.000000 11.000000
788.000000 267.000000 15.000000
381.000000 268.000000 17.000000
399.000000 268.000000 21.000000
594.000000 268.000000 17.000000
670.000000 268.000000 14.000000
695.000000 268.000000 20.000000
770.000000 268.000000 14.000000
290.000000 269.000000 16.000000
606.000000 269.000000 7.000000
623.000000 269.000000 14.000000
635.000000 269.000000 11.000000
650.000000 269.000000 11.000000
811.000000 269.000000 14.000000
881.000000 269.000000 16.000000
310.000000 270.000000 17.000000
356.000000 270.000000 11.000000
854.000000 270.000000 14.000000
142.000000 271.000000 20.000000
832.000000 271.000000 14.000000
266.000000 272.000000 14.000000
903.000000 272.000000 14.000000
154.000000 273.000000 24.000000
186.000000 273.000000 11.000000
202.000000 273.000000 21.000000
231.000000 273.000000 11.000000
248.000000 273.000000 11.000000
1081.000000 273.000000 14.000000
172.000000 274.000000 12.000000
974.000000 274.000000 14.000000
926.000000 275.000000 15.000000
952.000000 275.000000 14.000000
1058.000000 275.000000 13.000000
1103.000000 275.000000 17.000000
999.000000 277.000000 14.000000
1038.000000 277.000000 14.000000
1019.000000 279.000000 14.000000
510.000000 296.000000 16.000000
786.000000 296.000000 17.000000
535.000000 297.000000 14.000000
552.000000 297.000000 7.000000
730.000000 297.000000 14.000000
749.000000 297.000000 11.000000
486.000000 298.000000 14.000000
607.000000 298.000000 16.000000
708.000000 298.000000 14.000000
767.000000 298.000000 11.000000
462.000000 299.000000 16.000000
587.000000 299.000000 17.000000
437.000000 300.000000 12.000000
563.000000 300.000000 18.000000
576.000000 300.000000 7.000000
668.000000 300.000000 17.000000
691.000000 300.000000 16.000000
817.000000 300.000000 16.000000
858.000000 301.000000 11.000000
875.000000 301.000000 11.000000
401.000000 302.000000 13.000000
420.000000 302.000000 12.000000
631.000000 302.000000 17.000000
644.000000 302.000000 21.000000
840.000000 302.000000 14.000000
892.000000 302.000000 11.000000
904.000000 302.000000 17.000000
925.000000 302.000000 14.000000
151.000000 303.000000 17.000000
306.000000 303.000000 14.000000
328.000000 303.000000 13.000000
347.000000 303.000000 13.000000
366.000000 303.000000 11.000000
1108.000000 304.000000 16.000000
383.000000 305.000000 11.000000
952.000000 305.000000 12.000000
287.000000 306.000000 11.000000
969.000000 306.000000 11.000000
1064.000000 306.000000 13.000000
1084.000000 306.000000 14.000000
176.000000 307.000000 16.000000
226.000000 307.000000 11.000000
993.000000 307.000000 16.000000
1019.000000 307.000000 16.000000
1036.000000 307.000000 11.000000
202.000000 308.000000 17.000000
272.000000 309.000000 11.000000
254.000000 310.000000 14.000000
477.000000 327.000000 19.000000
527.000000 327.000000 15.000000
445.000000 328.000000 14.000000
502.000000 328.000000 14.000000
546.000000 328.000000 14.000000
424.000000 329.000000 11.000000
723.000000 329.000000 14.000000
669.000000 330.000000 18.000000
702.000000 330.000000 16.000000
737.000000 330.000000 11.000000
755.000000 330.000000 14.000000
385.000000 331.000000 11.000000
404.000000 331.000000 11.000000
571.000000 331.000000 17.000000
642.000000 331.000000 17.000000
851.000000 331.000000 11.000000
604.000000 332.000000 14.000000
624.000000 332.000000 12.000000
826.000000 332.000000 17.000000
867.000000 332.000000 14.000000
332.000000 333.000000 14.000000
372.000000 333.000000 10.000000
801.000000 333.000000 17.000000
884.000000 333.000000 11.000000
902.000000 333.000000 14.000000
957.000000 333.000000 14.000000
303.000000 334.000000 17.000000
356.000000 334.000000 12.000000
780.000000 334.000000 14.000000
923.000000 334.000000 14.000000
937.000000 334.000000 14.000000
971.000000 334.000000 11.000000
1036.000000 334.000000 14.000000
1014.000000 335.000000 13.000000
1080.000000 335.000000 15.000000
1058.000000 336.000000 14.000000
261.000000 337.000000 14.000000
283.000000 337.000000 14.000000
993.000000 337.000000 15.000000
1103.000000 338.000000 13.000000
1118.000000 338.000000 24.000000
168.000000 339.000000 14.000000
240.000000 340.000000 13.000000
146.000000 341.000000 17.000000
196.000000 341.000000 17.000000
221.000000 343.000000 14.000000
436.000000 357.000000 16.000000
537.000000 357.000000 13.000000
451.000000 358.000000 7.000000
463.000000 358.000000 19.000000
553.000000 359.000000 7.000000
568.000000 359.000000 12.000000
680.000000 359.000000 11.000000
738.000000 359.000000 16.000000
416.000000 360.000000 7.000000
584.000000 360.000000 7.000000
764.000000 360.000000 16.000000
478.000000 361.000000 18.000000
489.000000 361.000000 7.000000
503.000000 361.000000 11.000000
598.000000 361.000000 14.000000
621.000000 361.000000 14.000000
664.000000 361.000000 11.000000
706.000000 361.000000 19.000000
792.000000 361.000000 14.000000
519.000000 362.000000 11.000000
646.000000 362.000000 13.000000
808.000000 362.000000 14.000000
870.000000 362.000000 14.000000
886.000000 362.000000 17.000000
380.000000 363.000000 14.000000
848.000000 363.000000 14.000000
985.000000 363.000000 16.000000
357.000000 364.000000 14.000000
827.000000 364.000000 14.000000
331.000000 365.000000 16.000000
915.000000 365.000000 17.000000
961.000000 365.000000 13.000000
1012.000000 365.000000 16.000000
312.000000 366.000000 12.000000
941.000000 366.000000 14.000000
1075.000000 366.000000 16.000000
1096.000000 366.000000 17.000000
262.000000 367.000000 15.000000
285.000000 367.000000 17.000000
1031.000000 367.000000 11.000000
1044.000000 368.000000 19.000000
1108.000000 368.000000 17.000000
227.000000 371.000000 11.000000
1056.000000 371.000000 17.000000
166.000000 372.000000 14.000000
215.000000 372.000000 9.000000
242.000000 372.000000 14.000000
143.000000 373.000000 17.000000
200.000000 373.000000 21.000000
465.000000 389.000000 14.000000
488.000000 389.000000 14.000000
507.000000 389.000000 13.000000
445.000000 391.000000 14.000000
530.000000 391.000000 14.000000
607.000000 391.000000 21.000000
646.000000 391.000000 14.000000
751.000000 391.000000 10.000000
840.000000 391.000000 7.000000
413.000000 392.000000 14.000000
429.000000 392.000000 11.000000
554.000000 392.000000 16.000000
577.000000 392.000000 14.000000
766.000000 392.000000 11.000000
785.000000 392.000000 14.000000
826.000000 392.000000 11.000000
626.000000 393.000000 14.000000
662.000000 393.000000 11.000000
675.000000 393.000000 20.000000
696.000000 393.000000 20.000000
709.000000 393.000000 9.000000
737.000000 393.000000 9.000000
390.000000 394.000000 14.000000
725.000000 394.000000 11.000000
807.000000 394.000000 14.000000
864.000000 394.000000 14.000000
312.000000 395.000000 14.000000
368.000000 395.000000 21.000000
898.000000 395.000000 7.000000
962.000000 395.000000 9.000000
973.000000 395.000000 21.000000
1076.000000 395.000000 14.000000
1092.000000 395.000000 11.000000
336.000000 396.000000 14.000000
884.000000 396.000000 11.000000
911.000000 396.000000 11.000000
990.000000 396.000000 21.000000
294.000000 397.000000 11.000000
931.000000 397.000000 13.000000
947.000000 397.000000 11.000000
281.000000 398.000000 9.000000
1043.000000 398.000000 12.000000
1059.000000 398.000000 11.000000
1014.000000 399.000000 7.000000
1026.000000 399.000000 11.000000
1112.000000 399.000000 27.000000
261.000000 401.000000 16.000000
221.000000 403.000000 11.000000
237.000000 403.000000 17.000000
150.000000 406.000000 17.000000
174.000000 406.000000 16.000000
200.000000 406.000000 17.000000
