0.214400 0.050400 0.013600
0.234400 0.051200 0.029600
0.244800 0.051200 0.023200
0.194400 0.052800 0.024800
0.140800 0.054400 0.027200
0.162400 0.054400 0.013600
0.872800 0.055200 0.029600
0.853600 0.059200 0.027200
0.332800 0.073600 0.007200
0.438400 0.083200 0.012000
0.468800 0.084000 0.011200
0.486400 0.084000 0.011200
0.452800 0.084800 0.008800
0.519200 0.084800 0.005600
0.529600 0.084800 0.008800
0.543200 0.084800 0.008800
0.556800 0.084800 0.008800
0.376000 0.085600 0.013600
0.422400 0.085600 0.005600
0.508800 0.085600 0.014400
0.574400 0.085600 0.013600
0.634400 0.085600 0.011200
0.672800 0.085600 0.012800
0.320800 0.086400 0.012800
0.329600 0.086400 0.005600
0.390400 0.086400 0.008800
0.402400 0.086400 0.005600
0.412000 0.086400 0.007200
0.591200 0.086400 0.011200
0.604800 0.086400 0.008800
0.655200 0.086400 0.013600
0.689600 0.086400 0.010400
0.304800 0.087200 0.008800
0.340000 0.087200 0.008800
0.356000 0.087200 0.011200
0.618400 0.087200 0.011200
0.704000 0.087200 0.012800
0.196000 0.088000 0.011200
0.272800 0.088000 0.015200
0.292800 0.088000 0.008800
0.111200 0.088800 0.013600
0.127200 0.088800 0.012800
0.152000 0.088800 0.013600
0.730400 0.088800 0.015200
0.099200 0.089600 0.013600
0.141600 0.089600 0.016800
0.167200 0.089600 0.005600
0.180000 0.089600 0.009600
0.216000 0.089600 0.012000
0.234400 0.089600 0.012800
0.748000 0.089600 0.012800
0.768800 0.090400 0.011200
0.256000 0.091200 0.012000
0.790400 0.091200 0.012800
0.824800 0.091200 0.013600
0.862400 0.091200 0.008800
0.879200 0.091200 0.005600
0.888800 0.091200 0.013600
0.909600 0.091200 0.016800
0.808800 0.092800 0.011200
0.847200 0.092800 0.011200
0.492000 0.106400 0.011200
0.528800 0.106400 0.009600
0.436000 0.107200 0.011200
0.476000 0.107200 0.010400
0.514400 0.107200 0.011200
0.544000 0.108000 0.008800
0.329600 0.108800 0.012800
0.351200 0.108800 0.011200
0.452000 0.108800 0.008800
0.595200 0.108800 0.011200
0.315200 0.109600 0.011200
0.369600 0.109600 0.011200
0.385600 0.109600 0.008800
0.404800 0.109600 0.012800
0.418400 0.109600 0.009600
0.560800 0.109600 0.005600
0.572000 0.109600 0.013600
0.676000 0.109600 0.011200
0.614400 0.110400 0.011200
0.630400 0.110400 0.009600
0.658400 0.110400 0.011200
0.695200 0.110400 0.011200
0.281600 0.111200 0.011200
0.297600 0.111200 0.008800
0.641600 0.111200 0.011200
0.743200 0.111200 0.013600
0.216800 0.112000 0.012800
0.728800 0.112000 0.012000
0.103200 0.112800 0.012000
0.119200 0.112800 0.008800
0.131200 0.112800 0.011200
0.146400 0.112800 0.008800
0.162400 0.112800 0.011200
0.196800 0.112800 0.008800
0.265600 0.112800 0.012800
0.711200 0.112800 0.008800
0.769600 0.112800 0.012800
0.182400 0.113600 0.013600
0.232800 0.113600 0.010400
0.256000 0.113600 0.005600
0.787200 0.113600 0.011200
0.247200 0.114400 0.008800
0.803200 0.114400 0.010400
0.822400 0.114400 0.011200
0.840800 0.114400 0.011200
0.860000 0.115200 0.011200
0.876800 0.116000 0.012800
0.516800 0.127200 0.009600
0.503200 0.128800 0.008800
0.472000 0.129600 0.011200
0.487200 0.129600 0.010400
0.563200 0.129600 0.008800
0.401600 0.130400 0.008800
0.412000 0.130400 0.011200
0.428000 0.130400 0.009600
0.453600 0.130400 0.009600
0.536000 0.130400 0.011200
0.549600 0.130400 0.008800
0.377600 0.131200 0.008000
0.441600 0.131200 0.008800
0.572800 0.131200 0.013600
0.593600 0.131200 0.010400
0.685600 0.131200 0.011200
0.364800 0.132000 0.011200
0.388000 0.132000 0.008800
0.609600 0.132000 0.010400
0.628000 0.132000 0.012800
0.649600 0.132000 0.010400
0.701600 0.132000 0.008800
0.717600 0.132000 0.005600
0.323200 0.132800 0.005600
0.667200 0.132800 0.011200
0.727200 0.132800 0.008800
0.289600 0.133600 0.014400
0.332800 0.133600 0.013600
0.348000 0.133600 0.008800
0.740800 0.133600 0.008800
0.191200 0.134400 0.012000
0.231200 0.134400 0.013600
0.250400 0.134400 0.008800
0.311200 0.134400 0.009600
0.756000 0.134400 0.011200
0.136800 0.135200 0.008800
0.211200 0.135200 0.013600
0.274400 0.135200 0.011200
0.801600 0.135200 0.010400
0.819200 0.135200 0.011200
0.124000 0.136000 0.013600
0.772800 0.136000 0.008800
0.891200 0.136000 0.015200
0.172000 0.136800 0.011200
0.830400 0.136800 0.011200
0.848000 0.136800 0.012800
0.103200 0.137600 0.012800
0.152000 0.137600 0.012800
0.787200 0.137600 0.008800
0.865600 0.137600 0.011200
0.495200 0.151200 0.016000
0.544000 0.151200 0.011200
0.484000 0.152000 0.008800
0.512800 0.152000 0.012800
0.527200 0.152000 0.010400
0.557600 0.152800 0.008800
0.570400 0.152800 0.008800
0.586400 0.152800 0.011200
0.444000 0.153600 0.008800
0.471200 0.153600 0.011200
0.423200 0.154400 0.015200
0.455200 0.154400 0.011200
0.603200 0.154400 0.011200
0.614400 0.154400 0.008800
0.625600 0.154400 0.008800
0.636800 0.154400 0.008800
0.648000 0.154400 0.014400
0.359200 0.155200 0.011200
0.376000 0.155200 0.016800
0.404800 0.155200 0.011200
0.387200 0.156000 0.008800
0.695200 0.156000 0.011200
0.713600 0.156000 0.012800
0.733600 0.156000 0.013600
0.324800 0.156800 0.008800
0.334400 0.156800 0.005600
0.345600 0.156800 0.008800
0.668800 0.156800 0.011200
0.681600 0.156800 0.008800
0.191200 0.158400 0.011200
0.206400 0.158400 0.008800
0.245600 0.158400 0.010400
0.259200 0.158400 0.008800
0.216000 0.159200 0.011200
0.269600 0.159200 0.008800
0.312000 0.159200 0.011200
0.232800 0.160000 0.009600
0.284000 0.160000 0.009600
0.777600 0.160000 0.011200
0.825600 0.160000 0.012800
0.898400 0.160000 0.012800
0.129600 0.160800 0.013600
0.169600 0.160800 0.012000
0.757600 0.160800 0.011200
0.794400 0.160800 0.008800
0.804800 0.160800 0.011200
0.841600 0.160800 0.011200
0.880000 0.160800 0.008800
0.113600 0.161600 0.007200
0.152000 0.161600 0.008800
0.864800 0.161600 0.010400
0.103200 0.163200 0.016000
0.544800 0.176800 0.008800
0.353600 0.177600 0.011200
0.446400 0.177600 0.010400
0.555200 0.177600 0.016800
0.609600 0.177600 0.012800
0.405600 0.178400 0.010400
0.476000 0.178400 0.005600
0.486400 0.178400 0.015200
0.500800 0.178400 0.008800
0.516800 0.178400 0.011200
0.531200 0.178400 0.008800
0.575200 0.178400 0.013600
0.592800 0.178400 0.010400
0.631200 0.178400 0.016000
0.384800 0.179200 0.012800
0.423200 0.179200 0.013600
0.465600 0.179200 0.014400
0.641600 0.179200 0.016800
0.369600 0.180000 0.011200
0.655200 0.180000 0.016800
0.309600 0.180800 0.011200
0.704800 0.180800 0.012800
0.724000 0.180800 0.011200
0.744800 0.180800 0.012800
0.332000 0.181600 0.013600
0.760000 0.181600 0.013600
0.208000 0.182400 0.011200
0.782400 0.182400 0.011200
0.800000 0.182400 0.012800
0.251200 0.183200 0.010400
0.288000 0.183200 0.013600
0.682400 0.183200 0.012800
0.896000 0.183200 0.011200
0.107200 0.184000 0.012800
0.142400 0.184000 0.013600
0.152000 0.184000 0.016000
0.188000 0.184000 0.012800
0.227200 0.184000 0.015200
0.269600 0.184000 0.011200
0.822400 0.184000 0.012000
0.841600 0.184000 0.009600
0.876000 0.184000 0.013600
0.125600 0.184800 0.011200
0.168800 0.185600 0.012800
0.856000 0.185600 0.013600
0.584000 0.200800 0.011200
0.507200 0.201600 0.011200
0.564000 0.201600 0.011200
0.491200 0.202400 0.009600
0.524800 0.202400 0.012800
0.547200 0.202400 0.011200
0.600000 0.202400 0.011200
0.611200 0.202400 0.008800
0.328000 0.203200 0.008800
0.434400 0.203200 0.008800
0.450400 0.203200 0.013600
0.460800 0.203200 0.008800
0.628000 0.203200 0.012000
0.647200 0.203200 0.013600
0.292000 0.204000 0.008800
0.313600 0.204000 0.008800
0.340800 0.204000 0.008800
0.357600 0.204000 0.012800
0.378400 0.204000 0.011200
0.392000 0.204000 0.008800
0.405600 0.204000 0.011200
0.421600 0.204000 0.011200
0.472000 0.204000 0.008800
0.805600 0.204000 0.012800
0.277600 0.204800 0.009600
0.706400 0.204800 0.012800
0.725600 0.204800 0.012800
0.664800 0.205600 0.010400
0.780800 0.205600 0.012800
0.255200 0.206400 0.013600
0.684000 0.206400 0.012000
0.762400 0.206400 0.012800
0.822400 0.206400 0.012800
0.744800 0.207200 0.011200
0.842400 0.207200 0.008800
0.886400 0.207200 0.016800
0.855200 0.208000 0.008800
0.898400 0.208000 0.008800
0.909600 0.208000 0.017600
0.105600 0.208800 0.013600
0.196000 0.208800 0.011200
0.208000 0.208800 0.008800
0.222400 0.208800 0.009600
0.159200 0.210400 0.012800
0.239200 0.210400 0.011200
0.179200 0.211200 0.011200
0.121600 0.212000 0.010400
0.140000 0.213600 0.013600
0.483200 0.226400 0.012800
0.532000 0.226400 0.010400
0.363200 0.227200 0.013600
0.446400 0.227200 0.013600
0.465600 0.227200 0.011200
0.499200 0.227200 0.011200
0.515200 0.227200 0.011200
0.547200 0.227200 0.008800
0.588000 0.227200 0.011200
0.428800 0.228000 0.009600
0.572800 0.228000 0.010400
0.640000 0.228000 0.008800
0.670400 0.228000 0.013600
0.696800 0.228000 0.013600
0.712000 0.228000 0.011200
0.736800 0.228000 0.012000
0.346400 0.228800 0.011200
0.390400 0.228800 0.013600
0.410400 0.228800 0.011200
0.559200 0.228800 0.008800
0.604800 0.228800 0.011200
0.625600 0.228800 0.011200
0.652800 0.228800 0.013600
0.294400 0.229600 0.012000
0.310400 0.229600 0.011200
0.756000 0.229600 0.012000
0.775200 0.229600 0.013600
0.796800 0.229600 0.011200
0.833600 0.229600 0.013600
0.274400 0.230400 0.011200
0.327200 0.230400 0.012800
0.814400 0.230400 0.008800
0.855200 0.232000 0.011200
0.873600 0.232000 0.011200
0.248000 0.232800 0.013600
0.888800 0.232800 0.008800
0.210400 0.233600 0.012000
0.228800 0.234400 0.011200
0.188000 0.236000 0.012800
0.168000 0.236800 0.012800
0.106400 0.237600 0.011200
0.124000 0.237600 0.012000
0.144800 0.239200 0.011200
0.427200 0.250400 0.012800
0.493600 0.250400 0.013600
0.511200 0.250400 0.012800
0.532800 0.250400 0.012000
0.553600 0.250400 0.013600
0.449600 0.251200 0.011200
0.468000 0.251200 0.011200
0.702400 0.251200 0.008800
0.728000 0.251200 0.014400
0.352000 0.252000 0.011200
0.382400 0.252000 0.008800
0.395200 0.252000 0.008000
0.410400 0.252000 0.011200
0.575200 0.252000 0.011200
0.672800 0.252000 0.012800
0.712800 0.252000 0.011200
0.333600 0.252800 0.009600
0.366400 0.252800 0.011200
0.590400 0.252800 0.011200
0.611200 0.252800 0.011200
0.624800 0.252800 0.008800
0.656800 0.252800 0.011200
0.690400 0.252800 0.012800
0.738400 0.252800 0.005600
0.748800 0.253600 0.008800
0.767200 0.253600 0.011200
0.784800 0.253600 0.010400
0.640800 0.254400 0.009600
0.799200 0.254400 0.011200
0.816800 0.254400 0.013600
0.828800 0.254400 0.008800
0.848000 0.254400 0.005600
0.242400 0.255200 0.011200
0.297600 0.255200 0.011200
0.317600 0.255200 0.011200
0.864800 0.255200 0.013600
0.894400 0.255200 0.013600
0.261600 0.256000 0.011200
0.279200 0.256000 0.011200
0.881600 0.256000 0.011200
0.201600 0.256800 0.012000
0.222400 0.257600 0.012800
0.105600 0.259200 0.015200
0.114400 0.259200 0.015200
0.124800 0.259200 0.005600
0.133600 0.260000 0.013600
0.182400 0.260000 0.011200
0.149600 0.260800 0.010400
0.165600 0.261600 0.010400
0.062400 0.262400 0.024800
0.496000 0.273600 0.011200
0.509600 0.273600 0.005600
0.602400 0.273600 0.011200
0.632800 0.273600 0.011200
0.478400 0.274400 0.011200
0.524000 0.274400 0.011200
0.540000 0.274400 0.011200
0.576800 0.274400 0.013600
0.617600 0.274400 0.008800
0.684000 0.274400 0.011200
0.427200 0.275200 0.010400
0.444800 0.275200 0.011200
0.559200 0.275200 0.011200
0.668800 0.275200 0.011200
0.703200 0.275200 0.011200
0.841600 0.275200 0.012000
0.457600 0.276000 0.013600
0.652000 0.276000 0.011200
0.796800 0.276000 0.011200
0.812800 0.276000 0.008800
0.344800 0.276800 0.005600
0.370400 0.276800 0.008800
0.406400 0.276800 0.013600
0.728800 0.276800 0.013600
0.754400 0.276800 0.012000
0.772000 0.276800 0.012800
0.824000 0.276800 0.008800
0.333600 0.277600 0.008800
0.385600 0.277600 0.013600
0.859200 0.277600 0.009600
0.300800 0.278400 0.011200
0.873600 0.278400 0.012000
0.892000 0.278400 0.012800
0.283200 0.279200 0.008800
0.312800 0.279200 0.008800
0.324000 0.279200 0.005600
0.242400 0.280800 0.008800
0.262400 0.280800 0.008800
0.226400 0.281600 0.011200
0.108800 0.282400 0.012000
0.125600 0.283200 0.011200
0.152000 0.283200 0.008800
0.201600 0.283200 0.008800
0.165600 0.284000 0.009600
0.182400 0.284000 0.008800
0.214400 0.284000 0.008000
0.592800 0.296000 0.008800
0.548800 0.296800 0.011200
0.580000 0.296800 0.008800
0.604800 0.296800 0.008800
0.634400 0.296800 0.011200
0.652800 0.296800 0.010400
0.704800 0.296800 0.010400
0.420000 0.297600 0.011200
0.436000 0.297600 0.010400
0.451200 0.297600 0.012800
0.532000 0.297600 0.011200
0.564800 0.297600 0.010400
0.619200 0.297600 0.008800
0.672000 0.297600 0.010400
0.688000 0.297600 0.009600
0.509600 0.298400 0.012800
0.752800 0.298400 0.010400
0.825600 0.298400 0.005600
0.470400 0.299200 0.009600
0.486400 0.299200 0.012800
0.721600 0.299200 0.008800
0.736000 0.299200 0.008800
0.769600 0.299200 0.009600
0.781600 0.299200 0.005600
0.816000 0.299200 0.007200
0.400800 0.300000 0.011200
0.791200 0.300000 0.008800
0.804000 0.300000 0.008800
0.299200 0.300800 0.005600
0.336800 0.300800 0.008800
0.352000 0.300800 0.010400
0.366400 0.300800 0.008800
0.838400 0.300800 0.011200
0.290400 0.301600 0.013600
0.308800 0.301600 0.007200
0.323200 0.301600 0.010400
0.382400 0.301600 0.011200
0.860800 0.301600 0.008800
0.253600 0.302400 0.010400
0.238400 0.303200 0.010400
0.266400 0.303200 0.008800
0.277600 0.303200 0.008800
0.878400 0.303200 0.012800
0.153600 0.304000 0.009600
0.121600 0.304800 0.013600
0.136800 0.304800 0.011200
0.198400 0.304800 0.007200
0.222400 0.304800 0.010400
0.896800 0.304800 0.013600
0.167200 0.305600 0.008800
0.180000 0.305600 0.013600
0.208000 0.305600 0.008800
0.103200 0.306400 0.013600
0.680800 0.318400 0.005600
0.466400 0.320000 0.012000
0.568800 0.320000 0.013600
0.635200 0.320000 0.011200
0.649600 0.320000 0.010400
0.667200 0.320000 0.011200
0.772800 0.320000 0.012000
0.524800 0.320800 0.011200
0.616800 0.320800 0.016000
0.695200 0.320800 0.011200
0.792000 0.320800 0.011200
0.437600 0.321600 0.011200
0.450400 0.321600 0.008800
0.489600 0.321600 0.011200
0.504800 0.321600 0.011200
0.544000 0.321600 0.011200
0.586400 0.321600 0.016000
0.754400 0.321600 0.011200
0.808800 0.321600 0.010400
0.820000 0.322400 0.005600
0.420800 0.323200 0.013600
0.714400 0.323200 0.013600
0.734400 0.323200 0.012800
0.832000 0.323200 0.009600
0.313600 0.324800 0.016000
0.327200 0.324800 0.011200
0.344000 0.324800 0.011200
0.363200 0.324800 0.011200
0.380800 0.324800 0.011200
0.399200 0.324800 0.011200
0.861600 0.324800 0.008800
0.847200 0.325600 0.011200
0.872800 0.325600 0.008800
0.272800 0.326400 0.008800
0.291200 0.326400 0.012800
0.889600 0.326400 0.013600
0.236000 0.327200 0.011200
0.254400 0.328000 0.012800
0.125600 0.328800 0.008800
0.140800 0.328800 0.009600
0.196800 0.328800 0.013600
0.216800 0.328800 0.011200
0.109600 0.329600 0.016800
0.157600 0.329600 0.011200
0.176000 0.329600 0.011200
0.943200 0.336800 0.009600
0.927200 0.341600 0.027200
