0.272800 0.059200 0.026400
0.256000 0.060800 0.011200
0.220800 0.061600 0.026400
0.239200 0.061600 0.011200
0.168000 0.062400 0.028800
0.187200 0.064000 0.013600
0.867200 0.064800 0.026400
0.849600 0.065600 0.027200
0.529600 0.093600 0.012000
0.460800 0.096000 0.008800
0.476800 0.096000 0.013600
0.547200 0.096000 0.016800
0.687200 0.096000 0.013600
0.763200 0.096000 0.010400
0.781600 0.096000 0.012800
0.313600 0.096800 0.013600
0.358400 0.096800 0.011200
0.424000 0.096800 0.010400
0.439200 0.096800 0.008800
0.449600 0.096800 0.005600
0.653600 0.096800 0.011200
0.668000 0.096800 0.008800
0.702400 0.096800 0.008800
0.748800 0.096800 0.008800
0.800800 0.096800 0.011200
0.374400 0.097600 0.011200
0.500000 0.097600 0.011200
0.512800 0.097600 0.008800
0.572000 0.097600 0.011200
0.637600 0.097600 0.011200
0.728000 0.097600 0.016000
0.815200 0.097600 0.011200
0.893600 0.097600 0.019200
0.408800 0.098400 0.011200
0.623200 0.098400 0.011200
0.713600 0.098400 0.008800
0.850400 0.098400 0.010400
0.865600 0.098400 0.010400
0.118400 0.099200 0.016800
0.136800 0.099200 0.011200
0.277600 0.099200 0.009600
0.293600 0.099200 0.011200
0.334400 0.099200 0.015200
0.392000 0.099200 0.011200
0.833600 0.099200 0.011200
0.881600 0.099200 0.009600
0.261600 0.100000 0.011200
0.608000 0.100000 0.011200
0.588800 0.100800 0.012800
0.200000 0.101600 0.008800
0.243200 0.101600 0.011200
0.212000 0.102400 0.011200
0.162400 0.103200 0.016800
0.183200 0.103200 0.012800
0.228000 0.104800 0.011200
0.655200 0.118400 0.007200
0.664800 0.118400 0.008800
0.683200 0.119200 0.012000
0.794400 0.119200 0.011200
0.644000 0.120000 0.008800
0.703200 0.120000 0.011200
0.780800 0.120000 0.011200
0.830400 0.120000 0.007200
0.517600 0.120800 0.011200
0.533600 0.120800 0.011200
0.553600 0.120800 0.011200
0.568000 0.120800 0.008800
0.616800 0.120800 0.008800
0.630400 0.120800 0.008800
0.736800 0.120800 0.011200
0.751200 0.120800 0.008800
0.476000 0.121600 0.012000
0.496800 0.121600 0.012800
0.582400 0.121600 0.010400
0.764000 0.121600 0.008800
0.820800 0.121600 0.005600
0.432800 0.122400 0.008800
0.445600 0.122400 0.008800
0.459200 0.122400 0.008800
0.811200 0.122400 0.013600
0.842400 0.122400 0.011200
0.409600 0.123200 0.009600
0.601600 0.123200 0.010400
0.719200 0.123200 0.011200
0.885600 0.123200 0.016800
0.305600 0.124000 0.011200
0.422400 0.124000 0.008800
0.858400 0.124000 0.011200
0.281600 0.124800 0.013600
0.320800 0.124800 0.013600
0.329600 0.124800 0.005600
0.345600 0.124800 0.011200
0.361600 0.124800 0.012800
0.396000 0.124800 0.008800
0.872000 0.124800 0.008800
0.294400 0.125600 0.007200
0.262400 0.126400 0.008800
0.381600 0.126400 0.009600
0.119200 0.127200 0.013600
0.244800 0.127200 0.011200
0.138400 0.128000 0.013600
0.160800 0.128000 0.011200
0.195200 0.128000 0.011200
0.210400 0.128000 0.012000
0.228800 0.128000 0.008800
0.176000 0.131200 0.011200
0.615200 0.143200 0.011200
0.656000 0.143200 0.012000
0.521600 0.144000 0.008800
0.532000 0.144000 0.005600
0.550400 0.144000 0.008800
0.564000 0.144000 0.012000
0.636000 0.144000 0.013600
0.700000 0.144000 0.011200
0.788800 0.144000 0.013600
0.499200 0.144800 0.013600
0.579200 0.144800 0.004800
0.672000 0.144800 0.005600
0.684000 0.144800 0.010400
0.765600 0.144800 0.013600
0.820000 0.144800 0.009600
0.320000 0.145600 0.012800
0.466400 0.145600 0.011200
0.508000 0.145600 0.008800
0.588000 0.145600 0.008800
0.600800 0.145600 0.008000
0.720000 0.145600 0.013600
0.803200 0.145600 0.011200
0.845600 0.145600 0.010400
0.423200 0.146400 0.012800
0.452000 0.146400 0.016000
0.741600 0.146400 0.011200
0.831200 0.146400 0.008800
0.862400 0.146400 0.011200
0.872800 0.146400 0.008800
0.884800 0.146400 0.016000
0.288000 0.147200 0.008800
0.304000 0.147200 0.010400
0.340000 0.147200 0.008800
0.352000 0.147200 0.008800
0.367200 0.147200 0.009600
0.396800 0.147200 0.008000
0.408800 0.147200 0.010400
0.483200 0.147200 0.013600
0.384000 0.148000 0.009600
0.275200 0.148800 0.008800
0.263200 0.149600 0.016000
0.243200 0.150400 0.008000
0.222400 0.152000 0.008800
0.200000 0.153600 0.016000
0.210400 0.153600 0.008800
0.150400 0.154400 0.016800
0.185600 0.154400 0.010400
0.123200 0.155200 0.018400
0.169600 0.155200 0.012800
0.137600 0.156000 0.008800
0.572000 0.166400 0.015200
0.580800 0.167200 0.015200
0.431200 0.168800 0.011200
0.536000 0.168800 0.011200
0.598400 0.168800 0.013600
0.788000 0.168800 0.011200
0.343200 0.169600 0.009600
0.361600 0.169600 0.012800
0.380800 0.169600 0.008800
0.448000 0.169600 0.008800
0.492800 0.169600 0.008800
0.522400 0.169600 0.008800
0.556800 0.169600 0.011200
0.640800 0.169600 0.009600
0.652800 0.169600 0.005600
0.662400 0.169600 0.013600
0.717600 0.169600 0.011200
0.768800 0.169600 0.013600
0.846400 0.169600 0.008800
0.858400 0.169600 0.016800
0.876800 0.169600 0.008800
0.892000 0.169600 0.011200
0.329600 0.170400 0.011200
0.400000 0.170400 0.012800
0.507200 0.170400 0.009600
0.680800 0.170400 0.012800
0.700800 0.170400 0.011200
0.732800 0.170400 0.011200
0.803200 0.170400 0.008800
0.817600 0.170400 0.011200
0.904000 0.170400 0.005600
0.302400 0.171200 0.009600
0.316000 0.171200 0.011200
0.418400 0.171200 0.011200
0.464800 0.171200 0.011200
0.748000 0.171200 0.011200
0.913600 0.171200 0.008800
0.288000 0.172000 0.008800
0.480000 0.172000 0.008800
0.833600 0.172000 0.011200
0.625600 0.172800 0.011200
0.278400 0.173600 0.005600
0.268800 0.174400 0.008800
0.255200 0.175200 0.008800
0.241600 0.176800 0.008800
0.230400 0.177600 0.005600
0.204800 0.178400 0.010400
0.220000 0.178400 0.008800
0.190400 0.179200 0.011200
0.153600 0.180800 0.010400
0.173600 0.180800 0.012800
0.139200 0.182400 0.011200
0.119200 0.183200 0.013600
0.555200 0.191200 0.008800
0.455200 0.192000 0.005600
0.541600 0.192000 0.008800
0.571200 0.192000 0.011200
0.592000 0.192000 0.013600
0.365600 0.192800 0.012800
0.447200 0.192800 0.012000
0.612800 0.192800 0.013600
0.662400 0.192800 0.008800
0.320800 0.193600 0.016000
0.478400 0.193600 0.008800
0.509600 0.193600 0.008800
0.528000 0.193600 0.012800
0.678400 0.193600 0.011200
0.691200 0.193600 0.009600
0.704800 0.193600 0.008800
0.384800 0.194400 0.011200
0.464800 0.194400 0.008800
0.494400 0.194400 0.010400
0.716800 0.194400 0.011200
0.752800 0.194400 0.009600
0.307200 0.195200 0.008800
0.347200 0.195200 0.012800
0.400800 0.195200 0.008800
0.415200 0.195200 0.010400
0.737600 0.195200 0.011200
0.768800 0.195200 0.011200
0.820000 0.195200 0.010400
0.432800 0.196000 0.011200
0.631200 0.196000 0.012800
0.650400 0.196000 0.008800
0.293600 0.196800 0.010400
0.786400 0.196800 0.012000
0.864000 0.196800 0.011200
0.884000 0.196800 0.013600
0.278400 0.197600 0.012000
0.836800 0.197600 0.011200
0.805600 0.198400 0.011200
0.851200 0.198400 0.010400
0.240000 0.199200 0.011200
0.260000 0.200800 0.013600
0.217600 0.201600 0.013600
0.197600 0.204000 0.013600
0.164000 0.205600 0.013600
0.148000 0.207200 0.008800
0.135200 0.208800 0.008800
0.120800 0.209600 0.013600
0.550400 0.216000 0.011200
0.652800 0.216000 0.008000
0.672000 0.216000 0.008800
0.440800 0.216800 0.008800
0.455200 0.216800 0.012800
0.475200 0.216800 0.009600
0.488800 0.216800 0.008800
0.568800 0.216800 0.011200
0.599200 0.216800 0.012800
0.632800 0.216800 0.012800
0.385600 0.217600 0.011200
0.430400 0.217600 0.005600
0.520800 0.217600 0.008800
0.583200 0.217600 0.005600
0.616000 0.217600 0.011200
0.684800 0.217600 0.008800
0.697600 0.217600 0.008800
0.420800 0.218400 0.008800
0.506400 0.218400 0.011200
0.533600 0.218400 0.008800
0.724000 0.218400 0.008800
0.404800 0.219200 0.011200
0.709600 0.219200 0.011200
0.368000 0.220000 0.010400
0.736000 0.220000 0.011200
0.756000 0.220000 0.012800
0.876000 0.220000 0.011200
0.888800 0.220000 0.016800
0.337600 0.220800 0.011200
0.353600 0.220800 0.011200
0.847200 0.220800 0.009600
0.320800 0.221600 0.012000
0.771200 0.221600 0.008800
0.787200 0.221600 0.013600
0.860800 0.221600 0.008800
0.303200 0.222400 0.008800
0.811200 0.222400 0.011200
0.828800 0.222400 0.011200
0.289600 0.223200 0.012800
0.256800 0.224800 0.012000
0.238400 0.226400 0.012800
0.272000 0.227200 0.012000
0.220000 0.228800 0.008800
0.192800 0.229600 0.013600
0.206400 0.230400 0.011200
0.172800 0.231200 0.013600
0.162400 0.232000 0.011200
0.146400 0.233600 0.011200
0.124800 0.234400 0.013600
0.584000 0.238400 0.013600
0.524000 0.239200 0.012800
0.641600 0.239200 0.007200
0.668000 0.239200 0.011200
0.426400 0.240000 0.014400
0.543200 0.240000 0.011200
0.597600 0.240000 0.008800
0.611200 0.240000 0.011200
0.631200 0.240000 0.008800
0.652000 0.240000 0.008800
0.484000 0.240800 0.015200
0.686400 0.240800 0.011200
0.702400 0.240800 0.011200
0.730400 0.240800 0.012000
0.467200 0.241600 0.015200
0.505600 0.241600 0.008800
0.560000 0.241600 0.012800
0.446400 0.242400 0.008800
0.712800 0.242400 0.013600
0.372800 0.243200 0.008800
0.384800 0.243200 0.013600
0.752800 0.243200 0.012800
0.773600 0.243200 0.011200
0.796800 0.244000 0.010400
0.866400 0.244000 0.012000
0.359200 0.244800 0.011200
0.404800 0.244800 0.008800
0.883200 0.244800 0.012800
0.326400 0.245600 0.008800
0.340800 0.245600 0.011200
0.847200 0.245600 0.011200
0.292000 0.246400 0.008800
0.315200 0.246400 0.008000
0.813600 0.246400 0.011200
0.831200 0.246400 0.011200
0.280000 0.247200 0.008000
0.304000 0.247200 0.007200
0.266400 0.249600 0.010400
0.076000 0.250400 0.016000
0.056000 0.251200 0.005600
0.066400 0.251200 0.007200
0.220800 0.252000 0.009600
0.236000 0.252000 0.010400
0.046400 0.252800 0.016000
0.251200 0.252800 0.011200
0.205600 0.253600 0.008800
0.164000 0.254400 0.012000
0.182400 0.255200 0.008800
0.193600 0.255200 0.008800
0.145600 0.256800 0.012800
0.123200 0.258400 0.013600
0.582400 0.263200 0.012000
0.614400 0.263200 0.011200
0.631200 0.263200 0.013600
0.599200 0.264800 0.009600
0.656000 0.264800 0.012800
0.698400 0.264800 0.012000
0.513600 0.265600 0.005600
0.562400 0.265600 0.011200
0.676800 0.265600 0.012800
0.524000 0.266400 0.015200
0.548000 0.266400 0.013600
0.722400 0.266400 0.013600
0.741600 0.267200 0.011200
0.777600 0.267200 0.008800
0.816000 0.267200 0.013600
0.855200 0.267200 0.012000
0.876800 0.267200 0.013600
0.489600 0.268000 0.011200
0.760000 0.268000 0.011200
0.793600 0.268000 0.011200
0.836000 0.268000 0.008800
0.348000 0.268800 0.012000
0.449600 0.268800 0.012800
0.503200 0.268800 0.008800
0.468800 0.269600 0.011200
0.331200 0.270400 0.005600
0.364800 0.270400 0.012800
0.384800 0.270400 0.013600
0.427200 0.270400 0.015200
0.404000 0.271200 0.013600
0.308000 0.272000 0.008800
0.320800 0.272000 0.008800
0.292000 0.274400 0.012800
0.188000 0.276000 0.011200
0.235200 0.276000 0.012000
0.254400 0.276000 0.011200
0.207200 0.276800 0.013600
0.272000 0.277600 0.011200
0.167200 0.278400 0.012800
0.142400 0.279200 0.012800
0.083200 0.280000 0.016000
0.101600 0.280000 0.013600
0.126400 0.280800 0.011200
0.624000 0.288800 0.010400
0.684000 0.288800 0.011200
0.718400 0.288800 0.012800
0.785600 0.288800 0.003200
0.590400 0.289600 0.010400
0.607200 0.289600 0.011200
0.639200 0.289600 0.013600
0.660000 0.289600 0.014400
0.737600 0.289600 0.011200
0.800000 0.289600 0.007200
0.822400 0.289600 0.008800
0.574400 0.290400 0.008800
0.699200 0.290400 0.008800
0.765600 0.290400 0.008800
0.881600 0.290400 0.012800
0.844000 0.291200 0.013600
0.492000 0.292000 0.013600
0.552000 0.292000 0.008800
0.563200 0.292000 0.008800
0.753600 0.292000 0.008800
0.859200 0.292000 0.008800
0.514400 0.293600 0.012800
0.536800 0.293600 0.011200
0.452000 0.294400 0.010400
0.469600 0.294400 0.013600
0.321600 0.295200 0.012800
0.379200 0.295200 0.011200
0.402400 0.295200 0.012800
0.436000 0.295200 0.011200
0.285600 0.296000 0.013600
0.344000 0.296000 0.012800
0.361600 0.296000 0.011200
0.420000 0.296000 0.011200
0.300800 0.296800 0.010400
0.192000 0.300000 0.011200
0.259200 0.300000 0.012000
0.136000 0.300800 0.008800
0.174400 0.300800 0.011200
0.213600 0.300800 0.012000
0.236000 0.300800 0.013600
0.122400 0.301600 0.011200
0.154400 0.301600 0.012000
0.736000 0.312000 0.011200
0.760000 0.312800 0.013600
0.772800 0.312800 0.008800
0.829600 0.312800 0.013600
0.616800 0.313600 0.008800
0.716000 0.313600 0.013600
0.787200 0.313600 0.011200
0.820800 0.313600 0.005600
0.603200 0.314400 0.008800
0.664800 0.314400 0.011200
0.803200 0.314400 0.013600
0.560800 0.315200 0.008000
0.573600 0.315200 0.008800
0.590400 0.315200 0.011200
0.629600 0.315200 0.011200
0.647200 0.315200 0.011200
0.676800 0.315200 0.008800
0.844800 0.315200 0.012800
0.889600 0.315200 0.020800
0.336800 0.316000 0.010400
0.495200 0.316000 0.008800
0.505600 0.316000 0.004800
0.699200 0.316000 0.016000
0.862400 0.316000 0.012800
0.876800 0.316000 0.009600
0.404000 0.316800 0.013600
0.439200 0.316800 0.011200
0.515200 0.316800 0.008800
0.321600 0.317600 0.013600
0.364800 0.317600 0.011200
0.382400 0.317600 0.012800
0.424000 0.317600 0.011200
0.448800 0.317600 0.019200
0.480800 0.317600 0.008800
0.548000 0.317600 0.013600
0.355200 0.318400 0.015200
0.528800 0.318400 0.008800
0.300000 0.319200 0.011200
0.464000 0.319200 0.012800
0.247200 0.321600 0.011200
0.120800 0.322400 0.016000
0.130400 0.322400 0.008800
0.205600 0.322400 0.014400
0.143200 0.323200 0.008800
0.180800 0.323200 0.011200
0.152800 0.324000 0.005600
0.282400 0.324000 0.011200
0.266400 0.324800 0.011200
0.228800 0.325600 0.012800
0.165600 0.327200 0.011200
