0.247200 0.050400 0.011200
0.260000 0.051200 0.023200
0.853600 0.051200 0.022400
0.162400 0.052000 0.029600
0.211200 0.052000 0.024800
0.228800 0.052000 0.011200
0.183200 0.053600 0.013600
0.878400 0.055200 0.021600
0.516800 0.087200 0.014400
0.676800 0.087200 0.011200
0.694400 0.087200 0.009600
0.736800 0.087200 0.011200
0.754400 0.087200 0.012800
0.772800 0.087200 0.008800
0.191200 0.088000 0.011200
0.534400 0.088000 0.004800
0.543200 0.088000 0.012800
0.557600 0.088000 0.010400
0.584800 0.088000 0.010400
0.616800 0.088000 0.008800
0.631200 0.088000 0.016800
0.663200 0.088000 0.007200
0.708000 0.088000 0.008800
0.809600 0.088000 0.013600
0.893600 0.088000 0.008800
0.176800 0.088800 0.008000
0.499200 0.088800 0.008800
0.604000 0.088800 0.011200
0.652000 0.088800 0.008000
0.721600 0.088800 0.008800
0.905600 0.088800 0.019200
0.224000 0.089600 0.008800
0.239200 0.089600 0.011200
0.288000 0.089600 0.011200
0.305600 0.089600 0.008800
0.320000 0.089600 0.011200
0.571200 0.089600 0.008800
0.641600 0.089600 0.005600
0.788800 0.089600 0.011200
0.824000 0.089600 0.008800
0.841600 0.089600 0.005600
0.862400 0.089600 0.008800
0.880000 0.089600 0.012800
0.165600 0.090400 0.007200
0.205600 0.090400 0.013600
0.258400 0.090400 0.012800
0.275200 0.090400 0.011200
0.480000 0.090400 0.013600
0.851200 0.090400 0.008000
0.111200 0.091200 0.008800
0.155200 0.091200 0.005600
0.339200 0.091200 0.013600
0.100000 0.092000 0.018400
0.125600 0.092000 0.008800
0.138400 0.092000 0.008800
0.360000 0.092000 0.016000
0.381600 0.092000 0.011200
0.396800 0.092000 0.011200
0.465600 0.092000 0.011200
0.415200 0.092800 0.013600
0.430400 0.093600 0.011200
0.447200 0.094400 0.011200
0.737600 0.108800 0.008000
0.726400 0.109600 0.011200
0.748000 0.109600 0.008000
0.682400 0.110400 0.005600
0.693600 0.110400 0.013600
0.710400 0.110400 0.011200
0.758400 0.110400 0.003200
0.816800 0.110400 0.011200
0.598400 0.111200 0.011200
0.672000 0.111200 0.011200
0.580800 0.112000 0.013600
0.647200 0.112000 0.005600
0.656800 0.112000 0.007200
0.773600 0.112000 0.008800
0.836000 0.112000 0.010400
0.176800 0.112800 0.011200
0.212000 0.112800 0.008800
0.224000 0.112800 0.008000
0.235200 0.112800 0.005600
0.615200 0.112800 0.013600
0.637600 0.112800 0.014400
0.856000 0.112800 0.012000
0.244000 0.113600 0.008800
0.544000 0.113600 0.008800
0.560000 0.113600 0.010400
0.886400 0.113600 0.007200
0.103200 0.114400 0.013600
0.160000 0.114400 0.011200
0.194400 0.114400 0.012000
0.256000 0.114400 0.008800
0.270400 0.114400 0.008800
0.530400 0.114400 0.008800
0.804000 0.114400 0.008800
0.874400 0.114400 0.011200
0.896800 0.114400 0.015200
0.142400 0.115200 0.011200
0.789600 0.115200 0.009600
0.124800 0.116000 0.013600
0.317600 0.116000 0.008800
0.345600 0.116000 0.008800
0.517600 0.116000 0.009600
0.285600 0.116800 0.010400
0.302400 0.116800 0.010400
0.328000 0.116800 0.005600
0.360000 0.116800 0.008800
0.372000 0.116800 0.011200
0.460000 0.116800 0.012800
0.388000 0.117600 0.011200
0.416800 0.117600 0.012800
0.438400 0.117600 0.011200
0.480000 0.118400 0.013600
0.501600 0.118400 0.013600
0.728000 0.131200 0.014400
0.746400 0.132000 0.005600
0.760800 0.132800 0.010400
0.889600 0.132800 0.011200
0.697600 0.133600 0.009600
0.708800 0.133600 0.012800
0.775200 0.133600 0.010400
0.823200 0.133600 0.008800
0.872800 0.133600 0.011200
0.906400 0.133600 0.012800
0.839200 0.134400 0.010400
0.852000 0.134400 0.011200
0.252000 0.135200 0.007200
0.264000 0.135200 0.008800
0.584800 0.135200 0.011200
0.600000 0.135200 0.008800
0.664000 0.135200 0.012800
0.680800 0.135200 0.009600
0.220800 0.136000 0.011200
0.239200 0.136000 0.008800
0.567200 0.136000 0.009600
0.792800 0.136000 0.009600
0.206400 0.136800 0.013600
0.348800 0.136800 0.011200
0.610400 0.136800 0.005600
0.641600 0.136800 0.012000
0.185600 0.137600 0.013600
0.278400 0.137600 0.010400
0.307200 0.137600 0.008800
0.331200 0.137600 0.013600
0.381600 0.137600 0.013600
0.420800 0.137600 0.010400
0.552000 0.137600 0.008800
0.624000 0.137600 0.011200
0.145600 0.138400 0.010400
0.164800 0.138400 0.011200
0.294400 0.138400 0.007200
0.321600 0.138400 0.008800
0.368000 0.138400 0.008800
0.438400 0.138400 0.011200
0.128000 0.139200 0.011200
0.403200 0.139200 0.009600
0.524000 0.139200 0.009600
0.538400 0.139200 0.008800
0.809600 0.139200 0.010400
0.101600 0.140000 0.015200
0.456800 0.140000 0.008800
0.509600 0.140000 0.007200
0.468000 0.140800 0.005600
0.479200 0.140800 0.008800
0.492800 0.140800 0.011200
0.112800 0.141600 0.005600
0.892800 0.155200 0.011200
0.905600 0.155200 0.016800
0.739200 0.156000 0.010400
0.784000 0.156000 0.012800
0.683200 0.156800 0.012800
0.709600 0.156800 0.016800
0.725600 0.156800 0.011200
0.755200 0.156800 0.010400
0.768000 0.156800 0.008800
0.820800 0.156800 0.007200
0.830400 0.156800 0.013600
0.876000 0.156800 0.011200
0.700000 0.157600 0.016800
0.808000 0.157600 0.009600
0.854400 0.157600 0.013600
0.240800 0.158400 0.005600
0.255200 0.158400 0.011200
0.580000 0.158400 0.012000
0.655200 0.158400 0.013600
0.222400 0.159200 0.011200
0.269600 0.159200 0.007200
0.425600 0.159200 0.012800
0.600000 0.159200 0.013600
0.623200 0.159200 0.008800
0.207200 0.160000 0.012800
0.295200 0.160000 0.010400
0.348000 0.160000 0.012000
0.408000 0.160000 0.011200
0.610400 0.160000 0.008800
0.638400 0.160000 0.010400
0.173600 0.160800 0.011200
0.188000 0.160800 0.008800
0.280000 0.160800 0.008800
0.367200 0.160800 0.011200
0.156800 0.161600 0.010400
0.317600 0.161600 0.011200
0.332800 0.161600 0.009600
0.391200 0.161600 0.011200
0.446400 0.162400 0.011200
0.507200 0.162400 0.015200
0.141600 0.163200 0.008800
0.468000 0.163200 0.012800
0.497600 0.163200 0.008000
0.529600 0.163200 0.013600
0.546400 0.163200 0.008800
0.562400 0.163200 0.011200
0.484800 0.164800 0.008800
0.100800 0.165600 0.013600
0.116000 0.165600 0.008800
0.128800 0.166400 0.008800
0.884000 0.178400 0.011200
0.818400 0.179200 0.013600
0.901600 0.179200 0.011200
0.756800 0.180000 0.012800
0.790400 0.180000 0.008800
0.659200 0.180800 0.011200
0.776800 0.180800 0.008800
0.848000 0.180800 0.011200
0.866400 0.180800 0.011200
0.712800 0.181600 0.008800
0.724800 0.181600 0.008800
0.803200 0.181600 0.008800
0.738400 0.182400 0.011200
0.608000 0.183200 0.005600
0.626400 0.183200 0.013600
0.642400 0.183200 0.008800
0.679200 0.183200 0.012800
0.293600 0.184000 0.008800
0.360800 0.184000 0.008800
0.696800 0.184000 0.012800
0.588800 0.184800 0.008800
0.213600 0.185600 0.013600
0.227200 0.185600 0.011200
0.283200 0.185600 0.008800
0.305600 0.185600 0.008800
0.387200 0.185600 0.012800
0.451200 0.185600 0.011200
0.468800 0.185600 0.009600
0.484800 0.185600 0.011200
0.160000 0.186400 0.013600
0.241600 0.186400 0.005600
0.253600 0.186400 0.009600
0.269600 0.186400 0.011200
0.347200 0.186400 0.008800
0.434400 0.186400 0.011200
0.551200 0.186400 0.005600
0.574400 0.186400 0.012800
0.317600 0.187200 0.008000
0.335200 0.187200 0.016800
0.503200 0.187200 0.009600
0.533600 0.187200 0.008800
0.180000 0.188000 0.011200
0.403200 0.188000 0.011200
0.520800 0.188000 0.011200
0.144800 0.188800 0.011200
0.195200 0.188800 0.008800
0.124800 0.190400 0.011200
0.104000 0.191200 0.013600
0.870400 0.200800 0.011200
0.887200 0.201600 0.009600
0.901600 0.201600 0.016800
0.832800 0.202400 0.011200
0.853600 0.203200 0.011200
0.740800 0.204800 0.009600
0.757600 0.204800 0.010400
0.802400 0.204800 0.008800
0.816800 0.204800 0.008800
0.714400 0.205600 0.013600
0.772000 0.205600 0.009600
0.788000 0.205600 0.010400
0.631200 0.206400 0.008800
0.619200 0.207200 0.009600
0.656800 0.207200 0.008800
0.673600 0.207200 0.011200
0.496000 0.208000 0.011200
0.604800 0.208000 0.011200
0.645600 0.208000 0.008800
0.330400 0.208800 0.011200
0.437600 0.208800 0.008800
0.482400 0.208800 0.009600
0.512000 0.208800 0.011200
0.568000 0.208800 0.013600
0.690400 0.208800 0.013600
0.404800 0.209600 0.011200
0.424800 0.209600 0.008800
0.530400 0.209600 0.010400
0.548000 0.209600 0.011200
0.298400 0.210400 0.008800
0.462400 0.210400 0.012000
0.589600 0.210400 0.011200
0.148000 0.211200 0.008800
0.223200 0.211200 0.012800
0.285600 0.211200 0.008800
0.313600 0.211200 0.011200
0.347200 0.211200 0.008800
0.367200 0.211200 0.008800
0.136000 0.212000 0.008800
0.242400 0.212000 0.008800
0.267200 0.212000 0.012800
0.383200 0.212000 0.013600
0.122400 0.212800 0.009600
0.158400 0.212800 0.005600
0.167200 0.212800 0.012800
0.253600 0.212800 0.008800
0.204800 0.213600 0.012800
0.104800 0.215200 0.012800
0.184000 0.216000 0.011200
0.850400 0.224800 0.010400
0.862400 0.225600 0.008800
0.832800 0.226400 0.008800
0.895200 0.226400 0.013600
0.764800 0.227200 0.012800
0.786400 0.228000 0.010400
0.815200 0.228000 0.011200
0.722400 0.228800 0.008800
0.735200 0.228800 0.008800
0.748800 0.228800 0.010400
0.802400 0.228800 0.008800
0.878400 0.228800 0.011200
0.640800 0.230400 0.012000
0.711200 0.230400 0.008800
0.484000 0.231200 0.012000
0.588000 0.231200 0.008800
0.608800 0.231200 0.011200
0.670400 0.231200 0.011200
0.686400 0.231200 0.012800
0.502400 0.232000 0.012800
0.527200 0.232000 0.012000
0.555200 0.232000 0.016800
0.573600 0.232000 0.012800
0.657600 0.232000 0.011200
0.698400 0.232000 0.011200
0.544000 0.232800 0.011200
0.621600 0.232800 0.011200
0.292800 0.233600 0.011200
0.308800 0.233600 0.010400
0.404000 0.233600 0.011200
0.420800 0.233600 0.013600
0.443200 0.233600 0.013600
0.465600 0.233600 0.011200
0.244800 0.234400 0.010400
0.260800 0.234400 0.010400
0.324800 0.234400 0.008800
0.336000 0.234400 0.008800
0.360000 0.234400 0.005600
0.386400 0.234400 0.008800
0.276800 0.235200 0.011200
0.348800 0.235200 0.008800
0.372000 0.235200 0.008800
0.141600 0.236000 0.011200
0.172000 0.236000 0.013600
0.195200 0.236000 0.009600
0.210400 0.236000 0.009600
0.156800 0.236800 0.008800
0.226400 0.236800 0.011200
0.120800 0.237600 0.011200
0.104800 0.240800 0.013600
0.847200 0.248000 0.011200
0.833600 0.248800 0.010400
0.820000 0.249600 0.008800
0.863200 0.249600 0.008800
0.902400 0.249600 0.016800
0.892000 0.250400 0.008800
0.877600 0.251200 0.008800
0.737600 0.252000 0.016000
0.727200 0.252800 0.016000
0.769600 0.252800 0.011200
0.786400 0.252800 0.013600
0.808000 0.252800 0.008800
0.706400 0.253600 0.011200
0.751200 0.253600 0.011200
0.593600 0.254400 0.005600
0.665600 0.254400 0.013600
0.604000 0.255200 0.014400
0.628000 0.255200 0.012000
0.640800 0.255200 0.008800
0.580800 0.256000 0.011200
0.693600 0.256000 0.013600
0.295200 0.256800 0.011200
0.358400 0.256800 0.010400
0.281600 0.257600 0.005600
0.439200 0.257600 0.012800
0.533600 0.257600 0.008800
0.545600 0.257600 0.008800
0.271200 0.258400 0.008800
0.334400 0.258400 0.008800
0.344000 0.258400 0.008800
0.418400 0.258400 0.013600
0.458400 0.258400 0.010400
0.473600 0.258400 0.011200
0.495200 0.258400 0.013600
0.512000 0.258400 0.013600
0.521600 0.258400 0.011200
0.321600 0.259200 0.016000
0.375200 0.259200 0.013600
0.396000 0.259200 0.016000
0.243200 0.260000 0.011200
0.258400 0.260000 0.008800
0.561600 0.260000 0.011200
0.151200 0.260800 0.011200
0.180000 0.260800 0.008800
0.193600 0.260800 0.011200
0.210400 0.260800 0.008800
0.228800 0.260800 0.012800
0.124000 0.261600 0.013600
0.168000 0.261600 0.008800
0.136000 0.262400 0.008800
0.104000 0.264800 0.011200
0.849600 0.273600 0.011200
0.884000 0.273600 0.009600
0.868800 0.274400 0.011200
0.899200 0.274400 0.011200
0.815200 0.275200 0.011200
0.830400 0.275200 0.010400
0.682400 0.276000 0.011200
0.698400 0.276800 0.013600
0.707200 0.276800 0.005600
0.740800 0.276800 0.013600
0.756000 0.276800 0.012800
0.771200 0.276800 0.005600
0.615200 0.277600 0.005600
0.625600 0.277600 0.008800
0.638400 0.277600 0.013600
0.718400 0.277600 0.008800
0.731200 0.277600 0.007200
0.790400 0.277600 0.007200
0.604800 0.278400 0.008800
0.665600 0.278400 0.015200
0.800000 0.278400 0.005600
0.285600 0.279200 0.007200
0.555200 0.279200 0.008800
0.296000 0.280000 0.015200
0.337600 0.280000 0.010400
0.358400 0.280000 0.011200
0.541600 0.280000 0.010400
0.590400 0.280000 0.010400
0.320000 0.280800 0.009600
0.508800 0.280800 0.013600
0.528000 0.280800 0.011200
0.572000 0.280800 0.011200
0.468800 0.281600 0.011200
0.233600 0.282400 0.012000
0.379200 0.282400 0.013600
0.409600 0.282400 0.013600
0.484800 0.282400 0.011200
0.196800 0.283200 0.011200
0.255200 0.283200 0.011200
0.272800 0.283200 0.011200
0.390400 0.284000 0.008800
0.433600 0.284000 0.011200
0.175200 0.284800 0.013600
0.215200 0.284800 0.011200
0.451200 0.284800 0.009600
0.149600 0.285600 0.012000
0.104800 0.287200 0.012800
0.125600 0.288000 0.013600
0.896800 0.295200 0.012000
0.824000 0.296800 0.011200
0.865600 0.296800 0.008800
0.879200 0.296800 0.008800
0.770400 0.297600 0.011200
0.845600 0.297600 0.013600
0.856000 0.297600 0.005600
0.805600 0.299200 0.010400
0.701600 0.300000 0.008800
0.717600 0.300000 0.011200
0.737600 0.300000 0.013600
0.790400 0.300000 0.010400
0.615200 0.300800 0.011200
0.673600 0.300800 0.012800
0.687200 0.300800 0.008800
0.337600 0.301600 0.012000
0.556000 0.301600 0.011200
0.596800 0.301600 0.012800
0.632800 0.301600 0.011200
0.649600 0.301600 0.011200
0.320800 0.302400 0.008800
0.575200 0.302400 0.011200
0.359200 0.303200 0.012800
0.488000 0.303200 0.011200
0.532000 0.303200 0.007200
0.302400 0.304000 0.013600
0.512800 0.304000 0.013600
0.257600 0.304800 0.012000
0.274400 0.304800 0.012800
0.377600 0.304800 0.011200
0.422400 0.304800 0.011200
0.403200 0.305600 0.012800
0.439200 0.305600 0.011200
0.461600 0.305600 0.008800
0.474400 0.305600 0.008800
0.238400 0.306400 0.008800
0.201600 0.307200 0.011200
0.218400 0.307200 0.011200
0.183200 0.309600 0.015200
0.106400 0.310400 0.013600
0.125600 0.311200 0.012800
0.152800 0.311200 0.014400
0.856000 0.317600 0.014400
0.830400 0.319200 0.013600
0.808800 0.320000 0.012800
0.711200 0.320800 0.009600
0.672000 0.321600 0.011200
0.760800 0.321600 0.010400
0.775200 0.321600 0.008800
0.880000 0.321600 0.011200
0.898400 0.321600 0.013600
0.697600 0.322400 0.010400
0.727200 0.322400 0.008800
0.791200 0.322400 0.011200
0.620000 0.323200 0.008800
0.655200 0.323200 0.009600
0.742400 0.323200 0.009600
0.640000 0.324000 0.013600
0.525600 0.324800 0.009600
0.538400 0.324800 0.005600
0.372000 0.325600 0.011200
0.452000 0.325600 0.011200
0.466400 0.325600 0.008800
0.478400 0.325600 0.011200
0.498400 0.325600 0.008800
0.512000 0.325600 0.009600
0.557600 0.325600 0.011200
0.575200 0.325600 0.011200
0.604000 0.325600 0.009600
0.249600 0.326400 0.008800
0.269600 0.326400 0.013600
0.391200 0.326400 0.012800
0.590400 0.326400 0.008800
0.345600 0.327200 0.005600
0.354400 0.327200 0.012800
0.424800 0.327200 0.008800
0.234400 0.328000 0.009600
0.280000 0.328000 0.005600
0.329600 0.328000 0.012800
0.292000 0.328800 0.010400
0.310400 0.328800 0.012000
0.409600 0.328800 0.008800
0.438400 0.329600 0.010400
0.187200 0.330400 0.011200
0.199200 0.330400 0.008800
0.171200 0.331200 0.008000
0.216000 0.331200 0.011200
0.148000 0.332000 0.005600
0.158400 0.332000 0.008000
0.105600 0.332800 0.011200
0.138400 0.332800 0.008800
0.121600 0.334400 0.011200
0.778400 0.343200 0.012000
0.844800 0.343200 0.012000
0.876000 0.343200 0.008800
0.688000 0.344000 0.013600
0.710400 0.344000 0.011200
0.761600 0.344000 0.008800
0.861600 0.344000 0.008800
0.668800 0.344800 0.012800
0.721600 0.344800 0.013600
0.807200 0.344800 0.012800
0.824800 0.344800 0.011200
0.535200 0.345600 0.013600
0.548000 0.345600 0.008800
0.634400 0.345600 0.008800
0.652000 0.345600 0.011200
0.740000 0.345600 0.011200
0.751200 0.345600 0.005600
0.898400 0.345600 0.011200
0.560000 0.346400 0.008800
0.573600 0.346400 0.008800
0.597600 0.346400 0.008800
0.612800 0.346400 0.008800
0.424800 0.347200 0.008800
0.493600 0.347200 0.013600
0.510400 0.347200 0.004800
0.368000 0.348000 0.008800
0.380000 0.348800 0.011200
0.394400 0.348800 0.008800
0.408800 0.348800 0.011200
0.444000 0.348800 0.008800
0.461600 0.348800 0.005600
0.584000 0.348800 0.011200
0.293600 0.349600 0.008000
0.354400 0.349600 0.008800
0.308800 0.350400 0.009600
0.247200 0.351200 0.011200
0.264000 0.351200 0.011200
0.281600 0.351200 0.011200
0.324000 0.351200 0.009600
0.336800 0.351200 0.013600
0.169600 0.352000 0.012800
0.184800 0.352000 0.008800
0.199200 0.352000 0.010400
0.228800 0.352000 0.010400
0.104800 0.352800 0.011200
0.212800 0.352800 0.011200
0.126400 0.353600 0.012800
0.148000 0.353600 0.011200
