0.153600 0.044000 0.030400
0.175200 0.044000 0.013600
0.206400 0.044800 0.027200
0.225600 0.044800 0.011200
0.261600 0.044800 0.028000
0.244000 0.045600 0.011200
0.836800 0.052000 0.030400
0.858400 0.053600 0.024800
0.352000 0.083200 0.008800
0.142400 0.084000 0.011200
0.336800 0.084000 0.015200
0.363200 0.084000 0.005600
0.375200 0.084000 0.016800
0.396800 0.084000 0.012800
0.282400 0.084800 0.008000
0.327200 0.084800 0.005600
0.417600 0.084800 0.011200
0.453600 0.084800 0.013600
0.474400 0.084800 0.011200
0.112800 0.085600 0.013600
0.127200 0.085600 0.008800
0.165600 0.085600 0.016000
0.247200 0.085600 0.009600
0.270400 0.085600 0.008800
0.294400 0.085600 0.007200
0.304000 0.085600 0.008800
0.316800 0.085600 0.008800
0.435200 0.085600 0.011200
0.749600 0.085600 0.011200
0.762400 0.085600 0.008800
0.183200 0.086400 0.011200
0.204000 0.086400 0.013600
0.260800 0.086400 0.008800
0.525600 0.086400 0.011200
0.636800 0.086400 0.011200
0.680000 0.086400 0.016800
0.785600 0.086400 0.011200
0.222400 0.087200 0.013600
0.233600 0.087200 0.008800
0.562400 0.087200 0.011200
0.608800 0.087200 0.021600
0.621600 0.087200 0.008800
0.666400 0.087200 0.011200
0.697600 0.087200 0.008800
0.734400 0.087200 0.013600
0.884000 0.087200 0.015200
0.488800 0.088000 0.010400
0.506400 0.088000 0.011200
0.540000 0.088000 0.008800
0.549600 0.088000 0.005600
0.651200 0.088000 0.009600
0.799200 0.088000 0.008800
0.817600 0.088000 0.013600
0.832000 0.088000 0.005600
0.840800 0.088000 0.008800
0.852000 0.088000 0.008800
0.580000 0.088800 0.008800
0.867200 0.088800 0.013600
0.591200 0.089600 0.008800
0.366400 0.108000 0.008800
0.352000 0.108800 0.009600
0.380800 0.108800 0.011200
0.402400 0.108800 0.015200
0.338400 0.109600 0.012800
0.417600 0.109600 0.011200
0.476800 0.109600 0.013600
0.295200 0.110400 0.008800
0.320000 0.110400 0.011200
0.392000 0.110400 0.005600
0.428800 0.110400 0.011200
0.443200 0.110400 0.008800
0.500000 0.110400 0.013600
0.780800 0.110400 0.013600
0.800000 0.110400 0.008800
0.114400 0.111200 0.011200
0.132000 0.111200 0.011200
0.156800 0.111200 0.015200
0.216800 0.111200 0.008800
0.280800 0.111200 0.011200
0.304800 0.111200 0.016000
0.456000 0.111200 0.008800
0.537600 0.111200 0.011200
0.588800 0.111200 0.005600
0.599200 0.111200 0.008800
0.614400 0.111200 0.008800
0.628000 0.111200 0.008800
0.704800 0.111200 0.013600
0.736800 0.111200 0.008800
0.748000 0.111200 0.009600
0.815200 0.111200 0.010400
0.200000 0.112000 0.012800
0.230400 0.112000 0.008800
0.245600 0.112000 0.011200
0.264000 0.112000 0.011200
0.520800 0.112000 0.011200
0.556000 0.112000 0.011200
0.579200 0.112000 0.008800
0.665600 0.112000 0.011200
0.724000 0.112000 0.008800
0.762400 0.112000 0.013600
0.829600 0.112000 0.008800
0.841600 0.112000 0.007200
0.850400 0.112000 0.005600
0.178400 0.112800 0.013600
0.644000 0.112800 0.012800
0.684000 0.112800 0.013600
0.864000 0.112800 0.009600
0.879200 0.113600 0.011200
0.340000 0.134400 0.013600
0.659200 0.134400 0.011200
0.362400 0.135200 0.011200
0.378400 0.135200 0.012800
0.732000 0.135200 0.011200
0.782400 0.135200 0.015200
0.836800 0.135200 0.008800
0.848000 0.135200 0.011200
0.863200 0.135200 0.009600
0.325600 0.136000 0.010400
0.395200 0.136000 0.011200
0.424000 0.136000 0.011200
0.439200 0.136000 0.011200
0.476800 0.136000 0.013600
0.496000 0.136000 0.012800
0.550400 0.136000 0.008800
0.562400 0.136000 0.005600
0.675200 0.136000 0.011200
0.746400 0.136000 0.010400
0.809600 0.136000 0.013600
0.824800 0.136000 0.010400
0.158400 0.136800 0.013600
0.244000 0.136800 0.011200
0.407200 0.136800 0.011200
0.451200 0.136800 0.005600
0.459200 0.136800 0.004800
0.517600 0.136800 0.013600
0.584800 0.136800 0.008800
0.618400 0.136800 0.016000
0.688000 0.136800 0.008800
0.713600 0.136800 0.011200
0.877600 0.136800 0.011200
0.136800 0.137600 0.013600
0.174400 0.137600 0.011200
0.226400 0.137600 0.010400
0.276000 0.137600 0.008800
0.287200 0.137600 0.008800
0.298400 0.137600 0.005600
0.309600 0.137600 0.011200
0.536800 0.137600 0.008800
0.571200 0.137600 0.016000
0.762400 0.137600 0.013600
0.192000 0.138400 0.011200
0.259200 0.138400 0.012800
0.627200 0.138400 0.008800
0.640800 0.138400 0.009600
0.206400 0.139200 0.013600
0.117600 0.140800 0.016000
0.603200 0.141600 0.012800
0.838400 0.158400 0.013600
0.876000 0.158400 0.013600
0.348000 0.160000 0.011200
0.856800 0.160000 0.011200
0.292800 0.160800 0.013600
0.333600 0.160800 0.011200
0.315200 0.161600 0.011200
0.365600 0.161600 0.011200
0.403200 0.161600 0.008800
0.466400 0.161600 0.010400
0.480000 0.161600 0.008800
0.504800 0.161600 0.008800
0.540000 0.161600 0.008800
0.648000 0.161600 0.012800
0.732800 0.161600 0.013600
0.217600 0.162400 0.011200
0.256800 0.162400 0.011200
0.273600 0.162400 0.011200
0.419200 0.162400 0.011200
0.450400 0.162400 0.011200
0.514400 0.162400 0.008800
0.556000 0.162400 0.009600
0.570400 0.162400 0.008800
0.774400 0.162400 0.013600
0.784000 0.162400 0.013600
0.800000 0.162400 0.011200
0.819200 0.162400 0.011200
0.168800 0.163200 0.011200
0.380800 0.163200 0.011200
0.392000 0.163200 0.005600
0.436000 0.163200 0.011200
0.489600 0.163200 0.008800
0.526400 0.163200 0.008800
0.604000 0.163200 0.008000
0.614400 0.163200 0.008800
0.707200 0.163200 0.019200
0.719200 0.163200 0.008800
0.756000 0.163200 0.012000
0.151200 0.164000 0.011200
0.236000 0.164000 0.012000
0.588800 0.164000 0.011200
0.628000 0.164000 0.010400
0.663200 0.164000 0.008800
0.691200 0.164000 0.011200
0.133600 0.164800 0.011200
0.186400 0.164800 0.008800
0.199200 0.164800 0.008800
0.676000 0.164800 0.010400
0.117600 0.166400 0.011200
0.874400 0.183200 0.014400
0.300000 0.184000 0.013600
0.325600 0.184000 0.011200
0.832000 0.184000 0.013600
0.253600 0.184800 0.008800
0.309600 0.184800 0.015200
0.364000 0.184800 0.005600
0.476800 0.184800 0.008800
0.507200 0.184800 0.008800
0.557600 0.184800 0.008800
0.594400 0.184800 0.010400
0.797600 0.184800 0.012800
0.852800 0.184800 0.011200
0.268800 0.185600 0.011200
0.344000 0.185600 0.011200
0.354400 0.185600 0.005600
0.385600 0.185600 0.008800
0.425600 0.185600 0.012800
0.464000 0.185600 0.008800
0.496000 0.185600 0.013600
0.520800 0.185600 0.008800
0.535200 0.185600 0.008800
0.568000 0.185600 0.005600
0.577600 0.185600 0.008800
0.612000 0.185600 0.004800
0.285600 0.186400 0.011200
0.399200 0.186400 0.008800
0.408000 0.186400 0.005600
0.453600 0.186400 0.005600
0.545600 0.186400 0.005600
0.631200 0.186400 0.009600
0.815200 0.186400 0.011200
0.217600 0.187200 0.013600
0.234400 0.187200 0.011200
0.441600 0.187200 0.011200
0.648800 0.187200 0.013600
0.180000 0.188000 0.011200
0.195200 0.188000 0.011200
0.658400 0.188000 0.005600
0.684000 0.188000 0.008800
0.698400 0.188000 0.008800
0.732800 0.188000 0.013600
0.750400 0.188000 0.012800
0.775200 0.188000 0.013600
0.117600 0.188800 0.013600
0.155200 0.188800 0.014400
0.668000 0.188800 0.012800
0.712000 0.188800 0.008800
0.136000 0.189600 0.012800
0.390400 0.206400 0.010400
0.304000 0.207200 0.008800
0.322400 0.207200 0.010400
0.339200 0.207200 0.011200
0.375200 0.207200 0.008800
0.356000 0.208000 0.012800
0.408800 0.208000 0.008800
0.267200 0.208800 0.011200
0.283200 0.208800 0.008800
0.419200 0.208800 0.008000
0.464000 0.208800 0.011200
0.522400 0.208800 0.011200
0.543200 0.208800 0.012800
0.640000 0.208800 0.011200
0.815200 0.208800 0.013600
0.840000 0.208800 0.013600
0.861600 0.208800 0.008800
0.184000 0.209600 0.013600
0.246400 0.209600 0.013600
0.431200 0.209600 0.008800
0.446400 0.209600 0.009600
0.482400 0.209600 0.011200
0.656000 0.209600 0.010400
0.876000 0.209600 0.011200
0.500000 0.210400 0.012800
0.560000 0.210400 0.012800
0.581600 0.210400 0.013600
0.622400 0.210400 0.011200
0.667200 0.210400 0.011200
0.683200 0.210400 0.010400
0.702400 0.210400 0.011200
0.779200 0.210400 0.013600
0.798400 0.210400 0.011200
0.123200 0.211200 0.011200
0.144000 0.211200 0.012800
0.203200 0.211200 0.008800
0.232000 0.211200 0.010400
0.719200 0.211200 0.008800
0.217600 0.212000 0.008800
0.594400 0.212000 0.011200
0.608000 0.212000 0.008800
0.736800 0.212000 0.011200
0.162400 0.212800 0.011200
0.752000 0.212800 0.011200
0.351200 0.228800 0.008000
0.338400 0.229600 0.008800
0.362400 0.229600 0.005600
0.301600 0.230400 0.009600
0.319200 0.230400 0.012800
0.377600 0.230400 0.011200
0.392000 0.230400 0.011200
0.408800 0.230400 0.008800
0.640000 0.230400 0.008800
0.440000 0.231200 0.011200
0.449600 0.231200 0.007200
0.523200 0.231200 0.008800
0.123200 0.232000 0.012800
0.423200 0.232000 0.011200
0.462400 0.232000 0.008800
0.827200 0.232000 0.011200
0.245600 0.232800 0.011200
0.283200 0.232800 0.012000
0.489600 0.232800 0.012800
0.504800 0.232800 0.011200
0.570400 0.232800 0.011200
0.580800 0.232800 0.005600
0.627200 0.232800 0.008800
0.660800 0.232800 0.013600
0.680000 0.232800 0.010400
0.845600 0.232800 0.011200
0.880800 0.232800 0.013600
0.177600 0.233600 0.011200
0.211200 0.233600 0.011200
0.226400 0.233600 0.011200
0.264000 0.233600 0.011200
0.472800 0.233600 0.005600
0.544800 0.233600 0.008800
0.556000 0.233600 0.005600
0.598400 0.233600 0.008800
0.612000 0.233600 0.008800
0.701600 0.233600 0.013600
0.716000 0.233600 0.008800
0.748000 0.233600 0.011200
0.769600 0.233600 0.012800
0.863200 0.233600 0.011200
0.194400 0.234400 0.010400
0.730400 0.234400 0.009600
0.807200 0.234400 0.012800
0.158400 0.235200 0.011200
0.787200 0.235200 0.010400
0.137600 0.236000 0.008800
0.327200 0.252000 0.013600
0.356800 0.252000 0.011200
0.376000 0.252000 0.012000
0.451200 0.252000 0.008800
0.294400 0.252800 0.013600
0.395200 0.252800 0.010400
0.416000 0.252800 0.012800
0.436000 0.253600 0.010400
0.465600 0.253600 0.011200
0.253600 0.255200 0.011200
0.272800 0.255200 0.011200
0.528800 0.255200 0.013600
0.564800 0.255200 0.008800
0.581600 0.255200 0.011200
0.233600 0.256000 0.012000
0.482400 0.256000 0.011200
0.551200 0.256000 0.012000
0.615200 0.256000 0.011200
0.632000 0.256000 0.011200
0.598400 0.256800 0.011200
0.723200 0.256800 0.011200
0.828800 0.256800 0.011200
0.848000 0.256800 0.010400
0.862400 0.256800 0.008800
0.872800 0.256800 0.005600
0.883200 0.256800 0.015200
0.122400 0.257600 0.012000
0.205600 0.257600 0.013600
0.510400 0.257600 0.013600
0.138400 0.258400 0.008800
0.496000 0.258400 0.011200
0.647200 0.258400 0.011200
0.704000 0.258400 0.011200
0.169600 0.259200 0.008800
0.184800 0.259200 0.011200
0.743200 0.259200 0.012000
0.758400 0.259200 0.008800
0.767200 0.259200 0.004800
0.785600 0.259200 0.009600
0.801600 0.259200 0.009600
0.815200 0.259200 0.008800
0.151200 0.260800 0.011200
0.686400 0.260800 0.011200
0.669600 0.262400 0.011200
0.380000 0.275200 0.008800
0.283200 0.276000 0.008800
0.314400 0.276000 0.011200
0.348000 0.276000 0.009600
0.296000 0.276800 0.008800
0.331200 0.276800 0.011200
0.364000 0.276800 0.010400
0.408000 0.276800 0.013600
0.427200 0.277600 0.011200
0.445600 0.277600 0.011200
0.264800 0.278400 0.013600
0.459200 0.278400 0.008800
0.520000 0.278400 0.012000
0.538400 0.278400 0.011200
0.248800 0.279200 0.008800
0.478400 0.279200 0.011200
0.501600 0.279200 0.012800
0.592000 0.279200 0.012800
0.237600 0.280000 0.005600
0.553600 0.280000 0.011200
0.572800 0.280000 0.011200
0.609600 0.280000 0.008800
0.646400 0.280000 0.012000
0.126400 0.280800 0.013600
0.201600 0.280800 0.008800
0.215200 0.280800 0.011200
0.625600 0.280800 0.011200
0.173600 0.281600 0.011200
0.188800 0.281600 0.008000
0.705600 0.281600 0.008000
0.848000 0.281600 0.013600
0.867200 0.281600 0.012000
0.885600 0.281600 0.011200
0.142400 0.282400 0.010400
0.664000 0.282400 0.008800
0.720800 0.282400 0.012800
0.747200 0.282400 0.011200
0.762400 0.282400 0.011200
0.778400 0.282400 0.008800
0.156000 0.283200 0.011200
0.789600 0.283200 0.011200
0.813600 0.283200 0.007200
0.825600 0.283200 0.011200
0.677600 0.284000 0.009600
0.692800 0.284000 0.008800
0.804000 0.284000 0.005600
0.359200 0.296800 0.010400
0.376800 0.296800 0.011200
0.340800 0.297600 0.012800
0.434400 0.297600 0.011200
0.416800 0.298400 0.010400
0.451200 0.298400 0.008800
0.480000 0.298400 0.008800
0.296000 0.299200 0.011200
0.315200 0.299200 0.013600
0.490400 0.299200 0.008000
0.534400 0.299200 0.012000
0.276800 0.300000 0.011200
0.395200 0.300000 0.013600
0.462400 0.300000 0.010400
0.504800 0.300000 0.010400
0.201600 0.300800 0.009600
0.216800 0.300800 0.008800
0.258400 0.300800 0.011200
0.553600 0.300800 0.010400
0.568800 0.300800 0.012800
0.233600 0.301600 0.012800
0.519200 0.301600 0.008800
0.630400 0.302400 0.012800
0.711200 0.302400 0.008800
0.760000 0.302400 0.008800
0.776800 0.302400 0.011200
0.119200 0.303200 0.013600
0.612800 0.303200 0.012000
0.179200 0.304000 0.013600
0.590400 0.304000 0.011200
0.652800 0.304000 0.011200
0.686400 0.304000 0.008800
0.696000 0.304000 0.011200
0.740000 0.304000 0.010400
0.799200 0.304000 0.011200
0.164000 0.304800 0.009600
0.817600 0.304800 0.011200
0.835200 0.304800 0.010400
0.868800 0.304800 0.010400
0.141600 0.305600 0.014400
0.670400 0.305600 0.011200
0.853600 0.305600 0.009600
0.885600 0.305600 0.011200
0.725600 0.307200 0.008800
0.436800 0.319200 0.012000
0.340800 0.320000 0.012800
0.460000 0.320000 0.013600
0.260800 0.321600 0.012800
0.281600 0.321600 0.012800
0.322400 0.321600 0.010400
0.362400 0.321600 0.011200
0.378400 0.321600 0.008800
0.391200 0.321600 0.010400
0.480800 0.321600 0.011200
0.240000 0.322400 0.011200
0.410400 0.322400 0.015200
0.497600 0.322400 0.012800
0.519200 0.322400 0.010400
0.220000 0.323200 0.013600
0.304000 0.323200 0.015200
0.537600 0.323200 0.011200
0.560000 0.323200 0.013600
0.576000 0.323200 0.011200
0.592800 0.323200 0.008800
0.741600 0.323200 0.011200
0.764000 0.323200 0.011200
0.200800 0.324000 0.011200
0.644000 0.324000 0.011200
0.686400 0.324000 0.012000
0.778400 0.324000 0.008800
0.833600 0.324000 0.011200
0.184000 0.324800 0.011200
0.608000 0.324800 0.010400
0.658400 0.324800 0.008800
0.668800 0.324800 0.008800
0.707200 0.324800 0.012800
0.794400 0.324800 0.011200
0.810400 0.324800 0.010400
0.124800 0.325600 0.013600
0.625600 0.325600 0.011200
0.728000 0.325600 0.008800
0.847200 0.325600 0.009600
0.164000 0.326400 0.011200
0.888000 0.326400 0.011200
0.144000 0.327200 0.011200
0.873600 0.327200 0.013600
0.924000 0.327200 0.025600
0.936800 0.328000 0.028000
