174.000000 66.000000 36.000000
274.000000 66.000000 16.000000
250.000000 67.000000 14.000000
198.000000 68.000000 14.000000
228.000000 68.000000 36.000000
292.000000 68.000000 32.000000
1050.000000 70.000000 30.000000
697.000000 110.000000 16.000000
675.000000 111.000000 14.000000
756.000000 111.000000 14.000000
840.000000 111.000000 17.000000
718.000000 112.000000 11.000000
782.000000 112.000000 14.000000
651.000000 113.000000 20.000000
735.000000 113.000000 11.000000
865.000000 113.000000 14.000000
949.000000 113.000000 17.000000
474.000000 114.000000 11.000000
513.000000 114.000000 16.000000
625.000000 114.000000 21.000000
802.000000 114.000000 11.000000
907.000000 114.000000 17.000000
977.000000 114.000000 18.000000
1032.000000 114.000000 11.000000
1093.000000 114.000000 21.000000
491.000000 115.000000 11.000000
579.000000 115.000000 15.000000
609.000000 115.000000 17.000000
884.000000 115.000000 17.000000
927.000000 115.000000 13.000000
1008.000000 115.000000 17.000000
1072.000000 115.000000 17.000000
150.000000 116.000000 21.000000
357.000000 116.000000 17.000000
375.000000 116.000000 14.000000
399.000000 116.000000 17.000000
547.000000 116.000000 14.000000
561.000000 116.000000 11.000000
636.000000 116.000000 21.000000
816.000000 116.000000 11.000000
1055.000000 116.000000 17.000000
168.000000 117.000000 14.000000
202.000000 117.000000 13.000000
423.000000 117.000000 20.000000
451.000000 117.000000 20.000000
531.000000 117.000000 7.000000
220.000000 118.000000 11.000000
260.000000 118.000000 14.000000
331.000000 118.000000 14.000000
186.000000 119.000000 7.000000
286.000000 119.000000 17.000000
310.000000 119.000000 14.000000
240.000000 120.000000 14.000000
722.000000 143.000000 14.000000
742.000000 143.000000 16.000000
676.000000 144.000000 17.000000
817.000000 144.000000 15.000000
701.000000 145.000000 14.000000
770.000000 146.000000 14.000000
838.000000 146.000000 17.000000
865.000000 146.000000 17.000000
1049.000000 146.000000 17.000000
484.000000 147.000000 14.000000
658.000000 147.000000 14.000000
793.000000 147.000000 15.000000
891.000000 147.000000 11.000000
959.000000 147.000000 11.000000
188.000000 148.000000 14.000000
348.000000 148.000000 16.000000
373.000000 148.000000 12.000000
435.000000 148.000000 14.000000
462.000000 148.000000 15.000000
561.000000 148.000000 11.000000
595.000000 148.000000 14.000000
621.000000 148.000000 14.000000
638.000000 148.000000 12.000000
917.000000 148.000000 12.000000
939.000000 148.000000 14.000000
976.000000 148.000000 14.000000
987.000000 148.000000 17.000000
1028.000000 148.000000 14.000000
1075.000000 148.000000 11.000000
1092.000000 148.000000 14.000000
165.000000 149.000000 14.000000
207.000000 149.000000 11.000000
393.000000 149.000000 14.000000
500.000000 149.000000 11.000000
520.000000 149.000000 14.000000
579.000000 149.000000 12.000000
144.000000 150.000000 17.000000
262.000000 150.000000 14.000000
306.000000 150.000000 14.000000
327.000000 150.000000 14.000000
415.000000 150.000000 11.000000
538.000000 150.000000 17.000000
1008.000000 150.000000 14.000000
225.000000 151.000000 11.000000
243.000000 152.000000 11.000000
285.000000 152.000000 14.000000
732.000000 174.000000 14.000000
699.000000 175.000000 14.000000
788.000000 175.000000 13.000000
810.000000 175.000000 14.000000
961.000000 175.000000 14.000000
981.000000 175.000000 15.000000
1008.000000 175.000000 14.000000
1027.000000 175.000000 12.000000
1046.000000 175.000000 14.000000
664.000000 176.000000 13.000000
680.000000 176.000000 11.000000
712.000000 176.000000 17.000000
1071.000000 176.000000 13.000000
760.000000 177.000000 18.000000
832.000000 177.000000 11.000000
918.000000 177.000000 17.000000
938.000000 177.000000 14.000000
337.000000 178.000000 14.000000
642.000000 178.000000 12.000000
847.000000 178.000000 11.000000
864.000000 178.000000 14.000000
896.000000 178.000000 7.000000
1091.000000 178.000000 17.000000
474.000000 179.000000 15.000000
505.000000 179.000000 17.000000
541.000000 179.000000 12.000000
567.000000 179.000000 17.000000
609.000000 179.000000 14.000000
623.000000 179.000000 11.000000
884.000000 179.000000 11.000000
146.000000 180.000000 14.000000
358.000000 180.000000 14.000000
378.000000 180.000000 14.000000
404.000000 180.000000 15.000000
424.000000 180.000000 11.000000
453.000000 180.000000 11.000000
495.000000 180.000000 17.000000
165.000000 181.000000 14.000000
215.000000 181.000000 14.000000
241.000000 181.000000 16.000000
268.000000 181.000000 16.000000
319.000000 181.000000 12.000000
437.000000 181.000000 11.000000
191.000000 182.000000 15.000000
295.000000 182.000000 15.000000
522.000000 182.000000 13.000000
591.000000 182.000000 14.000000
714.000000 206.000000 11.000000
420.000000 207.000000 15.000000
664.000000 207.000000 18.000000
725.000000 207.000000 19.000000
741.000000 207.000000 14.000000
812.000000 207.000000 11.000000
949.000000 207.000000 11.000000
995.000000 207.000000 14.000000
1018.000000 207.000000 14.000000
1045.000000 207.000000 17.000000
535.000000 208.000000 15.000000
563.000000 208.000000 17.000000
600.000000 208.000000 13.000000
755.000000 208.000000 14.000000
776.000000 208.000000 14.000000
795.000000 208.000000 11.000000
829.000000 208.000000 11.000000
845.000000 208.000000 11.000000
860.000000 208.000000 11.000000
874.000000 208.000000 11.000000
886.000000 208.000000 9.000000
900.000000 208.000000 9.000000
962.000000 208.000000 7.000000
975.000000 208.000000 11.000000
363.000000 209.000000 14.000000
469.000000 209.000000 14.000000
620.000000 209.000000 13.000000
697.000000 209.000000 17.000000
1088.000000 209.000000 14.000000
342.000000 210.000000 13.000000
391.000000 210.000000 17.000000
447.000000 210.000000 14.000000
491.000000 210.000000 15.000000
576.000000 210.000000 16.000000
1067.000000 210.000000 14.000000
322.000000 211.000000 14.000000
643.000000 211.000000 16.000000
930.000000 211.000000 15.000000
171.000000 212.000000 13.000000
200.000000 212.000000 18.000000
228.000000 212.000000 15.000000
303.000000 212.000000 13.000000
514.000000 212.000000 14.000000
252.000000 214.000000 14.000000
281.000000 214.000000 18.000000
150.000000 215.000000 17.000000
414.000000 237.000000 15.000000
391.000000 239.000000 11.000000
480.000000 239.000000 11.000000
664.000000 239.000000 15.000000
736.000000 239.000000 17.000000
788.000000 239.000000 14.000000
359.000000 240.000000 11.000000
375.000000 240.000000 11.000000
435.000000 240.000000 14.000000
462.000000 240.000000 17.000000
495.000000 240.000000 14.000000
637.000000 240.000000 16.000000
711.000000 240.000000 14.000000
768.000000 240.000000 14.000000
827.000000 240.000000 11.000000
1062.000000 240.000000 16.000000
1088.000000 240.000000 16.000000
347.000000 241.000000 20.000000
517.000000 241.000000 14.000000
690.000000 241.000000 14.000000
757.000000 241.000000 20.000000
850.000000 241.000000 17.000000
986.000000 241.000000 17.000000
1015.000000 241.000000 14.000000
1038.000000 241.000000 15.000000
538.000000 242.000000 14.000000
811.000000 242.000000 14.000000
873.000000 242.000000 20.000000
905.000000 242.000000 17.000000
961.000000 242.000000 15.000000
325.000000 243.000000 14.000000
561.000000 243.000000 16.000000
889.000000 243.000000 7.000000
217.000000 244.000000 21.000000
591.000000 244.000000 17.000000
617.000000 244.000000 14.000000
939.000000 244.000000 17.000000
250.000000 245.000000 14.000000
270.000000 245.000000 14.000000
295.000000 245.000000 17.000000
149.000000 246.000000 17.000000
171.000000 247.000000 16.000000
197.000000 247.000000 16.000000
887.000000 269.000000 15.000000
916.000000 269.000000 15.000000
948.000000 269.000000 17.000000
968.000000 269.000000 14.000000
414.000000 270.000000 14.000000
780.000000 270.000000 19.000000
864.000000 270.000000 12.000000
995.000000 270.000000 14.000000
1041.000000 270.000000 11.000000
450.000000 271.000000 7.000000
640.000000 271.000000 13.000000
764.000000 271.000000 11.000000
807.000000 271.000000 17.000000
837.000000 271.000000 17.000000
1022.000000 271.000000 14.000000
1055.000000 271.000000 11.000000
1080.000000 271.000000 19.000000
392.000000 272.000000 15.000000
433.000000 272.000000 12.000000
461.000000 272.000000 18.000000
485.000000 272.000000 17.000000
620.000000 272.000000 11.000000
663.000000 272.000000 14.000000
354.000000 273.000000 14.000000
370.000000 273.000000 14.000000
524.000000 273.000000 12.000000
571.000000 273.000000 17.000000
684.000000 273.000000 14.000000
723.000000 273.000000 14.000000
746.000000 273.000000 14.000000
506.000000 274.000000 14.000000
542.000000 274.000000 14.000000
594.000000 274.000000 16.000000
697.000000 275.000000 7.000000
271.000000 276.000000 14.000000
316.000000 276.000000 14.000000
335.000000 276.000000 14.000000
292.000000 277.000000 14.000000
170.000000 278.000000 13.000000
187.000000 278.000000 14.000000
228.000000 278.000000 14.000000
208.000000 279.000000 14.000000
249.000000 279.000000 14.000000
151.000000 281.000000 21.000000
611.000000 299.000000 13.000000
871.000000 300.000000 11.000000
890.000000 300.000000 13.000000
407.000000 301.000000 16.000000
430.000000 301.000000 16.000000
461.000000 301.000000 16.000000
852.000000 301.000000 14.000000
1046.000000 301.000000 17.000000
543.000000 302.000000 16.000000
570.000000 302.000000 14.000000
591.000000 302.000000 14.000000
632.000000 302.000000 14.000000
673.000000 302.000000 13.000000
727.000000 302.000000 14.000000
750.000000 302.000000 14.000000
770.000000 302.000000 13.000000
785.000000 302.000000 17.000000
830.000000 302.000000 17.000000
954.000000 302.000000 14.000000
999.000000 302.000000 14.000000
654.000000 303.000000 14.000000
696.000000 303.000000 17.000000
910.000000 303.000000 14.000000
932.000000 303.000000 14.000000
978.000000 303.000000 17.000000
1021.000000 303.000000 14.000000
1067.000000 303.000000 14.000000
1085.000000 303.000000 11.000000
1118.000000 303.000000 17.000000
361.000000 304.000000 14.000000
484.000000 304.000000 17.000000
515.000000 304.000000 17.000000
1099.000000 304.000000 17.000000
383.000000 305.000000 14.000000
805.000000 305.000000 14.000000
341.000000 307.000000 10.000000
275.000000 308.000000 14.000000
296.000000 308.000000 19.000000
308.000000 308.000000 11.000000
324.000000 308.000000 12.000000
232.000000 311.000000 21.000000
254.000000 311.000000 14.000000
203.000000 312.000000 20.000000
220.000000 312.000000 23.000000
190.000000 313.000000 22.000000
175.000000 314.000000 21.000000
150.000000 315.000000 17.000000
527.000000 332.000000 16.000000
551.000000 332.000000 11.000000
569.000000 332.000000 13.000000
661.000000 332.000000 18.000000
632.000000 333.000000 17.000000
733.000000 333.000000 17.000000
500.000000 334.000000 17.000000
593.000000 334.000000 17.000000
710.000000 334.000000 12.000000
764.000000 334.000000 17.000000
1098.000000 334.000000 17.000000
421.000000 335.000000 14.000000
446.000000 335.000000 17.000000
474.000000 335.000000 14.000000
791.000000 335.000000 14.000000
818.000000 335.000000 16.000000
899.000000 335.000000 16.000000
1013.000000 335.000000 19.000000
1029.000000 335.000000 13.000000
1083.000000 335.000000 17.000000
691.000000 336.000000 14.000000
844.000000 336.000000 15.000000
873.000000 336.000000 15.000000
988.000000 336.000000 11.000000
399.000000 337.000000 14.000000
1053.000000 337.000000 17.000000
377.000000 338.000000 14.000000
970.000000 338.000000 13.000000
341.000000 339.000000 11.000000
924.000000 339.000000 17.000000
286.000000 340.000000 20.000000
320.000000 340.000000 14.000000
362.000000 340.000000 7.000000
258.000000 341.000000 15.000000
950.000000 341.000000 14.000000
213.000000 344.000000 13.000000
147.000000 346.000000 14.000000
165.000000 346.000000 11.000000
180.000000 346.000000 11.000000
194.000000 346.000000 11.000000
235.000000 346.000000 14.000000
525.000000 363.000000 17.000000
652.000000 363.000000 17.000000
671.000000 363.000000 10.000000
692.000000 363.000000 14.000000
716.000000 363.000000 16.000000
497.000000 364.000000 14.000000
555.000000 364.000000 18.000000
592.000000 364.000000 20.000000
621.000000 364.000000 17.000000
786.000000 364.000000 18.000000
738.000000 365.000000 14.000000
760.000000 365.000000 12.000000
452.000000 366.000000 16.000000
474.000000 366.000000 14.000000
816.000000 367.000000 17.000000
853.000000 368.000000 17.000000
912.000000 368.000000 18.000000
1016.000000 368.000000 17.000000
1036.000000 368.000000 14.000000
877.000000 369.000000 11.000000
890.000000 369.000000 7.000000
926.000000 369.000000 7.000000
941.000000 369.000000 17.000000
971.000000 369.000000 15.000000
1050.000000 369.000000 9.000000
1092.000000 369.000000 18.000000
991.000000 370.000000 11.000000
384.000000 371.000000 13.000000
426.000000 371.000000 14.000000
1066.000000 371.000000 12.000000
307.000000 372.000000 13.000000
325.000000 372.000000 11.000000
346.000000 372.000000 17.000000
367.000000 372.000000 13.000000
208.000000 373.000000 14.000000
405.000000 373.000000 14.000000
155.000000 374.000000 16.000000
255.000000 374.000000 14.000000
180.000000 375.000000 16.000000
271.000000 375.000000 11.000000
96.000000 377.000000 30.000000
289.000000 377.000000 14.000000
230.000000 378.000000 14.000000
1150.000000 391.000000 17.000000
655.000000 393.000000 14.000000
1127.000000 393.000000 16.000000
703.000000 394.000000 17.000000
678.000000 395.000000 14.000000
729.000000 395.000000 14.000000
747.000000 395.000000 14.000000
779.000000 395.000000 21.000000
804.000000 395.000000 19.000000
836.000000 396.000000 14.000000
858.000000 396.000000 15.000000
947.000000 396.000000 11.000000
1084.000000 396.000000 14.000000
449.000000 397.000000 17.000000
531.000000 397.000000 22.000000
584.000000 397.000000 11.000000
634.000000 397.000000 13.000000
908.000000 397.000000 14.000000
931.000000 397.000000 14.000000
966.000000 397.000000 11.000000
981.000000 397.000000 14.000000
1001.000000 397.000000 14.000000
518.000000 398.000000 11.000000
570.000000 398.000000 7.000000
881.000000 398.000000 17.000000
1023.000000 398.000000 11.000000
1061.000000 398.000000 17.000000
1105.000000 399.000000 14.000000
559.000000 400.000000 19.000000
1036.000000 400.000000 9.000000
431.000000 401.000000 17.000000
481.000000 401.000000 19.000000
612.000000 401.000000 21.000000
363.000000 402.000000 11.000000
397.000000 403.000000 7.000000
408.000000 403.000000 17.000000
503.000000 403.000000 14.000000
342.000000 404.000000 16.000000
378.000000 404.000000 7.000000
182.000000 405.000000 17.000000
289.000000 405.000000 20.000000
152.000000 406.000000 20.000000
317.000000 406.000000 14.000000
201.000000 407.000000 17.000000
260.000000 407.000000 14.000000
228.000000 408.000000 21.000000
