0.235219 0.057851 0.017165
0.190083 0.061030 0.030515
0.173554 0.064844 0.028608
0.769231 0.095359 0.010807
0.797203 0.095359 0.019708
0.819453 0.095359 0.015257
0.754609 0.095995 0.010807
0.736173 0.097266 0.017165
0.783217 0.097266 0.006357
0.845518 0.097266 0.019708
0.534647 0.098538 0.026701
0.589320 0.099174 0.024158
0.230769 0.100445 0.013986
0.250477 0.100445 0.010807
0.272727 0.100445 0.017800
0.329943 0.100445 0.017800
0.435474 0.100445 0.017800
0.518118 0.100445 0.013350
0.619199 0.100445 0.017800
0.354736 0.101081 0.015257
0.475524 0.101081 0.015257
0.499682 0.101081 0.013350
0.303242 0.101716 0.019708
0.455181 0.101716 0.013350
0.709472 0.101716 0.013350
0.162746 0.102352 0.020979
0.380165 0.102352 0.017800
0.408773 0.102352 0.017800
0.647807 0.102352 0.017800
0.673236 0.102352 0.015257
0.692943 0.102352 0.013350
0.213605 0.102988 0.008900
0.170375 0.103624 0.019708
0.201526 0.103624 0.020979
0.575969 0.136682 0.031786
0.437381 0.137317 0.017800
0.432931 0.138589 0.019708
0.460903 0.138589 0.015257
0.712015 0.138589 0.021615
0.821360 0.138589 0.017800
0.703751 0.139224 0.019708
0.738080 0.139224 0.019072
0.600127 0.139860 0.013350
0.561983 0.140496 0.026065
0.680229 0.140496 0.019708
0.764781 0.140496 0.017800
0.790210 0.140496 0.019708
0.844882 0.140496 0.021615
0.509218 0.141132 0.019708
0.621742 0.141767 0.013350
0.652257 0.141767 0.013350
0.484425 0.142403 0.015257
0.636364 0.142403 0.008900
0.397966 0.143675 0.024158
0.410680 0.144310 0.025429
0.531469 0.144310 0.015257
0.343929 0.144946 0.021615
0.372537 0.145582 0.017800
0.167196 0.146217 0.019708
0.195168 0.146853 0.019708
0.225048 0.146853 0.019708
0.247934 0.146853 0.013350
0.268277 0.147489 0.015257
0.293706 0.147489 0.021615
0.307057 0.148125 0.024158
0.690401 0.181182 0.022886
0.809917 0.181182 0.013350
0.830261 0.181182 0.014622
0.853147 0.181818 0.017800
0.641449 0.183090 0.008900
0.719008 0.183090 0.017800
0.758423 0.183090 0.010807
0.595677 0.183725 0.022886
0.616020 0.183725 0.019708
0.777495 0.183725 0.013350
0.793388 0.183725 0.008900
0.658614 0.184361 0.013350
0.675779 0.184361 0.008900
0.744437 0.184361 0.021615
0.626192 0.185633 0.010807
0.426573 0.186268 0.015257
0.448188 0.186268 0.028608
0.462810 0.186268 0.026065
0.488875 0.186268 0.022886
0.504132 0.186268 0.010807
0.523840 0.186268 0.025429
0.554990 0.186268 0.024158
0.564526 0.186268 0.019072
0.534011 0.186904 0.024158
0.408773 0.187540 0.013350
0.263827 0.188175 0.019072
0.324857 0.188175 0.023522
0.356008 0.188175 0.010807
0.371901 0.188175 0.010807
0.289892 0.188811 0.020979
0.387158 0.188811 0.023522
0.233312 0.189447 0.017800
0.167832 0.190083 0.028608
0.187540 0.190083 0.013350
0.340114 0.190083 0.008900
0.207247 0.190718 0.015257
0.851240 0.219962 0.017800
0.720280 0.221233 0.017800
0.600763 0.221869 0.010807
0.669421 0.221869 0.010807
0.808010 0.221869 0.026065
0.830261 0.221869 0.015257
0.689765 0.222505 0.017800
0.746980 0.222505 0.017800
0.771774 0.222505 0.015257
0.650350 0.223140 0.015257
0.795931 0.223140 0.021615
0.551176 0.223776 0.013350
0.570884 0.223776 0.024158
0.583598 0.224412 0.024158
0.626192 0.224412 0.020343
0.479339 0.225683 0.026065
0.390973 0.226955 0.013350
0.450095 0.226955 0.008900
0.468531 0.227591 0.022886
0.497139 0.227591 0.012715
0.514304 0.227591 0.008900
0.336300 0.228226 0.019708
0.405594 0.228226 0.006993
0.420216 0.228862 0.010807
0.525747 0.228862 0.020343
0.357279 0.229498 0.010807
0.369358 0.229498 0.024158
0.275270 0.230134 0.013350
0.438652 0.230134 0.019708
0.481246 0.230134 0.006993
0.230134 0.230769 0.019708
0.255563 0.230769 0.015257
0.298156 0.230769 0.019072
0.167196 0.234584 0.022886
0.199619 0.234584 0.015257
0.183090 0.235219 0.008900
0.853147 0.260013 0.028608
0.834711 0.261284 0.015257
0.706294 0.261920 0.013350
0.729816 0.261920 0.019072
0.771138 0.261920 0.008900
0.812460 0.261920 0.017800
0.668150 0.262556 0.015257
0.787031 0.262556 0.013350
0.688493 0.263191 0.015257
0.757788 0.263191 0.010807
0.614113 0.264463 0.006993
0.595677 0.265099 0.024158
0.627463 0.265099 0.013350
0.645264 0.265099 0.013350
0.604577 0.265734 0.017800
0.575334 0.266370 0.015257
0.699301 0.266370 0.004450
0.334393 0.268277 0.027972
0.527654 0.268277 0.013350
0.546726 0.268277 0.021615
0.558169 0.268913 0.008900
0.368722 0.270184 0.008900
0.353465 0.270820 0.010807
0.432931 0.270820 0.020979
0.481246 0.270820 0.013350
0.306421 0.271456 0.021615
0.408773 0.271456 0.017800
0.462174 0.272092 0.013350
0.501589 0.272092 0.017800
0.273363 0.272727 0.024158
0.352829 0.273999 0.010807
0.385251 0.273999 0.013350
0.165925 0.277177 0.024158
0.197711 0.277177 0.010807
0.223140 0.277177 0.022886
0.182454 0.278449 0.010807
0.238398 0.278449 0.010807
0.766052 0.305149 0.015257
0.739987 0.305785 0.015257
0.806103 0.305785 0.010807
0.820725 0.305785 0.010807
0.838525 0.305785 0.024158
0.787667 0.306421 0.013350
0.692308 0.307057 0.013350
0.710744 0.307057 0.010807
0.722187 0.307057 0.008900
0.851240 0.307057 0.023522
0.636364 0.307692 0.026065
0.656071 0.307692 0.013350
0.624921 0.308328 0.021615
0.673236 0.308328 0.010807
0.553719 0.308964 0.021615
0.580420 0.308964 0.017800
0.437381 0.310235 0.021615
0.505404 0.310871 0.019708
0.603942 0.310871 0.013350
0.343293 0.311507 0.008900
0.455181 0.311507 0.010807
0.475524 0.312142 0.017800
0.361093 0.312778 0.015257
0.386523 0.313414 0.015257
0.409409 0.314685 0.017800
0.328036 0.315321 0.021615
0.302606 0.317228 0.013350
0.343293 0.317864 0.008900
0.163382 0.318500 0.019708
0.186904 0.318500 0.013350
0.271456 0.318500 0.013350
0.288620 0.318500 0.010807
0.246662 0.319771 0.017800
0.207883 0.321043 0.013350
0.223140 0.321678 0.008900
0.798474 0.343293 0.017800
0.828353 0.345200 0.021615
0.631278 0.346472 0.024158
0.734266 0.346472 0.013350
0.618563 0.347107 0.010807
0.755245 0.347743 0.013350
0.600127 0.348379 0.024158
0.652893 0.348379 0.015257
0.777495 0.348379 0.015257
0.520025 0.349015 0.019072
0.547997 0.349015 0.015257
0.587413 0.349015 0.024158
0.697394 0.349015 0.013350
0.715194 0.349015 0.010807
0.847425 0.349015 0.008900
0.567705 0.349650 0.026065
0.675143 0.350922 0.013350
0.492053 0.352829 0.017800
0.519390 0.353465 0.017800
0.465353 0.354100 0.017165
0.304514 0.356008 0.028608
0.319135 0.356643 0.021615
0.343929 0.356643 0.013350
0.380165 0.356643 0.013350
0.361093 0.357279 0.010807
0.408773 0.357279 0.019708
0.404959 0.357915 0.019708
0.436745 0.357915 0.017800
0.206612 0.359186 0.013350
0.166561 0.359822 0.028608
0.250477 0.359822 0.013350
0.300699 0.359822 0.008900
0.287349 0.360458 0.026065
0.270184 0.361093 0.013350
0.226955 0.361729 0.015257
0.187540 0.362365 0.013350
0.774317 0.385887 0.017165
0.834075 0.385887 0.010807
0.799746 0.386523 0.015257
0.818818 0.386523 0.008900
0.851875 0.387158 0.013350
0.749523 0.387794 0.015257
0.728544 0.388430 0.017800
0.664336 0.389701 0.015257
0.691672 0.389701 0.022886
0.547997 0.390973 0.021615
0.557533 0.391608 0.024158
0.580420 0.392244 0.015257
0.642721 0.392244 0.017800
0.603306 0.392880 0.030515
0.617292 0.392880 0.026065
0.518754 0.393516 0.017800
0.493325 0.394151 0.015257
0.471074 0.394787 0.015257
0.416402 0.396058 0.013350
0.447552 0.396058 0.013350
0.431024 0.397966 0.008900
0.395423 0.399237 0.013350
0.329307 0.399873 0.015257
0.351558 0.401144 0.015257
0.375079 0.401144 0.013350
0.179911 0.403051 0.008900
0.164654 0.403687 0.024158
0.310235 0.403687 0.019708
0.197076 0.404959 0.013350
0.278449 0.404959 0.019708
0.215512 0.405594 0.013350
0.233312 0.405594 0.010807
0.247934 0.406230 0.025429
0.304514 0.406230 0.015257
