247 255
285 290
280 288
100 101
92 97
140 146
73 74
133 134
3 6
392 394
376 377
384 390
144 152
74 75
114 120
373 380
106 125
15 16
47 48
107 108
347 355
335 353
398 400
118 126
199 200
358 373
239 245
80 81
121 128
100 105
251 265
380 388
310 314
351 352
221 224
213 220
192 197
313 316
324 325
173 174
295 298
384 385
154 170
177 180
47 52
298 299
147 148
269 272
191 200
240 241
364 365
332 342
294 297
195 202
235 238
198 207
306 307
157 175
188 190
390 395
113 114
153 159
132 136
54 55
205 215
293 309
146 156
154 169
87 88
65 69
227 229
17 29
76 78
120 121
139 143
371 377
209 217
29 30
139 152
21 26
61 62
272 273
312 318
101 116
213 214
94 95
305 306
35 36
246 247
386 388
198 206
28 42
128 129
201 217
260 266
393 396
153 158
31 43
234 241
253 254
205 214
183 186
345 346
374 382
43 44
32 44
275 287
286 287
116 123
346 347
378 379
227 228
76 77
300 307
117 124
356 369
168 169
27 41
160 165
268 274
341 353
360 366
401 404
261 262
326 337
24 35
294 295
286 291
245 250
38 46
378 383
49 55
157 164
268 269
341 348
182 184
263 267
183 185
231 234
105 122
145 158
375 382
49 50
248 259
89 95
356 359
348 355
389 393
340 351
201 202
249 251
82 83
333 339
222 224
363 367
175 176
215 221
16 21
56 57
167 168
57 58
89 90
300 301
149 150
90 91
27 53
219 223
12 19
141 142
271 279
141 151
104 111
123 124
326 331
115 129
196 203
193 197
248 249
18 34
329 332
189 190
340 350
230 237
270 273
11 22
281 282
119 131
333 338
203 210
381 387
4 19
274 279
204 211
344 352
407 408
118 125
199 208
299 304
189 194
63 64
71 77
148 162
240 254
211 218
25 37
104 110
155 161
45 51
85 87
137 143
7 15
226 230
18 24
70 71
26 46
350 354
406 407
130 131
178 180
0 3
207 216
358 385
63 68
184 187
232 236
163 164
292 296
255 256
284 301
103 109
225 233
155 156
288 289
137 138
96 97
159 171
40 52
132 135
111 112
402 404
162 163
144 145
225 228
236 237
195 196
357 365
7 14
258 261
320 330
339 343
92 103
399 403
232 235
102 107
321 322
243 244
181 409
364 372
357 360
276 283
36 45
135 405
99 110
328 329
2 6
140 147
161 179
361 362
313 322
361 371
246 250
394 395
106 117
335 336
319 328
398 401
98 109
280 284
80 82
10 14
334 349
275 281
265 267
17 22
58 59
191 192
150 151
242 243
2 5
293 297
13 20
32 33
102 119
231 242
165 166
397 400
323 325
367 368
127 130
264 266
65 66
276 277
308 309
327 331
319 327
98 99
330 342
312 315
39 40
282 283
172 173
91 96
72 73
64 69
375 376
359 368
256 257
316 317
79 81
257 258
289 290
149 176
42 50
260 263
271 278
1 8
334 343
252 264
315 320
38 39
86 88
9 12
68 70
389 391
8 25
160 171
349 354
381 386
60 62
23 31
75 78
314 323
204 210
212 223
296 302
37 51
208 216
186 188
238 244
370 372
4 13
112 113
212 218
53 54
374 387
226 229
318 321
259 262
362 363
41 48
134 136
182 185
23 30
311 317
115 122
93 94
304 305
174 177
336 337
396 397
277 278
285 291
126 127
369 370
170 179
310 311
402 403
219 220
303 308
252 253
344 345
193 194
206 222
59 60
167 178
0 10
11 28
33 34
292 303
392 399
66 67
166 172
