0.206400 0.027200 0.000005
0.243200 0.028000 0.000004
0.255200 0.028000 0.000007
0.264000 0.028000 0.000004
0.275200 0.028000 0.000004
0.284000 0.028000 0.000004
0.506400 0.028000 0.000003
0.519200 0.028000 0.000004
0.557600 0.028000 0.000004
0.571200 0.028000 0.000004
0.601600 0.028000 0.000004
0.228000 0.028800 0.000004
0.296800 0.028800 0.000003
0.480000 0.028800 0.000004
0.532000 0.028800 0.000004
0.620000 0.028800 0.000002
0.308800 0.029600 0.000002
0.318400 0.029600 0.000004
0.332800 0.029600 0.000004
0.372800 0.029600 0.000004
0.388000 0.029600 0.000004
0.427200 0.029600 0.000004
0.447200 0.029600 0.000002
0.464000 0.029600 0.000003
0.493600 0.029600 0.000004
0.547200 0.029600 0.000004
0.583200 0.029600 0.000007
0.357600 0.030400 0.000004
0.344800 0.031200 0.000004
0.414400 0.031200 0.000004
0.404800 0.032800 0.000005
0.165600 0.054400 0.000004
0.191200 0.054400 0.000008
0.132800 0.055200 0.000010
0.149600 0.055200 0.000004
0.179200 0.055200 0.000004
0.032000 0.084000 0.000006
0.068800 0.084800 0.000004
0.081600 0.084800 0.000004
0.099200 0.085600 0.000005
0.052800 0.086400 0.000004
0.200000 0.089600 0.000004
0.175200 0.090400 0.000007
0.214400 0.090400 0.000005
0.236000 0.090400 0.000004
0.126400 0.091200 0.000006
0.152800 0.091200 0.000005
0.252800 0.092000 0.000008
0.264000 0.092800 0.000004
0.279200 0.093600 0.000004
0.294400 0.093600 0.000004
0.310400 0.093600 0.000004
0.324800 0.093600 0.000002
0.347200 0.093600 0.000007
0.357600 0.093600 0.000004
0.372800 0.094400 0.000004
0.415200 0.094400 0.000004
0.431200 0.095200 0.000004
0.448000 0.095200 0.000004
0.460000 0.095200 0.000004
0.477600 0.095200 0.000002
0.488000 0.095200 0.000004
0.655200 0.095200 0.000007
0.391200 0.096000 0.000004
0.404000 0.096000 0.000003
0.507200 0.096000 0.000005
0.568000 0.096000 0.000005
0.580800 0.096000 0.000004
0.670400 0.096000 0.000005
0.880000 0.096000 0.000002
0.521600 0.096800 0.000004
0.551200 0.096800 0.000005
0.596800 0.096800 0.000004
0.606400 0.096800 0.000002
0.618400 0.096800 0.000002
0.627200 0.096800 0.000003
0.687200 0.096800 0.000005
0.696000 0.096800 0.000002
0.705600 0.096800 0.000003
0.733600 0.096800 0.000004
0.827200 0.096800 0.000005
0.844000 0.096800 0.000004
0.869600 0.096800 0.000004
0.533600 0.097600 0.000004
0.717600 0.097600 0.000004
0.748800 0.097600 0.000004
0.765600 0.097600 0.000004
0.777600 0.097600 0.000002
0.804800 0.097600 0.000004
0.893600 0.097600 0.000004
0.856000 0.098400 0.000004
0.231200 0.106400 0.000003
0.932000 0.118400 0.000004
0.947200 0.118400 0.000004
0.910400 0.119200 0.000004
0.921600 0.120000 0.000004
0.023200 0.120800 0.000005
0.040800 0.120800 0.000005
0.128800 0.120800 0.000004
0.143200 0.120800 0.000004
0.155200 0.120800 0.000004
0.187200 0.120800 0.000004
0.204800 0.121600 0.000004
0.257600 0.121600 0.000008
0.890400 0.121600 0.000003
0.899200 0.121600 0.000007
0.056800 0.122400 0.000005
0.066400 0.122400 0.000004
0.079200 0.122400 0.000004
0.171200 0.122400 0.000004
0.095200 0.123200 0.000004
0.109600 0.123200 0.000004
0.220000 0.123200 0.000005
0.236800 0.123200 0.000005
0.274400 0.123200 0.000004
0.312000 0.123200 0.000005
0.347200 0.123200 0.000004
0.522400 0.123200 0.000005
0.795200 0.123200 0.000005
0.813600 0.123200 0.000005
0.867200 0.123200 0.000007
0.290400 0.124000 0.000004
0.329600 0.124000 0.000004
0.365600 0.124000 0.000005
0.504800 0.124000 0.000004
0.681600 0.124000 0.000005
0.852000 0.124000 0.000004
0.381600 0.124800 0.000004
0.442400 0.124800 0.000004
0.474400 0.124800 0.000004
0.488800 0.124800 0.000004
0.540000 0.124800 0.000004
0.600800 0.124800 0.000005
0.720800 0.124800 0.000005
0.740000 0.124800 0.000004
0.755200 0.124800 0.000004
0.772800 0.124800 0.000002
0.833600 0.124800 0.000005
0.428800 0.125600 0.000007
0.457600 0.125600 0.000004
0.580800 0.125600 0.000007
0.700800 0.125600 0.000004
0.409600 0.126400 0.000004
0.556000 0.126400 0.000005
0.660800 0.126400 0.000004
0.620800 0.127200 0.000007
0.644000 0.128000 0.000007
0.396000 0.128800 0.000004
0.772800 0.138400 0.000003
0.024800 0.139200 0.000004
0.040800 0.140800 0.000004
0.060000 0.140800 0.000004
0.088800 0.140800 0.000004
0.102400 0.140800 0.000003
0.112800 0.140800 0.000003
0.076000 0.141600 0.000004
0.757600 0.141600 0.000003
0.160800 0.149600 0.000004
0.145600 0.150400 0.000005
0.172000 0.150400 0.000007
0.128000 0.151200 0.000005
0.188000 0.151200 0.000005
0.209600 0.151200 0.000005
0.248000 0.151200 0.000004
0.264000 0.151200 0.000004
0.280800 0.151200 0.000006
0.440000 0.151200 0.000008
0.487200 0.151200 0.000007
0.232000 0.152000 0.000005
0.304800 0.152000 0.000004
0.420000 0.152000 0.000005
0.452800 0.152000 0.000008
0.470400 0.152000 0.000005
0.692800 0.152000 0.000005
0.855200 0.152000 0.000004
0.323200 0.152800 0.000005
0.624000 0.152800 0.000004
0.866400 0.152800 0.000007
0.541600 0.153600 0.000004
0.720000 0.153600 0.000006
0.741600 0.153600 0.000005
0.780000 0.153600 0.000004
0.796000 0.153600 0.000004
0.825600 0.153600 0.000004
0.842400 0.153600 0.000004
0.340000 0.154400 0.000004
0.379200 0.154400 0.000004
0.512000 0.154400 0.000005
0.530400 0.154400 0.000007
0.556800 0.154400 0.000005
0.580000 0.154400 0.000005
0.601600 0.154400 0.000005
0.635200 0.154400 0.000004
0.654400 0.154400 0.000005
0.672800 0.154400 0.000005
0.763200 0.154400 0.000004
0.810400 0.154400 0.000004
0.368000 0.155200 0.000004
0.398400 0.155200 0.000005
0.354400 0.156000 0.000004
0.326400 0.179200 0.000005
0.346400 0.179200 0.000005
0.152800 0.180000 0.000006
0.257600 0.180000 0.000007
0.268000 0.180000 0.000008
0.510400 0.180000 0.000005
0.628800 0.180000 0.000007
0.132000 0.180800 0.000005
0.241600 0.180800 0.000005
0.285600 0.180800 0.000005
0.308800 0.180800 0.000005
0.616800 0.180800 0.000004
0.812000 0.180800 0.000004
0.175200 0.181600 0.000005
0.198400 0.181600 0.000006
0.222400 0.181600 0.000005
0.532800 0.181600 0.000005
0.656800 0.181600 0.000007
0.828800 0.181600 0.000004
0.370400 0.182400 0.000005
0.386400 0.182400 0.000002
0.409600 0.182400 0.000004
0.449600 0.182400 0.000004
0.467200 0.182400 0.000004
0.485600 0.182400 0.000005
0.586400 0.182400 0.000004
0.603200 0.182400 0.000004
0.673600 0.182400 0.000004
0.719200 0.182400 0.000004
0.745600 0.182400 0.000002
0.758400 0.182400 0.000004
0.768800 0.182400 0.000005
0.785600 0.182400 0.000003
0.396800 0.183200 0.000003
0.423200 0.183200 0.000004
0.551200 0.183200 0.000006
0.736000 0.183200 0.000006
0.796000 0.183200 0.000004
0.868800 0.183200 0.000007
0.573600 0.184000 0.000004
0.689600 0.184000 0.000004
0.840000 0.184000 0.000002
0.704000 0.185600 0.000004
0.855200 0.186400 0.000004
0.754400 0.196800 0.000002
0.877600 0.201600 0.000003
0.135200 0.208800 0.000006
0.313600 0.208800 0.000007
0.367200 0.208800 0.000004
0.667200 0.208800 0.000005
0.704800 0.208800 0.000004
0.791200 0.208800 0.000004
0.840800 0.208800 0.000004
0.856800 0.208800 0.000006
0.155200 0.209600 0.000005
0.268000 0.209600 0.000005
0.353600 0.209600 0.000004
0.423200 0.209600 0.000004
0.440800 0.209600 0.000004
0.457600 0.209600 0.000004
0.472800 0.209600 0.000004
0.489600 0.209600 0.000004
0.626400 0.209600 0.000005
0.644800 0.209600 0.000005
0.692000 0.209600 0.000005
0.724800 0.209600 0.000004
0.760800 0.209600 0.000005
0.779200 0.209600 0.000004
0.802400 0.209600 0.000007
0.822400 0.209600 0.000004
0.175200 0.210400 0.000005
0.248000 0.210400 0.000005
0.286400 0.210400 0.000007
0.336000 0.210400 0.000005
0.381600 0.210400 0.000004
0.401600 0.210400 0.000005
0.507200 0.210400 0.000007
0.607200 0.210400 0.000005
0.743200 0.210400 0.000004
0.194400 0.211200 0.000004
0.556000 0.211200 0.000004
0.568800 0.211200 0.000005
0.589600 0.211200 0.000004
0.210400 0.212000 0.000005
0.232800 0.212000 0.000007
0.536000 0.212000 0.000006
0.490400 0.223200 0.000003
0.476000 0.224000 0.000003
0.335200 0.226400 0.000002
0.676000 0.237600 0.000005
0.694400 0.237600 0.000005
0.791200 0.237600 0.000004
0.638400 0.238400 0.000002
0.647200 0.238400 0.000002
0.713600 0.238400 0.000006
0.136800 0.239200 0.000007
0.156000 0.239200 0.000007
0.278400 0.239200 0.000005
0.411200 0.239200 0.000006
0.500000 0.239200 0.000007
0.588800 0.239200 0.000005
0.659200 0.239200 0.000004
0.736800 0.239200 0.000004
0.768800 0.239200 0.000007
0.808000 0.239200 0.000005
0.844000 0.239200 0.000004
0.238400 0.240000 0.000007
0.248000 0.240000 0.000004
0.262400 0.240000 0.000004
0.300800 0.240000 0.000004
0.313600 0.240000 0.000004
0.324800 0.240000 0.000004
0.339200 0.240000 0.000005
0.358400 0.240000 0.000004
0.374400 0.240000 0.000004
0.392000 0.240000 0.000004
0.436800 0.240000 0.000005
0.456000 0.240000 0.000005
0.531200 0.240000 0.000005
0.548800 0.240000 0.000005
0.568800 0.240000 0.000005
0.609600 0.240000 0.000005
0.628000 0.240000 0.000006
0.753600 0.240000 0.000004
0.828800 0.240000 0.000004
0.475200 0.240800 0.000004
0.861600 0.240800 0.000005
0.185600 0.241600 0.000005
0.221600 0.241600 0.000004
0.205600 0.242400 0.000004
0.436800 0.267200 0.000005
0.473600 0.267200 0.000004
0.533600 0.267200 0.000006
0.779200 0.267200 0.000005
0.796000 0.267200 0.000004
0.816800 0.267200 0.000005
0.353600 0.268000 0.000004
0.371200 0.268000 0.000004
0.456800 0.268000 0.000005
0.509600 0.268000 0.000005
0.544000 0.268000 0.000002
0.553600 0.268000 0.000007
0.566400 0.268000 0.000007
0.587200 0.268000 0.000007
0.644000 0.268000 0.000007
0.835200 0.268000 0.000004
0.164000 0.268800 0.000005
0.202400 0.268800 0.000007
0.266400 0.268800 0.000005
0.304800 0.268800 0.000005
0.321600 0.268800 0.000004
0.337600 0.268800 0.000004
0.392800 0.268800 0.000005
0.415200 0.268800 0.000005
0.491200 0.268800 0.000004
0.600000 0.268800 0.000004
0.708800 0.268800 0.000005
0.727200 0.268800 0.000005
0.755200 0.268800 0.000005
0.852800 0.268800 0.000004
0.184000 0.269600 0.000005
0.213600 0.269600 0.000009
0.228800 0.269600 0.000004
0.247200 0.269600 0.000005
0.286400 0.269600 0.000004
0.668800 0.269600 0.000005
0.688000 0.269600 0.000005
0.866400 0.269600 0.000004
0.138400 0.270400 0.000007
0.617600 0.270400 0.000007
0.900000 0.272000 0.000005
0.920000 0.272800 0.000005
0.939200 0.273600 0.000006
0.769600 0.286400 0.000003
0.780800 0.286400 0.000004
0.796000 0.286400 0.000004
0.712000 0.288000 0.000003
0.724800 0.288000 0.000004
0.741600 0.288000 0.000004
0.699200 0.288800 0.000004
0.755200 0.288800 0.000004
0.677600 0.291200 0.000004
0.664800 0.293600 0.000004
0.918400 0.327200 0.000003
0.864800 0.328000 0.000004
0.881600 0.328000 0.000005
0.892800 0.328000 0.000004
0.908000 0.328000 0.000004
0.769600 0.328800 0.000004
0.795200 0.328800 0.000004
0.852000 0.328800 0.000003
0.936000 0.328800 0.000002
0.780000 0.329600 0.000008
0.806400 0.329600 0.000004
0.820000 0.329600 0.000004
0.945600 0.329600 0.000003
0.755200 0.330400 0.000004
0.841600 0.330400 0.000003
0.735200 0.331200 0.000004
0.668800 0.332000 0.000004
0.680000 0.332000 0.000003
0.689600 0.332800 0.000002
0.702400 0.332800 0.000004
0.712800 0.332800 0.000003
0.723200 0.332800 0.000004
0.659200 0.333600 0.000003
0.845905 0.064635 0.000005
0.972190 0.116063 0.000005
0.959619 0.116063 0.000005
0.507048 0.224063 0.000005
0.517905 0.224063 0.000005
