603.000000 15.000000 11.000000
559.000000 16.000000 14.000000
579.000000 16.000000 17.000000
474.000000 17.000000 9.000000
529.000000 17.000000 14.000000
498.000000 18.000000 7.000000
510.000000 18.000000 18.000000
395.000000 20.000000 12.000000
411.000000 20.000000 9.000000
424.000000 20.000000 20.000000
444.000000 20.000000 11.000000
460.000000 21.000000 11.000000
213.000000 22.000000 17.000000
1074.000000 22.000000 14.000000
160.000000 23.000000 16.000000
242.000000 23.000000 17.000000
376.000000 23.000000 11.000000
1096.000000 23.000000 14.000000
1120.000000 23.000000 14.000000
137.000000 24.000000 14.000000
189.000000 24.000000 17.000000
287.000000 24.000000 14.000000
306.000000 24.000000 17.000000
334.000000 24.000000 17.000000
636.000000 24.000000 17.000000
716.000000 24.000000 14.000000
797.000000 24.000000 14.000000
816.000000 24.000000 17.000000
842.000000 24.000000 17.000000
1051.000000 24.000000 14.000000
119.000000 25.000000 11.000000
266.000000 25.000000 14.000000
357.000000 25.000000 14.000000
675.000000 25.000000 11.000000
737.000000 25.000000 14.000000
756.000000 25.000000 14.000000
778.000000 25.000000 14.000000
867.000000 25.000000 21.000000
897.000000 25.000000 14.000000
89.000000 26.000000 11.000000
104.000000 26.000000 11.000000
659.000000 26.000000 14.000000
692.000000 26.000000 14.000000
930.000000 26.000000 26.000000
974.000000 26.000000 30.000000
1013.000000 26.000000 19.000000
916.000000 27.000000 11.000000
950.000000 27.000000 17.000000
988.000000 27.000000 27.000000
73.000000 28.000000 24.000000
1035.000000 28.000000 11.000000
1140.000000 30.000000 14.000000
64.000000 71.000000 24.000000
94.000000 71.000000 11.000000
376.000000 71.000000 24.000000
109.000000 72.000000 11.000000
130.000000 72.000000 17.000000
157.000000 72.000000 17.000000
409.000000 72.000000 21.000000
624.000000 72.000000 11.000000
209.000000 73.000000 17.000000
229.000000 73.000000 36.000000
306.000000 73.000000 31.000000
444.000000 73.000000 21.000000
561.000000 73.000000 34.000000
605.000000 73.000000 14.000000
678.000000 73.000000 11.000000
183.000000 74.000000 20.000000
500.000000 74.000000 19.000000
526.000000 74.000000 17.000000
908.000000 74.000000 34.000000
256.000000 75.000000 14.000000
330.000000 75.000000 31.000000
471.000000 75.000000 17.000000
586.000000 75.000000 14.000000
658.000000 75.000000 17.000000
695.000000 75.000000 11.000000
743.000000 75.000000 11.000000
635.000000 76.000000 38.000000
712.000000 76.000000 11.000000
726.000000 76.000000 11.000000
767.000000 76.000000 19.000000
882.000000 76.000000 14.000000
1102.000000 76.000000 26.000000
273.000000 77.000000 11.000000
860.000000 77.000000 21.000000
957.000000 77.000000 28.000000
994.000000 77.000000 28.000000
1064.000000 78.000000 21.000000
794.000000 79.000000 21.000000
824.000000 79.000000 21.000000
1020.000000 79.000000 17.000000
1133.000000 79.000000 21.000000
1039.000000 80.000000 11.000000
83.000000 116.000000 31.000000
57.000000 119.000000 34.000000
101.000000 119.000000 14.000000
120.000000 120.000000 11.000000
135.000000 121.000000 11.000000
175.000000 122.000000 11.000000
374.000000 122.000000 28.000000
388.000000 122.000000 26.000000
770.000000 122.000000 11.000000
154.000000 123.000000 14.000000
428.000000 123.000000 27.000000
748.000000 123.000000 30.000000
190.000000 124.000000 28.000000
214.000000 124.000000 17.000000
711.000000 124.000000 17.000000
354.000000 125.000000 17.000000
688.000000 125.000000 14.000000
282.000000 126.000000 27.000000
646.000000 126.000000 17.000000
670.000000 126.000000 13.000000
726.000000 126.000000 11.000000
974.000000 126.000000 24.000000
242.000000 127.000000 21.000000
328.000000 127.000000 24.000000
466.000000 127.000000 24.000000
537.000000 127.000000 21.000000
593.000000 127.000000 17.000000
621.000000 127.000000 17.000000
787.000000 127.000000 21.000000
905.000000 127.000000 21.000000
1012.000000 127.000000 23.000000
1078.000000 127.000000 17.000000
567.000000 128.000000 17.000000
960.000000 128.000000 11.000000
814.000000 129.000000 17.000000
941.000000 129.000000 27.000000
1042.000000 129.000000 24.000000
1099.000000 129.000000 11.000000
1118.000000 129.000000 17.000000
493.000000 130.000000 17.000000
512.000000 130.000000 11.000000
839.000000 130.000000 17.000000
866.000000 131.000000 24.000000
881.000000 135.000000 12.000000
618.000000 169.000000 28.000000
1080.000000 170.000000 11.000000
1097.000000 170.000000 27.000000
61.000000 171.000000 24.000000
136.000000 171.000000 17.000000
188.000000 171.000000 11.000000
405.000000 171.000000 24.000000
440.000000 171.000000 21.000000
89.000000 172.000000 21.000000
101.000000 172.000000 9.000000
115.000000 172.000000 10.000000
160.000000 172.000000 21.000000
258.000000 172.000000 21.000000
365.000000 172.000000 24.000000
290.000000 173.000000 24.000000
330.000000 173.000000 24.000000
528.000000 173.000000 21.000000
568.000000 173.000000 28.000000
681.000000 173.000000 17.000000
766.000000 173.000000 14.000000
866.000000 173.000000 24.000000
1052.000000 173.000000 21.000000
228.000000 174.000000 21.000000
469.000000 174.000000 21.000000
490.000000 174.000000 28.000000
553.000000 174.000000 24.000000
632.000000 174.000000 28.000000
702.000000 174.000000 11.000000
723.000000 174.000000 17.000000
787.000000 174.000000 14.000000
889.000000 174.000000 17.000000
942.000000 174.000000 21.000000
1023.000000 174.000000 28.000000
206.000000 175.000000 14.000000
597.000000 175.000000 27.000000
654.000000 175.000000 17.000000
747.000000 175.000000 14.000000
832.000000 175.000000 28.000000
852.000000 175.000000 11.000000
913.000000 175.000000 17.000000
1008.000000 176.000000 28.000000
808.000000 177.000000 14.000000
978.000000 177.000000 21.000000
1122.000000 182.000000 17.000000
52.000000 216.000000 31.000000
1072.000000 216.000000 21.000000
1040.000000 217.000000 21.000000
297.000000 218.000000 11.000000
312.000000 218.000000 11.000000
399.000000 218.000000 22.000000
871.000000 218.000000 14.000000
76.000000 219.000000 14.000000
97.000000 219.000000 17.000000
122.000000 219.000000 17.000000
160.000000 219.000000 17.000000
251.000000 219.000000 14.000000
431.000000 219.000000 24.000000
468.000000 219.000000 23.000000
528.000000 219.000000 28.000000
546.000000 219.000000 31.000000
573.000000 219.000000 24.000000
616.000000 219.000000 28.000000
740.000000 219.000000 21.000000
853.000000 219.000000 16.000000
1097.000000 219.000000 17.000000
333.000000 220.000000 21.000000
917.000000 220.000000 17.000000
1127.000000 220.000000 24.000000
187.000000 221.000000 21.000000
272.000000 221.000000 14.000000
366.000000 221.000000 21.000000
825.000000 221.000000 21.000000
893.000000 221.000000 16.000000
1009.000000 221.000000 17.000000
142.000000 222.000000 11.000000
233.000000 222.000000 11.000000
633.000000 222.000000 31.000000
695.000000 222.000000 14.000000
768.000000 222.000000 17.000000
793.000000 222.000000 20.000000
981.000000 222.000000 23.000000
215.000000 223.000000 14.000000
673.000000 223.000000 16.000000
497.000000 224.000000 20.000000
944.000000 224.000000 21.000000
709.000000 225.000000 24.000000
656.000000 226.000000 31.000000
695.000000 243.000000 7.000000
680.000000 244.000000 10.000000
1113.000000 264.000000 37.000000
62.000000 265.000000 34.000000
408.000000 265.000000 31.000000
461.000000 265.000000 21.000000
833.000000 265.000000 28.000000
1059.000000 265.000000 21.000000
84.000000 266.000000 17.000000
110.000000 266.000000 17.000000
134.000000 266.000000 17.000000
525.000000 266.000000 21.000000
556.000000 266.000000 21.000000
915.000000 266.000000 17.000000
212.000000 267.000000 17.000000
496.000000 267.000000 24.000000
632.000000 267.000000 26.000000
737.000000 267.000000 17.000000
857.000000 267.000000 14.000000
874.000000 267.000000 11.000000
1028.000000 267.000000 21.000000
1087.000000 267.000000 17.000000
159.000000 268.000000 17.000000
231.000000 268.000000 11.000000
263.000000 268.000000 17.000000
766.000000 268.000000 21.000000
795.000000 268.000000 21.000000
892.000000 268.000000 14.000000
936.000000 268.000000 31.000000
286.000000 269.000000 14.000000
323.000000 269.000000 11.000000
343.000000 269.000000 14.000000
433.000000 269.000000 14.000000
590.000000 269.000000 24.000000
185.000000 270.000000 17.000000
247.000000 270.000000 11.000000
367.000000 270.000000 21.000000
393.000000 270.000000 14.000000
970.000000 270.000000 25.000000
997.000000 270.000000 21.000000
669.000000 271.000000 19.000000
698.000000 271.000000 27.000000
713.000000 272.000000 31.000000
306.000000 273.000000 14.000000
953.000000 274.000000 11.000000
1111.000000 303.000000 13.000000
1027.000000 307.000000 13.000000
321.000000 308.000000 14.000000
817.000000 308.000000 11.000000
847.000000 308.000000 7.000000
1044.000000 308.000000 14.000000
1067.000000 308.000000 14.000000
1091.000000 309.000000 17.000000
286.000000 310.000000 24.000000
303.000000 310.000000 11.000000
344.000000 310.000000 14.000000
605.000000 310.000000 21.000000
693.000000 310.000000 24.000000
833.000000 310.000000 11.000000
957.000000 310.000000 11.000000
1009.000000 310.000000 11.000000
491.000000 311.000000 14.000000
520.000000 311.000000 23.000000
537.000000 311.000000 11.000000
575.000000 311.000000 19.000000
623.000000 311.000000 14.000000
709.000000 311.000000 13.000000
730.000000 311.000000 14.000000
799.000000 311.000000 17.000000
977.000000 311.000000 14.000000
992.000000 311.000000 11.000000
362.000000 312.000000 14.000000
942.000000 312.000000 14.000000
418.000000 313.000000 21.000000
431.000000 313.000000 7.000000
469.000000 313.000000 16.000000
864.000000 313.000000 14.000000
901.000000 313.000000 11.000000
923.000000 313.000000 17.000000
553.000000 314.000000 14.000000
753.000000 314.000000 17.000000
448.000000 315.000000 19.000000
882.000000 315.000000 14.000000
