0.522078 0.012987 0.009524
0.483983 0.013853 0.012121
0.501299 0.013853 0.014719
0.410390 0.014719 0.007792
0.458009 0.014719 0.012121
0.431169 0.015584 0.006061
0.441558 0.015584 0.015584
0.341991 0.017316 0.010390
0.355844 0.017316 0.007792
0.367100 0.017316 0.017316
0.384416 0.017316 0.009524
0.398268 0.018182 0.009524
0.184416 0.019048 0.014719
0.929870 0.019048 0.012121
0.138528 0.019913 0.013853
0.209524 0.019913 0.014719
0.325541 0.019913 0.009524
0.948918 0.019913 0.012121
0.969697 0.019913 0.012121
0.118615 0.020779 0.012121
0.163636 0.020779 0.014719
0.248485 0.020779 0.012121
0.264935 0.020779 0.014719
0.289177 0.020779 0.014719
0.550649 0.020779 0.014719
0.619913 0.020779 0.012121
0.690043 0.020779 0.012121
0.706494 0.020779 0.014719
0.729004 0.020779 0.014719
0.909957 0.020779 0.012121
0.103030 0.021645 0.009524
0.230303 0.021645 0.012121
0.309091 0.021645 0.012121
0.584416 0.021645 0.009524
0.638095 0.021645 0.012121
0.654545 0.021645 0.012121
0.673593 0.021645 0.012121
0.750649 0.021645 0.018182
0.776623 0.021645 0.012121
0.077056 0.022511 0.009524
0.090043 0.022511 0.009524
0.570563 0.022511 0.012121
0.599134 0.022511 0.012121
0.805195 0.022511 0.022511
0.843290 0.022511 0.025974
0.877056 0.022511 0.016450
0.793074 0.023377 0.009524
0.822511 0.023377 0.014719
0.855411 0.023377 0.023377
0.063203 0.024242 0.020779
0.896104 0.024242 0.009524
0.987013 0.025974 0.012121
0.055411 0.061472 0.020779
0.081385 0.061472 0.009524
0.325541 0.061472 0.020779
0.094372 0.062338 0.009524
0.112554 0.062338 0.014719
0.135931 0.062338 0.014719
0.354113 0.062338 0.018182
0.540260 0.062338 0.009524
0.180952 0.063203 0.014719
0.198268 0.063203 0.031169
0.264935 0.063203 0.026840
0.384416 0.063203 0.018182
0.485714 0.063203 0.029437
0.523810 0.063203 0.012121
0.587013 0.063203 0.009524
0.158442 0.064069 0.017316
0.432900 0.064069 0.016450
0.455411 0.064069 0.014719
0.786147 0.064069 0.029437
0.221645 0.064935 0.012121
0.285714 0.064935 0.026840
0.407792 0.064935 0.014719
0.507359 0.064935 0.012121
0.569697 0.064935 0.014719
0.601732 0.064935 0.009524
0.643290 0.064935 0.009524
0.549784 0.065801 0.032900
0.616450 0.065801 0.009524
0.628571 0.065801 0.009524
0.664069 0.065801 0.016450
0.763636 0.065801 0.012121
0.954113 0.065801 0.022511
0.236364 0.066667 0.009524
0.744589 0.066667 0.018182
0.828571 0.066667 0.024242
0.860606 0.066667 0.024242
0.921212 0.067532 0.018182
0.687446 0.068398 0.018182
0.713420 0.068398 0.018182
0.883117 0.068398 0.014719
0.980952 0.068398 0.018182
0.899567 0.069264 0.009524
0.071861 0.100433 0.026840
0.049351 0.103030 0.029437
0.087446 0.103030 0.012121
0.103896 0.103896 0.009524
0.116883 0.104762 0.009524
0.151515 0.105628 0.009524
0.323810 0.105628 0.024242
0.335931 0.105628 0.022511
0.666667 0.105628 0.009524
0.133333 0.106494 0.012121
0.370563 0.106494 0.023377
0.647619 0.106494 0.025974
0.164502 0.107359 0.024242
0.185281 0.107359 0.014719
0.615584 0.107359 0.014719
0.306494 0.108225 0.014719
0.595671 0.108225 0.012121
0.244156 0.109091 0.023377
0.559307 0.109091 0.014719
0.580087 0.109091 0.011255
0.628571 0.109091 0.009524
0.843290 0.109091 0.020779
0.209524 0.109957 0.018182
0.283983 0.109957 0.020779
0.403463 0.109957 0.020779
0.464935 0.109957 0.018182
0.513420 0.109957 0.014719
0.537662 0.109957 0.014719
0.681385 0.109957 0.018182
0.783550 0.109957 0.018182
0.876190 0.109957 0.019913
0.933333 0.109957 0.014719
0.490909 0.110823 0.014719
0.831169 0.110823 0.009524
0.704762 0.111688 0.014719
0.814719 0.111688 0.023377
0.902165 0.111688 0.020779
0.951515 0.111688 0.009524
0.967965 0.111688 0.014719
0.426840 0.112554 0.014719
0.443290 0.112554 0.009524
0.726407 0.112554 0.014719
0.749784 0.113420 0.020779
0.762771 0.116883 0.010390
0.535065 0.146320 0.024242
0.935065 0.147186 0.009524
0.949784 0.147186 0.023377
0.052814 0.148052 0.020779
0.117749 0.148052 0.014719
0.162771 0.148052 0.009524
0.350649 0.148052 0.020779
0.380952 0.148052 0.018182
0.077056 0.148918 0.018182
0.087446 0.148918 0.007792
0.099567 0.148918 0.008658
0.138528 0.148918 0.018182
0.223377 0.148918 0.018182
0.316017 0.148918 0.020779
0.251082 0.149784 0.020779
0.285714 0.149784 0.020779
0.457143 0.149784 0.018182
0.491775 0.149784 0.024242
0.589610 0.149784 0.014719
0.663203 0.149784 0.012121
0.749784 0.149784 0.020779
0.910823 0.149784 0.018182
0.197403 0.150649 0.018182
0.406061 0.150649 0.018182
0.424242 0.150649 0.024242
0.478788 0.150649 0.020779
0.547186 0.150649 0.024242
0.607792 0.150649 0.009524
0.625974 0.150649 0.014719
0.681385 0.150649 0.012121
0.769697 0.150649 0.014719
0.815584 0.150649 0.018182
0.885714 0.150649 0.024242
0.178355 0.151515 0.012121
0.516883 0.151515 0.023377
0.566234 0.151515 0.014719
0.646753 0.151515 0.012121
0.720346 0.151515 0.024242
0.737662 0.151515 0.009524
0.790476 0.151515 0.014719
0.872727 0.152381 0.024242
0.699567 0.153247 0.012121
0.846753 0.153247 0.018182
0.971429 0.157576 0.014719
0.045022 0.187013 0.026840
0.928139 0.187013 0.018182
0.900433 0.187879 0.018182
0.257143 0.188745 0.009524
0.270130 0.188745 0.009524
0.345455 0.188745 0.019048
0.754113 0.188745 0.012121
0.065801 0.189610 0.012121
0.083983 0.189610 0.014719
0.105628 0.189610 0.014719
0.138528 0.189610 0.014719
0.217316 0.189610 0.012121
0.373160 0.189610 0.020779
0.405195 0.189610 0.019913
0.457143 0.189610 0.024242
0.472727 0.189610 0.026840
0.496104 0.189610 0.020779
0.533333 0.189610 0.024242
0.640693 0.189610 0.018182
0.738528 0.189610 0.013853
0.949784 0.189610 0.014719
0.288312 0.190476 0.018182
0.793939 0.190476 0.014719
0.975758 0.190476 0.020779
0.161905 0.191342 0.018182
0.235498 0.191342 0.012121
0.316883 0.191342 0.018182
0.714286 0.191342 0.018182
0.773160 0.191342 0.013853
0.873593 0.191342 0.014719
0.122944 0.192208 0.009524
0.201732 0.192208 0.009524
0.548052 0.192208 0.026840
0.601732 0.192208 0.012121
0.664935 0.192208 0.014719
0.686580 0.192208 0.017316
0.849351 0.192208 0.019913
0.186147 0.193074 0.012121
0.582684 0.193074 0.013853
0.430303 0.193939 0.017316
0.817316 0.193939 0.018182
0.613853 0.194805 0.020779
0.567965 0.195671 0.026840
0.601732 0.210390 0.006061
0.588745 0.211255 0.008658
0.963636 0.228571 0.032035
0.053680 0.229437 0.029437
0.353247 0.229437 0.026840
0.399134 0.229437 0.018182
0.721212 0.229437 0.024242
0.916883 0.229437 0.018182
0.072727 0.230303 0.014719
0.095238 0.230303 0.014719
0.116017 0.230303 0.014719
0.454545 0.230303 0.018182
0.481385 0.230303 0.018182
0.792208 0.230303 0.014719
0.183550 0.231169 0.014719
0.429437 0.231169 0.020779
0.547186 0.231169 0.022511
0.638095 0.231169 0.014719
0.741991 0.231169 0.012121
0.756710 0.231169 0.009524
0.890043 0.231169 0.018182
0.941126 0.231169 0.014719
0.137662 0.232035 0.014719
0.200000 0.232035 0.009524
0.227706 0.232035 0.014719
0.663203 0.232035 0.018182
0.688312 0.232035 0.018182
0.772294 0.232035 0.012121
0.810390 0.232035 0.026840
0.247619 0.232900 0.012121
0.279654 0.232900 0.009524
0.296970 0.232900 0.012121
0.374892 0.232900 0.012121
0.510823 0.232900 0.020779
0.160173 0.233766 0.014719
0.213853 0.233766 0.009524
0.317749 0.233766 0.018182
0.340260 0.233766 0.012121
0.839827 0.233766 0.021645
0.863203 0.233766 0.018182
0.579221 0.234632 0.016450
0.604329 0.234632 0.023377
0.617316 0.235498 0.026840
0.264935 0.236364 0.012121
0.825108 0.237229 0.009524
0.961905 0.262338 0.011255
0.889177 0.265801 0.011255
0.277922 0.266667 0.012121
0.707359 0.266667 0.009524
0.733333 0.266667 0.006061
0.903896 0.266667 0.012121
0.923810 0.266667 0.012121
0.944589 0.267532 0.014719
0.247619 0.268398 0.020779
0.262338 0.268398 0.009524
0.297835 0.268398 0.012121
0.523810 0.268398 0.018182
0.600000 0.268398 0.020779
0.721212 0.268398 0.009524
0.828571 0.268398 0.009524
0.873593 0.268398 0.009524
0.425108 0.269264 0.012121
0.450216 0.269264 0.019913
0.464935 0.269264 0.009524
0.497835 0.269264 0.016450
0.539394 0.269264 0.012121
0.613853 0.269264 0.011255
0.632035 0.269264 0.012121
0.691775 0.269264 0.014719
0.845887 0.269264 0.012121
0.858874 0.269264 0.009524
0.313420 0.270130 0.012121
0.815584 0.270130 0.012121
0.361905 0.270996 0.018182
0.373160 0.270996 0.006061
0.406061 0.270996 0.013853
0.748052 0.270996 0.012121
0.780087 0.270996 0.009524
0.799134 0.270996 0.014719
0.478788 0.271861 0.012121
0.651948 0.271861 0.014719
0.387879 0.272727 0.016450
0.763636 0.272727 0.012121
