0.296800 0.028000 0.000006
0.349600 0.028000 0.000004
0.314400 0.028800 0.000005
0.333600 0.028800 0.000004
0.399200 0.028800 0.000002
0.416000 0.028800 0.000005
0.456800 0.028800 0.000004
0.364000 0.029600 0.000004
0.408000 0.029600 0.000002
0.428800 0.029600 0.000004
0.438400 0.029600 0.000006
0.447200 0.029600 0.000003
0.380800 0.030400 0.000005
0.391200 0.030400 0.000002
0.707200 0.031200 0.000009
0.473600 0.032000 0.000004
0.583200 0.032000 0.000012
0.601600 0.032000 0.000004
0.658400 0.032000 0.000004
0.691200 0.032000 0.000004
0.510400 0.032800 0.000004
0.524800 0.032800 0.000004
0.543200 0.032800 0.000005
0.572000 0.032800 0.000004
0.620000 0.032800 0.000006
0.669600 0.032800 0.000003
0.680000 0.032800 0.000003
0.718400 0.032800 0.000009
0.491200 0.033600 0.000004
0.559200 0.033600 0.000004
0.631200 0.033600 0.000004
0.643200 0.033600 0.000004
0.127200 0.052800 0.000009
0.182400 0.052800 0.000007
0.144000 0.053600 0.000004
0.157600 0.053600 0.000004
0.171200 0.053600 0.000003
0.863200 0.053600 0.000009
0.878400 0.054400 0.000004
0.847200 0.074400 0.000004
0.745600 0.077600 0.000004
0.736000 0.078400 0.000002
0.833600 0.078400 0.000004
0.075200 0.079200 0.000004
0.092000 0.079200 0.000004
0.713600 0.079200 0.000004
0.723200 0.080000 0.000003
0.062400 0.080800 0.000004
0.041600 0.081600 0.000005
0.029600 0.083200 0.000004
0.867200 0.088000 0.000007
0.857600 0.088800 0.000006
0.876800 0.089600 0.000006
0.767200 0.090400 0.000005
0.814400 0.090400 0.000006
0.840000 0.090400 0.000005
0.585600 0.091200 0.000005
0.788000 0.091200 0.000006
0.522400 0.092000 0.000002
0.543200 0.092000 0.000007
0.564800 0.092000 0.000005
0.602400 0.092000 0.000004
0.492000 0.092800 0.000004
0.512000 0.092800 0.000005
0.727200 0.092800 0.000004
0.746400 0.092800 0.000004
0.412000 0.093600 0.000004
0.462400 0.093600 0.000004
0.477600 0.093600 0.000004
0.694400 0.093600 0.000002
0.336000 0.094400 0.000006
0.429600 0.094400 0.000004
0.647200 0.094400 0.000004
0.683200 0.094400 0.000006
0.710400 0.094400 0.000005
0.145600 0.095200 0.000004
0.377600 0.095200 0.000005
0.396800 0.095200 0.000004
0.444800 0.095200 0.000004
0.619200 0.095200 0.000004
0.632800 0.095200 0.000004
0.664800 0.095200 0.000005
0.128000 0.096000 0.000007
0.360800 0.096000 0.000004
0.160000 0.096800 0.000004
0.171200 0.096800 0.000004
0.241600 0.097600 0.000006
0.265600 0.097600 0.000004
0.283200 0.097600 0.000004
0.319200 0.097600 0.000004
0.201600 0.098400 0.000004
0.220000 0.098400 0.000005
0.301600 0.098400 0.000004
0.184000 0.099200 0.000004
0.069600 0.100800 0.000005
0.028000 0.102400 0.000005
0.052800 0.102400 0.000005
0.869600 0.116000 0.000007
0.853600 0.116800 0.000005
0.732000 0.118400 0.000005
0.752000 0.118400 0.000005
0.768800 0.118400 0.000004
0.808000 0.118400 0.000005
0.827200 0.118400 0.000006
0.392000 0.120000 0.000006
0.414400 0.120000 0.000005
0.436000 0.120000 0.000005
0.453600 0.120000 0.000007
0.462400 0.120000 0.000007
0.536000 0.120000 0.000007
0.656000 0.120000 0.000004
0.687200 0.120000 0.000005
0.708800 0.120000 0.000005
0.336800 0.120800 0.000004
0.355200 0.120800 0.000004
0.369600 0.120800 0.000006
0.479200 0.120800 0.000004
0.517600 0.120800 0.000005
0.595200 0.120800 0.000006
0.618400 0.120800 0.000005
0.639200 0.120800 0.000004
0.675200 0.120800 0.000004
0.321600 0.121600 0.000004
0.498400 0.121600 0.000005
0.226400 0.122400 0.000005
0.129600 0.123200 0.000005
0.792000 0.123200 0.000006
0.148800 0.124000 0.000005
0.160000 0.124000 0.000004
0.176800 0.124000 0.000005
0.204800 0.124000 0.000005
0.246400 0.124000 0.000005
0.284800 0.124000 0.000005
0.564800 0.124000 0.000006
0.300800 0.124800 0.000005
0.265600 0.125600 0.000005
0.121600 0.135200 0.000003
0.630400 0.135200 0.000002
0.639200 0.135200 0.000002
0.648800 0.135200 0.000002
0.819200 0.144800 0.000006
0.842400 0.144800 0.000004
0.868800 0.144800 0.000007
0.700000 0.145600 0.000007
0.856000 0.145600 0.000004
0.391200 0.147200 0.000004
0.408000 0.147200 0.000004
0.579200 0.147200 0.000004
0.599200 0.147200 0.000005
0.209600 0.148000 0.000004
0.336800 0.148000 0.000007
0.423200 0.148000 0.000005
0.445600 0.148000 0.000004
0.464000 0.148000 0.000004
0.617600 0.148000 0.000004
0.745600 0.148000 0.000005
0.767200 0.148000 0.000005
0.794400 0.148000 0.000005
0.196800 0.148800 0.000003
0.322400 0.148800 0.000004
0.479200 0.148800 0.000004
0.560000 0.148800 0.000005
0.680000 0.148800 0.000005
0.725600 0.148800 0.000005
0.130400 0.149600 0.000004
0.144000 0.149600 0.000004
0.224000 0.149600 0.000007
0.232800 0.149600 0.000006
0.266400 0.149600 0.000004
0.277600 0.149600 0.000006
0.296000 0.149600 0.000004
0.309600 0.149600 0.000004
0.360000 0.149600 0.000004
0.374400 0.149600 0.000004
0.633600 0.149600 0.000004
0.160800 0.150400 0.000004
0.178400 0.150400 0.000004
0.248000 0.150400 0.000004
0.496800 0.150400 0.000005
0.516000 0.150400 0.000005
0.536000 0.150400 0.000005
0.659200 0.150400 0.000005
0.174400 0.163200 0.000002
0.183200 0.164000 0.000002
0.165600 0.164800 0.000002
0.789600 0.171200 0.000004
0.826400 0.171200 0.000006
0.596800 0.172000 0.000004
0.770400 0.172000 0.000005
0.806400 0.172000 0.000004
0.872000 0.172000 0.000007
0.851200 0.172800 0.000005
0.560800 0.173600 0.000004
0.575200 0.173600 0.000005
0.612800 0.173600 0.000004
0.685600 0.173600 0.000004
0.746400 0.173600 0.000005
0.460000 0.174400 0.000006
0.536000 0.174400 0.000004
0.548000 0.174400 0.000004
0.626400 0.174400 0.000004
0.642400 0.174400 0.000004
0.413600 0.175200 0.000006
0.432000 0.175200 0.000005
0.478400 0.175200 0.000004
0.516800 0.175200 0.000005
0.704800 0.175200 0.000005
0.724800 0.175200 0.000005
0.151200 0.176000 0.000005
0.497600 0.176000 0.000005
0.663200 0.176000 0.000005
0.132000 0.176800 0.000006
0.168000 0.176800 0.000004
0.229600 0.176800 0.000004
0.243200 0.176800 0.000004
0.388000 0.176800 0.000005
0.213600 0.177600 0.000004
0.290400 0.177600 0.000007
0.192000 0.178400 0.000005
0.276800 0.178400 0.000004
0.310400 0.178400 0.000005
0.363200 0.178400 0.000005
0.259200 0.179200 0.000004
0.327200 0.179200 0.000004
0.344000 0.180000 0.000005
0.368000 0.192000 0.000002
0.793600 0.197600 0.000005
0.773600 0.198400 0.000004
0.812000 0.198400 0.000005
0.832800 0.198400 0.000005
0.855200 0.198400 0.000005
0.728800 0.199200 0.000004
0.740800 0.199200 0.000004
0.872000 0.199200 0.000004
0.709600 0.200000 0.000004
0.756000 0.200000 0.000004
0.564800 0.200800 0.000006
0.583200 0.200800 0.000005
0.648800 0.200800 0.000005
0.692800 0.200800 0.000004
0.537600 0.201600 0.000005
0.607200 0.201600 0.000005
0.627200 0.201600 0.000005
0.675200 0.201600 0.000005
0.417600 0.202400 0.000005
0.481600 0.202400 0.000005
0.500000 0.202400 0.000004
0.397600 0.203200 0.000005
0.441600 0.203200 0.000005
0.520000 0.203200 0.000006
0.226400 0.204000 0.000005
0.462400 0.204000 0.000005
0.070400 0.204800 0.000004
0.134400 0.205600 0.000005
0.157600 0.205600 0.000007
0.187200 0.205600 0.000005
0.206400 0.205600 0.000005
0.248000 0.205600 0.000006
0.033600 0.206400 0.000004
0.364000 0.206400 0.000005
0.048800 0.207200 0.000003
0.269600 0.207200 0.000006
0.345600 0.207200 0.000004
0.058400 0.208000 0.000003
0.296000 0.208000 0.000005
0.318400 0.208000 0.000006
0.872000 0.220000 0.000005
0.690400 0.221600 0.000004
0.708000 0.221600 0.000004
0.724800 0.221600 0.000004
0.744000 0.221600 0.000004
0.776800 0.221600 0.000004
0.789600 0.221600 0.000004
0.808000 0.221600 0.000005
0.857600 0.221600 0.000004
0.673600 0.222400 0.000004
0.761600 0.222400 0.000004
0.824800 0.222400 0.000004
0.841600 0.222400 0.000004
0.618400 0.223200 0.000004
0.602400 0.224000 0.000004
0.642400 0.224000 0.000004
0.657600 0.224000 0.000004
0.582400 0.225600 0.000005
0.541600 0.226400 0.000005
0.561600 0.226400 0.000004
0.456000 0.228800 0.000004
0.513600 0.229600 0.000005
0.415200 0.230400 0.000006
0.436000 0.230400 0.000005
0.471200 0.230400 0.000004
0.380800 0.231200 0.000006
0.401600 0.231200 0.000005
0.489600 0.231200 0.000005
0.132800 0.232000 0.000005
0.151200 0.232000 0.000005
0.285600 0.232000 0.000005
0.352000 0.232000 0.000006
0.266400 0.232800 0.000005
0.307200 0.232800 0.000004
0.215200 0.233600 0.000005
0.240000 0.233600 0.000005
0.327200 0.233600 0.000005
0.192800 0.234400 0.000005
0.173600 0.236000 0.000005
0.871200 0.245600 0.000006
0.832000 0.246400 0.000005
0.660000 0.247200 0.000004
0.679200 0.247200 0.000004
0.793600 0.247200 0.000005
0.853600 0.247200 0.000004
0.695200 0.248000 0.000004
0.712800 0.248000 0.000004
0.731200 0.248000 0.000005
0.770400 0.248000 0.000005
0.781600 0.248000 0.000004
0.750400 0.248800 0.000005
0.812000 0.248800 0.000004
0.636000 0.249600 0.000005
0.564800 0.250400 0.000005
0.617600 0.250400 0.000004
0.542400 0.251200 0.000006
0.502400 0.252000 0.000005
0.519200 0.252000 0.000004
0.581600 0.252000 0.000004
0.600000 0.252000 0.000004
0.476800 0.252800 0.000004
0.460000 0.253600 0.000004
0.209600 0.254400 0.000004
0.244800 0.254400 0.000005
0.419200 0.254400 0.000004
0.045600 0.255200 0.000004
0.130400 0.255200 0.000007
0.144000 0.255200 0.000004
0.156000 0.255200 0.000004
0.174400 0.255200 0.000004
0.311200 0.255200 0.000004
0.431200 0.255200 0.000002
0.443200 0.255200 0.000004
0.062400 0.256000 0.000004
0.072000 0.256000 0.000004
0.193600 0.256000 0.000004
0.224000 0.256000 0.000004
0.268000 0.256000 0.000004
0.285600 0.256000 0.000004
0.301600 0.256000 0.000004
0.364800 0.256000 0.000004
0.404800 0.256000 0.000004
0.034400 0.256800 0.000009
0.351200 0.256800 0.000004
0.381600 0.256800 0.000004
0.334400 0.257600 0.000004
0.876800 0.268800 0.000005
0.845600 0.269600 0.000004
0.860000 0.269600 0.000004
0.835200 0.270400 0.000002
0.911200 0.270400 0.000004
0.748000 0.271200 0.000004
0.924800 0.271200 0.000004
0.725600 0.272000 0.000006
0.796800 0.272000 0.000004
0.812800 0.272000 0.000005
0.940800 0.272000 0.000009
0.650400 0.272800 0.000004
0.684000 0.272800 0.000004
0.700800 0.272800 0.000004
0.764800 0.272800 0.000004
0.781600 0.272800 0.000004
0.666400 0.273600 0.000004
0.552000 0.274400 0.000005
0.615200 0.275200 0.000004
0.576800 0.276000 0.000005
0.597600 0.276000 0.000004
0.631200 0.276000 0.000005
0.249600 0.277600 0.000005
0.282400 0.277600 0.000004
0.300000 0.277600 0.000004
0.448800 0.277600 0.000004
0.468800 0.277600 0.000005
0.494400 0.277600 0.000006
0.524800 0.277600 0.000007
0.148800 0.278400 0.000004
0.164800 0.278400 0.000004
0.227200 0.278400 0.000005
0.264800 0.278400 0.000004
0.321600 0.278400 0.000005
0.132000 0.279200 0.000004
0.205600 0.279200 0.000005
0.340000 0.279200 0.000005
0.360800 0.279200 0.000004
0.378400 0.279200 0.000004
0.405600 0.279200 0.000006
0.414400 0.279200 0.000004
0.429600 0.279200 0.000004
0.184800 0.280800 0.000005
0.132063 0.134921 0.000005
0.657206 0.134349 0.000005
0.815492 0.185778 0.000005
0.828063 0.186349 0.000005
0.838349 0.185778 0.000005
0.818349 0.132063 0.000005
0.377778 0.191492 0.000005
0.195492 0.162921 0.000005
