29
29
29
29
29
29
29
29
29
29
29
29
29
29
29
29
30
30
30
30
30
0
30
31
31
31
31
31
26
26
26
26
26
26
26
26
26
26
26
26
26
26
26
26
26
26
26
26
26
26
26
26
26
26
26
26
26
26
26
26
26
26
26
26
26
26
26
26
26
26
26
26
26
26
26
26
26
26
26
26
26
26
26
26
26
26
26
26
26
26
26
26
26
26
26
26
26
26
26
26
26
26
26
26
26
26
26
26
26
26
26
26
26
26
26
26
26
26
26
26
26
26
26
26
26
26
26
26
26
26
26
26
26
26
26
26
26
26
26
26
26
26
26
26
26
26
26
26
26
26
0
31
31
31
31
31
31
31
26
26
26
26
26
26
26
26
26
26
26
26
26
26
26
26
26
28
28
28
28
28
28
26
26
26
26
26
26
26
28
26
26
26
26
26
26
26
26
26
26
26
26
26
26
31
31
31
26
26
26
26
26
26
31
31
31
26
26
26
26
26
26
26
26
26
31
26
26
26
26
26
26
26
26
26
26
26
26
26
26
26
26
26
26
26
26
26
26
26
26
26
26
26
26
26
26
26
26
26
26
26
26
26
26
26
26
26
26
26
26
26
26
26
26
26
26
26
26
26
26
26
26
26
26
26
26
26
26
26
26
26
26
26
26
26
26
31
31
26
26
26
26
26
31
31
31
26
26
26
26
31
31
31
26
26
26
26
26
26
26
26
26
26
31
26
26
26
26
26
26
26
26
26
26
26
26
26
26
26
26
26
26
28
26
26
28
26
28
27
27
27
27
27
27
27
27
27
27
27
27
27
27
27
27
27
27
27
27
27
27
27
27
27
27
27
27
27
27
27
27
27
27
27
27
27
27
27
27
27
27
