1069.000000 33.000000 0.004400
826.000000 34.000000 0.004400
963.000000 34.000000 0.005600
1160.000000 34.000000 0.004400
1175.000000 34.000000 0.004400
183.000000 35.000000 0.004400
795.000000 35.000000 0.003600
810.000000 35.000000 0.004000
847.000000 35.000000 0.004400
897.000000 35.000000 0.004000
911.000000 35.000000 0.004400
945.000000 35.000000 0.004400
986.000000 35.000000 0.005600
1005.000000 35.000000 0.004400
1143.000000 35.000000 0.005600
166.000000 36.000000 0.005600
200.000000 36.000000 0.004400
218.000000 36.000000 0.004400
772.000000 36.000000 0.004400
782.000000 36.000000 0.002800
882.000000 36.000000 0.004000
1082.000000 36.000000 0.003600
1198.000000 36.000000 0.006800
1212.000000 36.000000 0.012000
930.000000 37.000000 0.004400
1037.000000 37.000000 0.005600
1121.000000 37.000000 0.004800
232.000000 38.000000 0.003600
248.000000 38.000000 0.005200
268.000000 38.000000 0.005600
294.000000 38.000000 0.005200
340.000000 38.000000 0.004400
354.000000 38.000000 0.004400
373.000000 38.000000 0.005600
415.000000 38.000000 0.004400
724.000000 38.000000 0.004400
738.000000 38.000000 0.003600
755.000000 38.000000 0.004000
868.000000 38.000000 0.004000
1102.000000 38.000000 0.004800
313.000000 39.000000 0.003600
326.000000 39.000000 0.003600
428.000000 39.000000 0.004400
445.000000 39.000000 0.004800
689.000000 39.000000 0.004400
706.000000 39.000000 0.004400
396.000000 40.000000 0.004400
478.000000 40.000000 0.005600
495.000000 40.000000 0.003600
513.000000 40.000000 0.004400
564.000000 40.000000 0.004400
588.000000 40.000000 0.005600
643.000000 40.000000 0.004000
658.000000 40.000000 0.003600
671.000000 40.000000 0.003600
532.000000 41.000000 0.004400
548.000000 41.000000 0.004400
609.000000 42.000000 0.004400
628.000000 42.000000 0.004400
811.000000 51.000000 0.004000
829.000000 52.000000 0.003600
1005.000000 52.000000 0.003200
1017.000000 52.000000 0.003600
845.000000 53.000000 0.004000
857.000000 54.000000 0.002800
876.000000 54.000000 0.003600
905.000000 54.000000 0.004400
994.000000 54.000000 0.004400
945.000000 55.000000 0.004000
961.000000 55.000000 0.004000
976.000000 55.000000 0.003600
931.000000 57.000000 0.003600
720.000000 58.000000 0.004000
516.000000 59.000000 0.003600
647.000000 59.000000 0.004400
735.000000 59.000000 0.003600
747.000000 59.000000 0.004400
481.000000 60.000000 0.004400
530.000000 60.000000 0.003600
544.000000 60.000000 0.004000
560.000000 60.000000 0.005200
615.000000 60.000000 0.003600
665.000000 60.000000 0.005600
706.000000 60.000000 0.003600
759.000000 60.000000 0.003600
388.000000 61.000000 0.004400
464.000000 61.000000 0.004400
500.000000 61.000000 0.004400
579.000000 61.000000 0.004400
593.000000 61.000000 0.004400
629.000000 61.000000 0.003600
694.000000 61.000000 0.003600
203.000000 62.000000 0.005600
249.000000 62.000000 0.004400
341.000000 62.000000 0.002800
351.000000 62.000000 0.002800
371.000000 62.000000 0.005200
447.000000 62.000000 0.004400
220.000000 63.000000 0.003600
266.000000 63.000000 0.004400
285.000000 63.000000 0.005600
319.000000 63.000000 0.004400
404.000000 63.000000 0.005200
185.000000 64.000000 0.004400
234.000000 64.000000 0.004000
303.000000 64.000000 0.005600
423.000000 64.000000 0.002800
777.000000 65.000000 0.005200
793.000000 65.000000 0.004400
167.000000 66.000000 0.005200
805.000000 66.000000 0.004400
823.000000 68.000000 0.003600
840.000000 69.000000 0.004400
857.000000 70.000000 0.002800
870.000000 71.000000 0.004000
892.000000 72.000000 0.004800
964.000000 72.000000 0.004400
910.000000 73.000000 0.004400
927.000000 74.000000 0.003600
942.000000 74.000000 0.004400
1084.000000 80.000000 0.013200
1098.000000 80.000000 0.011200
86.000000 89.000000 0.009600
121.000000 89.000000 0.004400
138.000000 89.000000 0.004400
152.000000 89.000000 0.008800
105.000000 90.000000 0.004400
92.000000 120.000000 0.004400
109.000000 120.000000 0.005200
52.000000 121.000000 0.005200
30.000000 122.000000 0.005600
73.000000 122.000000 0.004400
873.000000 122.000000 0.008400
129.000000 123.000000 0.004400
673.000000 124.000000 0.008400
694.000000 124.000000 0.005600
745.000000 124.000000 0.006800
843.000000 124.000000 0.009600
798.000000 125.000000 0.008000
828.000000 125.000000 0.005600
857.000000 125.000000 0.004400
904.000000 125.000000 0.006800
932.000000 125.000000 0.006800
960.000000 125.000000 0.006800
646.000000 126.000000 0.005600
720.000000 126.000000 0.006800
769.000000 126.000000 0.006400
1072.000000 126.000000 0.005600
1090.000000 126.000000 0.004400
469.000000 127.000000 0.006800
562.000000 127.000000 0.006800
587.000000 127.000000 0.005600
606.000000 127.000000 0.004400
622.000000 127.000000 0.006800
988.000000 127.000000 0.006800
1037.000000 127.000000 0.008400
1052.000000 127.000000 0.011200
1106.000000 127.000000 0.009200
365.000000 128.000000 0.006800
1011.000000 128.000000 0.006800
410.000000 129.000000 0.006800
442.000000 129.000000 0.007200
495.000000 129.000000 0.006400
520.000000 129.000000 0.005600
539.000000 129.000000 0.005600
387.000000 130.000000 0.005600
170.000000 131.000000 0.010000
340.000000 131.000000 0.007600
185.000000 132.000000 0.008400
210.000000 132.000000 0.006800
286.000000 132.000000 0.006800
261.000000 133.000000 0.006400
312.000000 133.000000 0.006400
237.000000 134.000000 0.005600
102.000000 138.000000 0.004400
120.000000 139.000000 0.003600
31.000000 141.000000 0.004400
44.000000 141.000000 0.004000
75.000000 141.000000 0.004000
59.000000 142.000000 0.004400
802.000000 158.000000 0.006800
844.000000 158.000000 0.005600
953.000000 158.000000 0.006400
975.000000 158.000000 0.005600
575.000000 159.000000 0.006800
599.000000 159.000000 0.008000
642.000000 159.000000 0.002800
657.000000 159.000000 0.008400
689.000000 159.000000 0.006800
721.000000 159.000000 0.006800
822.000000 159.000000 0.005600
884.000000 159.000000 0.006800
908.000000 159.000000 0.006400
929.000000 159.000000 0.005600
611.000000 160.000000 0.004400
750.000000 160.000000 0.006800
778.000000 160.000000 0.006800
862.000000 160.000000 0.005600
998.000000 160.000000 0.006400
1026.000000 160.000000 0.007200
1099.000000 160.000000 0.007200
493.000000 161.000000 0.006400
524.000000 161.000000 0.006800
552.000000 161.000000 0.005600
628.000000 161.000000 0.004400
1065.000000 161.000000 0.007600
313.000000 163.000000 0.006000
368.000000 163.000000 0.006400
400.000000 163.000000 0.006800
427.000000 163.000000 0.006800
469.000000 163.000000 0.006800
243.000000 164.000000 0.005600
267.000000 164.000000 0.006000
290.000000 164.000000 0.005600
332.000000 164.000000 0.004400
349.000000 164.000000 0.004800
454.000000 164.000000 0.006800
222.000000 165.000000 0.005600
170.000000 166.000000 0.007600
196.000000 166.000000 0.006400
1046.000000 188.000000 0.008000
733.000000 190.000000 0.006400
983.000000 190.000000 0.006800
492.000000 191.000000 0.006800
526.000000 191.000000 0.006000
549.000000 191.000000 0.006400
577.000000 191.000000 0.006400
679.000000 191.000000 0.006400
958.000000 191.000000 0.006800
1012.000000 191.000000 0.005600
1107.000000 191.000000 0.006800
700.000000 192.000000 0.008400
713.000000 192.000000 0.004400
878.000000 192.000000 0.006000
941.000000 192.000000 0.004400
334.000000 193.000000 0.006000
383.000000 193.000000 0.006800
416.000000 193.000000 0.005600
438.000000 193.000000 0.005600
463.000000 193.000000 0.006800
603.000000 193.000000 0.006800
632.000000 193.000000 0.006000
752.000000 193.000000 0.006400
777.000000 193.000000 0.005600
801.000000 193.000000 0.006800
856.000000 193.000000 0.005600
1072.000000 193.000000 0.007600
358.000000 194.000000 0.005600
657.000000 194.000000 0.005600
835.000000 194.000000 0.006000
903.000000 194.000000 0.005600
924.000000 194.000000 0.005200
196.000000 196.000000 0.006800
220.000000 196.000000 0.006000
243.000000 196.000000 0.006400
292.000000 196.000000 0.005600
313.000000 196.000000 0.005200
169.000000 197.000000 0.006400
266.000000 197.000000 0.006400
27.000000 201.000000 0.003200
104.000000 216.000000 0.005600
80.000000 217.000000 0.004400
44.000000 218.000000 0.004400
62.000000 218.000000 0.004000
1181.000000 218.000000 0.005200
30.000000 219.000000 0.005600
1162.000000 219.000000 0.006800
841.000000 220.000000 0.005600
926.000000 220.000000 0.006800
1113.000000 220.000000 0.008400
635.000000 221.000000 0.005600
1025.000000 221.000000 0.006400
1073.000000 221.000000 0.006400
1098.000000 221.000000 0.005600
614.000000 222.000000 0.006400
784.000000 222.000000 0.006000
951.000000 222.000000 0.006800
1048.000000 222.000000 0.005600
426.000000 223.000000 0.006800
452.000000 223.000000 0.005600
564.000000 223.000000 0.006400
716.000000 223.000000 0.005600
807.000000 223.000000 0.005600
859.000000 223.000000 0.005600
884.000000 223.000000 0.006800
975.000000 223.000000 0.006400
999.000000 223.000000 0.005600
402.000000 224.000000 0.005600
588.000000 224.000000 0.005600
659.000000 224.000000 0.005600
697.000000 224.000000 0.002800
737.000000 224.000000 0.006000
909.000000 224.000000 0.006800
478.000000 225.000000 0.006800
514.000000 225.000000 0.007600
538.000000 225.000000 0.006400
678.000000 225.000000 0.006000
760.000000 225.000000 0.005600
355.000000 226.000000 0.005600
379.000000 226.000000 0.006000
338.000000 227.000000 0.005600
320.000000 228.000000 0.005600
235.000000 229.000000 0.005600
298.000000 229.000000 0.005600
165.000000 230.000000 0.006800
191.000000 230.000000 0.006400
217.000000 230.000000 0.005600
260.000000 230.000000 0.005600
279.000000 230.000000 0.005600
1089.000000 251.000000 0.005600
1109.000000 251.000000 0.006400
1004.000000 253.000000 0.007600
1062.000000 253.000000 0.006400
669.000000 254.000000 0.005600
686.000000 254.000000 0.004400
731.000000 254.000000 0.005600
821.000000 254.000000 0.004800
954.000000 254.000000 0.005600
977.000000 254.000000 0.005600
1034.000000 254.000000 0.006400
649.000000 255.000000 0.006000
699.000000 255.000000 0.002800
712.000000 255.000000 0.004400
754.000000 255.000000 0.005600
774.000000 255.000000 0.005600
840.000000 255.000000 0.005600
488.000000 256.000000 0.006400
598.000000 256.000000 0.002800
799.000000 256.000000 0.005600
862.000000 256.000000 0.005600
889.000000 256.000000 0.006800
920.000000 256.000000 0.006800
940.000000 256.000000 0.002800
432.000000 257.000000 0.006800
513.000000 257.000000 0.006400
560.000000 257.000000 0.005600
625.000000 257.000000 0.005600
408.000000 258.000000 0.006800
461.000000 258.000000 0.006400
580.000000 258.000000 0.005600
261.000000 259.000000 0.007600
364.000000 259.000000 0.005600
382.000000 259.000000 0.006800
538.000000 259.000000 0.006000
237.000000 260.000000 0.006400
288.000000 261.000000 0.004400
308.000000 261.000000 0.008000
339.000000 261.000000 0.006000
215.000000 262.000000 0.005600
165.000000 263.000000 0.008400
199.000000 265.000000 0.009600
1105.000000 281.000000 0.006800
1052.000000 283.000000 0.005600
978.000000 284.000000 0.005600
1026.000000 284.000000 0.006400
1077.000000 284.000000 0.006800
706.000000 285.000000 0.005600
838.000000 285.000000 0.005600
858.000000 285.000000 0.006800
1001.000000 285.000000 0.005600
672.000000 286.000000 0.002800
812.000000 286.000000 0.007600
926.000000 286.000000 0.006400
951.000000 286.000000 0.006400
627.000000 287.000000 0.006400
651.000000 287.000000 0.006400
689.000000 287.000000 0.005600
725.000000 287.000000 0.006800
890.000000 287.000000 0.007600
560.000000 288.000000 0.006000
605.000000 288.000000 0.005600
753.000000 288.000000 0.006800
443.000000 289.000000 0.004400
537.000000 289.000000 0.006400
584.000000 289.000000 0.005600
780.000000 289.000000 0.006800
422.000000 290.000000 0.005600
461.000000 290.000000 0.005600
505.000000 290.000000 0.006800
482.000000 291.000000 0.005600
329.000000 292.000000 0.006400
402.000000 292.000000 0.006800
357.000000 293.000000 0.006400
378.000000 293.000000 0.005600
164.000000 294.000000 0.006800
280.000000 294.000000 0.002800
297.000000 294.000000 0.002800
258.000000 295.000000 0.006800
310.000000 295.000000 0.006800
186.000000 296.000000 0.005600
207.000000 296.000000 0.006800
237.000000 296.000000 0.006800
1092.000000 314.000000 0.005600
1109.000000 314.000000 0.008800
1050.000000 315.000000 0.006800
1073.000000 316.000000 0.006400
981.000000 317.000000 0.006800
930.000000 318.000000 0.008000
960.000000 318.000000 0.006800
1003.000000 318.000000 0.006800
1025.000000 318.000000 0.006000
825.000000 319.000000 0.005600
804.000000 320.000000 0.005600
859.000000 320.000000 0.006800
879.000000 320.000000 0.004400
900.000000 320.000000 0.005600
643.000000 321.000000 0.006800
744.000000 321.000000 0.008400
581.000000 322.000000 0.006800
661.000000 322.000000 0.005200
681.000000 322.000000 0.006400
775.000000 322.000000 0.007200
554.000000 323.000000 0.006800
623.000000 323.000000 0.002400
161.000000 324.000000 0.007200
488.000000 324.000000 0.005600
603.000000 324.000000 0.006800
707.000000 324.000000 0.006800
191.000000 325.000000 0.005600
360.000000 325.000000 0.006400
411.000000 325.000000 0.005600
458.000000 325.000000 0.004400
472.000000 325.000000 0.002800
509.000000 325.000000 0.005600
529.000000 325.000000 0.006000
210.000000 326.000000 0.005600
252.000000 326.000000 0.005600
267.000000 326.000000 0.004400
434.000000 326.000000 0.006400
230.000000 327.000000 0.005600
293.000000 327.000000 0.007600
383.000000 327.000000 0.006800
324.000000 328.000000 0.008400
334.000000 328.000000 0.008400
113.000000 346.000000 0.004400
58.000000 347.000000 0.005200
80.000000 347.000000 0.004400
98.000000 347.000000 0.004400
131.000000 347.000000 0.005200
973.000000 349.000000 0.006400
39.000000 350.000000 0.004400
995.000000 350.000000 0.005600
1019.000000 350.000000 0.006800
1073.000000 350.000000 0.006800
1105.000000 350.000000 0.007600
804.000000 351.000000 0.006800
829.000000 351.000000 0.006400
909.000000 351.000000 0.006800
1045.000000 351.000000 0.006800
885.000000 352.000000 0.006800
929.000000 352.000000 0.005600
949.000000 352.000000 0.005600
755.000000 353.000000 0.005600
777.000000 354.000000 0.006000
857.000000 354.000000 0.007600
179.000000 355.000000 0.005600
537.000000 355.000000 0.007600
161.000000 356.000000 0.006800
200.000000 356.000000 0.005600
516.000000 356.000000 0.006800
650.000000 356.000000 0.008400
219.000000 357.000000 0.006400
667.000000 357.000000 0.005600
732.000000 357.000000 0.006800
424.000000 358.000000 0.005600
471.000000 358.000000 0.008400
491.000000 358.000000 0.006800
561.000000 358.000000 0.004400
582.000000 358.000000 0.009600
682.000000 358.000000 0.009600
403.000000 359.000000 0.005600
443.000000 359.000000 0.009600
617.000000 359.000000 0.006800
705.000000 359.000000 0.006800
268.000000 360.000000 0.006800
245.000000 361.000000 0.006800
288.000000 361.000000 0.008400
366.000000 361.000000 0.006800
384.000000 361.000000 0.005600
341.000000 363.000000 0.006800
316.000000 365.000000 0.008400
37.000000 367.000000 0.004400
78.000000 367.000000 0.004400
59.000000 368.000000 0.004800
1103.000000 398.000000 0.004400
1119.000000 398.000000 0.004400
939.000000 400.000000 0.005200
1085.000000 400.000000 0.004400
956.000000 401.000000 0.004000
1049.000000 401.000000 0.004400
1136.000000 401.000000 0.005600
972.000000 402.000000 0.004400
988.000000 402.000000 0.004000
1018.000000 402.000000 0.004400
1033.000000 402.000000 0.003600
1068.000000 402.000000 0.004400
920.000000 403.000000 0.004400
1002.000000 404.000000 0.004400
821.000000 405.000000 0.005600
854.000000 405.000000 0.004400
868.000000 405.000000 0.003600
882.000000 405.000000 0.004000
897.000000 405.000000 0.004400
838.000000 406.000000 0.004000
795.000000 409.000000 0.004400
780.000000 410.000000 0.004400
737.000000 412.000000 0.005600
752.000000 412.000000 0.003600
681.000000 413.000000 0.004400
601.000000 414.000000 0.004400
694.000000 414.000000 0.003600
616.000000 415.000000 0.003600
637.000000 415.000000 0.003600
649.000000 415.000000 0.003600
716.000000 415.000000 0.006400
584.000000 416.000000 0.005600
533.000000 417.000000 0.003600
548.000000 417.000000 0.004400
565.000000 417.000000 0.004400
520.000000 418.000000 0.007600
491.000000 419.000000 0.005600
509.000000 419.000000 0.003600
237.000000 420.000000 0.006800
319.000000 420.000000 0.004400
474.000000 420.000000 0.004400
215.000000 421.000000 0.005600
339.000000 421.000000 0.005600
390.000000 421.000000 0.003600
174.000000 422.000000 0.002800
196.000000 422.000000 0.002800
252.000000 422.000000 0.004400
268.000000 422.000000 0.005200
303.000000 422.000000 0.004400
362.000000 422.000000 0.004400
377.000000 422.000000 0.004000
406.000000 422.000000 0.005600
442.000000 422.000000 0.004400
459.000000 422.000000 0.004000
289.000000 423.000000 0.004400
427.000000 423.000000 0.004400
162.000000 424.000000 0.006800
