388 392
99 100
70 73
8 9
40 41
148 150
262 270
192 193
41 42
284 285
376 377
14 15
225 226
217 222
74 75
265 271
122 124
155 167
409 410
226 227
96 99
18 21
387 391
188 191
48 49
259 260
372 375
351 352
232 233
402 406
81 82
313 316
292 293
324 325
154 161
133 138
173 174
233 234
103 106
265 266
346 349
373 375
166 171
206 207
417 418
266 267
258 263
269 272
207 208
29 31
272 274
299 300
10 17
423 424
240 241
33 37
364 365
181 182
424 425
338 340
187 189
394 402
365 366
47 56
298 303
398 399
390 395
280 282
129 131
113 114
339 340
372 374
221 223
253 255
54 55
102 104
110 117
146 147
154 160
364 369
394 397
179 180
227 229
28 29
88 89
120 121
228 230
412 414
10 16
213 214
261 263
110 112
205 219
305 306
353 355
202 204
3 4
246 247
116 119
416 420
95 96
127 128
68 69
319 325
160 170
379 385
209 221
98 106
161 162
253 254
205 214
313 314
305 310
43 44
275 278
302 304
135 136
312 434
346 347
264 268
276 279
76 77
287 288
319 320
168 169
400 403
379 380
427 429
98 101
50 61
360 366
401 404
261 262
293 294
342 345
216 223
65 72
117 119
348 351
109 115
149 151
327 328
42 43
90 92
134 135
91 93
123 125
382 385
252 257
45 53
396 405
248 250
89 95
389 393
238 242
201 202
71 74
249 251
23 24
234 235
115 116
363 367
175 176
24 25
267 268
315 317
348 350
19 22
197 199
11 18
200 210
362 370
333 334
381 383
20 23
182 183
141 142
31 32
426 427
174 175
307 308
15 20
396 404
5 6
237 240
415 417
285 289
130 132
418 419
0 4
210 222
148 149
270 273
241 246
44 46
52 59
395 398
196 198
204 211
215 220
288 290
425 426
407 408
78 80
111 113
399 400
343 347
281 286
171 173
332 337
432 433
85 87
206 215
70 71
118 120
406 407
11 12
291 295
339 344
63 68
163 164
33 36
203 209
52 58
255 256
247 248
137 138
185 187
47 55
428 430
188 189
318 326
239 243
280 281
129 130
299 303
321 327
162 163
332 336
295 296
51 57
384 392
103 104
236 237
122 126
85 86
195 196
177 178
136 137
228 229
291 294
92 94
380 381
140 143
343 350
383 386
184 186
243 244
361 367
413 414
84 86
384 387
416 419
143 144
354 355
235 236
158 169
147 150
390 393
132 134
420 421
25 26
342 349
353 358
51 56
435 436
9 432
386 391
335 336
258 260
157 168
69 73
401 403
397 405
217 218
87 90
176 177
378 382
357 359
109 114
88 91
250 251
157 172
180 183
191 192
301 302
121 124
153 156
331 333
290 292
224 225
334 335
165 166
35 38
338 341
65 66
276 277
57 62
308 309
198 199
356 358
128 131
139 140
371 374
39 40
102 105
53 60
434 435
105 107
283 284
164 165
286 289
46 48
256 257
17 21
76 79
50 54
190 195
360 368
412 415
282 287
13 19
231 232
35 37
38 39
337 344
356 357
30 34
322 328
271 273
12 22
112 118
274 278
123 127
13 14
275 279
307 311
108 111
315 324
264 269
97 101
49 61
230 231
79 80
322 323
341 345
142 145
190 194
352 354
152 158
326 329
296 297
304 310
64 72
145 146
388 389
26 27
277 283
78 83
297 298
329 330
178 179
27 28
218 224
421 422
238 239
63 67
330 331
362 363
211 212
203 208
422 423
141 144
152 153
75 77
1 2
411 413
212 213
34 36
244 245
93 94
185 186
156 159
428 429
97 100
159 170
82 84
370 371
219 220
200 216
45 431
181 184
314 317
193 194
59 60
318 320
377 378
0 1
30 32
410 411
81 83
125 126
133 139
66 67
373 376
155 172
7 8
