146 148
247 255
72 73
64 69
98 101
315 316
255 256
108 112
286 289
320 321
167 173
256 257
0 5
244 246
261 262
114 118
109 113
140 146
175 177
41 42
249 254
18 19
50 54
241 250
99 102
188 189
133 134
14 15
77 83
57 59
106 107
11 16
317 318
262 263
148 152
221 222
158 163
36 48
247 259
42 43
306 308
145 147
162 163
301 303
318 319
134 135
181 185
199 200
144 145
38 39
208 212
239 245
39 46
259 260
9 12
143 149
248 257
89 93
100 105
300 304
166 169
238 240
13 21
215 217
232 233
209 213
24 30
136 137
313 316
203 206
59 61
90 94
81 91
162 165
284 289
124 126
269 270
101 103
164 171
22 23
21 25
14 19
31 35
265 266
210 211
104 105
97 99
169 170
251 258
290 295
68 72
109 110
10 15
151 152
110 111
71 74
266 267
50 51
243 244
51 52
190 192
207 208
220 227
222 224
239 240
285 292
29 40
78 88
138 139
308 312
80 94
92 96
241 242
132 141
175 176
221 228
7 9
198 205
287 292
249 253
82 85
116 117
202 205
147 150
3 5
180 184
125 129
185 189
52 53
29 33
263 264
271 277
57 58
234 237
299 302
114 119
186 190
28 31
214 215
223 227
296 297
25 26
85 95
306 307
200 201
305 309
250 254
32 34
154 158
288 293
20 23
182 183
165 167
229 234
141 142
86 87
280 282
191 195
297 298
86 96
129 131
265 272
182 192
121 127
35 48
17 18
155 159
130 139
187 191
204 207
300 303
27 28
132 136
197 201
54 55
47 49
211 212
156 157
219 225
32 45
60 61
268 273
271 272
124 128
229 236
286 288
87 88
118 121
144 149
1 2
22 34
115 122
252 258
76 78
83 93
68 74
62 70
174 177
281 282
287 298
119 122
30 44
120 130
156 159
245 246
98 102
220 226
77 79
309 313
60 63
269 274
71 75
248 251
274 279
314 315
106 112
178 183
10 16
172 176
213 214
218 228
45 47
131 135
290 299
270 275
310 311
304 307
76 89
62 63
281 284
120 123
174 179
168 172
209 210
202 204
154 155
82 84
260 264
301 302
283 296
285 293
311 312
127 128
104 108
242 243
187 188
235 237
179 184
252 253
65 73
230 232
36 37
198 206
224 225
166 168
231 233
160 161
193 194
171 173
275 276
33 41
81 90
69 70
268 279
133 137
164 170
150 153
181 186
216 217
0 1
65 66
40 46
276 277
273 278
218 223
17 26
37 38
261 267
140 142
305 310
231 235
194 195
226 230
64 67
43 44
283 291
107 111
84 91
125 126
116 123
20 27
113 115
199 203
216 219
178 180
314 321
66 67
11 12
291 295
75 79
92 95
157 160
319 320
151 153
7 8
13 24
