195.000000 64.000000 0.000006
258.000000 66.000000 0.000005
282.000000 66.000000 0.000003
221.000000 67.000000 0.000003
305.000000 67.000000 0.000002
322.000000 68.000000 0.000005
1059.000000 76.000000 0.000005
1077.000000 76.000000 0.000005
707.000000 107.000000 0.000002
766.000000 107.000000 0.000002
641.000000 108.000000 0.000003
683.000000 108.000000 0.000002
695.000000 108.000000 0.000001
726.000000 108.000000 0.000002
745.000000 108.000000 0.000002
785.000000 108.000000 0.000002
587.000000 109.000000 0.000002
652.000000 109.000000 0.000002
666.000000 109.000000 0.000002
235.000000 110.000000 0.000002
282.000000 110.000000 0.000002
306.000000 110.000000 0.000002
371.000000 110.000000 0.000002
567.000000 110.000000 0.000003
620.000000 110.000000 0.000002
855.000000 110.000000 0.000002
905.000000 110.000000 0.000002
180.000000 111.000000 0.000003
258.000000 111.000000 0.000003
347.000000 111.000000 0.000002
359.000000 111.000000 0.000001
384.000000 111.000000 0.000002
396.000000 111.000000 0.000003
407.000000 111.000000 0.000001
835.000000 111.000000 0.000003
879.000000 111.000000 0.000003
945.000000 111.000000 0.000002
974.000000 111.000000 0.000002
995.000000 111.000000 0.000002
208.000000 112.000000 0.000003
333.000000 112.000000 0.000003
428.000000 112.000000 0.000003
446.000000 112.000000 0.000002
465.000000 112.000000 0.000002
482.000000 112.000000 0.000003
509.000000 112.000000 0.000002
811.000000 112.000000 0.000003
926.000000 112.000000 0.000002
958.000000 112.000000 0.000002
1028.000000 112.000000 0.000002
153.000000 113.000000 0.000003
528.000000 113.000000 0.000002
545.000000 113.000000 0.000002
1049.000000 114.000000 0.000002
1075.000000 115.000000 0.000003
1012.000000 116.000000 0.000002
1106.000000 116.000000 0.000003
605.000000 139.000000 0.000003
630.000000 139.000000 0.000002
726.000000 139.000000 0.000002
397.000000 140.000000 0.000003
681.000000 140.000000 0.000002
705.000000 140.000000 0.000003
767.000000 140.000000 0.000002
804.000000 140.000000 0.000002
305.000000 141.000000 0.000003
328.000000 141.000000 0.000003
373.000000 141.000000 0.000002
449.000000 141.000000 0.000002
480.000000 141.000000 0.000002
541.000000 141.000000 0.000002
555.000000 141.000000 0.000002
575.000000 141.000000 0.000002
658.000000 141.000000 0.000003
746.000000 141.000000 0.000002
785.000000 141.000000 0.000002
862.000000 141.000000 0.000002
878.000000 141.000000 0.000002
280.000000 142.000000 0.000002
342.000000 142.000000 0.000002
428.000000 142.000000 0.000003
466.000000 142.000000 0.000002
524.000000 142.000000 0.000002
591.000000 142.000000 0.000001
903.000000 142.000000 0.000003
937.000000 142.000000 0.000002
970.000000 142.000000 0.000001
1066.000000 142.000000 0.000002
358.000000 143.000000 0.000002
504.000000 143.000000 0.000003
845.000000 143.000000 0.000002
956.000000 143.000000 0.000002
1047.000000 143.000000 0.000002
1091.000000 143.000000 0.000003
1103.000000 143.000000 0.000001
188.000000 144.000000 0.000002
208.000000 144.000000 0.000003
236.000000 144.000000 0.000002
825.000000 144.000000 0.000002
985.000000 144.000000 0.000002
153.000000 145.000000 0.000003
256.000000 145.000000 0.000003
1002.000000 145.000000 0.000002
170.000000 146.000000 0.000002
922.000000 146.000000 0.000003
1027.000000 146.000000 0.000003
607.000000 167.000000 0.000003
628.000000 167.000000 0.000002
642.000000 168.000000 0.000002
453.000000 169.000000 0.000002
542.000000 169.000000 0.000003
565.000000 169.000000 0.000002
581.000000 169.000000 0.000002
682.000000 169.000000 0.000002
700.000000 169.000000 0.000002
421.000000 170.000000 0.000002
476.000000 170.000000 0.000002
497.000000 170.000000 0.000002
734.000000 170.000000 0.000001
747.000000 170.000000 0.000003
520.000000 171.000000 0.000002
661.000000 171.000000 0.000002
719.000000 171.000000 0.000002
763.000000 171.000000 0.000002
779.000000 171.000000 0.000002
820.000000 171.000000 0.000003
859.000000 171.000000 0.000003
383.000000 172.000000 0.000003
404.000000 172.000000 0.000002
798.000000 172.000000 0.000002
961.000000 172.000000 0.000002
314.000000 173.000000 0.000003
354.000000 173.000000 0.000003
880.000000 173.000000 0.000002
897.000000 173.000000 0.000002
915.000000 173.000000 0.000002
931.000000 173.000000 0.000002
949.000000 173.000000 0.000001
980.000000 173.000000 0.000002
1004.000000 173.000000 0.000001
1039.000000 173.000000 0.000002
1056.000000 173.000000 0.000002
1095.000000 173.000000 0.000003
334.000000 174.000000 0.000002
1016.000000 174.000000 0.000003
1077.000000 174.000000 0.000003
197.000000 175.000000 0.000003
278.000000 175.000000 0.000003
263.000000 176.000000 0.000002
249.000000 177.000000 0.000002
154.000000 178.000000 0.000003
231.000000 178.000000 0.000003
175.000000 183.000000 0.000003
656.000000 199.000000 0.000002
479.000000 200.000000 0.000002
541.000000 200.000000 0.000003
609.000000 200.000000 0.000002
724.000000 200.000000 0.000003
436.000000 201.000000 0.000003
457.000000 201.000000 0.000002
498.000000 201.000000 0.000002
518.000000 201.000000 0.000003
565.000000 201.000000 0.000003
587.000000 201.000000 0.000002
632.000000 201.000000 0.000003
680.000000 201.000000 0.000002
700.000000 201.000000 0.000002
748.000000 201.000000 0.000002
834.000000 202.000000 0.000002
348.000000 203.000000 0.000003
405.000000 203.000000 0.000002
771.000000 203.000000 0.000002
854.000000 203.000000 0.000002
928.000000 203.000000 0.000003
1097.000000 203.000000 0.000003
383.000000 204.000000 0.000003
815.000000 204.000000 0.000002
877.000000 204.000000 0.000002
1008.000000 204.000000 0.000002
1029.000000 204.000000 0.000001
1070.000000 204.000000 0.000003
985.000000 205.000000 0.000002
317.000000 206.000000 0.000002
909.000000 206.000000 0.000003
949.000000 206.000000 0.000001
969.000000 206.000000 0.000002
997.000000 206.000000 0.000001
302.000000 207.000000 0.000002
330.000000 207.000000 0.000002
795.000000 207.000000 0.000003
257.000000 209.000000 0.000002
185.000000 210.000000 0.000003
279.000000 210.000000 0.000003
210.000000 211.000000 0.000002
243.000000 211.000000 0.000003
160.000000 214.000000 0.000003
587.000000 227.000000 0.000001
481.000000 230.000000 0.000003
532.000000 230.000000 0.000002
566.000000 230.000000 0.000003
598.000000 230.000000 0.000003
450.000000 231.000000 0.000003
500.000000 231.000000 0.000002
516.000000 231.000000 0.000002
544.000000 231.000000 0.000003
617.000000 231.000000 0.000002
648.000000 231.000000 0.000001
683.000000 231.000000 0.000002
426.000000 232.000000 0.000002
635.000000 232.000000 0.000002
666.000000 232.000000 0.000002
391.000000 233.000000 0.000002
408.000000 233.000000 0.000002
699.000000 233.000000 0.000002
369.000000 234.000000 0.000002
719.000000 234.000000 0.000002
347.000000 235.000000 0.000003
733.000000 235.000000 0.000003
973.000000 235.000000 0.000002
751.000000 236.000000 0.000003
823.000000 236.000000 0.000002
889.000000 236.000000 0.000002
959.000000 236.000000 0.000001
993.000000 236.000000 0.000002
1047.000000 236.000000 0.000002
1097.000000 236.000000 0.000003
322.000000 237.000000 0.000002
804.000000 237.000000 0.000002
844.000000 237.000000 0.000002
866.000000 237.000000 0.000002
910.000000 237.000000 0.000002
1008.000000 237.000000 0.000004
1063.000000 237.000000 0.000003
781.000000 238.000000 0.000002
929.000000 238.000000 0.000002
1027.000000 238.000000 0.000002
1084.000000 238.000000 0.000005
282.000000 239.000000 0.000003
305.000000 239.000000 0.000002
254.000000 240.000000 0.000002
180.000000 241.000000 0.000003
210.000000 241.000000 0.000002
235.000000 242.000000 0.000003
156.000000 244.000000 0.000002
480.000000 261.000000 0.000002
499.000000 261.000000 0.000002
526.000000 261.000000 0.000003
594.000000 262.000000 0.000003
548.000000 263.000000 0.000002
568.000000 263.000000 0.000002
619.000000 264.000000 0.000003
647.000000 264.000000 0.000002
661.000000 264.000000 0.000002
677.000000 265.000000 0.000002
697.000000 265.000000 0.000002
711.000000 265.000000 0.000001
724.000000 265.000000 0.000002
455.000000 266.000000 0.000003
742.000000 266.000000 0.000002
805.000000 267.000000 0.000002
903.000000 267.000000 0.000003
919.000000 267.000000 0.000002
398.000000 268.000000 0.000003
771.000000 268.000000 0.000003
787.000000 268.000000 0.000002
892.000000 268.000000 0.000003
940.000000 268.000000 0.000003
302.000000 269.000000 0.000003
426.000000 269.000000 0.000003
834.000000 269.000000 0.000002
846.000000 269.000000 0.000002
874.000000 269.000000 0.000003
964.000000 269.000000 0.000003
984.000000 269.000000 0.000003
280.000000 270.000000 0.000003
376.000000 270.000000 0.000002
817.000000 270.000000 0.000003
1011.000000 270.000000 0.000002
1028.000000 270.000000 0.000002
1052.000000 270.000000 0.000002
163.000000 271.000000 0.000003
348.000000 271.000000 0.000003
1080.000000 271.000000 0.000003
328.000000 272.000000 0.000002
245.000000 273.000000 0.000003
207.000000 274.000000 0.000002
225.000000 274.000000 0.000002
187.000000 275.000000 0.000003
562.000000 294.000000 0.000002
585.000000 294.000000 0.000003
644.000000 294.000000 0.000002
608.000000 295.000000 0.000002
662.000000 295.000000 0.000002
483.000000 296.000000 0.000003
509.000000 296.000000 0.000003
534.000000 296.000000 0.000003
627.000000 296.000000 0.000002
682.000000 296.000000 0.000002
727.000000 296.000000 0.000002
754.000000 296.000000 0.000003
775.000000 296.000000 0.000002
452.000000 297.000000 0.000002
822.000000 297.000000 0.000003
432.000000 298.000000 0.000002
800.000000 298.000000 0.000003
987.000000 298.000000 0.000002
1011.000000 298.000000 0.000003
336.000000 299.000000 0.000002
397.000000 299.000000 0.000002
414.000000 299.000000 0.000002
897.000000 299.000000 0.000002
1036.000000 299.000000 0.000003
1063.000000 299.000000 0.000002
251.000000 300.000000 0.000002
269.000000 300.000000 0.000003
316.000000 300.000000 0.000003
365.000000 300.000000 0.000002
384.000000 300.000000 0.000003
705.000000 300.000000 0.000002
851.000000 300.000000 0.000003
876.000000 300.000000 0.000002
294.000000 301.000000 0.000002
347.000000 301.000000 0.000002
916.000000 301.000000 0.000002
936.000000 301.000000 0.000002
951.000000 301.000000 0.000002
966.000000 301.000000 0.000002
1083.000000 301.000000 0.000003
157.000000 302.000000 0.000003
178.000000 302.000000 0.000002
202.000000 302.000000 0.000002
222.000000 303.000000 0.000002
236.000000 303.000000 0.000002
632.000000 326.000000 0.000003
711.000000 327.000000 0.000002
580.000000 328.000000 0.000003
603.000000 328.000000 0.000003
653.000000 328.000000 0.000003
679.000000 328.000000 0.000002
729.000000 328.000000 0.000002
747.000000 328.000000 0.000002
769.000000 328.000000 0.000002
500.000000 329.000000 0.000003
532.000000 329.000000 0.000003
556.000000 329.000000 0.000002
304.000000 330.000000 0.000002
455.000000 330.000000 0.000003
480.000000 330.000000 0.000002
793.000000 330.000000 0.000003
291.000000 331.000000 0.000002
353.000000 331.000000 0.000003
382.000000 331.000000 0.000003
406.000000 331.000000 0.000003
430.000000 331.000000 0.000003
819.000000 331.000000 0.000002
1030.000000 331.000000 0.000003
158.000000 332.000000 0.000003
325.000000 332.000000 0.000003
839.000000 332.000000 0.000002
888.000000 332.000000 0.000002
907.000000 332.000000 0.000003
941.000000 332.000000 0.000002
961.000000 332.000000 0.000003
1008.000000 332.000000 0.000003
196.000000 333.000000 0.000002
246.000000 333.000000 0.000002
269.000000 333.000000 0.000002
986.000000 333.000000 0.000003
219.000000 334.000000 0.000003
862.000000 334.000000 0.000003
918.000000 334.000000 0.000003
1052.000000 334.000000 0.000002
1087.000000 334.000000 0.000002
181.000000 335.000000 0.000002
1072.000000 335.000000 0.000002
1107.000000 335.000000 0.000003
750.000000 356.000000 0.000002
548.000000 357.000000 0.000003
593.000000 357.000000 0.000003
661.000000 357.000000 0.000003
687.000000 357.000000 0.000003
715.000000 357.000000 0.000002
562.000000 358.000000 0.000001
574.000000 358.000000 0.000002
621.000000 358.000000 0.000002
638.000000 358.000000 0.000002
511.000000 359.000000 0.000002
525.000000 359.000000 0.000002
734.000000 359.000000 0.000002
786.000000 359.000000 0.000003
804.000000 359.000000 0.000002
468.000000 360.000000 0.000002
488.000000 360.000000 0.000003
840.000000 360.000000 0.000002
882.000000 360.000000 0.000003
900.000000 360.000000 0.000002
250.000000 361.000000 0.000003
821.000000 361.000000 0.000002
858.000000 361.000000 0.000002
285.000000 362.000000 0.000003
338.000000 362.000000 0.000002
450.000000 362.000000 0.000002
912.000000 362.000000 0.000002
1092.000000 362.000000 0.000002
1112.000000 362.000000 0.000003
227.000000 363.000000 0.000002
385.000000 363.000000 0.000003
413.000000 363.000000 0.000002
434.000000 363.000000 0.000002
929.000000 363.000000 0.000002
206.000000 364.000000 0.000002
315.000000 364.000000 0.000003
356.000000 364.000000 0.000002
370.000000 364.000000 0.000002
1063.000000 364.000000 0.000003
948.000000 365.000000 0.000002
962.000000 365.000000 0.000003
993.000000 365.000000 0.000002
164.000000 366.000000 0.000003
188.000000 366.000000 0.000002
1014.000000 366.000000 0.000002
1035.000000 366.000000 0.000003
664.000000 386.000000 0.000003
686.000000 386.000000 0.000002
535.000000 387.000000 0.000003
566.000000 387.000000 0.000003
640.000000 387.000000 0.000001
703.000000 387.000000 0.000002
794.000000 387.000000 0.000003
337.000000 388.000000 0.000002
472.000000 388.000000 0.000002
494.000000 388.000000 0.000002
592.000000 388.000000 0.000003
623.000000 388.000000 0.000002
724.000000 388.000000 0.000002
775.000000 388.000000 0.000002
262.000000 389.000000 0.000002
297.000000 389.000000 0.000002
312.000000 389.000000 0.000002
372.000000 389.000000 0.000002
424.000000 389.000000 0.000002
458.000000 389.000000 0.000001
509.000000 389.000000 0.000003
746.000000 389.000000 0.000003
839.000000 389.000000 0.000002
357.000000 390.000000 0.000001
386.000000 390.000000 0.000001
398.000000 390.000000 0.000002
445.000000 390.000000 0.000002
852.000000 390.000000 0.000002
911.000000 390.000000 0.000002
245.000000 391.000000 0.000002
228.000000 392.000000 0.000002
819.000000 393.000000 0.000002
869.000000 393.000000 0.000002
889.000000 393.000000 0.000002
926.000000 394.000000 0.000002
946.000000 394.000000 0.000002
958.000000 394.000000 0.000002
974.000000 394.000000 0.000002
1014.000000 394.000000 0.000002
1067.000000 394.000000 0.000002
1038.000000 395.000000 0.000003
989.000000 396.000000 0.000002
1087.000000 396.000000 0.000003
159.000000 397.000000 0.000004
1099.000000 397.000000 0.000003
1154.000000 407.000000 0.000003
208.000000 409.000000 0.000003
1132.000000 409.000000 0.000002
384.000000 410.000000 0.000002
161.000000 411.000000 0.000005
180.000000 411.000000 0.000002
554.000000 411.000000 0.000002
290.000000 412.000000 0.000002
318.000000 412.000000 0.000002
265.000000 413.000000 0.000003
334.000000 413.000000 0.000002
360.000000 413.000000 0.000002
423.000000 413.000000 0.000002
572.000000 413.000000 0.000002
403.000000 414.000000 0.000002
442.000000 414.000000 0.000003
467.000000 414.000000 0.000002
642.000000 414.000000 0.000003
708.000000 414.000000 0.000003
596.000000 415.000000 0.000002
618.000000 415.000000 0.000002
764.000000 415.000000 0.000002
498.000000 416.000000 0.000003
531.000000 416.000000 0.000003
678.000000 416.000000 0.000003
739.000000 416.000000 0.000003
788.000000 416.000000 0.000002
832.000000 416.000000 0.000002
882.000000 416.000000 0.000003
235.000000 417.000000 0.000002
810.000000 417.000000 0.000002
922.000000 417.000000 0.000002
855.000000 418.000000 0.000002
906.000000 418.000000 0.000002
937.000000 418.000000 0.000002
1004.000000 418.000000 0.000005
961.000000 419.000000 0.000002
1079.000000 420.000000 0.000002
1095.000000 420.000000 0.000002
1060.000000 421.000000 0.000002
1021.000000 422.000000 0.000002
1041.000000 422.000000 0.000002
