0.851200 0.050400 0.000000
0.872000 0.053600 0.000000
0.146400 0.054400 0.000000
0.218400 0.054400 0.000000
0.235200 0.054400 0.000000
0.252000 0.054400 0.000000
0.199200 0.056800 0.000000
0.165600 0.058400 0.000000
0.681600 0.086400 0.000000
0.263200 0.087200 0.000000
0.046400 0.088000 0.000000
0.060000 0.088000 0.000000
0.616800 0.088000 0.000000
0.664800 0.088000 0.000000
0.225600 0.088800 0.000000
0.240000 0.088800 0.000000
0.279200 0.088800 0.000000
0.638400 0.088800 0.000000
0.649600 0.088800 0.000000
0.699200 0.088800 0.000000
0.731200 0.088800 0.000000
0.743200 0.088800 0.000000
0.758400 0.088800 0.000000
0.210400 0.089600 0.000000
0.480000 0.089600 0.000000
0.553600 0.089600 0.000000
0.589600 0.089600 0.000000
0.607200 0.089600 0.000000
0.713600 0.089600 0.000000
0.772800 0.089600 0.000000
0.167200 0.090400 0.000000
0.494400 0.090400 0.000000
0.521600 0.090400 0.000000
0.536800 0.090400 0.000000
0.563200 0.090400 0.000000
0.574400 0.090400 0.000000
0.853600 0.090400 0.000000
0.122400 0.091200 0.000000
0.138400 0.091200 0.000000
0.151200 0.091200 0.000000
0.178400 0.091200 0.000000
0.299200 0.091200 0.000000
0.467200 0.091200 0.000000
0.787200 0.091200 0.000000
0.806400 0.091200 0.000000
0.824000 0.091200 0.000000
0.836800 0.091200 0.000000
0.899200 0.091200 0.000000
0.107200 0.092000 0.000000
0.194400 0.092000 0.000000
0.360800 0.092000 0.000000
0.456800 0.092000 0.000000
0.868800 0.092000 0.000000
0.883200 0.092000 0.000000
0.382400 0.092800 0.000000
0.393600 0.092800 0.000000
0.418400 0.092800 0.000000
0.440000 0.092800 0.000000
0.315200 0.093600 0.000000
0.330400 0.093600 0.000000
0.344800 0.093600 0.000000
0.404800 0.093600 0.000000
0.428000 0.093600 0.000000
0.643200 0.111200 0.000000
0.680000 0.113600 0.000000
0.695200 0.114400 0.000000
0.722400 0.114400 0.000000
0.740800 0.114400 0.000000
0.772800 0.114400 0.000000
0.839200 0.114400 0.000000
0.233600 0.115200 0.000000
0.605600 0.115200 0.000000
0.625600 0.115200 0.000000
0.664800 0.115200 0.000000
0.752800 0.115200 0.000000
0.246400 0.116000 0.000000
0.279200 0.116000 0.000000
0.595200 0.116000 0.000000
0.860800 0.116000 0.000000
0.104800 0.116800 0.000000
0.219200 0.116800 0.000000
0.260800 0.116800 0.000000
0.448000 0.116800 0.000000
0.576000 0.116800 0.000000
0.614400 0.116800 0.000000
0.707200 0.116800 0.000000
0.788000 0.116800 0.000000
0.806400 0.116800 0.000000
0.876000 0.116800 0.000000
0.891200 0.116800 0.000000
0.160000 0.117600 0.000000
0.299200 0.117600 0.000000
0.331200 0.117600 0.000000
0.364000 0.117600 0.000000
0.403200 0.117600 0.000000
0.464800 0.117600 0.000000
0.510400 0.117600 0.000000
0.527200 0.117600 0.000000
0.554400 0.117600 0.000000
0.901600 0.117600 0.000000
0.122400 0.118400 0.000000
0.143200 0.118400 0.000000
0.172800 0.118400 0.000000
0.187200 0.118400 0.000000
0.201600 0.118400 0.000000
0.315200 0.118400 0.000000
0.348000 0.118400 0.000000
0.384800 0.118400 0.000000
0.482400 0.118400 0.000000
0.492000 0.118400 0.000000
0.540000 0.118400 0.000000
0.822400 0.118400 0.000000
0.414400 0.119200 0.000000
0.430400 0.121600 0.000000
0.643200 0.139200 0.000000
0.159200 0.140000 0.000000
0.248800 0.140000 0.000000
0.280800 0.140000 0.000000
0.349600 0.140000 0.000000
0.372000 0.140000 0.000000
0.452000 0.140000 0.000000
0.598400 0.140000 0.000000
0.616800 0.140000 0.000000
0.630400 0.140000 0.000000
0.659200 0.140000 0.000000
0.141600 0.140800 0.000000
0.264000 0.140800 0.000000
0.295200 0.140800 0.000000
0.328000 0.140800 0.000000
0.361600 0.140800 0.000000
0.436000 0.140800 0.000000
0.584000 0.140800 0.000000
0.674400 0.140800 0.000000
0.691200 0.140800 0.000000
0.123200 0.141600 0.000000
0.177600 0.141600 0.000000
0.195200 0.141600 0.000000
0.311200 0.141600 0.000000
0.393600 0.141600 0.000000
0.538400 0.141600 0.000000
0.554400 0.141600 0.000000
0.569600 0.141600 0.000000
0.741600 0.141600 0.000000
0.753600 0.141600 0.000000
0.904000 0.141600 0.000000
0.915200 0.141600 0.000000
0.231200 0.142400 0.000000
0.520800 0.142400 0.000000
0.733600 0.142400 0.000000
0.864800 0.142400 0.000000
0.884800 0.142400 0.000000
0.924000 0.142400 0.000000
0.104800 0.143200 0.000000
0.412800 0.143200 0.000000
0.501600 0.143200 0.000000
0.715200 0.143200 0.000000
0.773600 0.143200 0.000000
0.784800 0.143200 0.000000
0.844800 0.143200 0.000000
0.216000 0.144000 0.000000
0.468800 0.144000 0.000000
0.484800 0.144000 0.000000
0.806400 0.144000 0.000000
0.822400 0.144000 0.000000
0.795200 0.144800 0.000000
0.552000 0.164000 0.000000
0.142400 0.164800 0.000000
0.180000 0.164800 0.000000
0.218400 0.164800 0.000000
0.280800 0.164800 0.000000
0.329600 0.164800 0.000000
0.412000 0.164800 0.000000
0.630400 0.164800 0.000000
0.654400 0.164800 0.000000
0.668800 0.164800 0.000000
0.684000 0.164800 0.000000
0.700000 0.164800 0.000000
0.120800 0.165600 0.000000
0.159200 0.165600 0.000000
0.196000 0.165600 0.000000
0.246400 0.165600 0.000000
0.255200 0.165600 0.000000
0.265600 0.165600 0.000000
0.297600 0.165600 0.000000
0.316800 0.165600 0.000000
0.356000 0.165600 0.000000
0.392800 0.165600 0.000000
0.458400 0.165600 0.000000
0.496000 0.165600 0.000000
0.538400 0.165600 0.000000
0.566400 0.165600 0.000000
0.616000 0.165600 0.000000
0.229600 0.166400 0.000000
0.370400 0.166400 0.000000
0.380000 0.166400 0.000000
0.426400 0.166400 0.000000
0.512000 0.166400 0.000000
0.522400 0.166400 0.000000
0.580800 0.166400 0.000000
0.599200 0.166400 0.000000
0.713600 0.166400 0.000000
0.722400 0.166400 0.000000
0.757600 0.166400 0.000000
0.474400 0.167200 0.000000
0.778400 0.167200 0.000000
0.884000 0.167200 0.000000
0.106400 0.168000 0.000000
0.440000 0.168000 0.000000
0.734400 0.168000 0.000000
0.816800 0.168000 0.000000
0.832000 0.168000 0.000000
0.845600 0.168000 0.000000
0.863200 0.168000 0.000000
0.803200 0.168800 0.000000
0.789600 0.169600 0.000000
0.904000 0.171200 0.000000
0.224800 0.187200 0.000000
0.192800 0.188800 0.000000
0.210400 0.189600 0.000000
0.242400 0.189600 0.000000
0.511200 0.189600 0.000000
0.256800 0.190400 0.000000
0.387200 0.190400 0.000000
0.412800 0.190400 0.000000
0.475200 0.190400 0.000000
0.539200 0.190400 0.000000
0.616000 0.190400 0.000000
0.628000 0.190400 0.000000
0.645600 0.190400 0.000000
0.725600 0.190400 0.000000
0.736800 0.190400 0.000000
0.753600 0.190400 0.000000
0.770400 0.190400 0.000000
0.138400 0.191200 0.000000
0.149600 0.191200 0.000000
0.323200 0.191200 0.000000
0.358400 0.191200 0.000000
0.379200 0.191200 0.000000
0.461600 0.191200 0.000000
0.524800 0.191200 0.000000
0.570400 0.191200 0.000000
0.829600 0.191200 0.000000
0.126400 0.192000 0.000000
0.273600 0.192000 0.000000
0.288800 0.192000 0.000000
0.308800 0.192000 0.000000
0.336000 0.192000 0.000000
0.400000 0.192000 0.000000
0.424800 0.192000 0.000000
0.444800 0.192000 0.000000
0.493600 0.192000 0.000000
0.555200 0.192000 0.000000
0.582400 0.192000 0.000000
0.596000 0.192000 0.000000
0.680000 0.192000 0.000000
0.688800 0.192000 0.000000
0.705600 0.192000 0.000000
0.715200 0.192000 0.000000
0.799200 0.192000 0.000000
0.868800 0.192000 0.000000
0.368000 0.192800 0.000000
0.660000 0.192800 0.000000
0.781600 0.192800 0.000000
0.812000 0.192800 0.000000
0.849600 0.193600 0.000000
0.881600 0.193600 0.000000
0.901600 0.193600 0.000000
0.106400 0.194400 0.000000
0.167200 0.213600 0.000000
0.246400 0.213600 0.000000
0.261600 0.213600 0.000000
0.457600 0.213600 0.000000
0.148000 0.214400 0.000000
0.189600 0.214400 0.000000
0.233600 0.214400 0.000000
0.297600 0.214400 0.000000
0.393600 0.214400 0.000000
0.409600 0.214400 0.000000
0.435200 0.214400 0.000000
0.496800 0.214400 0.000000
0.515200 0.214400 0.000000
0.533600 0.214400 0.000000
0.568000 0.214400 0.000000
0.582400 0.214400 0.000000
0.206400 0.215200 0.000000
0.220000 0.215200 0.000000
0.279200 0.215200 0.000000
0.334400 0.215200 0.000000
0.379200 0.215200 0.000000
0.483200 0.215200 0.000000
0.550400 0.215200 0.000000
0.595200 0.215200 0.000000
0.604800 0.215200 0.000000
0.616800 0.215200 0.000000
0.765600 0.215200 0.000000
0.827200 0.215200 0.000000
0.110400 0.216000 0.000000
0.128000 0.216000 0.000000
0.368800 0.216000 0.000000
0.422400 0.216000 0.000000
0.632800 0.216000 0.000000
0.661600 0.216000 0.000000
0.782400 0.216000 0.000000
0.797600 0.216000 0.000000
0.809600 0.216000 0.000000
0.352800 0.216800 0.000000
0.643200 0.216800 0.000000
0.710400 0.216800 0.000000
0.744800 0.216800 0.000000
0.836000 0.216800 0.000000
0.855200 0.216800 0.000000
0.864800 0.216800 0.000000
0.904000 0.216800 0.000000
0.317600 0.217600 0.000000
0.680000 0.217600 0.000000
0.697600 0.217600 0.000000
0.846400 0.217600 0.000000
0.880800 0.217600 0.000000
0.891200 0.217600 0.000000
0.731200 0.218400 0.000000
0.236800 0.236800 0.000000
0.258400 0.236800 0.000000
0.388800 0.236800 0.000000
0.272000 0.237600 0.000000
0.290400 0.237600 0.000000
0.300800 0.237600 0.000000
0.336800 0.237600 0.000000
0.351200 0.237600 0.000000
0.503200 0.237600 0.000000
0.520800 0.237600 0.000000
0.621600 0.237600 0.000000
0.637600 0.237600 0.000000
0.216000 0.238400 0.000000
0.281600 0.238400 0.000000
0.372000 0.238400 0.000000
0.405600 0.238400 0.000000
0.442400 0.238400 0.000000
0.460000 0.238400 0.000000
0.481600 0.238400 0.000000
0.164800 0.239200 0.000000
0.187200 0.239200 0.000000
0.312800 0.239200 0.000000
0.424000 0.239200 0.000000
0.544800 0.239200 0.000000
0.606400 0.239200 0.000000
0.652800 0.239200 0.000000
0.691200 0.239200 0.000000
0.142400 0.240000 0.000000
0.202400 0.240000 0.000000
0.324000 0.240000 0.000000
0.668800 0.240000 0.000000
0.112800 0.240800 0.000000
0.563200 0.240800 0.000000
0.592000 0.240800 0.000000
0.704000 0.240800 0.000000
0.776000 0.240800 0.000000
0.822400 0.240800 0.000000
0.844000 0.240800 0.000000
0.917600 0.240800 0.000000
0.744000 0.241600 0.000000
0.792800 0.241600 0.000000
0.808000 0.241600 0.000000
0.879200 0.241600 0.000000
0.908000 0.241600 0.000000
0.127200 0.242400 0.000000
0.720800 0.242400 0.000000
0.731200 0.242400 0.000000
0.863200 0.242400 0.000000
0.894400 0.244000 0.000000
0.305600 0.260800 0.000000
0.340800 0.260800 0.000000
0.356800 0.260800 0.000000
0.412000 0.260800 0.000000
0.424000 0.260800 0.000000
0.443200 0.260800 0.000000
0.456000 0.260800 0.000000
0.266400 0.261600 0.000000
0.287200 0.261600 0.000000
0.325600 0.261600 0.000000
0.381600 0.261600 0.000000
0.467200 0.261600 0.000000
0.580800 0.261600 0.000000
0.732800 0.261600 0.000000
0.504000 0.262400 0.000000
0.566400 0.262400 0.000000
0.595200 0.262400 0.000000
0.606400 0.262400 0.000000
0.630400 0.262400 0.000000
0.646400 0.262400 0.000000
0.752800 0.262400 0.000000
0.232800 0.263200 0.000000
0.400000 0.263200 0.000000
0.660000 0.263200 0.000000
0.718400 0.263200 0.000000
0.769600 0.263200 0.000000
0.840800 0.263200 0.000000
0.868000 0.263200 0.000000
0.166400 0.264000 0.000000
0.182400 0.264000 0.000000
0.200000 0.264000 0.000000
0.220800 0.264000 0.000000
0.486400 0.264000 0.000000
0.523200 0.264000 0.000000
0.538400 0.264000 0.000000
0.551200 0.264000 0.000000
0.616800 0.264000 0.000000
0.669600 0.264000 0.000000
0.688000 0.264000 0.000000
0.855200 0.264000 0.000000
0.890400 0.264000 0.000000
0.144800 0.264800 0.000000
0.156000 0.264800 0.000000
0.248000 0.264800 0.000000
0.702400 0.264800 0.000000
0.791200 0.264800 0.000000
0.815200 0.264800 0.000000
0.876000 0.264800 0.000000
0.907200 0.264800 0.000000
0.113600 0.266400 0.000000
0.131200 0.266400 0.000000
0.423200 0.282400 0.000000
0.286400 0.283200 0.000000
0.305600 0.283200 0.000000
0.364000 0.283200 0.000000
0.384800 0.283200 0.000000
0.404000 0.283200 0.000000
0.442400 0.283200 0.000000
0.225600 0.284000 0.000000
0.259200 0.284000 0.000000
0.274400 0.284000 0.000000
0.296000 0.284000 0.000000
0.460000 0.284000 0.000000
0.208800 0.284800 0.000000
0.244000 0.284800 0.000000
0.632000 0.284800 0.000000
0.657600 0.284800 0.000000
0.676800 0.284800 0.000000
0.696000 0.284800 0.000000
0.189600 0.285600 0.000000
0.326400 0.285600 0.000000
0.512000 0.285600 0.000000
0.560000 0.285600 0.000000
0.578400 0.285600 0.000000
0.644800 0.285600 0.000000
0.171200 0.286400 0.000000
0.347200 0.286400 0.000000
0.482400 0.286400 0.000000
0.523200 0.286400 0.000000
0.597600 0.286400 0.000000
0.618400 0.286400 0.000000
0.744000 0.286400 0.000000
0.796800 0.286400 0.000000
0.823200 0.286400 0.000000
0.721600 0.287200 0.000000
0.731200 0.287200 0.000000
0.756000 0.287200 0.000000
0.832800 0.287200 0.000000
0.501600 0.288000 0.000000
0.537600 0.288000 0.000000
0.708000 0.288000 0.000000
0.783200 0.288000 0.000000
0.888800 0.288000 0.000000
0.130400 0.288800 0.000000
0.155200 0.288800 0.000000
0.770400 0.288800 0.000000
0.808800 0.288800 0.000000
0.846400 0.288800 0.000000
0.869600 0.288800 0.000000
0.904000 0.288800 0.000000
0.914400 0.288800 0.000000
0.855200 0.289600 0.000000
0.112800 0.290400 0.000000
0.329600 0.305600 0.000000
0.347200 0.305600 0.000000
0.384000 0.305600 0.000000
0.748000 0.305600 0.000000
0.276800 0.306400 0.000000
0.291200 0.306400 0.000000
0.307200 0.306400 0.000000
0.320800 0.306400 0.000000
0.416800 0.306400 0.000000
0.432000 0.306400 0.000000
0.665600 0.306400 0.000000
0.192000 0.307200 0.000000
0.209600 0.307200 0.000000
0.365600 0.307200 0.000000
0.480000 0.307200 0.000000
0.712800 0.307200 0.000000
0.230400 0.308000 0.000000
0.249600 0.308000 0.000000
0.451200 0.308000 0.000000
0.489600 0.308000 0.000000
0.567200 0.308000 0.000000
0.576000 0.308000 0.000000
0.685600 0.308000 0.000000
0.700000 0.308000 0.000000
0.814400 0.308000 0.000000
0.404000 0.308800 0.000000
0.464800 0.308800 0.000000
0.500800 0.308800 0.000000
0.508800 0.308800 0.000000
0.521600 0.308800 0.000000
0.588000 0.308800 0.000000
0.632000 0.308800 0.000000
0.642400 0.308800 0.000000
0.652000 0.308800 0.000000
0.736000 0.308800 0.000000
0.792000 0.308800 0.000000
0.153600 0.309600 0.000000
0.557600 0.309600 0.000000
0.128800 0.310400 0.000000
0.173600 0.310400 0.000000
0.536800 0.310400 0.000000
0.616000 0.310400 0.000000
0.760000 0.310400 0.000000
0.775200 0.310400 0.000000
0.854400 0.310400 0.000000
0.600800 0.311200 0.000000
0.823200 0.311200 0.000000
0.865600 0.311200 0.000000
0.896000 0.311200 0.000000
0.909600 0.311200 0.000000
0.842400 0.312000 0.000000
0.880800 0.312800 0.000000
0.112000 0.313600 0.000000
0.320000 0.328800 0.000000
0.336800 0.328800 0.000000
0.351200 0.328800 0.000000
0.396800 0.328800 0.000000
0.634400 0.329600 0.000000
0.762400 0.329600 0.000000
0.785600 0.329600 0.000000
0.213600 0.330400 0.000000
0.361600 0.330400 0.000000
0.379200 0.330400 0.000000
0.422400 0.330400 0.000000
0.478400 0.330400 0.000000
0.586400 0.330400 0.000000
0.652800 0.330400 0.000000
0.198400 0.331200 0.000000
0.240000 0.331200 0.000000
0.255200 0.331200 0.000000
0.278400 0.331200 0.000000
0.301600 0.331200 0.000000
0.459200 0.331200 0.000000
0.497600 0.331200 0.000000
0.601600 0.331200 0.000000
0.617600 0.331200 0.000000
0.673600 0.331200 0.000000
0.694400 0.331200 0.000000
0.720800 0.331200 0.000000
0.744800 0.331200 0.000000
0.804800 0.331200 0.000000
0.183200 0.332000 0.000000
0.440800 0.332000 0.000000
0.535200 0.332000 0.000000
0.552800 0.332000 0.000000
0.844800 0.332000 0.000000
0.867200 0.332000 0.000000
0.880000 0.332000 0.000000
0.109600 0.332800 0.000000
0.120000 0.332800 0.000000
0.143200 0.332800 0.000000
0.166400 0.332800 0.000000
0.910400 0.332800 0.000000
0.572000 0.333600 0.000000
0.829600 0.333600 0.000000
0.893600 0.333600 0.000000
0.132800 0.334400 0.000000
0.518400 0.335200 0.000000
0.859200 0.369600 0.000000
0.260800 0.372800 0.000000
0.242400 0.373600 0.000000
0.200800 0.376000 0.000000
0.224800 0.376000 0.000000
