0.182400 0.047200 0.000000
0.255200 0.047200 0.000000
0.203200 0.048000 0.000000
0.235200 0.048000 0.000000
0.274400 0.048000 0.000000
0.293600 0.048800 0.000000
0.843200 0.058400 0.000000
0.868000 0.059200 0.000000
0.252800 0.088000 0.000000
0.107200 0.088800 0.000000
0.170400 0.088800 0.000000
0.271200 0.088800 0.000000
0.238400 0.089600 0.000000
0.306400 0.089600 0.000000
0.358400 0.089600 0.000000
0.141600 0.090400 0.000000
0.156800 0.090400 0.000000
0.204000 0.090400 0.000000
0.224000 0.090400 0.000000
0.286400 0.090400 0.000000
0.322400 0.090400 0.000000
0.372800 0.090400 0.000000
0.390400 0.090400 0.000000
0.476800 0.090400 0.000000
0.675200 0.090400 0.000000
0.188000 0.091200 0.000000
0.340800 0.091200 0.000000
0.496000 0.091200 0.000000
0.664800 0.091200 0.000000
0.690400 0.091200 0.000000
0.124000 0.092000 0.000000
0.405600 0.092000 0.000000
0.455200 0.092000 0.000000
0.703200 0.092000 0.000000
0.436800 0.092800 0.000000
0.549600 0.092800 0.000000
0.717600 0.092800 0.000000
0.786400 0.092800 0.000000
0.572000 0.093600 0.000000
0.606400 0.093600 0.000000
0.655200 0.093600 0.000000
0.776000 0.093600 0.000000
0.801600 0.093600 0.000000
0.513600 0.094400 0.000000
0.529600 0.094400 0.000000
0.591200 0.094400 0.000000
0.622400 0.094400 0.000000
0.643200 0.094400 0.000000
0.732800 0.094400 0.000000
0.765600 0.094400 0.000000
0.878400 0.094400 0.000000
0.890400 0.094400 0.000000
0.898400 0.094400 0.000000
0.818400 0.095200 0.000000
0.865600 0.096000 0.000000
0.421600 0.096800 0.000000
0.750400 0.096800 0.000000
0.852000 0.097600 0.000000
0.835200 0.098400 0.000000
0.281600 0.113600 0.000000
0.244000 0.114400 0.000000
0.258400 0.114400 0.000000
0.389600 0.114400 0.000000
0.104800 0.115200 0.000000
0.267200 0.115200 0.000000
0.297600 0.115200 0.000000
0.119200 0.116000 0.000000
0.224800 0.116000 0.000000
0.132800 0.116800 0.000000
0.316000 0.116800 0.000000
0.334400 0.116800 0.000000
0.353600 0.116800 0.000000
0.370400 0.116800 0.000000
0.661600 0.116800 0.000000
0.727200 0.116800 0.000000
0.167200 0.117600 0.000000
0.183200 0.117600 0.000000
0.200800 0.117600 0.000000
0.437600 0.117600 0.000000
0.494400 0.117600 0.000000
0.528000 0.117600 0.000000
0.680000 0.117600 0.000000
0.692800 0.117600 0.000000
0.759200 0.117600 0.000000
0.146400 0.118400 0.000000
0.412800 0.118400 0.000000
0.458400 0.118400 0.000000
0.476000 0.118400 0.000000
0.511200 0.118400 0.000000
0.543200 0.118400 0.000000
0.594400 0.118400 0.000000
0.617600 0.118400 0.000000
0.628800 0.118400 0.000000
0.709600 0.118400 0.000000
0.775200 0.118400 0.000000
0.564800 0.119200 0.000000
0.580000 0.119200 0.000000
0.608000 0.119200 0.000000
0.645600 0.119200 0.000000
0.744800 0.119200 0.000000
0.788000 0.119200 0.000000
0.808000 0.120000 0.000000
0.896000 0.120800 0.000000
0.824800 0.122400 0.000000
0.848000 0.122400 0.000000
0.884000 0.122400 0.000000
0.868800 0.123200 0.000000
0.229600 0.138400 0.000000
0.296800 0.138400 0.000000
0.247200 0.139200 0.000000
0.261600 0.139200 0.000000
0.278400 0.139200 0.000000
0.312800 0.139200 0.000000
0.123200 0.140000 0.000000
0.164800 0.140000 0.000000
0.179200 0.140000 0.000000
0.211200 0.140000 0.000000
0.329600 0.140000 0.000000
0.349600 0.140000 0.000000
0.105600 0.140800 0.000000
0.138400 0.140800 0.000000
0.720800 0.140800 0.000000
0.735200 0.140800 0.000000
0.197600 0.141600 0.000000
0.364000 0.141600 0.000000
0.373600 0.141600 0.000000
0.384800 0.141600 0.000000
0.530400 0.141600 0.000000
0.648800 0.141600 0.000000
0.669600 0.141600 0.000000
0.751200 0.141600 0.000000
0.401600 0.142400 0.000000
0.424800 0.142400 0.000000
0.437600 0.142400 0.000000
0.492800 0.142400 0.000000
0.512800 0.142400 0.000000
0.583200 0.142400 0.000000
0.593600 0.142400 0.000000
0.610400 0.142400 0.000000
0.689600 0.142400 0.000000
0.704800 0.142400 0.000000
0.765600 0.142400 0.000000
0.779200 0.142400 0.000000
0.796800 0.142400 0.000000
0.416000 0.143200 0.000000
0.472000 0.143200 0.000000
0.568000 0.143200 0.000000
0.626400 0.143200 0.000000
0.454400 0.144000 0.000000
0.550400 0.144000 0.000000
0.809600 0.144000 0.000000
0.825600 0.144000 0.000000
0.848800 0.144000 0.000000
0.865600 0.144000 0.000000
0.882400 0.144800 0.000000
0.300000 0.163200 0.000000
0.324000 0.163200 0.000000
0.344800 0.164000 0.000000
0.373600 0.164000 0.000000
0.752800 0.164000 0.000000
0.252000 0.164800 0.000000
0.284000 0.164800 0.000000
0.388800 0.164800 0.000000
0.428000 0.164800 0.000000
0.770400 0.164800 0.000000
0.787200 0.164800 0.000000
0.150400 0.165600 0.000000
0.359200 0.165600 0.000000
0.400000 0.165600 0.000000
0.414400 0.165600 0.000000
0.468000 0.165600 0.000000
0.668800 0.165600 0.000000
0.108000 0.166400 0.000000
0.189600 0.166400 0.000000
0.202400 0.166400 0.000000
0.216800 0.166400 0.000000
0.235200 0.166400 0.000000
0.444000 0.166400 0.000000
0.852800 0.166400 0.000000
0.873600 0.166400 0.000000
0.127200 0.167200 0.000000
0.172000 0.167200 0.000000
0.271200 0.167200 0.000000
0.571200 0.167200 0.000000
0.636000 0.167200 0.000000
0.681600 0.167200 0.000000
0.732800 0.167200 0.000000
0.804800 0.167200 0.000000
0.825600 0.167200 0.000000
0.840000 0.167200 0.000000
0.591200 0.168000 0.000000
0.624000 0.168000 0.000000
0.492000 0.168800 0.000000
0.605600 0.168800 0.000000
0.649600 0.168800 0.000000
0.694400 0.168800 0.000000
0.716000 0.168800 0.000000
0.892800 0.168800 0.000000
0.901600 0.168800 0.000000
0.514400 0.169600 0.000000
0.533600 0.169600 0.000000
0.556000 0.171200 0.000000
0.346400 0.188800 0.000000
0.356800 0.188800 0.000000
0.407200 0.188800 0.000000
0.868000 0.188800 0.000000
0.141600 0.189600 0.000000
0.256800 0.189600 0.000000
0.282400 0.189600 0.000000
0.310400 0.189600 0.000000
0.320000 0.189600 0.000000
0.372000 0.189600 0.000000
0.392800 0.189600 0.000000
0.418400 0.189600 0.000000
0.456000 0.189600 0.000000
0.805600 0.189600 0.000000
0.855200 0.189600 0.000000
0.884000 0.189600 0.000000
0.207200 0.190400 0.000000
0.242400 0.190400 0.000000
0.298400 0.190400 0.000000
0.331200 0.190400 0.000000
0.788000 0.190400 0.000000
0.827200 0.190400 0.000000
0.842400 0.190400 0.000000
0.897600 0.190400 0.000000
0.124000 0.191200 0.000000
0.161600 0.191200 0.000000
0.184800 0.191200 0.000000
0.226400 0.191200 0.000000
0.268000 0.191200 0.000000
0.435200 0.191200 0.000000
0.775200 0.191200 0.000000
0.751200 0.192000 0.000000
0.762400 0.192000 0.000000
0.107200 0.192800 0.000000
0.477600 0.192800 0.000000
0.572800 0.192800 0.000000
0.609600 0.192800 0.000000
0.548000 0.193600 0.000000
0.589600 0.193600 0.000000
0.724000 0.193600 0.000000
0.735200 0.193600 0.000000
0.514400 0.194400 0.000000
0.529600 0.194400 0.000000
0.625600 0.194400 0.000000
0.641600 0.194400 0.000000
0.664000 0.194400 0.000000
0.680800 0.194400 0.000000
0.699200 0.194400 0.000000
0.499200 0.195200 0.000000
0.259200 0.212000 0.000000
0.296000 0.212000 0.000000
0.796000 0.212000 0.000000
0.129600 0.212800 0.000000
0.280800 0.212800 0.000000
0.835200 0.212800 0.000000
0.108800 0.213600 0.000000
0.211200 0.213600 0.000000
0.311200 0.213600 0.000000
0.848800 0.213600 0.000000
0.151200 0.214400 0.000000
0.228800 0.214400 0.000000
0.240000 0.214400 0.000000
0.323200 0.214400 0.000000
0.333600 0.214400 0.000000
0.356000 0.214400 0.000000
0.378400 0.214400 0.000000
0.412800 0.214400 0.000000
0.427200 0.214400 0.000000
0.450400 0.214400 0.000000
0.554400 0.214400 0.000000
0.774400 0.214400 0.000000
0.818400 0.214400 0.000000
0.861600 0.214400 0.000000
0.875200 0.214400 0.000000
0.889600 0.214400 0.000000
0.193600 0.215200 0.000000
0.467200 0.215200 0.000000
0.500800 0.215200 0.000000
0.609600 0.215200 0.000000
0.619200 0.215200 0.000000
0.629600 0.215200 0.000000
0.397600 0.216000 0.000000
0.484800 0.216000 0.000000
0.516000 0.216000 0.000000
0.665600 0.216000 0.000000
0.678400 0.216000 0.000000
0.756800 0.216000 0.000000
0.173600 0.216800 0.000000
0.574400 0.216800 0.000000
0.590400 0.216800 0.000000
0.649600 0.216800 0.000000
0.727200 0.216800 0.000000
0.741600 0.216800 0.000000
0.536000 0.217600 0.000000
0.692800 0.217600 0.000000
0.709600 0.217600 0.000000
0.129600 0.235200 0.000000
0.292000 0.235200 0.000000
0.304800 0.235200 0.000000
0.319200 0.235200 0.000000
0.112000 0.236000 0.000000
0.146400 0.236000 0.000000
0.336800 0.236800 0.000000
0.356800 0.236800 0.000000
0.162400 0.237600 0.000000
0.182400 0.237600 0.000000
0.233600 0.237600 0.000000
0.276800 0.237600 0.000000
0.348000 0.237600 0.000000
0.845600 0.237600 0.000000
0.220800 0.238400 0.000000
0.256800 0.238400 0.000000
0.373600 0.238400 0.000000
0.453600 0.238400 0.000000
0.864800 0.238400 0.000000
0.880800 0.238400 0.000000
0.894400 0.238400 0.000000
0.420800 0.239200 0.000000
0.440800 0.239200 0.000000
0.472800 0.239200 0.000000
0.548800 0.239200 0.000000
0.592800 0.239200 0.000000
0.796800 0.239200 0.000000
0.205600 0.240000 0.000000
0.398400 0.240000 0.000000
0.531200 0.240000 0.000000
0.566400 0.240000 0.000000
0.613600 0.240000 0.000000
0.638400 0.240000 0.000000
0.658400 0.240000 0.000000
0.819200 0.240000 0.000000
0.408800 0.240800 0.000000
0.492000 0.240800 0.000000
0.503200 0.240800 0.000000
0.674400 0.240800 0.000000
0.727200 0.240800 0.000000
0.515200 0.241600 0.000000
0.694400 0.241600 0.000000
0.713600 0.241600 0.000000
0.747200 0.241600 0.000000
0.756000 0.241600 0.000000
0.769600 0.242400 0.000000
0.782400 0.242400 0.000000
0.313600 0.260000 0.000000
0.436000 0.260000 0.000000
0.108800 0.261600 0.000000
0.268800 0.261600 0.000000
0.297600 0.261600 0.000000
0.336000 0.261600 0.000000
0.356800 0.261600 0.000000
0.384000 0.261600 0.000000
0.413600 0.261600 0.000000
0.476000 0.261600 0.000000
0.487200 0.261600 0.000000
0.287200 0.262400 0.000000
0.456000 0.262400 0.000000
0.564800 0.262400 0.000000
0.584800 0.262400 0.000000
0.144000 0.263200 0.000000
0.181600 0.263200 0.000000
0.228800 0.263200 0.000000
0.237600 0.263200 0.000000
0.251200 0.263200 0.000000
0.512000 0.263200 0.000000
0.555200 0.263200 0.000000
0.158400 0.264000 0.000000
0.194400 0.264000 0.000000
0.528800 0.264000 0.000000
0.545600 0.264000 0.000000
0.603200 0.264000 0.000000
0.866400 0.264000 0.000000
0.884800 0.264000 0.000000
0.214400 0.264800 0.000000
0.708800 0.264800 0.000000
0.626400 0.265600 0.000000
0.640800 0.265600 0.000000
0.740800 0.265600 0.000000
0.844000 0.265600 0.000000
0.656800 0.266400 0.000000
0.676000 0.266400 0.000000
0.756800 0.266400 0.000000
0.793600 0.266400 0.000000
0.828800 0.266400 0.000000
0.776000 0.267200 0.000000
0.809600 0.267200 0.000000
0.696800 0.268000 0.000000
0.724800 0.268000 0.000000
0.256000 0.283200 0.000000
0.107200 0.284000 0.000000
0.264800 0.284000 0.000000
0.141600 0.284800 0.000000
0.239200 0.284800 0.000000
0.305600 0.284800 0.000000
0.122400 0.285600 0.000000
0.280000 0.285600 0.000000
0.326400 0.285600 0.000000
0.547200 0.285600 0.000000
0.164000 0.286400 0.000000
0.208800 0.286400 0.000000
0.346400 0.286400 0.000000
0.570400 0.286400 0.000000
0.185600 0.287200 0.000000
0.225600 0.287200 0.000000
0.363200 0.287200 0.000000
0.391200 0.287200 0.000000
0.595200 0.287200 0.000000
0.627200 0.287200 0.000000
0.378400 0.288000 0.000000
0.406400 0.288000 0.000000
0.420000 0.288000 0.000000
0.436800 0.288000 0.000000
0.448000 0.288000 0.000000
0.464000 0.288000 0.000000
0.531200 0.288000 0.000000
0.612000 0.288000 0.000000
0.512800 0.288800 0.000000
0.643200 0.288800 0.000000
0.664800 0.289600 0.000000
0.499200 0.290400 0.000000
0.681600 0.290400 0.000000
0.804000 0.290400 0.000000
0.822400 0.290400 0.000000
0.860800 0.290400 0.000000
0.478400 0.291200 0.000000
0.700000 0.291200 0.000000
0.736800 0.291200 0.000000
0.748800 0.291200 0.000000
0.788000 0.291200 0.000000
0.849600 0.291200 0.000000
0.872000 0.291200 0.000000
0.711200 0.292000 0.000000
0.720000 0.292000 0.000000
0.764800 0.292000 0.000000
0.890400 0.295200 0.000000
0.128800 0.305600 0.000000
0.105600 0.306400 0.000000
0.181600 0.308000 0.000000
0.212000 0.308000 0.000000
0.146400 0.308800 0.000000
0.196800 0.308800 0.000000
0.227200 0.308800 0.000000
0.157600 0.309600 0.000000
0.236800 0.309600 0.000000
0.265600 0.309600 0.000000
0.284000 0.309600 0.000000
0.562400 0.309600 0.000000
0.251200 0.310400 0.000000
0.463200 0.310400 0.000000
0.551200 0.310400 0.000000
0.292800 0.311200 0.000000
0.338400 0.311200 0.000000
0.359200 0.311200 0.000000
0.424000 0.311200 0.000000
0.443200 0.311200 0.000000
0.485600 0.311200 0.000000
0.516000 0.311200 0.000000
0.533600 0.311200 0.000000
0.404000 0.312000 0.000000
0.502400 0.312000 0.000000
0.632800 0.312000 0.000000
0.651200 0.312000 0.000000
0.673600 0.312000 0.000000
0.696800 0.312000 0.000000
0.822400 0.312000 0.000000
0.304000 0.312800 0.000000
0.315200 0.312800 0.000000
0.325600 0.312800 0.000000
0.388000 0.312800 0.000000
0.614400 0.312800 0.000000
0.596800 0.313600 0.000000
0.716800 0.313600 0.000000
0.756000 0.313600 0.000000
0.866400 0.313600 0.000000
0.739200 0.314400 0.000000
0.768000 0.314400 0.000000
0.838400 0.314400 0.000000
0.803200 0.315200 0.000000
0.782400 0.316000 0.000000
0.885600 0.316000 0.000000
0.177600 0.326400 0.000000
0.127200 0.327200 0.000000
0.163200 0.327200 0.000000
0.106400 0.328000 0.000000
0.146400 0.328000 0.000000
0.196800 0.329600 0.000000
0.217600 0.329600 0.000000
0.532000 0.332000 0.000000
0.256000 0.332800 0.000000
0.431200 0.332800 0.000000
0.492800 0.332800 0.000000
0.503200 0.332800 0.000000
0.517600 0.332800 0.000000
0.548000 0.332800 0.000000
0.605600 0.332800 0.000000
0.280800 0.333600 0.000000
0.402400 0.333600 0.000000
0.448800 0.333600 0.000000
0.464800 0.333600 0.000000
0.477600 0.333600 0.000000
0.558400 0.333600 0.000000
0.575200 0.333600 0.000000
0.588000 0.333600 0.000000
0.239200 0.334400 0.000000
0.665600 0.334400 0.000000
0.316000 0.335200 0.000000
0.330400 0.335200 0.000000
0.346400 0.335200 0.000000
0.358400 0.335200 0.000000
0.384800 0.335200 0.000000
0.626400 0.335200 0.000000
0.644000 0.335200 0.000000
0.683200 0.335200 0.000000
0.764800 0.335200 0.000000
0.847200 0.335200 0.000000
0.368800 0.336000 0.000000
0.728000 0.336000 0.000000
0.794400 0.336000 0.000000
0.812000 0.336000 0.000000
0.829600 0.336000 0.000000
0.856000 0.336000 0.000000
0.871200 0.336000 0.000000
0.301600 0.336800 0.000000
0.695200 0.336800 0.000000
0.710400 0.336800 0.000000
0.780000 0.336800 0.000000
0.745600 0.337600 0.000000
0.891200 0.337600 0.000000
0.925600 0.342400 0.000000
