444 445
266 268
436 441
306 313
67 77
269 273
107 113
318 324
107 122
406 409
377 382
251 252
442 448
477 478
218 227
270 274
383 389
41 42
321 325
483 485
133 134
181 183
468 469
317 318
365 367
114 129
214 216
15 16
425 427
250 255
188 191
458 460
291 292
490 501
148 154
351 352
232 233
81 82
203 206
292 293
332 338
173 174
364 370
384 385
22 23
217 226
122 128
394 398
325 326
487 495
417 418
465 467
335 339
88 99
269 272
299 300
80 94
391 392
221 228
213 224
10 35
483 484
243 246
353 356
202 205
3 5
51 54
424 425
273 274
135 142
357 362
279 281
306 307
335 343
120 126
398 399
21 22
58 71
280 282
450 455
490 491
113 114
339 340
372 374
39 48
161 172
431 432
54 55
102 104
431 441
32 36
434 443
453 456
254 256
56 91
179 180
61 62
401 405
2 3
131 144
75 91
283 287
95 96
127 128
87 101
378 384
467 471
36 37
68 78
17 42
327 329
109 125
257 261
379 385
268 270
220 230
69 79
272 277
372 373
39 47
242 245
493 501
305 310
194 195
154 159
24 31
275 278
64 76
286 287
294 300
497 498
367 370
127 132
346 347
187 192
459 462
9 24
319 320
368 371
289 297
309 312
301 308
271 276
393 400
112 121
290 298
342 345
326 328
504 505
463 464
345 350
194 199
482 486
466 469
105 118
294 295
9 10
38 46
478 479
437 438
327 328
68 77
319 324
408 411
440 443
257 260
419 420
260 265
360 361
263 267
493 500
426 428
56 62
359 365
208 214
49 50
167 182
109 110
149 155
70 100
197 204
50 51
241 247
171 179
123 129
115 143
16 30
116 117
337 341
89 99
149 150
429 433
30 31
333 334
451 457
141 142
473 475
314 320
123 133
252 256
45 52
174 175
64 65
506 508
336 344
193 197
156 157
237 240
415 417
407 413
248 249
97 98
0 4
189 190
259 264
400 401
281 282
171 178
219 227
222 223
44 55
314 315
115 124
215 220
503 507
185 188
26 33
245 248
406 412
499 500
8 12
458 459
348 349
299 304
477 481
310 313
391 396
381 382
4 5
284 288
376 380
355 357
158 166
193 196
436 439
70 80
170 176
40 48
259 263
132 140
163 164
410 413
44 45
73 90
288 289
206 210
137 138
15 23
18 19
250 253
358 362
480 486
29 34
8 11
199 207
421 427
169 175
221 222
111 112
121 144
110 116
162 163
295 296
165 168
424 428
103 104
484 488
85 86
177 178
198 210
136 137
258 261
347 348
136 146
118 119
169 170
251 258
380 390
151 152
383 386
184 186
472 473
321 322
243 244
162 167
25 40
73 89
405 410
173 185
14 21
505 506
302 308
103 117
468 475
235 236
195 200
446 447
28 41
449 452
387 388
58 60
358 361
61 74
442 449
331 334
420 421
25 26
305 309
494 495
32 43
453 454
202 216
302 303
72 88
106 108
338 342
394 395
17 18
276 278
446 451
198 209
387 392
301 307
84 85
35 43
217 218
246 254
176 177
57 67
157 172
180 183
150 151
83 97
464 472
212 229
223 229
364 366
482 489
72 87
124 125
84 98
143 147
375 381
346 354
65 66
386 390
235 239
368 369
6 7
139 140
419 423
460 461
190 191
71 100
153 160
242 247
404 407
60 81
102 105
212 224
434 435
283 284
315 316
164 165
375 376
135 147
38 53
57 66
408 409
201 205
330 337
471 474
82 95
422 429
433 438
290 291
83 96
231 232
397 399
444 452
359 363
415 416
264 265
507 508
238 240
456 462
209 213
440 445
371 373
79 94
119 130
111 126
12 13
341 350
182 186
360 363
393 397
485 489
411 414
426 430
215 228
474 479
275 279
156 160
108 120
46 47
86 101
138 139
340 344
59 93
19 20
27 33
201 204
249 253
322 323
492 496
52 53
352 354
219 230
134 141
271 277
234 237
355 356
463 465
447 448
106 130
466 470
145 146
388 389
208 211
480 481
285 296
297 298
159 166
27 28
437 439
238 239
11 20
262 267
241 244
330 331
63 76
333 336
422 423
454 455
303 304
152 153
395 396
74 90
226 233
488 498
189 192
402 403
402 412
470 476
311 312
181 184
403 404
225 236
196 200
14 34
487 492
285 286
59 69
496 497
366 369
377 378
499 502
0 1
450 457
92 93
262 266
148 155
351 353
343 349
63 75
203 207
491 494
414 418
502 503
311 316
432 435
225 231
317 323
37 49
158 168
