425 432
59 64
269 273
318 324
118 131
40 41
369 378
0 5
210 214
100 101
442 457
343 344
41 42
483 485
443 458
303 307
295 312
74 75
468 469
195 203
409 410
226 227
198 208
417 423
258 259
136 144
188 191
398 400
390 396
129 132
251 256
299 305
461 465
100 105
113 124
132 137
232 233
423 429
202 219
476 477
114 115
206 207
55 56
177 180
28 48
147 148
390 391
398 404
450 451
61 72
299 300
172 177
391 392
420 428
383 388
62 73
173 178
294 297
273 274
416 430
476 481
187 189
214 215
106 124
161 172
10 21
397 403
246 261
65 69
68 74
109 112
117 125
88 89
438 449
120 121
449 458
319 330
120 130
128 143
228 230
419 426
29 30
239 248
153 154
161 167
242 250
452 459
62 63
464 470
293 304
475 479
146 151
95 96
338 339
235 237
430 431
478 480
279 280
308 316
327 329
319 325
68 87
69 70
479 481
101 102
372 373
253 254
464 465
102 103
94 99
183 186
194 195
434 442
194 204
275 278
286 287
116 123
346 347
127 141
76 77
279 284
379 380
419 425
460 463
471 472
320 321
349 357
23 25
433 436
31 38
401 413
342 345
353 354
146 150
445 446
208 210
216 223
264 272
437 438
27 36
209 211
278 283
201 207
42 43
289 292
268 269
260 265
290 293
452 453
252 257
16 17
145 149
64 75
108 109
164 171
264 267
49 50
9 14
126 135
130 133
348 355
50 51
440 456
190 192
134 139
433 435
263 271
441 448
282 284
34 39
56 57
267 268
164 175
8 13
418 424
149 150
241 242
20 32
311 315
274 275
326 331
426 427
145 148
193 197
137 144
415 417
318 323
97 98
340 341
399 405
200 205
392 393
314 315
484 485
122 123
374 375
215 220
466 467
344 352
185 188
407 408
70 76
358 363
377 385
270 277
119 126
163 169
4 5
454 461
365 370
174 183
193 196
247 262
285 288
147 156
366 371
199 203
406 416
178 180
259 263
439 459
310 317
343 351
232 236
240 249
402 409
44 45
162 168
324 328
384 388
22 35
155 156
106 114
85 91
15 23
55 59
96 97
350 358
280 281
80 88
40 52
351 359
184 191
110 116
162 163
332 336
254 255
173 181
103 104
155 160
66 82
198 201
158 165
347 348
118 119
228 229
77 78
199 202
169 170
291 294
140 143
372 377
151 152
221 226
472 473
110 111
402 408
361 367
51 52
384 387
364 381
265 277
394 400
325 328
235 236
446 447
365 373
58 60
439 444
380 385
420 421
61 92
213 217
261 266
184 190
25 26
313 322
73 84
125 131
24 39
84 90
165 176
95 99
17 18
247 251
335 336
9 32
327 332
298 305
427 428
220 224
29 37
21 33
129 133
320 329
10 14
121 138
221 225
54 57
83 93
342 353
361 366
43 47
302 307
217 218
397 414
127 135
216 222
394 399
179 182
368 374
128 136
379 383
460 466
301 302
334 335
224 225
231 233
154 157
405 413
453 462
346 354
378 386
308 309
316 322
368 369
157 167
168 185
209 223
309 310
301 306
134 138
360 364
441 447
334 339
434 435
482 484
24 33
474 480
72 82
467 468
256 266
227 230
276 281
389 396
257 258
349 350
422 429
401 406
2 4
234 238
412 415
290 291
393 411
282 287
253 260
326 330
13 19
474 475
304 311
105 111
407 412
356 357
440 445
71 81
333 337
381 386
182 186
360 363
222 231
12 31
1 3
411 414
382 387
296 300
45 46
78 79
297 312
19 20
418 431
389 395
197 206
79 80
270 276
160 166
30 38
241 249
289 298
90 98
341 345
112 113
355 356
204 205
53 54
244 250
395 410
37 46
296 306
26 27
444 451
359 362
237 238
86 87
159 166
170 175
421 422
448 457
71 89
171 176
11 47
211 212
63 85
292 295
454 455
271 272
473 477
152 153
303 313
212 213
22 34
244 245
455 456
53 58
93 94
122 139
7 18
245 246
86 91
337 338
218 219
107 141
189 192
340 352
370 371
240 243
362 367
443 450
12 16
243 248
462 463
60 65
44 48
104 108
115 117
403 404
196 200
252 262
174 181
436 437
285 286
15 35
0 1
239 255
140 142
11 28
470 471
81 92
376 382
314 321
66 67
317 323
158 159
7 8
