444 445
366 373
406 418
609 616
40 41
358 378
210 214
251 252
477 478
461 470
343 344
569 570
310 319
513 517
41 42
483 485
133 134
494 503
295 303
413 426
144 152
635 637
376 386
643 650
265 271
217 231
516 527
457 459
266 272
546 555
276 304
318 319
59 68
48 49
259 260
80 81
291 292
140 141
383 384
81 82
475 476
443 453
324 325
22 23
612 630
416 417
405 426
273 279
476 477
524 535
546 550
347 350
390 391
207 208
406 417
199 204
442 447
560 570
331 332
291 296
151 154
423 424
110 113
634 635
423 433
464 471
261 282
313 320
321 333
224 242
424 425
615 621
627 632
516 517
135 151
438 445
179 194
357 371
247 258
449 454
306 307
136 143
398 399
21 22
622 629
641 642
601 606
460 478
450 455
490 491
161 163
571 574
220 249
153 159
582 583
172 181
221 232
642 643
493 502
472 479
523 533
202 209
146 156
183 205
564 580
623 629
14 18
32 54
497 499
405 425
394 397
605 608
637 640
195 206
616 617
198 202
648 649
28 38
567 572
120 121
168 179
29 30
139 152
228 239
90 107
101 107
600 605
134 150
531 542
372 378
611 614
213 214
404 410
342 346
94 95
305 306
353 355
72 76
183 200
283 287
623 624
124 132
537 539
338 339
367 375
135 150
65 73
36 37
430 431
308 316
109 116
160 161
368 376
371 372
238 257
460 468
101 102
312 313
272 277
153 158
31 43
441 454
563 578
253 254
172 180
213 218
91 103
334 337
556 557
556 566
518 530
507 511
227 246
379 380
448 452
489 490
27 50
471 472
61 70
404 409
274 281
504 505
552 554
13 17
463 464
353 354
596 597
164 167
193 203
537 538
245 250
386 387
9 10
407 419
9 19
89 100
308 315
189 196
201 207
268 269
119 128
98 105
360 361
414 427
31 42
112 116
75 76
485 487
115 121
514 532
544 545
16 17
644 650
466 482
359 374
618 625
507 510
551 553
138 155
540 543
23 33
473 480
541 544
123 129
525 536
633 636
24 25
644 645
236 253
267 268
474 481
547 551
208 209
237 254
89 90
348 350
356 363
369 382
111 114
278 300
333 334
362 370
592 594
60 68
584 590
422 439
433 439
274 275
514 522
314 320
411 420
374 380
215 216
562 589
15 20
288 304
156 157
466 481
610 611
285 307
418 419
340 341
609 624
148 149
440 446
492 493
540 542
451 452
443 448
584 585
292 297
222 223
284 293
410 432
591 593
221 255
314 315
525 526
562 575
122 123
225 243
233 256
296 303
558 559
407 408
558 568
59 67
318 327
499 500
8 12
628 632
510 533
232 241
4 5
561 587
173 182
594 602
447 449
524 534
317 321
373 383
539 541
137 143
576 590
177 197
70 71
528 531
167 171
617 618
509 527
0 3
228 248
259 263
369 385
163 164
44 54
225 233
74 82
325 338
568 572
247 248
174 187
18 19
47 55
277 288
180 194
442 450
169 175
92 108
451 455
184 200
173 181
364 377
103 104
85 86
357 365
465 474
88 97
428 434
99 106
118 119
398 402
358 366
77 78
69 74
77 87
210 211
458 462
10 15
351 354
169 188
110 111
243 244
564 565
413 414
51 52
114 117
597 598
235 236
468 484
176 196
457 465
28 50
368 375
387 388
509 512
379 384
520 521
147 159
390 393
479 480
188 206
498 502
508 534
571 581
501 504
391 394
91 102
25 26
62 75
361 362
494 495
51 56
397 401
127 149
276 287
467 483
36 49
335 336
327 332
578 579
298 305
120 128
427 428
549 552
136 154
638 639
58 64
309 311
519 520
129 133
401 403
579 580
619 625
61 96
412 421
131 142
512 526
162 166
475 486
84 85
575 582
612 631
43 56
217 218
645 646
415 431
187 195
117 118
486 491
430 438
250 251
249 255
508 515
260 264
349 351
301 302
619 620
2 5
261 265
634 636
165 166
124 125
35 47
65 66
176 190
577 586
57 62
227 235
57 71
467 482
157 158
6 7
586 591
530 538
456 463
58 63
98 99
309 310
79 95
511 515
190 191
519 528
39 40
603 607
282 283
360 382
412 420
242 256
222 241
234 252
131 141
293 301
326 335
223 224
434 435
604 608
24 33
294 302
545 549
264 270
316 317
459 473
109 113
389 396
279 286
408 409
559 569
168 171
257 258
30 39
289 290
500 501
341 346
560 561
592 593
352 355
83 96
342 347
212 219
323 324
64 73
566 567
415 416
626 627
577 585
130 140
437 440
429 436
160 162
456 462
289 294
322 328
581 588
281 299
600 601
322 337
263 269
441 446
290 295
112 127
573 574
13 14
45 46
34 46
215 219
503 506
411 432
323 328
226 234
359 367
216 220
229 239
626 631
78 88
138 139
130 144
230 231
599 604
356 370
170 189
79 80
230 240
63 72
529 536
330 336
521 532
20 21
142 145
52 53
640 641
613 633
182 199
60 84
204 205
326 329
573 587
145 146
595 602
237 238
86 87
26 45
297 298
97 105
329 339
170 175
348 352
421 422
197 201
429 435
27 37
270 271
262 267
11 29
11 38
330 340
211 212
381 385
613 628
44 53
284 300
363 364
1 2
115 122
244 245
93 94
547 548
174 186
185 186
388 393
177 191
137 155
266 278
488 489
639 649
48 55
178 192
599 603
469 484
529 535
513 518
598 607
402 403
12 16
381 389
311 312
522 523
104 108
392 395
554 555
395 400
614 615
646 647
495 496
487 492
344 345
165 203
365 377
436 437
647 648
285 286
226 246
496 497
557 565
0 1
588 589
458 461
469 470
620 630
92 93
498 506
100 106
550 553
343 349
262 275
184 185
132 147
192 198
621 622
125 126
392 399
34 35
66 67
273 280
576 583
595 596
