0.220000 0.051200 0.000000
0.252000 0.051200 0.000000
0.173600 0.052000 0.000000
0.236800 0.052000 0.000000
0.266400 0.052800 0.000000
0.825600 0.053600 0.000000
0.836800 0.053600 0.000000
0.192000 0.055200 0.000000
0.196000 0.085600 0.000000
0.285600 0.085600 0.000000
0.187200 0.087200 0.000000
0.381600 0.087200 0.000000
0.268000 0.088000 0.000000
0.310400 0.088000 0.000000
0.327200 0.088000 0.000000
0.361600 0.088000 0.000000
0.216000 0.088800 0.000000
0.237600 0.088800 0.000000
0.255200 0.088800 0.000000
0.343200 0.088800 0.000000
0.140000 0.089600 0.000000
0.170400 0.089600 0.000000
0.404800 0.089600 0.000000
0.423200 0.089600 0.000000
0.447200 0.089600 0.000000
0.466400 0.089600 0.000000
0.490400 0.089600 0.000000
0.851200 0.089600 0.000000
0.123200 0.090400 0.000000
0.154400 0.090400 0.000000
0.505600 0.090400 0.000000
0.515200 0.092000 0.000000
0.525600 0.092000 0.000000
0.639200 0.092000 0.000000
0.724000 0.092000 0.000000
0.869600 0.092000 0.000000
0.543200 0.092800 0.000000
0.559200 0.092800 0.000000
0.617600 0.092800 0.000000
0.704000 0.092800 0.000000
0.713600 0.092800 0.000000
0.752000 0.092800 0.000000
0.812800 0.092800 0.000000
0.824000 0.092800 0.000000
0.880800 0.092800 0.000000
0.891200 0.092800 0.000000
0.575200 0.093600 0.000000
0.596800 0.093600 0.000000
0.655200 0.093600 0.000000
0.774400 0.093600 0.000000
0.942400 0.093600 0.000000
0.672000 0.094400 0.000000
0.691200 0.094400 0.000000
0.733600 0.094400 0.000000
0.790400 0.094400 0.000000
0.842400 0.094400 0.000000
0.926400 0.096000 0.000000
0.906400 0.097600 0.000000
0.284800 0.114400 0.000000
0.425600 0.114400 0.000000
0.181600 0.115200 0.000000
0.213600 0.116000 0.000000
0.304000 0.116000 0.000000
0.322400 0.116000 0.000000
0.336000 0.116000 0.000000
0.381600 0.116000 0.000000
0.394400 0.116000 0.000000
0.407200 0.116000 0.000000
0.444800 0.116000 0.000000
0.465600 0.116000 0.000000
0.156000 0.116800 0.000000
0.172000 0.116800 0.000000
0.199200 0.116800 0.000000
0.239200 0.116800 0.000000
0.271200 0.116800 0.000000
0.358400 0.116800 0.000000
0.126400 0.117600 0.000000
0.140000 0.117600 0.000000
0.223200 0.117600 0.000000
0.255200 0.117600 0.000000
0.481600 0.118400 0.000000
0.545600 0.119200 0.000000
0.562400 0.119200 0.000000
0.493600 0.120000 0.000000
0.508800 0.120000 0.000000
0.535200 0.120000 0.000000
0.582400 0.120000 0.000000
0.523200 0.120800 0.000000
0.594400 0.120800 0.000000
0.644000 0.120800 0.000000
0.672000 0.120800 0.000000
0.681600 0.120800 0.000000
0.732800 0.120800 0.000000
0.762400 0.120800 0.000000
0.808800 0.120800 0.000000
0.841600 0.120800 0.000000
0.604800 0.121600 0.000000
0.618400 0.121600 0.000000
0.659200 0.121600 0.000000
0.826400 0.121600 0.000000
0.863200 0.121600 0.000000
0.632800 0.122400 0.000000
0.785600 0.122400 0.000000
0.706400 0.123200 0.000000
0.721600 0.123200 0.000000
0.879200 0.123200 0.000000
0.324800 0.140800 0.000000
0.267200 0.141600 0.000000
0.312000 0.141600 0.000000
0.379200 0.141600 0.000000
0.408000 0.141600 0.000000
0.426400 0.141600 0.000000
0.447200 0.141600 0.000000
0.251200 0.142400 0.000000
0.297600 0.142400 0.000000
0.340800 0.142400 0.000000
0.364800 0.142400 0.000000
0.122400 0.143200 0.000000
0.152000 0.143200 0.000000
0.238400 0.143200 0.000000
0.287200 0.143200 0.000000
0.352000 0.143200 0.000000
0.465600 0.143200 0.000000
0.131200 0.144000 0.000000
0.186400 0.144000 0.000000
0.225600 0.144000 0.000000
0.140800 0.144800 0.000000
0.168800 0.144800 0.000000
0.205600 0.144800 0.000000
0.495200 0.144800 0.000000
0.506400 0.144800 0.000000
0.533600 0.144800 0.000000
0.544000 0.144800 0.000000
0.556000 0.145600 0.000000
0.565600 0.145600 0.000000
0.585600 0.145600 0.000000
0.518400 0.146400 0.000000
0.822400 0.146400 0.000000
0.478400 0.147200 0.000000
0.646400 0.147200 0.000000
0.598400 0.148000 0.000000
0.613600 0.148000 0.000000
0.667200 0.148000 0.000000
0.683200 0.148000 0.000000
0.700000 0.148800 0.000000
0.724800 0.148800 0.000000
0.752000 0.148800 0.000000
0.769600 0.148800 0.000000
0.845600 0.148800 0.000000
0.630400 0.149600 0.000000
0.740800 0.149600 0.000000
0.790400 0.149600 0.000000
0.806400 0.149600 0.000000
0.860000 0.149600 0.000000
0.876000 0.150400 0.000000
0.889600 0.150400 0.000000
0.391200 0.167200 0.000000
0.402400 0.168000 0.000000
0.318400 0.168800 0.000000
0.378400 0.168800 0.000000
0.416800 0.168800 0.000000
0.433600 0.168800 0.000000
0.332000 0.169600 0.000000
0.294400 0.170400 0.000000
0.348000 0.170400 0.000000
0.458400 0.170400 0.000000
0.146400 0.171200 0.000000
0.163200 0.171200 0.000000
0.180800 0.171200 0.000000
0.193600 0.171200 0.000000
0.243200 0.171200 0.000000
0.263200 0.171200 0.000000
0.281600 0.171200 0.000000
0.363200 0.171200 0.000000
0.502400 0.171200 0.000000
0.129600 0.172000 0.000000
0.208800 0.172000 0.000000
0.228800 0.172000 0.000000
0.304800 0.172000 0.000000
0.577600 0.172000 0.000000
0.695200 0.172000 0.000000
0.733600 0.172000 0.000000
0.752800 0.172000 0.000000
0.487200 0.172800 0.000000
0.519200 0.172800 0.000000
0.534400 0.172800 0.000000
0.547200 0.172800 0.000000
0.560000 0.172800 0.000000
0.804000 0.172800 0.000000
0.597600 0.173600 0.000000
0.771200 0.173600 0.000000
0.664000 0.174400 0.000000
0.716800 0.174400 0.000000
0.815200 0.174400 0.000000
0.622400 0.175200 0.000000
0.641600 0.175200 0.000000
0.680800 0.175200 0.000000
0.845600 0.175200 0.000000
0.861600 0.175200 0.000000
0.788000 0.176800 0.000000
0.830400 0.176800 0.000000
0.879200 0.176800 0.000000
0.386400 0.195200 0.000000
0.401600 0.195200 0.000000
0.459200 0.195200 0.000000
0.235200 0.196000 0.000000
0.252000 0.196000 0.000000
0.424800 0.196000 0.000000
0.502400 0.196000 0.000000
0.272000 0.196800 0.000000
0.292800 0.196800 0.000000
0.444800 0.196800 0.000000
0.479200 0.196800 0.000000
0.489600 0.196800 0.000000
0.520800 0.196800 0.000000
0.540800 0.196800 0.000000
0.173600 0.197600 0.000000
0.319200 0.197600 0.000000
0.336000 0.197600 0.000000
0.435200 0.197600 0.000000
0.161600 0.198400 0.000000
0.193600 0.198400 0.000000
0.204800 0.198400 0.000000
0.216800 0.198400 0.000000
0.372000 0.198400 0.000000
0.565600 0.198400 0.000000
0.700800 0.198400 0.000000
0.124800 0.199200 0.000000
0.144800 0.199200 0.000000
0.184000 0.199200 0.000000
0.683200 0.199200 0.000000
0.354400 0.200000 0.000000
0.583200 0.200000 0.000000
0.592800 0.200000 0.000000
0.637600 0.200000 0.000000
0.728800 0.200000 0.000000
0.756000 0.200000 0.000000
0.767200 0.200000 0.000000
0.607200 0.200800 0.000000
0.624000 0.200800 0.000000
0.648800 0.200800 0.000000
0.717600 0.200800 0.000000
0.780000 0.200800 0.000000
0.793600 0.200800 0.000000
0.665600 0.201600 0.000000
0.746400 0.201600 0.000000
0.814400 0.201600 0.000000
0.830400 0.201600 0.000000
0.853600 0.201600 0.000000
0.870400 0.202400 0.000000
0.888000 0.204000 0.000000
0.206400 0.222400 0.000000
0.126400 0.223200 0.000000
0.144000 0.223200 0.000000
0.252000 0.223200 0.000000
0.444000 0.223200 0.000000
0.463200 0.223200 0.000000
0.159200 0.224000 0.000000
0.228800 0.224000 0.000000
0.344800 0.224000 0.000000
0.401600 0.224000 0.000000
0.473600 0.224000 0.000000
0.492000 0.224000 0.000000
0.189600 0.224800 0.000000
0.270400 0.224800 0.000000
0.418400 0.224800 0.000000
0.779200 0.224800 0.000000
0.174400 0.225600 0.000000
0.304800 0.225600 0.000000
0.324800 0.225600 0.000000
0.367200 0.225600 0.000000
0.386400 0.225600 0.000000
0.528000 0.225600 0.000000
0.542400 0.225600 0.000000
0.575200 0.225600 0.000000
0.864800 0.225600 0.000000
0.671200 0.226400 0.000000
0.684800 0.226400 0.000000
0.706400 0.226400 0.000000
0.724000 0.226400 0.000000
0.740000 0.226400 0.000000
0.759200 0.226400 0.000000
0.800800 0.226400 0.000000
0.848800 0.226400 0.000000
0.290400 0.227200 0.000000
0.592800 0.227200 0.000000
0.608000 0.227200 0.000000
0.822400 0.227200 0.000000
0.880000 0.227200 0.000000
0.556800 0.228000 0.000000
0.630400 0.228000 0.000000
0.640800 0.228000 0.000000
0.652800 0.228000 0.000000
0.510400 0.228800 0.000000
0.617600 0.228800 0.000000
0.124800 0.249600 0.000000
0.148800 0.250400 0.000000
0.459200 0.250400 0.000000
0.488000 0.250400 0.000000
0.163200 0.251200 0.000000
0.246400 0.251200 0.000000
0.259200 0.251200 0.000000
0.438400 0.251200 0.000000
0.470400 0.251200 0.000000
0.865600 0.251200 0.000000
0.172800 0.252000 0.000000
0.198400 0.252000 0.000000
0.210400 0.252000 0.000000
0.224000 0.252000 0.000000
0.271200 0.252000 0.000000
0.309600 0.252000 0.000000
0.424000 0.252000 0.000000
0.538400 0.252000 0.000000
0.559200 0.252000 0.000000
0.574400 0.252000 0.000000
0.751200 0.252000 0.000000
0.878400 0.252000 0.000000
0.183200 0.252800 0.000000
0.289600 0.252800 0.000000
0.328800 0.252800 0.000000
0.405600 0.252800 0.000000
0.509600 0.252800 0.000000
0.596000 0.252800 0.000000
0.684800 0.252800 0.000000
0.763200 0.252800 0.000000
0.783200 0.252800 0.000000
0.800000 0.252800 0.000000
0.816800 0.252800 0.000000
0.834400 0.252800 0.000000
0.850400 0.252800 0.000000
0.524000 0.253600 0.000000
0.700800 0.253600 0.000000
0.774400 0.253600 0.000000
0.359200 0.254400 0.000000
0.384000 0.254400 0.000000
0.605600 0.254400 0.000000
0.622400 0.255200 0.000000
0.636800 0.255200 0.000000
0.673600 0.255200 0.000000
0.713600 0.255200 0.000000
0.728800 0.255200 0.000000
0.662400 0.256000 0.000000
0.652800 0.258400 0.000000
0.127200 0.276000 0.000000
0.881600 0.276000 0.000000
0.194400 0.276800 0.000000
0.144000 0.277600 0.000000
0.208800 0.277600 0.000000
0.537600 0.277600 0.000000
0.575200 0.277600 0.000000
0.592800 0.277600 0.000000
0.162400 0.278400 0.000000
0.233600 0.278400 0.000000
0.509600 0.278400 0.000000
0.520000 0.278400 0.000000
0.529600 0.278400 0.000000
0.564000 0.278400 0.000000
0.838400 0.278400 0.000000
0.185600 0.279200 0.000000
0.250400 0.279200 0.000000
0.261600 0.279200 0.000000
0.276800 0.279200 0.000000
0.294400 0.279200 0.000000
0.410400 0.279200 0.000000
0.423200 0.279200 0.000000
0.437600 0.279200 0.000000
0.460000 0.279200 0.000000
0.476000 0.279200 0.000000
0.553600 0.279200 0.000000
0.310400 0.280000 0.000000
0.321600 0.280000 0.000000
0.384000 0.280000 0.000000
0.610400 0.280000 0.000000
0.810400 0.280000 0.000000
0.910400 0.280000 0.000000
0.341600 0.280800 0.000000
0.361600 0.280800 0.000000
0.494400 0.280800 0.000000
0.627200 0.280800 0.000000
0.860000 0.280800 0.000000
0.644800 0.281600 0.000000
0.692800 0.281600 0.000000
0.717600 0.281600 0.000000
0.662400 0.282400 0.000000
0.704800 0.282400 0.000000
0.770400 0.282400 0.000000
0.787200 0.282400 0.000000
0.679200 0.283200 0.000000
0.745600 0.283200 0.000000
0.755200 0.283200 0.000000
0.736800 0.284000 0.000000
0.540000 0.301600 0.000000
0.560000 0.301600 0.000000
0.588800 0.301600 0.000000
0.128000 0.302400 0.000000
0.148000 0.302400 0.000000
0.167200 0.302400 0.000000
0.201600 0.303200 0.000000
0.433600 0.303200 0.000000
0.522400 0.303200 0.000000
0.616800 0.303200 0.000000
0.185600 0.304000 0.000000
0.446400 0.304000 0.000000
0.570400 0.304000 0.000000
0.601600 0.304000 0.000000
0.631200 0.304000 0.000000
0.660800 0.304000 0.000000
0.220000 0.304800 0.000000
0.256800 0.304800 0.000000
0.276800 0.304800 0.000000
0.292800 0.304800 0.000000
0.316000 0.304800 0.000000
0.460800 0.304800 0.000000
0.500000 0.304800 0.000000
0.671200 0.304800 0.000000
0.304000 0.305600 0.000000
0.336800 0.305600 0.000000
0.360800 0.305600 0.000000
0.391200 0.305600 0.000000
0.478400 0.305600 0.000000
0.640000 0.305600 0.000000
0.376000 0.306400 0.000000
0.412800 0.306400 0.000000
0.730400 0.306400 0.000000
0.752800 0.306400 0.000000
0.854400 0.306400 0.000000
0.242400 0.307200 0.000000
0.688800 0.307200 0.000000
0.716800 0.307200 0.000000
0.782400 0.307200 0.000000
0.833600 0.307200 0.000000
0.704000 0.308000 0.000000
0.800000 0.308000 0.000000
0.874400 0.308000 0.000000
0.888000 0.308800 0.000000
0.816800 0.309600 0.000000
0.215200 0.326400 0.000000
0.176000 0.327200 0.000000
0.227200 0.327200 0.000000
0.242400 0.327200 0.000000
0.124800 0.328000 0.000000
0.138400 0.328000 0.000000
0.192800 0.328000 0.000000
0.265600 0.328000 0.000000
0.160800 0.328800 0.000000
0.204000 0.328800 0.000000
0.278400 0.328800 0.000000
0.376800 0.328800 0.000000
0.392000 0.328800 0.000000
0.442400 0.328800 0.000000
0.513600 0.328800 0.000000
0.527200 0.328800 0.000000
0.584000 0.328800 0.000000
0.597600 0.328800 0.000000
0.722400 0.328800 0.000000
0.743200 0.328800 0.000000
0.764000 0.328800 0.000000
0.290400 0.329600 0.000000
0.304800 0.329600 0.000000
0.324000 0.329600 0.000000
0.344000 0.329600 0.000000
0.412000 0.329600 0.000000
0.429600 0.329600 0.000000
0.545600 0.329600 0.000000
0.628800 0.329600 0.000000
0.687200 0.329600 0.000000
0.705600 0.329600 0.000000
0.360800 0.330400 0.000000
0.638400 0.330400 0.000000
0.650400 0.330400 0.000000
0.664000 0.330400 0.000000
0.864800 0.330400 0.000000
0.472800 0.331200 0.000000
0.500800 0.331200 0.000000
0.804800 0.331200 0.000000
0.820000 0.331200 0.000000
0.839200 0.331200 0.000000
0.881600 0.331200 0.000000
0.568000 0.332000 0.000000
0.611200 0.332000 0.000000
0.784000 0.332000 0.000000
0.488800 0.332800 0.000000
