55 57
425 432
336 354
457 464
388 392
99 100
26 39
8 9
8 18
251 252
351 357
192 193
221 229
332 334
255 258
232 256
376 377
468 469
106 107
166 167
15 16
206 212
409 410
47 48
226 227
449 455
239 245
40 45
291 292
399 401
383 384
10 22
402 406
324 325
384 385
173 183
246 253
453 466
265 266
114 115
122 128
103 124
266 267
117 126
298 299
279 295
379 382
358 359
147 157
350 355
398 404
199 204
450 451
450 460
3 5
51 54
173 178
14 23
103 110
346 353
106 115
365 366
198 207
327 330
409 418
76 92
298 312
29 44
328 331
372 374
313 315
468 472
394 397
176 184
179 180
227 229
378 389
28 38
98 102
220 226
398 403
29 30
61 80
401 405
153 154
352 363
290 299
94 95
146 151
194 200
283 287
246 247
254 260
416 420
346 352
187 188
36 37
430 431
68 69
327 329
76 91
319 325
120 125
149 161
160 161
201 208
242 254
261 267
464 465
452 463
385 391
202 208
43 44
105 114
135 136
367 370
108 119
375 383
378 388
235 241
438 439
68 73
368 371
168 169
50 52
249 261
42 48
268 274
471 472
220 225
341 344
142 144
320 321
333 340
182 189
190 202
393 400
153 162
75 81
293 294
326 328
382 390
146 150
426 433
24 35
307 314
245 250
386 387
86 95
179 183
138 142
89 100
230 234
120 124
27 45
160 169
249 256
289 292
330 339
90 101
360 361
20 33
441 444
452 453
234 240
104 112
411 412
152 170
123 134
16 17
275 277
426 437
145 149
105 113
116 122
367 369
108 127
49 50
109 110
241 247
82 83
175 176
24 25
436 445
167 168
467 469
300 301
456 459
30 31
171 174
333 334
41 46
451 457
414 417
20 32
31 32
255 262
37 39
236 248
174 175
344 348
307 308
359 364
38 40
285 289
318 323
107 121
459 460
97 98
377 381
348 354
421 424
429 446
148 158
351 356
200 205
281 291
443 448
222 223
295 302
314 324
374 375
447 454
288 290
396 399
15 33
407 408
237 244
19 21
129 140
440 441
63 73
380 396
148 171
4 5
284 288
462 465
60 67
432 433
403 406
395 402
447 458
59 62
70 71
147 156
130 131
11 12
218 225
259 263
270 272
163 164
203 209
233 237
155 156
85 91
96 97
67 70
347 353
99 102
188 189
126 128
207 211
280 281
132 135
310 312
111 112
192 204
25 36
181 185
195 196
195 205
136 137
428 434
118 119
379 389
439 440
427 438
77 78
69 74
0 2
210 211
129 134
61 79
461 467
321 322
243 244
154 163
405 410
416 419
143 144
217 228
155 164
235 236
206 209
214 222
417 420
28 41
58 60
358 361
390 393
62 66
332 335
51 56
84 90
273 276
394 395
17 18
357 364
335 336
430 443
258 260
449 456
88 96
387 392
427 437
268 273
191 197
442 444
360 365
339 342
331 338
242 248
345 349
231 238
305 313
43 56
65 80
117 118
446 455
279 287
319 323
109 123
250 251
58 59
372 380
172 178
213 216
83 88
423 425
397 400
84 89
116 121
286 294
127 130
216 217
65 66
276 277
308 309
198 199
316 322
157 158
6 7
197 203
309 310
190 191
10 13
282 283
131 132
342 343
293 301
223 224
434 435
64 87
316 317
448 454
349 350
2 4
412 415
404 411
53 55
215 224
315 320
264 265
9 21
429 436
408 413
71 72
12 13
381 386
263 269
296 302
64 77
46 47
78 79
264 269
297 303
159 180
230 231
278 280
63 72
42 49
362 368
219 221
341 345
282 286
23 35
355 356
75 82
326 329
196 201
53 54
296 297
373 391
26 27
86 87
159 166
421 422
238 239
278 284
362 363
111 125
151 170
422 423
271 272
303 304
133 140
311 317
104 113
152 162
212 213
22 34
74 81
93 94
304 305
185 186
145 150
177 182
407 415
285 300
337 338
186 187
337 347
340 343
210 215
218 228
270 275
262 271
370 371
462 463
243 257
181 184
232 257
233 240
252 253
14 34
435 445
193 194
137 141
306 318
428 442
0 1
458 461
11 19
92 93
470 471
414 418
141 143
133 139
424 431
373 376
