217.000000 55.000000 0.000002
249.000000 56.000000 0.000003
273.000000 56.000000 0.000003
72.000000 57.000000 0.000002
116.000000 57.000000 0.000003
193.000000 57.000000 0.000006
296.000000 57.000000 0.000002
316.000000 58.000000 0.000005
1042.000000 58.000000 0.000005
87.000000 59.000000 0.000002
39.000000 60.000000 0.000003
53.000000 60.000000 0.000002
1009.000000 105.000000 0.000003
952.000000 106.000000 0.000003
964.000000 106.000000 0.000001
987.000000 106.000000 0.000003
1023.000000 106.000000 0.000001
1036.000000 106.000000 0.000002
1049.000000 106.000000 0.000002
681.000000 107.000000 0.000003
852.000000 107.000000 0.000003
935.000000 107.000000 0.000002
1064.000000 107.000000 0.000003
1075.000000 107.000000 0.000001
229.000000 108.000000 0.000002
251.000000 108.000000 0.000003
510.000000 108.000000 0.000002
528.000000 108.000000 0.000002
551.000000 108.000000 0.000003
708.000000 108.000000 0.000003
728.000000 108.000000 0.000001
741.000000 108.000000 0.000003
785.000000 108.000000 0.000003
808.000000 108.000000 0.000002
828.000000 108.000000 0.000002
877.000000 108.000000 0.000003
898.000000 108.000000 0.000002
919.000000 108.000000 0.000002
1104.000000 108.000000 0.000003
209.000000 109.000000 0.000003
398.000000 109.000000 0.000002
420.000000 109.000000 0.000003
440.000000 109.000000 0.000001
456.000000 109.000000 0.000002
493.000000 109.000000 0.000002
580.000000 109.000000 0.000003
600.000000 109.000000 0.000002
621.000000 109.000000 0.000002
638.000000 109.000000 0.000002
760.000000 109.000000 0.000002
148.000000 110.000000 0.000003
173.000000 110.000000 0.000003
198.000000 110.000000 0.000002
277.000000 110.000000 0.000003
346.000000 110.000000 0.000002
476.000000 110.000000 0.000002
659.000000 110.000000 0.000002
309.000000 111.000000 0.000002
329.000000 111.000000 0.000002
378.000000 111.000000 0.000002
359.000000 112.000000 0.000002
1043.000000 137.000000 0.000003
1054.000000 137.000000 0.000003
1009.000000 138.000000 0.000002
662.000000 139.000000 0.000002
694.000000 139.000000 0.000003
975.000000 139.000000 0.000002
1024.000000 139.000000 0.000002
1072.000000 139.000000 0.000003
676.000000 140.000000 0.000002
722.000000 140.000000 0.000002
869.000000 140.000000 0.000002
184.000000 141.000000 0.000002
200.000000 141.000000 0.000002
319.000000 141.000000 0.000004
608.000000 141.000000 0.000003
644.000000 141.000000 0.000002
745.000000 141.000000 0.000003
759.000000 141.000000 0.000001
772.000000 141.000000 0.000002
785.000000 141.000000 0.000001
956.000000 141.000000 0.000002
994.000000 141.000000 0.000002
1099.000000 141.000000 0.000003
218.000000 142.000000 0.000002
549.000000 142.000000 0.000003
575.000000 142.000000 0.000003
885.000000 142.000000 0.000002
937.000000 142.000000 0.000002
236.000000 143.000000 0.000002
337.000000 143.000000 0.000003
474.000000 143.000000 0.000003
493.000000 143.000000 0.000002
532.000000 143.000000 0.000002
628.000000 143.000000 0.000002
812.000000 143.000000 0.000002
903.000000 143.000000 0.000002
916.000000 143.000000 0.000002
165.000000 144.000000 0.000002
262.000000 144.000000 0.000003
359.000000 144.000000 0.000001
375.000000 144.000000 0.000002
388.000000 144.000000 0.000002
404.000000 144.000000 0.000002
430.000000 144.000000 0.000002
441.000000 144.000000 0.000001
454.000000 144.000000 0.000002
513.000000 144.000000 0.000002
832.000000 144.000000 0.000002
851.000000 144.000000 0.000002
146.000000 145.000000 0.000003
281.000000 145.000000 0.000002
417.000000 145.000000 0.000001
765.000000 171.000000 0.000002
780.000000 171.000000 0.000002
1017.000000 171.000000 0.000003
1043.000000 171.000000 0.000003
1076.000000 171.000000 0.000002
840.000000 172.000000 0.000003
995.000000 172.000000 0.000002
1058.000000 172.000000 0.000002
680.000000 173.000000 0.000003
1095.000000 173.000000 0.000002
604.000000 174.000000 0.000003
709.000000 174.000000 0.000003
742.000000 174.000000 0.000003
799.000000 174.000000 0.000002
904.000000 174.000000 0.000003
923.000000 174.000000 0.000003
977.000000 174.000000 0.000002
243.000000 175.000000 0.000002
448.000000 175.000000 0.000002
582.000000 175.000000 0.000003
655.000000 175.000000 0.000003
729.000000 175.000000 0.000003
819.000000 175.000000 0.000002
935.000000 175.000000 0.000002
357.000000 176.000000 0.000002
378.000000 176.000000 0.000002
632.000000 176.000000 0.000003
871.000000 176.000000 0.000003
955.000000 176.000000 0.000002
196.000000 177.000000 0.000003
222.000000 177.000000 0.000002
400.000000 177.000000 0.000002
428.000000 177.000000 0.000003
502.000000 177.000000 0.000003
553.000000 177.000000 0.000003
172.000000 178.000000 0.000003
267.000000 178.000000 0.000003
292.000000 178.000000 0.000003
321.000000 178.000000 0.000002
342.000000 178.000000 0.000002
470.000000 178.000000 0.000003
146.000000 179.000000 0.000003
528.000000 179.000000 0.000003
1038.000000 204.000000 0.000003
1068.000000 205.000000 0.000002
1089.000000 206.000000 0.000002
1008.000000 207.000000 0.000002
1107.000000 207.000000 0.000003
926.000000 208.000000 0.000003
690.000000 209.000000 0.000004
738.000000 209.000000 0.000001
850.000000 209.000000 0.000002
898.000000 209.000000 0.000003
988.000000 209.000000 0.000002
148.000000 210.000000 0.000003
776.000000 210.000000 0.000002
796.000000 210.000000 0.000002
816.000000 210.000000 0.000002
832.000000 210.000000 0.000002
868.000000 210.000000 0.000003
177.000000 211.000000 0.000003
208.000000 211.000000 0.000003
671.000000 211.000000 0.000002
719.000000 211.000000 0.000003
753.000000 211.000000 0.000002
953.000000 211.000000 0.000003
645.000000 212.000000 0.000003
249.000000 213.000000 0.000003
294.000000 213.000000 0.000002
308.000000 213.000000 0.000002
453.000000 213.000000 0.000002
613.000000 213.000000 0.000002
629.000000 213.000000 0.000002
969.000000 213.000000 0.000002
354.000000 214.000000 0.000002
374.000000 214.000000 0.000002
389.000000 214.000000 0.000002
407.000000 214.000000 0.000002
427.000000 214.000000 0.000002
441.000000 214.000000 0.000001
470.000000 214.000000 0.000002
587.000000 214.000000 0.000003
273.000000 215.000000 0.000002
336.000000 215.000000 0.000002
490.000000 215.000000 0.000002
572.000000 215.000000 0.000002
324.000000 216.000000 0.000002
508.000000 216.000000 0.000002
527.000000 216.000000 0.000002
543.000000 216.000000 0.000002
560.000000 216.000000 0.000002
1064.000000 240.000000 0.000001
1077.000000 240.000000 0.000002
990.000000 241.000000 0.000003
1013.000000 241.000000 0.000003
1051.000000 241.000000 0.000002
1034.000000 242.000000 0.000002
1095.000000 242.000000 0.000004
834.000000 244.000000 0.000002
168.000000 245.000000 0.000002
192.000000 245.000000 0.000002
785.000000 245.000000 0.000002
805.000000 245.000000 0.000002
820.000000 245.000000 0.000002
851.000000 245.000000 0.000003
905.000000 245.000000 0.000003
930.000000 245.000000 0.000003
947.000000 245.000000 0.000002
962.000000 245.000000 0.000002
769.000000 246.000000 0.000002
149.000000 247.000000 0.000002
206.000000 247.000000 0.000002
225.000000 247.000000 0.000002
374.000000 247.000000 0.000003
470.000000 247.000000 0.000002
494.000000 247.000000 0.000003
689.000000 247.000000 0.000002
708.000000 247.000000 0.000002
752.000000 247.000000 0.000002
881.000000 247.000000 0.000003
245.000000 248.000000 0.000003
288.000000 248.000000 0.000003
309.000000 248.000000 0.000002
348.000000 248.000000 0.000003
396.000000 248.000000 0.000002
441.000000 248.000000 0.000002
455.000000 248.000000 0.000002
516.000000 248.000000 0.000002
533.000000 248.000000 0.000003
556.000000 248.000000 0.000003
669.000000 248.000000 0.000002
726.000000 248.000000 0.000003
275.000000 249.000000 0.000002
326.000000 249.000000 0.000002
590.000000 249.000000 0.000003
738.000000 249.000000 0.000001
414.000000 250.000000 0.000003
572.000000 250.000000 0.000002
647.000000 250.000000 0.000003
617.000000 251.000000 0.000003
150.000000 278.000000 0.000003
173.000000 278.000000 0.000002
1039.000000 278.000000 0.000004
1070.000000 278.000000 0.000003
1098.000000 278.000000 0.000003
192.000000 279.000000 0.000002
204.000000 280.000000 0.000003
215.000000 280.000000 0.000001
717.000000 280.000000 0.000003
953.000000 280.000000 0.000003
226.000000 281.000000 0.000002
242.000000 281.000000 0.000002
272.000000 281.000000 0.000002
329.000000 281.000000 0.000002
438.000000 281.000000 0.000002
652.000000 281.000000 0.000002
693.000000 281.000000 0.000003
767.000000 281.000000 0.000003
799.000000 281.000000 0.000003
826.000000 281.000000 0.000002
907.000000 281.000000 0.000002
983.000000 281.000000 0.000002
1005.000000 281.000000 0.000004
1019.000000 281.000000 0.000002
256.000000 282.000000 0.000002
290.000000 282.000000 0.000002
402.000000 282.000000 0.000002
419.000000 282.000000 0.000002
456.000000 282.000000 0.000002
474.000000 282.000000 0.000002
494.000000 282.000000 0.000003
574.000000 282.000000 0.000002
669.000000 282.000000 0.000002
741.000000 282.000000 0.000002
928.000000 282.000000 0.000003
305.000000 283.000000 0.000003
378.000000 283.000000 0.000003
390.000000 283.000000 0.000001
542.000000 283.000000 0.000004
593.000000 283.000000 0.000002
881.000000 283.000000 0.000003
356.000000 284.000000 0.000003
524.000000 284.000000 0.000002
606.000000 284.000000 0.000002
625.000000 284.000000 0.000003
854.000000 284.000000 0.000003
176.000000 309.000000 0.000002
190.000000 309.000000 0.000003
155.000000 311.000000 0.000003
210.000000 312.000000 0.000003
251.000000 312.000000 0.000003
234.000000 313.000000 0.000002
384.000000 315.000000 0.000002
398.000000 315.000000 0.000002
745.000000 316.000000 0.000003
821.000000 316.000000 0.000003
881.000000 316.000000 0.000002
900.000000 316.000000 0.000002
336.000000 317.000000 0.000003
349.000000 317.000000 0.000002
416.000000 317.000000 0.000002
449.000000 317.000000 0.000002
469.000000 317.000000 0.000002
576.000000 317.000000 0.000003
610.000000 317.000000 0.000003
727.000000 317.000000 0.000002
773.000000 317.000000 0.000002
915.000000 317.000000 0.000001
927.000000 317.000000 0.000002
946.000000 317.000000 0.000002
972.000000 317.000000 0.000003
1020.000000 317.000000 0.000002
1059.000000 317.000000 0.000003
1089.000000 317.000000 0.000002
282.000000 318.000000 0.000003
311.000000 318.000000 0.000003
367.000000 318.000000 0.000002
433.000000 318.000000 0.000001
500.000000 318.000000 0.000003
523.000000 318.000000 0.000002
543.000000 318.000000 0.000003
637.000000 318.000000 0.000002
657.000000 318.000000 0.000002
674.000000 318.000000 0.000002
693.000000 318.000000 0.000003
796.000000 318.000000 0.000003
993.000000 318.000000 0.000003
1041.000000 318.000000 0.000002
1069.000000 318.000000 0.000003
1107.000000 318.000000 0.000003
591.000000 319.000000 0.000002
863.000000 319.000000 0.000002
842.000000 320.000000 0.000002
151.000000 345.000000 0.000003
170.000000 347.000000 0.000002
245.000000 347.000000 0.000002
354.000000 347.000000 0.000003
307.000000 348.000000 0.000002
378.000000 348.000000 0.000002
1100.000000 348.000000 0.000003
188.000000 349.000000 0.000002
205.000000 349.000000 0.000002
225.000000 349.000000 0.000002
266.000000 349.000000 0.000002
431.000000 349.000000 0.000002
594.000000 349.000000 0.000003
921.000000 349.000000 0.000003
981.000000 349.000000 0.000002
286.000000 350.000000 0.000002
329.000000 350.000000 0.000002
398.000000 350.000000 0.000002
411.000000 350.000000 0.000002
446.000000 350.000000 0.000002
568.000000 350.000000 0.000003
624.000000 350.000000 0.000003
726.000000 350.000000 0.000003
843.000000 350.000000 0.000002
859.000000 350.000000 0.000002
897.000000 350.000000 0.000002
940.000000 350.000000 0.000002
961.000000 350.000000 0.000002
1001.000000 350.000000 0.000002
1071.000000 350.000000 0.000002
543.000000 351.000000 0.000003
818.000000 351.000000 0.000003
878.000000 351.000000 0.000002
1044.000000 351.000000 0.000003
468.000000 352.000000 0.000002
519.000000 352.000000 0.000002
702.000000 352.000000 0.000003
793.000000 352.000000 0.000002
487.000000 353.000000 0.000002
500.000000 353.000000 0.000002
674.000000 353.000000 0.000003
750.000000 353.000000 0.000002
644.000000 354.000000 0.000002
770.000000 354.000000 0.000002
1021.000000 354.000000 0.000003
344.000000 374.000000 0.000002
467.000000 374.000000 0.000002
411.000000 375.000000 0.000003
452.000000 375.000000 0.000002
148.000000 376.000000 0.000002
246.000000 376.000000 0.000003
379.000000 376.000000 0.000001
394.000000 376.000000 0.000002
437.000000 376.000000 0.000002
188.000000 377.000000 0.000003
218.000000 377.000000 0.000002
266.000000 377.000000 0.000002
328.000000 377.000000 0.000002
493.000000 377.000000 0.000002
510.000000 377.000000 0.000002
528.000000 377.000000 0.000002
167.000000 378.000000 0.000002
289.000000 378.000000 0.000002
313.000000 378.000000 0.000002
547.000000 378.000000 0.000002
573.000000 378.000000 0.000002
710.000000 378.000000 0.000002
883.000000 378.000000 0.000002
959.000000 378.000000 0.000002
592.000000 379.000000 0.000002
617.000000 379.000000 0.000002
682.000000 379.000000 0.000002
726.000000 379.000000 0.000002
983.000000 379.000000 0.000002
746.000000 380.000000 0.000002
839.000000 380.000000 0.000002
866.000000 380.000000 0.000003
915.000000 380.000000 0.000002
1048.000000 380.000000 0.000002
639.000000 381.000000 0.000002
658.000000 381.000000 0.000003
793.000000 381.000000 0.000002
938.000000 381.000000 0.000002
1002.000000 381.000000 0.000002
1032.000000 381.000000 0.000002
1069.000000 381.000000 0.000002
1090.000000 381.000000 0.000003
1113.000000 381.000000 0.000003
768.000000 382.000000 0.000002
820.000000 382.000000 0.000002
1017.000000 382.000000 0.000002
225.000000 401.000000 0.000002
424.000000 401.000000 0.000002
147.000000 402.000000 0.000002
180.000000 402.000000 0.000002
308.000000 402.000000 0.000002
321.000000 402.000000 0.000002
374.000000 402.000000 0.000002
391.000000 402.000000 0.000002
442.000000 402.000000 0.000002
485.000000 402.000000 0.000002
168.000000 403.000000 0.000003
205.000000 403.000000 0.000002
241.000000 403.000000 0.000003
252.000000 403.000000 0.000001
265.000000 403.000000 0.000002
283.000000 403.000000 0.000002
351.000000 403.000000 0.000003
407.000000 403.000000 0.000002
464.000000 403.000000 0.000002
503.000000 403.000000 0.000002
541.000000 403.000000 0.000002
565.000000 403.000000 0.000002
593.000000 403.000000 0.000003
295.000000 404.000000 0.000001
759.000000 404.000000 0.000002
519.000000 405.000000 0.000002
613.000000 405.000000 0.000002
632.000000 405.000000 0.000002
645.000000 405.000000 0.000002
684.000000 405.000000 0.000003
711.000000 405.000000 0.000002
734.000000 405.000000 0.000003
833.000000 405.000000 0.000003
664.000000 406.000000 0.000002
790.000000 406.000000 0.000003
853.000000 406.000000 0.000002
877.000000 406.000000 0.000002
982.000000 407.000000 0.000001
1004.000000 407.000000 0.000003
914.000000 408.000000 0.000002
930.000000 408.000000 0.000002
896.000000 409.000000 0.000002
948.000000 409.000000 0.000002
969.000000 409.000000 0.000002
1018.000000 409.000000 0.000003
1044.000000 409.000000 0.000002
1063.000000 410.000000 0.000003
1093.000000 413.000000 0.000003
1185.000000 417.000000 0.000003
890.000000 426.000000 0.000003
