309.000000 60.000000 0.000002
329.000000 60.000000 0.000005
194.000000 61.000000 0.000006
223.000000 61.000000 0.000003
285.000000 61.000000 0.000003
261.000000 63.000000 0.000005
1086.000000 64.000000 0.000003
1058.000000 65.000000 0.000004
1063.000000 103.000000 0.000003
361.000000 106.000000 0.000003
384.000000 106.000000 0.000002
1037.000000 106.000000 0.000002
1087.000000 106.000000 0.000003
1111.000000 106.000000 0.000003
183.000000 107.000000 0.000003
272.000000 107.000000 0.000001
291.000000 107.000000 0.000002
960.000000 107.000000 0.000003
986.000000 107.000000 0.000002
1004.000000 107.000000 0.000002
1019.000000 107.000000 0.000002
209.000000 108.000000 0.000002
235.000000 108.000000 0.000002
258.000000 108.000000 0.000002
336.000000 108.000000 0.000002
801.000000 108.000000 0.000002
824.000000 108.000000 0.000003
868.000000 108.000000 0.000003
891.000000 108.000000 0.000002
143.000000 109.000000 0.000003
307.000000 109.000000 0.000002
317.000000 109.000000 0.000003
446.000000 109.000000 0.000002
845.000000 109.000000 0.000002
161.000000 110.000000 0.000002
407.000000 110.000000 0.000002
465.000000 110.000000 0.000002
484.000000 110.000000 0.000002
685.000000 110.000000 0.000003
752.000000 110.000000 0.000002
786.000000 110.000000 0.000003
912.000000 110.000000 0.000002
936.000000 110.000000 0.000003
427.000000 111.000000 0.000002
593.000000 111.000000 0.000003
613.000000 111.000000 0.000002
712.000000 111.000000 0.000003
733.000000 111.000000 0.000002
773.000000 111.000000 0.000002
503.000000 112.000000 0.000002
521.000000 112.000000 0.000002
540.000000 112.000000 0.000002
637.000000 112.000000 0.000003
662.000000 112.000000 0.000002
554.000000 113.000000 0.000002
569.000000 114.000000 0.000002
827.000000 136.000000 0.000002
1016.000000 136.000000 0.000002
354.000000 137.000000 0.000003
180.000000 138.000000 0.000003
384.000000 138.000000 0.000002
799.000000 138.000000 0.000002
814.000000 138.000000 0.000002
910.000000 138.000000 0.000003
961.000000 138.000000 0.000002
980.000000 138.000000 0.000002
998.000000 138.000000 0.000002
1034.000000 138.000000 0.000002
1081.000000 138.000000 0.000003
205.000000 139.000000 0.000003
285.000000 139.000000 0.000003
334.000000 139.000000 0.000002
650.000000 139.000000 0.000003
742.000000 139.000000 0.000002
780.000000 139.000000 0.000002
886.000000 139.000000 0.000003
940.000000 139.000000 0.000003
1057.000000 139.000000 0.000002
1104.000000 139.000000 0.000003
228.000000 140.000000 0.000002
261.000000 140.000000 0.000002
402.000000 140.000000 0.000002
419.000000 140.000000 0.000002
471.000000 140.000000 0.000002
542.000000 140.000000 0.000002
560.000000 140.000000 0.000002
587.000000 140.000000 0.000002
629.000000 140.000000 0.000002
678.000000 140.000000 0.000002
721.000000 140.000000 0.000002
764.000000 140.000000 0.000002
857.000000 140.000000 0.000003
141.000000 141.000000 0.000003
158.000000 141.000000 0.000002
245.000000 141.000000 0.000002
437.000000 141.000000 0.000002
455.000000 141.000000 0.000002
492.000000 141.000000 0.000003
518.000000 141.000000 0.000003
700.000000 141.000000 0.000002
310.000000 142.000000 0.000003
609.000000 143.000000 0.000002
833.000000 163.000000 0.000002
796.000000 166.000000 0.000002
812.000000 166.000000 0.000002
853.000000 166.000000 0.000002
941.000000 166.000000 0.000002
391.000000 167.000000 0.000002
954.000000 167.000000 0.000003
692.000000 168.000000 0.000002
721.000000 168.000000 0.000002
1017.000000 168.000000 0.000003
1044.000000 168.000000 0.000002
408.000000 169.000000 0.000002
420.000000 169.000000 0.000003
632.000000 169.000000 0.000002
743.000000 169.000000 0.000003
774.000000 169.000000 0.000003
879.000000 169.000000 0.000002
899.000000 169.000000 0.000002
974.000000 169.000000 0.000002
1067.000000 169.000000 0.000002
363.000000 170.000000 0.000003
455.000000 170.000000 0.000002
654.000000 170.000000 0.000002
672.000000 170.000000 0.000002
992.000000 170.000000 0.000003
314.000000 171.000000 0.000003
341.000000 171.000000 0.000002
438.000000 171.000000 0.000002
921.000000 171.000000 0.000002
1112.000000 171.000000 0.000002
289.000000 172.000000 0.000003
483.000000 172.000000 0.000003
505.000000 172.000000 0.000002
566.000000 172.000000 0.000003
189.000000 173.000000 0.000002
205.000000 173.000000 0.000001
222.000000 173.000000 0.000003
244.000000 173.000000 0.000002
265.000000 173.000000 0.000002
517.000000 173.000000 0.000001
541.000000 173.000000 0.000003
612.000000 173.000000 0.000002
1091.000000 173.000000 0.000003
144.000000 175.000000 0.000003
164.000000 176.000000 0.000003
593.000000 176.000000 0.000002
851.000000 196.000000 0.000002
910.000000 196.000000 0.000003
937.000000 196.000000 0.000002
959.000000 196.000000 0.000002
989.000000 196.000000 0.000002
1012.000000 196.000000 0.000002
808.000000 197.000000 0.000003
874.000000 197.000000 0.000003
1040.000000 197.000000 0.000002
1061.000000 197.000000 0.000003
735.000000 198.000000 0.000002
778.000000 198.000000 0.000003
1027.000000 198.000000 0.000001
1109.000000 198.000000 0.000002
645.000000 199.000000 0.000002
662.000000 199.000000 0.000003
688.000000 199.000000 0.000002
707.000000 199.000000 0.000002
759.000000 199.000000 0.000002
632.000000 200.000000 0.000003
721.000000 200.000000 0.000002
363.000000 201.000000 0.000001
377.000000 201.000000 0.000003
476.000000 201.000000 0.000002
1088.000000 201.000000 0.000002
291.000000 202.000000 0.000003
319.000000 202.000000 0.000003
347.000000 202.000000 0.000002
408.000000 202.000000 0.000003
435.000000 202.000000 0.000002
458.000000 202.000000 0.000002
493.000000 202.000000 0.000002
513.000000 202.000000 0.000002
549.000000 202.000000 0.000003
609.000000 202.000000 0.000002
528.000000 203.000000 0.000001
570.000000 203.000000 0.000002
267.000000 204.000000 0.000002
588.000000 205.000000 0.000002
151.000000 206.000000 0.000003
246.000000 206.000000 0.000002
195.000000 207.000000 0.000002
213.000000 207.000000 0.000002
228.000000 207.000000 0.000002
175.000000 208.000000 0.000002
920.000000 223.000000 0.000002
850.000000 224.000000 0.000002
868.000000 224.000000 0.000002
904.000000 224.000000 0.000002
932.000000 224.000000 0.000003
728.000000 225.000000 0.000003
836.000000 225.000000 0.000002
886.000000 225.000000 0.000002
979.000000 225.000000 0.000003
1027.000000 225.000000 0.000002
792.000000 226.000000 0.000002
952.000000 226.000000 0.000003
1006.000000 226.000000 0.000002
775.000000 227.000000 0.000002
815.000000 227.000000 0.000003
1097.000000 227.000000 0.000002
701.000000 228.000000 0.000002
753.000000 228.000000 0.000002
1117.000000 229.000000 0.000003
645.000000 230.000000 0.000003
683.000000 230.000000 0.000002
1076.000000 230.000000 0.000003
533.000000 231.000000 0.000002
1050.000000 231.000000 0.000003
405.000000 232.000000 0.000002
427.000000 232.000000 0.000003
476.000000 232.000000 0.000003
518.000000 232.000000 0.000002
564.000000 232.000000 0.000002
580.000000 232.000000 0.000002
597.000000 232.000000 0.000002
664.000000 232.000000 0.000002
295.000000 233.000000 0.000002
379.000000 233.000000 0.000003
452.000000 233.000000 0.000002
544.000000 233.000000 0.000003
618.000000 233.000000 0.000002
492.000000 234.000000 0.000002
313.000000 235.000000 0.000002
335.000000 235.000000 0.000002
355.000000 235.000000 0.000003
150.000000 236.000000 0.000003
251.000000 236.000000 0.000002
275.000000 236.000000 0.000003
175.000000 238.000000 0.000002
219.000000 238.000000 0.000002
235.000000 239.000000 0.000002
197.000000 244.000000 0.000003
907.000000 253.000000 0.000002
953.000000 254.000000 0.000003
850.000000 255.000000 0.000003
876.000000 255.000000 0.000003
976.000000 255.000000 0.000002
822.000000 256.000000 0.000002
930.000000 256.000000 0.000002
1003.000000 256.000000 0.000002
1028.000000 256.000000 0.000003
1088.000000 256.000000 0.000002
727.000000 257.000000 0.000003
759.000000 257.000000 0.000003
1061.000000 257.000000 0.000003
803.000000 258.000000 0.000002
1112.000000 258.000000 0.000003
785.000000 259.000000 0.000002
651.000000 260.000000 0.000002
697.000000 260.000000 0.000003
567.000000 261.000000 0.000002
633.000000 261.000000 0.000002
667.000000 261.000000 0.000002
522.000000 262.000000 0.000002
553.000000 262.000000 0.000001
588.000000 262.000000 0.000002
607.000000 262.000000 0.000003
499.000000 263.000000 0.000002
541.000000 263.000000 0.000002
478.000000 265.000000 0.000002
395.000000 266.000000 0.000003
457.000000 266.000000 0.000002
335.000000 267.000000 0.000002
373.000000 267.000000 0.000002
422.000000 267.000000 0.000002
439.000000 267.000000 0.000002
264.000000 268.000000 0.000002
313.000000 268.000000 0.000003
354.000000 268.000000 0.000002
288.000000 269.000000 0.000003
246.000000 271.000000 0.000002
158.000000 272.000000 0.000003
216.000000 275.000000 0.000003
182.000000 277.000000 0.000003
904.000000 285.000000 0.000002
924.000000 285.000000 0.000002
834.000000 286.000000 0.000002
863.000000 286.000000 0.000002
883.000000 286.000000 0.000002
946.000000 286.000000 0.000002
970.000000 286.000000 0.000002
1034.000000 286.000000 0.000002
1055.000000 286.000000 0.000002
1072.000000 286.000000 0.000002
1104.000000 286.000000 0.000003
771.000000 287.000000 0.000002
793.000000 287.000000 0.000002
816.000000 287.000000 0.000002
990.000000 287.000000 0.000002
1009.000000 287.000000 0.000003
722.000000 288.000000 0.000002
744.000000 288.000000 0.000003
625.000000 291.000000 0.000002
656.000000 291.000000 0.000002
677.000000 291.000000 0.000003
702.000000 291.000000 0.000002
546.000000 292.000000 0.000002
597.000000 292.000000 0.000001
610.000000 292.000000 0.000002
642.000000 292.000000 0.000002
519.000000 293.000000 0.000002
565.000000 293.000000 0.000002
493.000000 294.000000 0.000002
505.000000 294.000000 0.000002
584.000000 294.000000 0.000003
427.000000 296.000000 0.000002
449.000000 296.000000 0.000002
474.000000 296.000000 0.000003
316.000000 297.000000 0.000002
331.000000 297.000000 0.000002
377.000000 297.000000 0.000002
406.000000 297.000000 0.000003
261.000000 300.000000 0.000004
277.000000 300.000000 0.000002
297.000000 300.000000 0.000002
357.000000 300.000000 0.000003
243.000000 302.000000 0.000002
228.000000 304.000000 0.000003
176.000000 307.000000 0.000002
203.000000 307.000000 0.000003
155.000000 309.000000 0.000003
947.000000 312.000000 0.000002
927.000000 313.000000 0.000002
1113.000000 313.000000 0.000003
878.000000 314.000000 0.000003
901.000000 314.000000 0.000003
773.000000 315.000000 0.000003
847.000000 315.000000 0.000002
975.000000 315.000000 0.000003
1087.000000 315.000000 0.000003
794.000000 316.000000 0.000002
806.000000 316.000000 0.000002
1003.000000 317.000000 0.000002
1066.000000 317.000000 0.000002
740.000000 318.000000 0.000003
824.000000 318.000000 0.000002
1047.000000 318.000000 0.000002
654.000000 319.000000 0.000002
676.000000 319.000000 0.000002
698.000000 319.000000 0.000002
720.000000 320.000000 0.000002
1025.000000 320.000000 0.000002
597.000000 321.000000 0.000002
620.000000 321.000000 0.000002
570.000000 322.000000 0.000003
636.000000 322.000000 0.000002
529.000000 323.000000 0.000002
550.000000 323.000000 0.000002
508.000000 325.000000 0.000002
460.000000 326.000000 0.000002
388.000000 327.000000 0.000002
420.000000 327.000000 0.000002
439.000000 327.000000 0.000002
484.000000 328.000000 0.000003
404.000000 329.000000 0.000001
301.000000 330.000000 0.000002
362.000000 330.000000 0.000002
280.000000 332.000000 0.000002
342.000000 332.000000 0.000002
236.000000 333.000000 0.000002
257.000000 333.000000 0.000003
323.000000 333.000000 0.000002
221.000000 334.000000 0.000002
169.000000 336.000000 0.000002
198.000000 336.000000 0.000002
151.000000 337.000000 0.000002
961.000000 341.000000 0.000003
930.000000 343.000000 0.000003
1027.000000 343.000000 0.000002
1046.000000 343.000000 0.000002
1112.000000 344.000000 0.000003
906.000000 345.000000 0.000002
984.000000 345.000000 0.000002
1006.000000 345.000000 0.000002
837.000000 346.000000 0.000002
1075.000000 347.000000 0.000002
1094.000000 347.000000 0.000002
859.000000 348.000000 0.000002
759.000000 349.000000 0.000003
792.000000 349.000000 0.000003
815.000000 349.000000 0.000002
880.000000 349.000000 0.000003
718.000000 350.000000 0.000003
741.000000 350.000000 0.000002
546.000000 351.000000 0.000003
640.000000 351.000000 0.000003
662.000000 351.000000 0.000002
684.000000 351.000000 0.000002
568.000000 352.000000 0.000003
617.000000 352.000000 0.000002
593.000000 353.000000 0.000003
507.000000 356.000000 0.000002
492.000000 357.000000 0.000002
360.000000 358.000000 0.000002
387.000000 358.000000 0.000003
407.000000 358.000000 0.000002
474.000000 358.000000 0.000002
316.000000 359.000000 0.000002
431.000000 359.000000 0.000001
269.000000 360.000000 0.000002
291.000000 360.000000 0.000002
459.000000 360.000000 0.000002
250.000000 361.000000 0.000002
336.000000 361.000000 0.000002
444.000000 361.000000 0.000002
237.000000 363.000000 0.000002
169.000000 364.000000 0.000002
149.000000 365.000000 0.000003
192.000000 365.000000 0.000003
221.000000 368.000000 0.000003
961.000000 372.000000 0.000002
976.000000 373.000000 0.000002
995.000000 373.000000 0.000002
922.000000 374.000000 0.000002
941.000000 374.000000 0.000002
1048.000000 374.000000 0.000002
1030.000000 375.000000 0.000002
1095.000000 375.000000 0.000002
1015.000000 376.000000 0.000002
1073.000000 376.000000 0.000003
899.000000 377.000000 0.000002
1116.000000 377.000000 0.000002
731.000000 378.000000 0.000003
708.000000 379.000000 0.000003
872.000000 379.000000 0.000003
674.000000 380.000000 0.000002
690.000000 380.000000 0.000002
780.000000 380.000000 0.000002
813.000000 380.000000 0.000002
847.000000 380.000000 0.000003
795.000000 381.000000 0.000002
629.000000 382.000000 0.000003
760.000000 382.000000 0.000002
517.000000 384.000000 0.000002
653.000000 384.000000 0.000002
587.000000 385.000000 0.000002
606.000000 385.000000 0.000002
464.000000 386.000000 0.000002
481.000000 386.000000 0.000002
498.000000 386.000000 0.000002
539.000000 386.000000 0.000002
389.000000 389.000000 0.000003
443.000000 389.000000 0.000002
561.000000 389.000000 0.000003
311.000000 391.000000 0.000002
336.000000 391.000000 0.000002
359.000000 391.000000 0.000003
289.000000 392.000000 0.000003
421.000000 392.000000 0.000003
210.000000 393.000000 0.000003
238.000000 394.000000 0.000003
181.000000 395.000000 0.000003
156.000000 396.000000 0.000003
264.000000 396.000000 0.000003
953.000000 402.000000 0.000002
973.000000 403.000000 0.000002
931.000000 404.000000 0.000002
1095.000000 404.000000 0.000002
909.000000 405.000000 0.000002
1060.000000 405.000000 0.000002
1077.000000 405.000000 0.000002
1118.000000 405.000000 0.000003
885.000000 406.000000 0.000003
992.000000 406.000000 0.000002
1016.000000 406.000000 0.000003
855.000000 407.000000 0.000003
1044.000000 407.000000 0.000002
1131.000000 407.000000 0.000004
785.000000 408.000000 0.000002
809.000000 408.000000 0.000003
834.000000 408.000000 0.000002
740.000000 409.000000 0.000003
764.000000 409.000000 0.000002
688.000000 411.000000 0.000003
623.000000 412.000000 0.000001
608.000000 413.000000 0.000003
639.000000 413.000000 0.000002
713.000000 413.000000 0.000003
486.000000 414.000000 0.000001
581.000000 414.000000 0.000003
663.000000 415.000000 0.000003
409.000000 416.000000 0.000002
424.000000 416.000000 0.000001
501.000000 416.000000 0.000002
376.000000 417.000000 0.000002
435.000000 417.000000 0.000002
453.000000 417.000000 0.000003
518.000000 417.000000 0.000003
541.000000 417.000000 0.000002
558.000000 417.000000 0.000002
335.000000 418.000000 0.000003
360.000000 418.000000 0.000002
393.000000 418.000000 0.000002
311.000000 419.000000 0.000002
288.000000 420.000000 0.000002
156.000000 422.000000 0.000003
178.000000 422.000000 0.000002
202.000000 422.000000 0.000003
249.000000 422.000000 0.000003
224.000000 423.000000 0.000003
