275.000000 64.000000 0.000005
315.000000 64.000000 0.000002
217.000000 65.000000 0.000005
296.000000 65.000000 0.000002
333.000000 66.000000 0.000005
1032.000000 67.000000 0.000005
1046.000000 67.000000 0.000005
240.000000 69.000000 0.000003
245.000000 107.000000 0.000003
357.000000 107.000000 0.000003
234.000000 109.000000 0.000002
477.000000 109.000000 0.000003
335.000000 110.000000 0.000002
388.000000 110.000000 0.000002
409.000000 110.000000 0.000002
452.000000 110.000000 0.000002
270.000000 111.000000 0.000003
297.000000 111.000000 0.000002
319.000000 111.000000 0.000002
429.000000 111.000000 0.000002
175.000000 112.000000 0.000003
213.000000 112.000000 0.000002
506.000000 112.000000 0.000002
529.000000 112.000000 0.000003
559.000000 112.000000 0.000003
583.000000 112.000000 0.000003
613.000000 112.000000 0.000003
1064.000000 112.000000 0.000001
154.000000 113.000000 0.000003
193.000000 113.000000 0.000002
632.000000 113.000000 0.000002
644.000000 115.000000 0.000002
657.000000 115.000000 0.000002
799.000000 115.000000 0.000003
905.000000 115.000000 0.000002
1087.000000 115.000000 0.000003
679.000000 116.000000 0.000003
699.000000 116.000000 0.000002
772.000000 116.000000 0.000003
880.000000 116.000000 0.000002
892.000000 116.000000 0.000002
940.000000 116.000000 0.000003
1016.000000 116.000000 0.000003
1030.000000 116.000000 0.000003
1101.000000 116.000000 0.000002
1114.000000 116.000000 0.000003
719.000000 117.000000 0.000003
746.000000 117.000000 0.000003
819.000000 117.000000 0.000002
968.000000 117.000000 0.000002
1178.000000 117.000000 0.000001
840.000000 118.000000 0.000003
864.000000 118.000000 0.000003
917.000000 118.000000 0.000003
988.000000 118.000000 0.000002
1053.000000 118.000000 0.000002
1158.000000 120.000000 0.000003
1133.000000 122.000000 0.000002
356.000000 143.000000 0.000002
532.000000 143.000000 0.000002
227.000000 144.000000 0.000001
267.000000 145.000000 0.000002
380.000000 145.000000 0.000003
403.000000 145.000000 0.000003
420.000000 145.000000 0.000003
477.000000 145.000000 0.000003
493.000000 145.000000 0.000001
509.000000 145.000000 0.000002
556.000000 145.000000 0.000003
582.000000 145.000000 0.000002
195.000000 146.000000 0.000002
215.000000 146.000000 0.000003
249.000000 146.000000 0.000002
299.000000 146.000000 0.000002
339.000000 146.000000 0.000002
448.000000 146.000000 0.000002
158.000000 147.000000 0.000004
175.000000 147.000000 0.000002
279.000000 147.000000 0.000003
319.000000 147.000000 0.000002
602.000000 148.000000 0.000002
682.000000 149.000000 0.000001
703.000000 149.000000 0.000003
617.000000 150.000000 0.000002
636.000000 150.000000 0.000002
669.000000 150.000000 0.000002
728.000000 150.000000 0.000003
654.000000 151.000000 0.000002
743.000000 151.000000 0.000002
805.000000 151.000000 0.000002
840.000000 151.000000 0.000002
852.000000 151.000000 0.000003
916.000000 151.000000 0.000002
953.000000 151.000000 0.000003
1011.000000 151.000000 0.000002
1052.000000 151.000000 0.000002
756.000000 152.000000 0.000002
773.000000 152.000000 0.000002
824.000000 152.000000 0.000002
1033.000000 152.000000 0.000002
1079.000000 152.000000 0.000003
791.000000 153.000000 0.000002
982.000000 153.000000 0.000003
883.000000 154.000000 0.000003
902.000000 154.000000 0.000002
1099.000000 154.000000 0.000003
406.000000 176.000000 0.000002
334.000000 177.000000 0.000002
390.000000 177.000000 0.000002
474.000000 177.000000 0.000003
510.000000 177.000000 0.000003
533.000000 177.000000 0.000003
559.000000 177.000000 0.000003
314.000000 178.000000 0.000002
372.000000 178.000000 0.000002
426.000000 178.000000 0.000002
456.000000 178.000000 0.000002
153.000000 179.000000 0.000003
190.000000 179.000000 0.000002
298.000000 179.000000 0.000002
359.000000 179.000000 0.000001
440.000000 179.000000 0.000001
582.000000 179.000000 0.000002
164.000000 180.000000 0.000003
233.000000 180.000000 0.000003
282.000000 180.000000 0.000002
176.000000 181.000000 0.000001
211.000000 181.000000 0.000003
257.000000 181.000000 0.000003
619.000000 181.000000 0.000002
633.000000 181.000000 0.000001
667.000000 181.000000 0.000002
680.000000 181.000000 0.000001
695.000000 182.000000 0.000002
707.000000 182.000000 0.000001
732.000000 182.000000 0.000002
648.000000 183.000000 0.000002
1028.000000 183.000000 0.000003
598.000000 184.000000 0.000002
808.000000 184.000000 0.000002
748.000000 185.000000 0.000002
767.000000 185.000000 0.000002
834.000000 185.000000 0.000003
854.000000 185.000000 0.000002
875.000000 186.000000 0.000003
906.000000 186.000000 0.000002
940.000000 186.000000 0.000002
962.000000 186.000000 0.000003
1057.000000 186.000000 0.000003
788.000000 187.000000 0.000002
926.000000 187.000000 0.000002
988.000000 187.000000 0.000003
1008.000000 187.000000 0.000002
1075.000000 187.000000 0.000002
1095.000000 188.000000 0.000002
1112.000000 188.000000 0.000004
489.000000 209.000000 0.000002
503.000000 210.000000 0.000003
398.000000 211.000000 0.000002
473.000000 211.000000 0.000002
521.000000 211.000000 0.000003
542.000000 211.000000 0.000002
415.000000 212.000000 0.000002
368.000000 213.000000 0.000002
435.000000 213.000000 0.000002
573.000000 213.000000 0.000003
183.000000 214.000000 0.000002
204.000000 214.000000 0.000002
226.000000 214.000000 0.000002
242.000000 214.000000 0.000002
304.000000 214.000000 0.000002
329.000000 214.000000 0.000003
352.000000 214.000000 0.000002
454.000000 214.000000 0.000002
628.000000 214.000000 0.000002
162.000000 215.000000 0.000003
261.000000 215.000000 0.000003
286.000000 215.000000 0.000002
381.000000 215.000000 0.000002
722.000000 215.000000 0.000003
869.000000 215.000000 0.000003
917.000000 215.000000 0.000002
941.000000 215.000000 0.000003
609.000000 216.000000 0.000003
649.000000 216.000000 0.000002
668.000000 216.000000 0.000002
684.000000 216.000000 0.000002
700.000000 216.000000 0.000002
1005.000000 216.000000 0.000004
747.000000 217.000000 0.000002
964.000000 217.000000 0.000002
830.000000 218.000000 0.000002
896.000000 218.000000 0.000002
1019.000000 218.000000 0.000002
778.000000 219.000000 0.000003
802.000000 219.000000 0.000003
851.000000 219.000000 0.000002
1057.000000 219.000000 0.000002
1077.000000 219.000000 0.000002
985.000000 221.000000 0.000003
1038.000000 221.000000 0.000002
1099.000000 221.000000 0.000003
483.000000 244.000000 0.000002
502.000000 244.000000 0.000003
574.000000 244.000000 0.000002
294.000000 245.000000 0.000003
315.000000 245.000000 0.000002
531.000000 245.000000 0.000002
628.000000 245.000000 0.000002
340.000000 246.000000 0.000003
366.000000 246.000000 0.000003
556.000000 246.000000 0.000002
599.000000 246.000000 0.000003
612.000000 246.000000 0.000002
651.000000 246.000000 0.000002
676.000000 246.000000 0.000003
217.000000 247.000000 0.000001
399.000000 247.000000 0.000003
420.000000 247.000000 0.000002
544.000000 247.000000 0.000001
202.000000 248.000000 0.000002
242.000000 248.000000 0.000001
256.000000 248.000000 0.000002
271.000000 248.000000 0.000002
465.000000 248.000000 0.000002
707.000000 248.000000 0.000003
876.000000 248.000000 0.000003
156.000000 249.000000 0.000003
181.000000 249.000000 0.000003
230.000000 249.000000 0.000002
854.000000 249.000000 0.000002
443.000000 250.000000 0.000002
729.000000 250.000000 0.000003
741.000000 250.000000 0.000004
797.000000 250.000000 0.000002
911.000000 250.000000 0.000002
945.000000 250.000000 0.000001
959.000000 250.000000 0.000003
759.000000 251.000000 0.000002
780.000000 251.000000 0.000002
811.000000 251.000000 0.000002
897.000000 251.000000 0.000002
975.000000 251.000000 0.000002
992.000000 251.000000 0.000003
832.000000 252.000000 0.000003
933.000000 252.000000 0.000003
1018.000000 252.000000 0.000002
1038.000000 252.000000 0.000002
1067.000000 252.000000 0.000002
1088.000000 253.000000 0.000002
1110.000000 255.000000 0.000003
258.000000 278.000000 0.000003
158.000000 279.000000 0.000003
180.000000 279.000000 0.000002
315.000000 279.000000 0.000003
555.000000 279.000000 0.000003
579.000000 279.000000 0.000003
199.000000 280.000000 0.000002
286.000000 280.000000 0.000003
431.000000 280.000000 0.000003
502.000000 280.000000 0.000002
592.000000 280.000000 0.000003
615.000000 280.000000 0.000003
237.000000 281.000000 0.000002
338.000000 281.000000 0.000003
523.000000 281.000000 0.000002
974.000000 281.000000 0.000003
218.000000 282.000000 0.000002
381.000000 282.000000 0.000003
406.000000 282.000000 0.000002
459.000000 282.000000 0.000003
483.000000 282.000000 0.000003
660.000000 282.000000 0.000002
678.000000 282.000000 0.000002
719.000000 282.000000 0.000003
1081.000000 282.000000 0.000002
839.000000 283.000000 0.000002
856.000000 283.000000 0.000002
883.000000 283.000000 0.000003
905.000000 283.000000 0.000002
925.000000 283.000000 0.000002
949.000000 283.000000 0.000003
1001.000000 283.000000 0.000002
1061.000000 283.000000 0.000002
363.000000 284.000000 0.000002
741.000000 284.000000 0.000002
760.000000 284.000000 0.000002
1028.000000 284.000000 0.000003
1100.000000 284.000000 0.000003
696.000000 285.000000 0.000002
788.000000 285.000000 0.000002
801.000000 285.000000 0.000002
816.000000 285.000000 0.000003
638.000000 286.000000 0.000003
772.000000 286.000000 0.000003
156.000000 312.000000 0.000003
186.000000 313.000000 0.000002
574.000000 313.000000 0.000002
610.000000 313.000000 0.000003
204.000000 314.000000 0.000002
308.000000 314.000000 0.000002
324.000000 314.000000 0.000002
548.000000 314.000000 0.000003
588.000000 314.000000 0.000001
1082.000000 314.000000 0.000002
216.000000 315.000000 0.000001
248.000000 315.000000 0.000002
263.000000 315.000000 0.000002
280.000000 315.000000 0.000003
339.000000 315.000000 0.000003
387.000000 315.000000 0.000003
530.000000 315.000000 0.000002
673.000000 315.000000 0.000003
699.000000 315.000000 0.000002
718.000000 315.000000 0.000003
939.000000 315.000000 0.000003
1098.000000 315.000000 0.000003
229.000000 316.000000 0.000002
362.000000 316.000000 0.000003
411.000000 316.000000 0.000003
507.000000 316.000000 0.000002
637.000000 316.000000 0.000002
745.000000 316.000000 0.000002
856.000000 316.000000 0.000002
954.000000 316.000000 0.000002
979.000000 316.000000 0.000001
1000.000000 316.000000 0.000003
1021.000000 316.000000 0.000003
1043.000000 316.000000 0.000002
1063.000000 316.000000 0.000002
655.000000 317.000000 0.000002
876.000000 317.000000 0.000002
968.000000 317.000000 0.000003
449.000000 318.000000 0.000003
480.000000 318.000000 0.000003
757.000000 318.000000 0.000001
778.000000 319.000000 0.000003
796.000000 319.000000 0.000002
842.000000 319.000000 0.000002
892.000000 319.000000 0.000002
911.000000 319.000000 0.000002
828.000000 320.000000 0.000002
816.000000 323.000000 0.000003
159.000000 345.000000 0.000003
1102.000000 345.000000 0.000002
243.000000 346.000000 0.000002
180.000000 347.000000 0.000003
261.000000 347.000000 0.000003
672.000000 347.000000 0.000003
719.000000 347.000000 0.000002
741.000000 347.000000 0.000002
203.000000 348.000000 0.000003
292.000000 348.000000 0.000002
637.000000 348.000000 0.000002
650.000000 348.000000 0.000001
662.000000 348.000000 0.000002
705.000000 348.000000 0.000001
1048.000000 348.000000 0.000003
232.000000 349.000000 0.000001
313.000000 349.000000 0.000002
327.000000 349.000000 0.000002
346.000000 349.000000 0.000003
368.000000 349.000000 0.000003
513.000000 349.000000 0.000003
529.000000 349.000000 0.000002
547.000000 349.000000 0.000003
575.000000 349.000000 0.000002
595.000000 349.000000 0.000002
692.000000 349.000000 0.000002
388.000000 350.000000 0.000003
402.000000 350.000000 0.000002
480.000000 350.000000 0.000003
763.000000 350.000000 0.000002
1013.000000 350.000000 0.000003
1138.000000 350.000000 0.000004
427.000000 351.000000 0.000003
452.000000 351.000000 0.000002
618.000000 351.000000 0.000002
784.000000 351.000000 0.000002
1075.000000 351.000000 0.000003
806.000000 352.000000 0.000002
866.000000 352.000000 0.000002
897.000000 352.000000 0.000002
828.000000 353.000000 0.000002
881.000000 353.000000 0.000002
963.000000 353.000000 0.000002
984.000000 353.000000 0.000003
849.000000 354.000000 0.000002
932.000000 354.000000 0.000001
944.000000 354.000000 0.000003
921.000000 355.000000 0.000003
675.000000 377.000000 0.000003
700.000000 377.000000 0.000003
736.000000 377.000000 0.000002
160.000000 378.000000 0.000003
185.000000 378.000000 0.000003
209.000000 378.000000 0.000002
252.000000 379.000000 0.000002
542.000000 379.000000 0.000003
653.000000 379.000000 0.000002
771.000000 379.000000 0.000002
232.000000 380.000000 0.000002
558.000000 380.000000 0.000002
713.000000 380.000000 0.000003
752.000000 380.000000 0.000003
789.000000 380.000000 0.000002
826.000000 380.000000 0.000002
275.000000 381.000000 0.000003
321.000000 381.000000 0.000003
346.000000 381.000000 0.000002
366.000000 381.000000 0.000002
395.000000 381.000000 0.000002
576.000000 381.000000 0.000002
625.000000 381.000000 0.000003
839.000000 381.000000 0.000001
380.000000 382.000000 0.000002
421.000000 382.000000 0.000003
451.000000 382.000000 0.000002
489.000000 382.000000 0.000003
598.000000 382.000000 0.000002
800.000000 382.000000 0.000001
470.000000 383.000000 0.000002
516.000000 383.000000 0.000002
913.000000 383.000000 0.000002
941.000000 383.000000 0.000003
1068.000000 383.000000 0.000003
303.000000 384.000000 0.000002
861.000000 384.000000 0.000002
896.000000 384.000000 0.000002
978.000000 384.000000 0.000003
1042.000000 384.000000 0.000002
880.000000 385.000000 0.000002
1000.000000 385.000000 0.000002
1093.000000 385.000000 0.000002
1110.000000 386.000000 0.000005
1021.000000 387.000000 0.000002
269.000000 408.000000 0.000002
220.000000 409.000000 0.000002
284.000000 409.000000 0.000002
303.000000 409.000000 0.000002
156.000000 410.000000 0.000003
173.000000 410.000000 0.000003
241.000000 410.000000 0.000003
332.000000 410.000000 0.000002
201.000000 411.000000 0.000002
255.000000 411.000000 0.000001
348.000000 411.000000 0.000002
471.000000 411.000000 0.000002
490.000000 411.000000 0.000002
553.000000 411.000000 0.000002
642.000000 411.000000 0.000002
659.000000 411.000000 0.000002
730.000000 411.000000 0.000002
747.000000 411.000000 0.000002
903.000000 411.000000 0.000003
929.000000 411.000000 0.000002
955.000000 411.000000 0.000003
363.000000 412.000000 0.000002
381.000000 412.000000 0.000002
405.000000 412.000000 0.000003
430.000000 412.000000 0.000002
515.000000 412.000000 0.000002
537.000000 412.000000 0.000002
682.000000 412.000000 0.000003
786.000000 412.000000 0.000003
859.000000 412.000000 0.000003
882.000000 412.000000 0.000002
451.000000 413.000000 0.000002
798.000000 413.000000 0.000002
813.000000 413.000000 0.000002
830.000000 413.000000 0.000002
1081.000000 413.000000 0.000003
591.000000 414.000000 0.000002
626.000000 414.000000 0.000002
1006.000000 414.000000 0.000003
1025.000000 414.000000 0.000002
1049.000000 414.000000 0.000003
1102.000000 414.000000 0.000003
710.000000 415.000000 0.000003
764.000000 415.000000 0.000002
980.000000 415.000000 0.000003
611.000000 416.000000 0.000002
