298.000000 65.000000 0.000002
191.000000 66.000000 0.000006
276.000000 66.000000 0.000002
218.000000 67.000000 0.000003
254.000000 67.000000 0.000005
318.000000 67.000000 0.000005
1063.000000 74.000000 0.000005
1081.000000 81.000000 0.000005
308.000000 113.000000 0.000002
285.000000 115.000000 0.000002
330.000000 115.000000 0.000002
533.000000 116.000000 0.000002
588.000000 116.000000 0.000002
645.000000 116.000000 0.000002
694.000000 116.000000 0.000001
750.000000 116.000000 0.000002
794.000000 116.000000 0.000003
817.000000 116.000000 0.000002
264.000000 117.000000 0.000002
393.000000 117.000000 0.000002
606.000000 117.000000 0.000002
664.000000 117.000000 0.000003
704.000000 117.000000 0.000001
733.000000 117.000000 0.000003
777.000000 117.000000 0.000002
128.000000 118.000000 0.000003
151.000000 118.000000 0.000003
170.000000 118.000000 0.000002
192.000000 118.000000 0.000002
211.000000 118.000000 0.000002
231.000000 118.000000 0.000002
245.000000 118.000000 0.000002
419.000000 118.000000 0.000003
444.000000 118.000000 0.000003
461.000000 118.000000 0.000002
477.000000 118.000000 0.000003
551.000000 118.000000 0.000002
627.000000 118.000000 0.000002
722.000000 118.000000 0.000001
767.000000 118.000000 0.000003
834.000000 118.000000 0.000002
856.000000 118.000000 0.000003
350.000000 119.000000 0.000002
379.000000 119.000000 0.000002
368.000000 120.000000 0.000003
567.000000 120.000000 0.000002
497.000000 121.000000 0.000001
1060.000000 121.000000 0.000002
877.000000 122.000000 0.000003
904.000000 122.000000 0.000002
940.000000 122.000000 0.000003
968.000000 122.000000 0.000003
1080.000000 122.000000 0.000002
1097.000000 122.000000 0.000002
1009.000000 123.000000 0.000002
1021.000000 123.000000 0.000002
1118.000000 123.000000 0.000003
919.000000 124.000000 0.000002
1039.000000 124.000000 0.000002
991.000000 125.000000 0.000002
302.000000 142.000000 0.000002
128.000000 143.000000 0.000003
323.000000 143.000000 0.000002
175.000000 144.000000 0.000002
197.000000 144.000000 0.000002
218.000000 144.000000 0.000002
263.000000 144.000000 0.000002
285.000000 144.000000 0.000002
149.000000 145.000000 0.000003
663.000000 145.000000 0.000002
239.000000 146.000000 0.000002
342.000000 146.000000 0.000003
682.000000 146.000000 0.000002
701.000000 146.000000 0.000002
364.000000 147.000000 0.000002
427.000000 147.000000 0.000003
438.000000 147.000000 0.000002
451.000000 147.000000 0.000001
476.000000 147.000000 0.000002
805.000000 147.000000 0.000002
382.000000 148.000000 0.000001
410.000000 148.000000 0.000002
497.000000 148.000000 0.000002
515.000000 148.000000 0.000002
586.000000 148.000000 0.000002
604.000000 148.000000 0.000003
646.000000 148.000000 0.000002
718.000000 148.000000 0.000002
759.000000 148.000000 0.000002
828.000000 148.000000 0.000003
400.000000 149.000000 0.000001
538.000000 149.000000 0.000003
567.000000 149.000000 0.000002
733.000000 149.000000 0.000003
776.000000 149.000000 0.000002
787.000000 149.000000 0.000001
845.000000 150.000000 0.000002
628.000000 151.000000 0.000002
900.000000 151.000000 0.000002
1043.000000 151.000000 0.000002
879.000000 152.000000 0.000002
922.000000 152.000000 0.000003
945.000000 152.000000 0.000002
966.000000 152.000000 0.000003
977.000000 152.000000 0.000002
992.000000 152.000000 0.000002
1024.000000 152.000000 0.000002
1063.000000 152.000000 0.000002
1085.000000 152.000000 0.000002
1010.000000 153.000000 0.000002
1102.000000 153.000000 0.000002
861.000000 154.000000 0.000002
1118.000000 154.000000 0.000002
1133.000000 154.000000 0.000003
97.000000 171.000000 0.000003
186.000000 171.000000 0.000002
204.000000 171.000000 0.000002
232.000000 171.000000 0.000003
162.000000 172.000000 0.000002
258.000000 172.000000 0.000003
77.000000 173.000000 0.000005
290.000000 173.000000 0.000002
315.000000 173.000000 0.000003
134.000000 174.000000 0.000003
335.000000 175.000000 0.000002
406.000000 175.000000 0.000002
668.000000 175.000000 0.000003
686.000000 176.000000 0.000003
707.000000 176.000000 0.000002
753.000000 176.000000 0.000002
350.000000 177.000000 0.000002
443.000000 177.000000 0.000002
722.000000 177.000000 0.000002
738.000000 177.000000 0.000002
769.000000 177.000000 0.000002
426.000000 178.000000 0.000002
785.000000 178.000000 0.000002
388.000000 179.000000 0.000002
462.000000 179.000000 0.000002
504.000000 179.000000 0.000002
516.000000 179.000000 0.000001
585.000000 179.000000 0.000002
627.000000 179.000000 0.000002
806.000000 179.000000 0.000002
821.000000 179.000000 0.000002
838.000000 179.000000 0.000001
858.000000 179.000000 0.000002
927.000000 179.000000 0.000002
1026.000000 179.000000 0.000001
368.000000 180.000000 0.000002
482.000000 180.000000 0.000003
537.000000 180.000000 0.000002
572.000000 180.000000 0.000002
603.000000 180.000000 0.000003
645.000000 180.000000 0.000002
878.000000 180.000000 0.000002
896.000000 180.000000 0.000002
909.000000 180.000000 0.000002
970.000000 180.000000 0.000002
1002.000000 180.000000 0.000002
1014.000000 180.000000 0.000001
1064.000000 180.000000 0.000001
550.000000 181.000000 0.000003
951.000000 181.000000 0.000002
1053.000000 181.000000 0.000002
1085.000000 181.000000 0.000003
983.000000 182.000000 0.000003
1103.000000 182.000000 0.000002
1121.000000 183.000000 0.000002
178.000000 202.000000 0.000003
224.000000 202.000000 0.000002
129.000000 203.000000 0.000003
151.000000 203.000000 0.000002
202.000000 203.000000 0.000002
246.000000 203.000000 0.000002
271.000000 204.000000 0.000003
339.000000 204.000000 0.000003
324.000000 205.000000 0.000002
725.000000 205.000000 0.000003
293.000000 206.000000 0.000003
749.000000 206.000000 0.000002
767.000000 206.000000 0.000002
311.000000 207.000000 0.000002
459.000000 207.000000 0.000003
648.000000 207.000000 0.000002
670.000000 207.000000 0.000002
698.000000 207.000000 0.000003
782.000000 207.000000 0.000001
795.000000 208.000000 0.000002
810.000000 208.000000 0.000002
851.000000 208.000000 0.000001
374.000000 209.000000 0.000002
419.000000 209.000000 0.000002
438.000000 209.000000 0.000002
524.000000 209.000000 0.000002
618.000000 209.000000 0.000002
1069.000000 209.000000 0.000002
1095.000000 209.000000 0.000003
403.000000 210.000000 0.000002
486.000000 210.000000 0.000002
508.000000 210.000000 0.000002
547.000000 210.000000 0.000003
827.000000 210.000000 0.000002
967.000000 210.000000 0.000002
1048.000000 210.000000 0.000002
565.000000 211.000000 0.000003
587.000000 211.000000 0.000002
603.000000 211.000000 0.000002
920.000000 211.000000 0.000002
936.000000 211.000000 0.000002
953.000000 211.000000 0.000002
1012.000000 211.000000 0.000002
1027.000000 211.000000 0.000002
472.000000 212.000000 0.000003
879.000000 212.000000 0.000002
906.000000 212.000000 0.000003
1122.000000 212.000000 0.000003
988.000000 213.000000 0.000003
224.000000 232.000000 0.000003
310.000000 233.000000 0.000003
135.000000 234.000000 0.000003
181.000000 234.000000 0.000002
202.000000 234.000000 0.000002
157.000000 235.000000 0.000002
496.000000 235.000000 0.000002
398.000000 236.000000 0.000003
410.000000 236.000000 0.000003
477.000000 236.000000 0.000002
519.000000 236.000000 0.000003
248.000000 237.000000 0.000002
270.000000 237.000000 0.000002
359.000000 237.000000 0.000002
373.000000 237.000000 0.000001
430.000000 237.000000 0.000002
454.000000 237.000000 0.000003
338.000000 238.000000 0.000002
545.000000 238.000000 0.000002
567.000000 238.000000 0.000002
582.000000 238.000000 0.000002
608.000000 239.000000 0.000003
683.000000 239.000000 0.000003
834.000000 239.000000 0.000002
1061.000000 239.000000 0.000002
625.000000 240.000000 0.000002
660.000000 240.000000 0.000002
705.000000 240.000000 0.000002
849.000000 240.000000 0.000002
1084.000000 240.000000 0.000003
1114.000000 240.000000 0.000002
1129.000000 240.000000 0.000003
749.000000 241.000000 0.000002
767.000000 241.000000 0.000002
970.000000 241.000000 0.000003
1101.000000 241.000000 0.000002
643.000000 242.000000 0.000002
727.000000 242.000000 0.000002
783.000000 242.000000 0.000002
802.000000 242.000000 0.000002
870.000000 242.000000 0.000003
898.000000 242.000000 0.000002
1043.000000 242.000000 0.000002
819.000000 243.000000 0.000002
919.000000 243.000000 0.000002
940.000000 243.000000 0.000002
953.000000 243.000000 0.000002
999.000000 243.000000 0.000003
1023.000000 243.000000 0.000003
133.000000 265.000000 0.000003
164.000000 266.000000 0.000003
382.000000 266.000000 0.000002
442.000000 266.000000 0.000002
460.000000 266.000000 0.000002
547.000000 266.000000 0.000002
588.000000 266.000000 0.000002
601.000000 266.000000 0.000002
188.000000 267.000000 0.000002
209.000000 267.000000 0.000002
234.000000 267.000000 0.000002
251.000000 267.000000 0.000002
297.000000 267.000000 0.000002
336.000000 267.000000 0.000001
347.000000 267.000000 0.000003
363.000000 267.000000 0.000002
397.000000 267.000000 0.000002
521.000000 267.000000 0.000003
566.000000 267.000000 0.000002
281.000000 268.000000 0.000003
319.000000 268.000000 0.000002
419.000000 268.000000 0.000003
473.000000 268.000000 0.000003
497.000000 268.000000 0.000003
620.000000 269.000000 0.000002
679.000000 270.000000 0.000002
700.000000 270.000000 0.000002
831.000000 270.000000 0.000002
900.000000 270.000000 0.000001
642.000000 271.000000 0.000002
660.000000 271.000000 0.000002
719.000000 271.000000 0.000002
847.000000 271.000000 0.000002
865.000000 271.000000 0.000002
887.000000 271.000000 0.000002
973.000000 271.000000 0.000002
1046.000000 271.000000 0.000003
787.000000 272.000000 0.000002
810.000000 272.000000 0.000002
911.000000 272.000000 0.000002
923.000000 272.000000 0.000001
936.000000 272.000000 0.000002
992.000000 272.000000 0.000002
1033.000000 272.000000 0.000002
1017.000000 273.000000 0.000003
1120.000000 273.000000 0.000002
751.000000 274.000000 0.000002
766.000000 274.000000 0.000002
954.000000 274.000000 0.000002
1066.000000 274.000000 0.000003
1089.000000 274.000000 0.000002
1105.000000 274.000000 0.000002
736.000000 275.000000 0.000002
169.000000 292.000000 0.000002
132.000000 293.000000 0.000002
145.000000 293.000000 0.000001
156.000000 293.000000 0.000001
191.000000 293.000000 0.000003
202.000000 294.000000 0.000001
445.000000 295.000000 0.000003
222.000000 296.000000 0.000003
371.000000 296.000000 0.000002
385.000000 296.000000 0.000001
422.000000 296.000000 0.000002
463.000000 296.000000 0.000002
585.000000 296.000000 0.000002
351.000000 297.000000 0.000002
484.000000 297.000000 0.000002
500.000000 297.000000 0.000002
542.000000 297.000000 0.000002
568.000000 297.000000 0.000002
242.000000 298.000000 0.000002
272.000000 298.000000 0.000003
602.000000 298.000000 0.000002
909.000000 298.000000 0.000002
521.000000 299.000000 0.000002
626.000000 299.000000 0.000002
790.000000 299.000000 0.000002
809.000000 299.000000 0.000002
893.000000 299.000000 0.000002
309.000000 300.000000 0.000003
666.000000 300.000000 0.000002
732.000000 300.000000 0.000002
921.000000 300.000000 0.000001
333.000000 301.000000 0.000003
646.000000 301.000000 0.000002
708.000000 301.000000 0.000002
746.000000 301.000000 0.000001
760.000000 301.000000 0.000002
775.000000 301.000000 0.000002
829.000000 301.000000 0.000002
844.000000 301.000000 0.000002
682.000000 302.000000 0.000002
865.000000 302.000000 0.000002
980.000000 302.000000 0.000002
1124.000000 302.000000 0.000003
960.000000 303.000000 0.000002
1002.000000 303.000000 0.000002
1066.000000 304.000000 0.000002
1110.000000 305.000000 0.000002
1023.000000 306.000000 0.000003
1049.000000 307.000000 0.000003
1083.000000 307.000000 0.000002
128.000000 322.000000 0.000003
159.000000 322.000000 0.000002
202.000000 322.000000 0.000003
178.000000 323.000000 0.000002
229.000000 325.000000 0.000003
303.000000 325.000000 0.000002
415.000000 326.000000 0.000002
627.000000 326.000000 0.000002
252.000000 327.000000 0.000002
324.000000 327.000000 0.000002
336.000000 327.000000 0.000002
375.000000 327.000000 0.000002
393.000000 327.000000 0.000003
444.000000 327.000000 0.000002
462.000000 327.000000 0.000002
559.000000 327.000000 0.000002
587.000000 327.000000 0.000002
662.000000 327.000000 0.000002
350.000000 328.000000 0.000003
479.000000 328.000000 0.000002
497.000000 328.000000 0.000002
547.000000 328.000000 0.000001
572.000000 328.000000 0.000002
643.000000 328.000000 0.000002
274.000000 329.000000 0.000003
889.000000 329.000000 0.000002
938.000000 329.000000 0.000002
954.000000 329.000000 0.000002
514.000000 330.000000 0.000002
535.000000 330.000000 0.000003
677.000000 330.000000 0.000002
710.000000 330.000000 0.000003
732.000000 330.000000 0.000002
911.000000 330.000000 0.000002
867.000000 331.000000 0.000003
926.000000 331.000000 0.000001
971.000000 331.000000 0.000002
753.000000 332.000000 0.000002
813.000000 332.000000 0.000002
836.000000 332.000000 0.000002
988.000000 333.000000 0.000002
773.000000 334.000000 0.000002
792.000000 334.000000 0.000002
1003.000000 334.000000 0.000002
1040.000000 335.000000 0.000003
1125.000000 335.000000 0.000003
1018.000000 336.000000 0.000002
1065.000000 337.000000 0.000002
1082.000000 338.000000 0.000002
1098.000000 338.000000 0.000002
125.000000 349.000000 0.000003
136.000000 349.000000 0.000003
156.000000 350.000000 0.000002
177.000000 353.000000 0.000002
216.000000 353.000000 0.000002
195.000000 354.000000 0.000002
274.000000 354.000000 0.000002
232.000000 355.000000 0.000002
258.000000 356.000000 0.000003
401.000000 356.000000 0.000002
457.000000 356.000000 0.000003
498.000000 356.000000 0.000002
533.000000 356.000000 0.000002
676.000000 356.000000 0.000003
954.000000 356.000000 0.000003
308.000000 357.000000 0.000002
326.000000 357.000000 0.000002
344.000000 357.000000 0.000002
381.000000 357.000000 0.000002
431.000000 357.000000 0.000002
476.000000 357.000000 0.000002
650.000000 357.000000 0.000002
705.000000 357.000000 0.000003
716.000000 357.000000 0.000001
729.000000 357.000000 0.000002
931.000000 357.000000 0.000002
972.000000 357.000000 0.000002
360.000000 358.000000 0.000002
413.000000 358.000000 0.000002
874.000000 358.000000 0.000002
915.000000 358.000000 0.000003
984.000000 358.000000 0.000001
1001.000000 358.000000 0.000002
630.000000 359.000000 0.000002
747.000000 359.000000 0.000002
802.000000 359.000000 0.000002
887.000000 359.000000 0.000003
554.000000 360.000000 0.000002
594.000000 360.000000 0.000002
609.000000 360.000000 0.000002
766.000000 360.000000 0.000002
783.000000 360.000000 0.000002
818.000000 360.000000 0.000002
861.000000 360.000000 0.000002
1024.000000 360.000000 0.000002
578.000000 361.000000 0.000002
1039.000000 361.000000 0.000002
840.000000 363.000000 0.000003
1054.000000 363.000000 0.000002
1091.000000 363.000000 0.000002
1111.000000 363.000000 0.000002
1127.000000 364.000000 0.000003
1073.000000 367.000000 0.000002
161.000000 377.000000 0.000001
172.000000 377.000000 0.000002
150.000000 378.000000 0.000003
208.000000 378.000000 0.000002
128.000000 379.000000 0.000003
186.000000 379.000000 0.000003
232.000000 380.000000 0.000002
258.000000 381.000000 0.000002
243.000000 382.000000 0.000002
290.000000 383.000000 0.000002
360.000000 383.000000 0.000002
309.000000 384.000000 0.000002
327.000000 384.000000 0.000002
343.000000 384.000000 0.000002
382.000000 384.000000 0.000002
487.000000 384.000000 0.000003
509.000000 384.000000 0.000002
531.000000 384.000000 0.000002
552.000000 384.000000 0.000003
613.000000 384.000000 0.000002
969.000000 384.000000 0.000002
984.000000 384.000000 0.000001
589.000000 385.000000 0.000002
677.000000 385.000000 0.000002
693.000000 385.000000 0.000002
712.000000 385.000000 0.000002
778.000000 385.000000 0.000002
803.000000 385.000000 0.000003
402.000000 386.000000 0.000002
419.000000 386.000000 0.000002
433.000000 386.000000 0.000002
458.000000 386.000000 0.000003
474.000000 386.000000 0.000002
657.000000 386.000000 0.000002
726.000000 386.000000 0.000002
741.000000 386.000000 0.000002
952.000000 386.000000 0.000002
636.000000 387.000000 0.000002
828.000000 387.000000 0.000002
857.000000 387.000000 0.000002
906.000000 387.000000 0.000003
928.000000 387.000000 0.000003
1029.000000 387.000000 0.000003
759.000000 388.000000 0.000002
844.000000 388.000000 0.000002
890.000000 388.000000 0.000002
1009.000000 388.000000 0.000003
878.000000 389.000000 0.000002
1051.000000 391.000000 0.000002
1068.000000 391.000000 0.000002
1084.000000 393.000000 0.000002
1110.000000 393.000000 0.000003
1124.000000 393.000000 0.000002
159.000000 405.000000 0.000003
203.000000 405.000000 0.000002
226.000000 405.000000 0.000002
183.000000 406.000000 0.000003
128.000000 407.000000 0.000003
142.000000 408.000000 0.000002
267.000000 409.000000 0.000002
247.000000 410.000000 0.000002
287.000000 410.000000 0.000002
648.000000 411.000000 0.000002
677.000000 411.000000 0.000002
332.000000 412.000000 0.000002
375.000000 412.000000 0.000002
500.000000 412.000000 0.000003
571.000000 412.000000 0.000002
634.000000 412.000000 0.000002
663.000000 412.000000 0.000002
731.000000 412.000000 0.000002
312.000000 413.000000 0.000002
353.000000 413.000000 0.000003
393.000000 413.000000 0.000002
450.000000 413.000000 0.000002
471.000000 413.000000 0.000002
543.000000 413.000000 0.000002
559.000000 413.000000 0.000001
594.000000 413.000000 0.000003
700.000000 413.000000 0.000001
747.000000 413.000000 0.000001
411.000000 414.000000 0.000002
428.000000 414.000000 0.000002
525.000000 414.000000 0.000002
615.000000 414.000000 0.000002
713.000000 414.000000 0.000002
784.000000 414.000000 0.000002
758.000000 415.000000 0.000001
806.000000 415.000000 0.000002
881.000000 415.000000 0.000003
925.000000 415.000000 0.000003
955.000000 415.000000 0.000003
851.000000 416.000000 0.000003
830.000000 417.000000 0.000003
904.000000 417.000000 0.000003
978.000000 417.000000 0.000002
992.000000 418.000000 0.000002
1076.000000 418.000000 0.000002
1060.000000 419.000000 0.000002
1099.000000 420.000000 0.000002
1126.000000 420.000000 0.000003
1112.000000 421.000000 0.000002
1016.000000 423.000000 0.000003
1038.000000 423.000000 0.000002
240.000000 455.000000 0.000006
267.000000 459.000000 0.000003
189.000000 460.000000 0.000005
287.000000 460.000000 0.000005
305.000000 462.000000 0.000005
