0.146400 0.048800 0.000000
0.210400 0.049600 0.000000
0.227200 0.049600 0.000000
0.191200 0.050400 0.000000
0.242400 0.050400 0.000000
0.165600 0.051200 0.000000
0.853600 0.062400 0.000000
0.836800 0.063200 0.000000
0.957600 0.072000 0.000000
0.313600 0.084800 0.000000
0.328000 0.085600 0.000000
0.110400 0.087200 0.000000
0.141600 0.087200 0.000000
0.299200 0.087200 0.000000
0.428800 0.087200 0.000000
0.124000 0.088000 0.000000
0.191200 0.088000 0.000000
0.232000 0.088000 0.000000
0.279200 0.088000 0.000000
0.363200 0.088000 0.000000
0.398400 0.088000 0.000000
0.449600 0.088000 0.000000
0.464000 0.088000 0.000000
0.473600 0.088000 0.000000
0.209600 0.088800 0.000000
0.380800 0.088800 0.000000
0.413600 0.088800 0.000000
0.488000 0.088800 0.000000
0.508000 0.088800 0.000000
0.527200 0.088800 0.000000
0.543200 0.088800 0.000000
0.158400 0.089600 0.000000
0.174400 0.089600 0.000000
0.604800 0.089600 0.000000
0.257600 0.090400 0.000000
0.342400 0.090400 0.000000
0.554400 0.090400 0.000000
0.585600 0.090400 0.000000
0.620000 0.091200 0.000000
0.698400 0.091200 0.000000
0.632800 0.092000 0.000000
0.568800 0.092800 0.000000
0.645600 0.092800 0.000000
0.687200 0.092800 0.000000
0.657600 0.095200 0.000000
0.672800 0.095200 0.000000
0.738400 0.095200 0.000000
0.712800 0.096000 0.000000
0.774400 0.096000 0.000000
0.788800 0.096000 0.000000
0.803200 0.096000 0.000000
0.753600 0.096800 0.000000
0.824000 0.097600 0.000000
0.848800 0.098400 0.000000
0.883200 0.099200 0.000000
0.864000 0.100000 0.000000
0.351200 0.110400 0.000000
0.396000 0.111200 0.000000
0.282400 0.112000 0.000000
0.366400 0.112000 0.000000
0.481600 0.112000 0.000000
0.580000 0.112000 0.000000
0.168000 0.112800 0.000000
0.380800 0.112800 0.000000
0.417600 0.112800 0.000000
0.516000 0.112800 0.000000
0.552800 0.112800 0.000000
0.588800 0.112800 0.000000
0.146400 0.113600 0.000000
0.187200 0.113600 0.000000
0.202400 0.113600 0.000000
0.216800 0.113600 0.000000
0.232000 0.113600 0.000000
0.263200 0.113600 0.000000
0.303200 0.113600 0.000000
0.315200 0.113600 0.000000
0.329600 0.113600 0.000000
0.432000 0.113600 0.000000
0.452800 0.113600 0.000000
0.465600 0.113600 0.000000
0.500800 0.113600 0.000000
0.524800 0.113600 0.000000
0.540800 0.113600 0.000000
0.112800 0.114400 0.000000
0.132000 0.114400 0.000000
0.247200 0.114400 0.000000
0.568000 0.114400 0.000000
0.608000 0.114400 0.000000
0.628800 0.116800 0.000000
0.648000 0.117600 0.000000
0.691200 0.117600 0.000000
0.670400 0.118400 0.000000
0.707200 0.119200 0.000000
0.724800 0.120800 0.000000
0.780000 0.120800 0.000000
0.744000 0.121600 0.000000
0.758400 0.121600 0.000000
0.801600 0.122400 0.000000
0.862400 0.123200 0.000000
0.816000 0.124000 0.000000
0.844800 0.124000 0.000000
0.885600 0.124000 0.000000
0.832000 0.124800 0.000000
0.295200 0.135200 0.000000
0.414400 0.135200 0.000000
0.179200 0.136000 0.000000
0.276000 0.136000 0.000000
0.394400 0.136000 0.000000
0.138400 0.136800 0.000000
0.158400 0.136800 0.000000
0.262400 0.136800 0.000000
0.316000 0.136800 0.000000
0.353600 0.136800 0.000000
0.374400 0.136800 0.000000
0.434400 0.136800 0.000000
0.208000 0.137600 0.000000
0.226400 0.137600 0.000000
0.241600 0.137600 0.000000
0.470400 0.137600 0.000000
0.453600 0.138400 0.000000
0.484000 0.138400 0.000000
0.524000 0.138400 0.000000
0.571200 0.138400 0.000000
0.112800 0.139200 0.000000
0.189600 0.139200 0.000000
0.499200 0.139200 0.000000
0.545600 0.139200 0.000000
0.558400 0.139200 0.000000
0.590400 0.139200 0.000000
0.601600 0.139200 0.000000
0.335200 0.140000 0.000000
0.616000 0.140000 0.000000
0.632800 0.140800 0.000000
0.650400 0.142400 0.000000
0.664000 0.144000 0.000000
0.681600 0.144000 0.000000
0.698400 0.144000 0.000000
0.717600 0.145600 0.000000
0.731200 0.145600 0.000000
0.743200 0.145600 0.000000
0.762400 0.146400 0.000000
0.800800 0.148800 0.000000
0.816000 0.148800 0.000000
0.858400 0.148800 0.000000
0.785600 0.149600 0.000000
0.829600 0.149600 0.000000
0.842400 0.150400 0.000000
0.880000 0.150400 0.000000
0.080000 0.159200 0.000000
0.272800 0.161600 0.000000
0.254400 0.162400 0.000000
0.300800 0.162400 0.000000
0.317600 0.162400 0.000000
0.401600 0.162400 0.000000
0.421600 0.162400 0.000000
0.176000 0.163200 0.000000
0.287200 0.163200 0.000000
0.332800 0.163200 0.000000
0.348000 0.163200 0.000000
0.438400 0.163200 0.000000
0.466400 0.163200 0.000000
0.476000 0.163200 0.000000
0.135200 0.164000 0.000000
0.153600 0.164000 0.000000
0.384000 0.164000 0.000000
0.450400 0.164000 0.000000
0.490400 0.164000 0.000000
0.512800 0.164000 0.000000
0.113600 0.164800 0.000000
0.221600 0.164800 0.000000
0.236000 0.164800 0.000000
0.365600 0.164800 0.000000
0.615200 0.164800 0.000000
0.635200 0.164800 0.000000
0.536800 0.165600 0.000000
0.576800 0.165600 0.000000
0.592800 0.165600 0.000000
0.655200 0.165600 0.000000
0.556800 0.166400 0.000000
0.203200 0.168000 0.000000
0.673600 0.168000 0.000000
0.692000 0.169600 0.000000
0.743200 0.169600 0.000000
0.759200 0.170400 0.000000
0.708800 0.171200 0.000000
0.725600 0.171200 0.000000
0.772000 0.172800 0.000000
0.820800 0.173600 0.000000
0.786400 0.174400 0.000000
0.836800 0.174400 0.000000
0.801600 0.175200 0.000000
0.864800 0.175200 0.000000
0.888000 0.176000 0.000000
0.878400 0.176800 0.000000
0.897600 0.176800 0.000000
0.409600 0.185600 0.000000
0.360800 0.186400 0.000000
0.491200 0.186400 0.000000
0.328800 0.188000 0.000000
0.376000 0.188000 0.000000
0.472000 0.188000 0.000000
0.250400 0.188800 0.000000
0.268800 0.188800 0.000000
0.395200 0.188800 0.000000
0.428800 0.188800 0.000000
0.444800 0.188800 0.000000
0.514400 0.188800 0.000000
0.532800 0.188800 0.000000
0.232000 0.189600 0.000000
0.305600 0.189600 0.000000
0.584800 0.189600 0.000000
0.113600 0.190400 0.000000
0.134400 0.190400 0.000000
0.149600 0.190400 0.000000
0.162400 0.190400 0.000000
0.174400 0.190400 0.000000
0.212000 0.190400 0.000000
0.288000 0.190400 0.000000
0.346400 0.190400 0.000000
0.458400 0.190400 0.000000
0.548800 0.190400 0.000000
0.600800 0.190400 0.000000
0.187200 0.191200 0.000000
0.201600 0.191200 0.000000
0.563200 0.191200 0.000000
0.616800 0.192000 0.000000
0.626400 0.192800 0.000000
0.644800 0.193600 0.000000
0.686400 0.193600 0.000000
0.704800 0.193600 0.000000
0.669600 0.194400 0.000000
0.655200 0.195200 0.000000
0.730400 0.195200 0.000000
0.752000 0.196000 0.000000
0.772000 0.198400 0.000000
0.792000 0.198400 0.000000
0.839200 0.198400 0.000000
0.820000 0.199200 0.000000
0.868800 0.199200 0.000000
0.885600 0.199200 0.000000
0.852800 0.200000 0.000000
0.432000 0.212000 0.000000
0.280800 0.212800 0.000000
0.259200 0.213600 0.000000
0.300000 0.213600 0.000000
0.398400 0.213600 0.000000
0.414400 0.213600 0.000000
0.450400 0.213600 0.000000
0.467200 0.213600 0.000000
0.498400 0.213600 0.000000
0.516000 0.213600 0.000000
0.109600 0.214400 0.000000
0.123200 0.214400 0.000000
0.236800 0.214400 0.000000
0.321600 0.214400 0.000000
0.362400 0.214400 0.000000
0.381600 0.214400 0.000000
0.481600 0.214400 0.000000
0.529600 0.214400 0.000000
0.184800 0.215200 0.000000
0.213600 0.215200 0.000000
0.224000 0.215200 0.000000
0.553600 0.215200 0.000000
0.204000 0.216000 0.000000
0.613600 0.216000 0.000000
0.136800 0.216800 0.000000
0.339200 0.216800 0.000000
0.577600 0.216800 0.000000
0.626400 0.216800 0.000000
0.640000 0.216800 0.000000
0.664000 0.216800 0.000000
0.155200 0.217600 0.000000
0.170400 0.218400 0.000000
0.683200 0.218400 0.000000
0.596000 0.220000 0.000000
0.713600 0.220000 0.000000
0.732000 0.221600 0.000000
0.746400 0.221600 0.000000
0.761600 0.221600 0.000000
0.810400 0.222400 0.000000
0.875200 0.222400 0.000000
0.886400 0.222400 0.000000
0.792800 0.223200 0.000000
0.859200 0.224000 0.000000
0.828800 0.224800 0.000000
0.844000 0.226400 0.000000
0.293600 0.235200 0.000000
0.358400 0.236000 0.000000
0.380800 0.236000 0.000000
0.432000 0.236000 0.000000
0.468000 0.236000 0.000000
0.396000 0.236800 0.000000
0.450400 0.236800 0.000000
0.460000 0.236800 0.000000
0.140000 0.238400 0.000000
0.204000 0.238400 0.000000
0.231200 0.238400 0.000000
0.270400 0.238400 0.000000
0.344000 0.238400 0.000000
0.168800 0.239200 0.000000
0.189600 0.239200 0.000000
0.312000 0.239200 0.000000
0.329600 0.239200 0.000000
0.489600 0.239200 0.000000
0.579200 0.239200 0.000000
0.251200 0.240000 0.000000
0.411200 0.240000 0.000000
0.504000 0.240000 0.000000
0.515200 0.240000 0.000000
0.548800 0.240000 0.000000
0.617600 0.240000 0.000000
0.119200 0.240800 0.000000
0.531200 0.240800 0.000000
0.564800 0.240800 0.000000
0.597600 0.241600 0.000000
0.636000 0.243200 0.000000
0.650400 0.243200 0.000000
0.665600 0.243200 0.000000
0.682400 0.244000 0.000000
0.723200 0.244000 0.000000
0.705600 0.245600 0.000000
0.735200 0.245600 0.000000
0.756000 0.246400 0.000000
0.776000 0.246400 0.000000
0.798400 0.248000 0.000000
0.790400 0.248800 0.000000
0.811200 0.248800 0.000000
0.847200 0.248800 0.000000
0.864800 0.248800 0.000000
0.824000 0.249600 0.000000
0.837600 0.249600 0.000000
0.882400 0.249600 0.000000
0.116000 0.260800 0.000000
0.398400 0.260800 0.000000
0.415200 0.260800 0.000000
0.429600 0.260800 0.000000
0.133600 0.261600 0.000000
0.201600 0.261600 0.000000
0.220000 0.262400 0.000000
0.234400 0.262400 0.000000
0.251200 0.262400 0.000000
0.262400 0.262400 0.000000
0.306400 0.262400 0.000000
0.327200 0.262400 0.000000
0.348000 0.262400 0.000000
0.364800 0.262400 0.000000
0.375200 0.262400 0.000000
0.472000 0.262400 0.000000
0.176000 0.263200 0.000000
0.274400 0.263200 0.000000
0.291200 0.263200 0.000000
0.316800 0.263200 0.000000
0.339200 0.263200 0.000000
0.451200 0.263200 0.000000
0.501600 0.263200 0.000000
0.517600 0.263200 0.000000
0.528800 0.263200 0.000000
0.564800 0.263200 0.000000
0.539200 0.264000 0.000000
0.552800 0.264000 0.000000
0.155200 0.264800 0.000000
0.575200 0.264800 0.000000
0.596000 0.264800 0.000000
0.616800 0.266400 0.000000
0.722400 0.266400 0.000000
0.639200 0.267200 0.000000
0.652800 0.268000 0.000000
0.705600 0.268000 0.000000
0.682400 0.268800 0.000000
0.742400 0.268800 0.000000
0.665600 0.270400 0.000000
0.756000 0.270400 0.000000
0.796000 0.270400 0.000000
0.828000 0.270400 0.000000
0.768000 0.271200 0.000000
0.780800 0.271200 0.000000
0.812800 0.271200 0.000000
0.848800 0.271200 0.000000
0.885600 0.271200 0.000000
0.866400 0.272000 0.000000
0.267200 0.284000 0.000000
0.390400 0.284000 0.000000
0.218400 0.284800 0.000000
0.234400 0.284800 0.000000
0.254400 0.284800 0.000000
0.286400 0.284800 0.000000
0.296000 0.284800 0.000000
0.328800 0.284800 0.000000
0.339200 0.284800 0.000000
0.406400 0.284800 0.000000
0.360800 0.285600 0.000000
0.448000 0.285600 0.000000
0.110400 0.286400 0.000000
0.136000 0.286400 0.000000
0.424800 0.286400 0.000000
0.462400 0.286400 0.000000
0.126400 0.287200 0.000000
0.472000 0.287200 0.000000
0.156000 0.288000 0.000000
0.194400 0.288000 0.000000
0.312000 0.288000 0.000000
0.572800 0.288000 0.000000
0.487200 0.288800 0.000000
0.543200 0.288800 0.000000
0.176000 0.289600 0.000000
0.511200 0.289600 0.000000
0.591200 0.289600 0.000000
0.664000 0.289600 0.000000
0.636800 0.290400 0.000000
0.652800 0.290400 0.000000
0.693600 0.290400 0.000000
0.606400 0.291200 0.000000
0.675200 0.291200 0.000000
0.707200 0.291200 0.000000
0.723200 0.291200 0.000000
0.735200 0.291200 0.000000
0.621600 0.292000 0.000000
0.779200 0.292000 0.000000
0.792000 0.292000 0.000000
0.845600 0.292000 0.000000
0.528000 0.292800 0.000000
0.809600 0.293600 0.000000
0.827200 0.293600 0.000000
0.864800 0.293600 0.000000
0.756800 0.294400 0.000000
0.884800 0.296000 0.000000
0.333600 0.308000 0.000000
0.350400 0.308800 0.000000
0.364800 0.309600 0.000000
0.247200 0.310400 0.000000
0.272000 0.310400 0.000000
0.324800 0.310400 0.000000
0.395200 0.310400 0.000000
0.415200 0.310400 0.000000
0.287200 0.311200 0.000000
0.300000 0.311200 0.000000
0.313600 0.311200 0.000000
0.379200 0.311200 0.000000
0.213600 0.312000 0.000000
0.433600 0.312000 0.000000
0.228800 0.312800 0.000000
0.108000 0.313600 0.000000
0.194400 0.313600 0.000000
0.452000 0.313600 0.000000
0.123200 0.314400 0.000000
0.141600 0.314400 0.000000
0.176800 0.314400 0.000000
0.473600 0.314400 0.000000
0.162400 0.315200 0.000000
0.492000 0.315200 0.000000
0.511200 0.316000 0.000000
0.531200 0.316000 0.000000
0.569600 0.316000 0.000000
0.606400 0.316000 0.000000
0.588000 0.316800 0.000000
0.621600 0.316800 0.000000
0.635200 0.316800 0.000000
0.655200 0.316800 0.000000
0.677600 0.316800 0.000000
0.644800 0.317600 0.000000
0.553600 0.318400 0.000000
0.695200 0.318400 0.000000
0.828000 0.318400 0.000000
0.738400 0.319200 0.000000
0.757600 0.319200 0.000000
0.811200 0.319200 0.000000
0.838400 0.319200 0.000000
0.853600 0.319200 0.000000
0.716000 0.320000 0.000000
0.775200 0.320000 0.000000
0.791200 0.320000 0.000000
0.883200 0.320000 0.000000
0.872000 0.320800 0.000000
