199.000000 59.000000 0.000006
258.000000 60.000000 0.000005
281.000000 60.000000 0.000002
224.000000 61.000000 0.000002
303.000000 62.000000 0.000002
322.000000 62.000000 0.000005
1020.000000 76.000000 0.000005
237.000000 107.000000 0.000002
266.000000 107.000000 0.000003
148.000000 108.000000 0.000003
165.000000 108.000000 0.000002
179.000000 109.000000 0.000002
223.000000 109.000000 0.000003
291.000000 109.000000 0.000002
308.000000 109.000000 0.000002
198.000000 111.000000 0.000002
330.000000 111.000000 0.000003
351.000000 111.000000 0.000004
383.000000 111.000000 0.000002
572.000000 111.000000 0.000003
605.000000 111.000000 0.000003
784.000000 111.000000 0.000003
864.000000 111.000000 0.000003
1076.000000 111.000000 0.000002
1120.000000 111.000000 0.000003
366.000000 112.000000 0.000002
645.000000 112.000000 0.000002
660.000000 112.000000 0.000002
807.000000 112.000000 0.000002
829.000000 112.000000 0.000003
843.000000 112.000000 0.000002
1053.000000 112.000000 0.000002
1095.000000 112.000000 0.000002
1141.000000 112.000000 0.000002
528.000000 113.000000 0.000002
552.000000 113.000000 0.000003
631.000000 113.000000 0.000002
678.000000 113.000000 0.000002
696.000000 113.000000 0.000002
887.000000 113.000000 0.000002
958.000000 113.000000 0.000003
401.000000 114.000000 0.000003
499.000000 114.000000 0.000003
592.000000 114.000000 0.000001
716.000000 114.000000 0.000002
735.000000 114.000000 0.000002
760.000000 114.000000 0.000003
907.000000 114.000000 0.000002
936.000000 114.000000 0.000003
1016.000000 114.000000 0.000002
450.000000 115.000000 0.000003
471.000000 115.000000 0.000003
1032.000000 115.000000 0.000002
424.000000 116.000000 0.000002
1001.000000 117.000000 0.000002
984.000000 119.000000 0.000002
152.000000 142.000000 0.000003
252.000000 144.000000 0.000002
368.000000 144.000000 0.000002
227.000000 145.000000 0.000002
317.000000 145.000000 0.000003
392.000000 145.000000 0.000002
174.000000 146.000000 0.000003
205.000000 146.000000 0.000003
274.000000 146.000000 0.000002
295.000000 146.000000 0.000002
345.000000 146.000000 0.000003
540.000000 146.000000 0.000002
555.000000 146.000000 0.000002
784.000000 146.000000 0.000002
458.000000 147.000000 0.000003
480.000000 147.000000 0.000002
498.000000 147.000000 0.000002
527.000000 147.000000 0.000001
640.000000 147.000000 0.000003
672.000000 147.000000 0.000003
698.000000 147.000000 0.000003
727.000000 147.000000 0.000002
761.000000 147.000000 0.000002
799.000000 147.000000 0.000002
842.000000 147.000000 0.000003
862.000000 147.000000 0.000002
884.000000 147.000000 0.000002
1037.000000 147.000000 0.000002
435.000000 148.000000 0.000002
576.000000 148.000000 0.000002
596.000000 148.000000 0.000002
617.000000 148.000000 0.000002
816.000000 148.000000 0.000002
1057.000000 148.000000 0.000002
1075.000000 148.000000 0.000002
1102.000000 148.000000 0.000003
905.000000 149.000000 0.000002
957.000000 149.000000 0.000003
976.000000 149.000000 0.000001
990.000000 149.000000 0.000002
1006.000000 149.000000 0.000002
1025.000000 149.000000 0.000002
413.000000 150.000000 0.000002
922.000000 150.000000 0.000002
940.000000 150.000000 0.000002
149.000000 175.000000 0.000003
1136.000000 175.000000 0.000003
176.000000 176.000000 0.000002
362.000000 176.000000 0.000002
381.000000 176.000000 0.000002
748.000000 176.000000 0.000003
851.000000 176.000000 0.000002
222.000000 177.000000 0.000003
266.000000 177.000000 0.000003
324.000000 177.000000 0.000002
345.000000 177.000000 0.000002
457.000000 177.000000 0.000002
570.000000 177.000000 0.000003
830.000000 177.000000 0.000002
874.000000 177.000000 0.000002
197.000000 178.000000 0.000003
296.000000 178.000000 0.000003
433.000000 178.000000 0.000002
524.000000 178.000000 0.000002
716.000000 178.000000 0.000003
795.000000 178.000000 0.000002
813.000000 178.000000 0.000002
900.000000 178.000000 0.000002
922.000000 178.000000 0.000002
945.000000 178.000000 0.000002
277.000000 179.000000 0.000003
480.000000 179.000000 0.000002
502.000000 179.000000 0.000002
547.000000 179.000000 0.000002
600.000000 179.000000 0.000003
637.000000 179.000000 0.000003
657.000000 179.000000 0.000003
966.000000 179.000000 0.000003
1052.000000 179.000000 0.000002
1068.000000 179.000000 0.000002
246.000000 180.000000 0.000002
408.000000 180.000000 0.000003
613.000000 180.000000 0.000002
670.000000 180.000000 0.000002
773.000000 180.000000 0.000003
1009.000000 180.000000 0.000002
1084.000000 180.000000 0.000002
1104.000000 180.000000 0.000003
988.000000 181.000000 0.000002
1032.000000 181.000000 0.000002
694.000000 186.000000 0.000003
410.000000 208.000000 0.000002
439.000000 209.000000 0.000002
484.000000 209.000000 0.000003
1090.000000 209.000000 0.000003
153.000000 210.000000 0.000003
392.000000 210.000000 0.000002
462.000000 210.000000 0.000002
681.000000 210.000000 0.000002
875.000000 210.000000 0.000003
901.000000 210.000000 0.000002
921.000000 210.000000 0.000002
936.000000 210.000000 0.000002
950.000000 210.000000 0.000002
1116.000000 210.000000 0.000003
182.000000 211.000000 0.000003
335.000000 211.000000 0.000002
354.000000 211.000000 0.000002
373.000000 211.000000 0.000002
585.000000 211.000000 0.000003
964.000000 211.000000 0.000003
1069.000000 211.000000 0.000002
535.000000 212.000000 0.000002
558.000000 212.000000 0.000003
615.000000 212.000000 0.000002
703.000000 212.000000 0.000002
786.000000 212.000000 0.000002
815.000000 212.000000 0.000003
834.000000 212.000000 0.000002
256.000000 213.000000 0.000003
313.000000 213.000000 0.000003
636.000000 213.000000 0.000002
655.000000 213.000000 0.000003
767.000000 213.000000 0.000001
996.000000 213.000000 0.000003
1019.000000 213.000000 0.000002
231.000000 214.000000 0.000003
514.000000 214.000000 0.000002
726.000000 214.000000 0.000002
751.000000 214.000000 0.000003
284.000000 215.000000 0.000003
854.000000 215.000000 0.000002
1045.000000 215.000000 0.000003
210.000000 216.000000 0.000003
1091.000000 241.000000 0.000003
421.000000 242.000000 0.000004
986.000000 243.000000 0.000003
471.000000 244.000000 0.000003
939.000000 244.000000 0.000003
959.000000 244.000000 0.000002
163.000000 245.000000 0.000003
445.000000 245.000000 0.000003
495.000000 245.000000 0.000002
523.000000 245.000000 0.000003
540.000000 245.000000 0.000002
579.000000 245.000000 0.000001
593.000000 245.000000 0.000002
609.000000 245.000000 0.000002
702.000000 245.000000 0.000002
723.000000 245.000000 0.000002
746.000000 245.000000 0.000002
1006.000000 245.000000 0.000002
388.000000 246.000000 0.000002
769.000000 246.000000 0.000003
1022.000000 246.000000 0.000002
149.000000 247.000000 0.000003
240.000000 247.000000 0.000002
264.000000 247.000000 0.000003
329.000000 247.000000 0.000003
368.000000 247.000000 0.000002
564.000000 247.000000 0.000003
633.000000 247.000000 0.000002
674.000000 247.000000 0.000003
802.000000 247.000000 0.000003
884.000000 247.000000 0.000002
904.000000 247.000000 0.000003
1041.000000 247.000000 0.000002
1070.000000 247.000000 0.000003
176.000000 248.000000 0.000002
196.000000 248.000000 0.000002
219.000000 248.000000 0.000002
352.000000 248.000000 0.000001
822.000000 248.000000 0.000002
865.000000 248.000000 0.000002
843.000000 249.000000 0.000002
295.000000 250.000000 0.000003
653.000000 250.000000 0.000002
1107.000000 275.000000 0.000003
498.000000 276.000000 0.000002
580.000000 276.000000 0.000003
605.000000 276.000000 0.000002
960.000000 276.000000 0.000003
991.000000 276.000000 0.000003
149.000000 277.000000 0.000003
193.000000 277.000000 0.000003
465.000000 277.000000 0.000002
481.000000 277.000000 0.000002
558.000000 277.000000 0.000003
619.000000 277.000000 0.000002
740.000000 277.000000 0.000003
805.000000 277.000000 0.000003
887.000000 277.000000 0.000002
898.000000 277.000000 0.000003
1020.000000 277.000000 0.000003
1094.000000 277.000000 0.000002
220.000000 278.000000 0.000003
386.000000 278.000000 0.000003
447.000000 278.000000 0.000002
512.000000 278.000000 0.000003
536.000000 278.000000 0.000002
638.000000 278.000000 0.000002
675.000000 278.000000 0.000001
715.000000 278.000000 0.000003
764.000000 278.000000 0.000002
788.000000 278.000000 0.000003
939.000000 278.000000 0.000002
1046.000000 278.000000 0.000003
242.000000 279.000000 0.000001
272.000000 279.000000 0.000002
319.000000 279.000000 0.000003
415.000000 279.000000 0.000002
434.000000 279.000000 0.000002
659.000000 279.000000 0.000002
689.000000 279.000000 0.000003
846.000000 279.000000 0.000002
1072.000000 279.000000 0.000003
254.000000 280.000000 0.000003
367.000000 280.000000 0.000002
830.000000 280.000000 0.000003
918.000000 280.000000 0.000002
167.000000 281.000000 0.000003
344.000000 281.000000 0.000002
871.000000 281.000000 0.000003
291.000000 282.000000 0.000002
1012.000000 306.000000 0.000002
1000.000000 307.000000 0.000002
1031.000000 307.000000 0.000002
1053.000000 307.000000 0.000003
1077.000000 308.000000 0.000002
199.000000 309.000000 0.000002
664.000000 309.000000 0.000002
679.000000 309.000000 0.000002
745.000000 309.000000 0.000002
761.000000 309.000000 0.000002
795.000000 309.000000 0.000002
1100.000000 309.000000 0.000003
150.000000 310.000000 0.000002
311.000000 310.000000 0.000002
365.000000 310.000000 0.000002
470.000000 310.000000 0.000001
501.000000 310.000000 0.000002
697.000000 310.000000 0.000002
715.000000 310.000000 0.000002
728.000000 310.000000 0.000002
779.000000 310.000000 0.000002
811.000000 310.000000 0.000002
981.000000 310.000000 0.000003
169.000000 311.000000 0.000002
183.000000 311.000000 0.000002
218.000000 311.000000 0.000002
264.000000 311.000000 0.000003
289.000000 311.000000 0.000002
327.000000 311.000000 0.000002
576.000000 311.000000 0.000002
618.000000 311.000000 0.000002
824.000000 311.000000 0.000002
867.000000 311.000000 0.000003
884.000000 311.000000 0.000002
906.000000 311.000000 0.000001
932.000000 311.000000 0.000003
958.000000 311.000000 0.000002
241.000000 312.000000 0.000002
348.000000 312.000000 0.000002
380.000000 312.000000 0.000003
431.000000 312.000000 0.000002
481.000000 312.000000 0.000003
522.000000 312.000000 0.000003
552.000000 312.000000 0.000003
592.000000 312.000000 0.000003
642.000000 312.000000 0.000003
841.000000 312.000000 0.000002
456.000000 313.000000 0.000003
536.000000 313.000000 0.000001
602.000000 313.000000 0.000003
918.000000 313.000000 0.000002
414.000000 314.000000 0.000003
150.000000 338.000000 0.000003
243.000000 339.000000 0.000002
225.000000 341.000000 0.000002
707.000000 341.000000 0.000003
1076.000000 341.000000 0.000003
1104.000000 341.000000 0.000002
210.000000 342.000000 0.000002
265.000000 342.000000 0.000001
279.000000 342.000000 0.000002
306.000000 342.000000 0.000002
761.000000 342.000000 0.000003
1055.000000 342.000000 0.000002
173.000000 343.000000 0.000002
194.000000 343.000000 0.000002
292.000000 343.000000 0.000002
563.000000 343.000000 0.000003
736.000000 343.000000 0.000002
323.000000 344.000000 0.000002
341.000000 344.000000 0.000002
362.000000 344.000000 0.000002
457.000000 344.000000 0.000002
479.000000 344.000000 0.000002
496.000000 344.000000 0.000002
531.000000 344.000000 0.000003
674.000000 344.000000 0.000002
687.000000 344.000000 0.000003
793.000000 344.000000 0.000002
413.000000 345.000000 0.000002
435.000000 345.000000 0.000002
512.000000 345.000000 0.000002
609.000000 345.000000 0.000003
630.000000 345.000000 0.000003
810.000000 345.000000 0.000002
823.000000 345.000000 0.000002
388.000000 346.000000 0.000003
583.000000 346.000000 0.000002
657.000000 346.000000 0.000002
840.000000 346.000000 0.000003
1033.000000 346.000000 0.000003
869.000000 347.000000 0.000003
955.000000 347.000000 0.000003
931.000000 348.000000 0.000003
988.000000 348.000000 0.000003
902.000000 349.000000 0.000003
1010.000000 349.000000 0.000002
146.000000 366.000000 0.000002
170.000000 368.000000 0.000002
194.000000 369.000000 0.000002
293.000000 369.000000 0.000002
218.000000 370.000000 0.000003
313.000000 370.000000 0.000003
242.000000 371.000000 0.000002
457.000000 371.000000 0.000002
260.000000 373.000000 0.000002
272.000000 373.000000 0.000002
347.000000 373.000000 0.000002
397.000000 373.000000 0.000002
409.000000 373.000000 0.000001
438.000000 373.000000 0.000002
561.000000 373.000000 0.000002
383.000000 374.000000 0.000002
478.000000 374.000000 0.000002
540.000000 374.000000 0.000002
659.000000 374.000000 0.000002
701.000000 374.000000 0.000002
722.000000 374.000000 0.000002
522.000000 375.000000 0.000002
578.000000 375.000000 0.000002
613.000000 375.000000 0.000003
640.000000 375.000000 0.000002
681.000000 375.000000 0.000002
1089.000000 375.000000 0.000003
498.000000 376.000000 0.000002
745.000000 376.000000 0.000003
1068.000000 376.000000 0.000002
1115.000000 376.000000 0.000003
369.000000 377.000000 0.000002
768.000000 377.000000 0.000003
791.000000 378.000000 0.000002
804.000000 379.000000 0.000002
861.000000 379.000000 0.000002
1040.000000 379.000000 0.000002
821.000000 380.000000 0.000003
845.000000 380.000000 0.000002
887.000000 381.000000 0.000003
948.000000 381.000000 0.000002
977.000000 381.000000 0.000003
1004.000000 381.000000 0.000003
1023.000000 382.000000 0.000002
907.000000 383.000000 0.000002
927.000000 383.000000 0.000002
146.000000 394.000000 0.000003
168.000000 394.000000 0.000003
226.000000 396.000000 0.000002
385.000000 397.000000 0.000002
204.000000 398.000000 0.000003
242.000000 398.000000 0.000002
256.000000 398.000000 0.000002
276.000000 398.000000 0.000002
296.000000 398.000000 0.000003
328.000000 398.000000 0.000003
354.000000 398.000000 0.000002
408.000000 398.000000 0.000002
425.000000 399.000000 0.000002
441.000000 399.000000 0.000002
474.000000 400.000000 0.000002
537.000000 400.000000 0.000002
453.000000 401.000000 0.000003
556.000000 401.000000 0.000002
515.000000 402.000000 0.000002
601.000000 402.000000 0.000002
622.000000 402.000000 0.000003
694.000000 402.000000 0.000003
498.000000 403.000000 0.000002
644.000000 403.000000 0.000003
580.000000 404.000000 0.000002
669.000000 404.000000 0.000002
718.000000 404.000000 0.000002
736.000000 404.000000 0.000002
756.000000 405.000000 0.000002
769.000000 406.000000 0.000002
793.000000 406.000000 0.000003
825.000000 407.000000 0.000002
813.000000 408.000000 0.000003
848.000000 408.000000 0.000002
870.000000 410.000000 0.000003
915.000000 411.000000 0.000002
937.000000 411.000000 0.000002
960.000000 411.000000 0.000003
984.000000 411.000000 0.000002
1002.000000 411.000000 0.000002
1070.000000 411.000000 0.000002
893.000000 412.000000 0.000002
1054.000000 412.000000 0.000002
1084.000000 412.000000 0.000002
1100.000000 412.000000 0.000004
1016.000000 413.000000 0.000004
1035.000000 413.000000 0.000002
