185 194
67 68
26 30
159 160
8 9
418 420
298 327
387 414
48 54
251 252
477 478
469 474
343 344
151 155
192 193
431 438
73 74
261 283
133 134
173 179
432 439
225 226
357 363
446 459
15 25
88 104
298 313
398 409
29 45
328 332
100 105
299 314
232 233
62 69
443 444
475 476
81 91
162 174
165 170
376 381
416 417
265 266
114 115
325 326
206 207
449 450
266 267
96 103
147 148
128 144
358 359
390 391
228 240
350 364
398 413
220 236
257 285
309 323
299 300
331 332
140 145
423 424
431 437
3 5
181 182
405 412
424 425
273 274
365 366
28 34
430 441
442 451
339 340
331 336
372 374
423 428
361 364
146 147
397 403
14 18
84 92
179 180
117 125
88 89
335 338
180 181
460 464
120 139
21 26
220 235
272 273
312 318
94 95
342 355
183 191
154 155
32 40
35 36
72 85
246 247
453 460
127 128
276 284
279 280
256 278
287 293
308 316
58 61
27 55
101 102
150 153
260 275
404 405
253 254
102 103
123 135
13 22
212 231
385 400
283 291
116 123
346 347
109 111
348 356
27 41
379 380
201 203
427 429
320 321
90 106
352 353
393 400
261 262
463 464
445 446
286 291
375 378
164 176
9 10
378 383
38 46
467 470
264 281
256 277
57 77
197 200
230 234
289 292
268 269
119 137
349 361
352 357
433 440
290 293
72 79
193 198
267 282
388 401
436 450
138 146
109 110
186 195
389 402
50 51
82 83
101 105
393 399
20 37
83 84
115 116
75 80
175 176
64 70
37 53
208 209
237 245
248 254
467 469
259 269
71 78
330 338
333 334
71 96
182 183
141 142
473 475
433 439
274 275
311 324
112 124
204 207
474 476
447 459
226 231
156 157
415 417
248 249
258 281
418 419
0 4
126 143
340 341
148 149
63 69
362 365
211 214
402 410
222 223
133 142
295 302
263 279
432 438
411 415
122 132
435 452
34 56
288 290
122 141
425 426
145 152
407 408
406 412
348 349
29 53
440 441
63 64
184 192
351 369
221 241
163 169
4 5
391 414
33 41
295 297
376 380
465 466
166 188
18 24
406 407
159 167
11 21
129 144
310 317
399 413
211 213
302 318
288 289
158 161
188 189
170 171
210 216
11 16
169 175
92 99
372 382
184 191
62 76
443 451
162 163
284 287
73 85
95 100
236 237
468 471
354 360
373 382
294 327
214 218
177 178
36 50
457 461
59 70
306 319
118 119
366 370
228 229
199 202
458 462
121 130
151 152
472 473
243 244
51 52
125 136
416 419
325 328
317 324
187 196
76 81
47 54
258 265
77 82
461 462
420 421
113 130
213 217
161 197
353 358
345 354
453 454
43 52
124 135
14 25
468 470
394 395
335 336
427 428
390 397
301 307
301 316
194 198
32 47
375 377
17 22
386 395
187 195
264 280
206 208
209 210
379 383
98 104
168 190
120 150
242 243
113 129
172 178
224 225
445 458
367 368
127 139
276 277
28 35
430 442
368 369
6 7
249 250
371 374
257 263
309 310
42 55
61 68
260 286
242 247
172 173
131 132
223 224
434 435
434 444
164 165
307 321
216 221
308 322
389 396
30 39
341 346
422 429
31 40
404 411
363 370
342 347
466 471
315 320
38 39
97 106
300 304
149 153
167 189
448 449
278 285
241 245
19 43
171 177
333 337
23 31
20 44
60 80
1 3
131 140
75 87
403 410
45 46
13 23
215 219
385 401
156 160
388 394
367 371
78 79
297 303
126 137
57 65
456 457
238 244
322 323
42 49
111 121
90 98
12 17
60 66
355 356
204 205
463 465
447 448
212 227
74 86
93 99
215 232
296 306
315 319
166 196
86 87
229 234
329 330
49 56
138 143
19 24
238 239
270 271
230 235
200 203
343 359
454 455
271 272
112 117
222 239
303 313
1 2
384 396
392 409
255 282
455 456
93 94
304 305
185 186
108 110
59 65
329 334
15 58
218 219
421 426
251 262
12 16
33 48
311 312
255 268
233 240
314 326
252 253
344 345
373 381
296 305
174 190
436 437
89 91
199 201
118 136
259 270
351 362
339 360
384 386
392 408
66 67
217 227
114 134
158 168
