203.000000 58.000000 0.000005
306.000000 58.000000 0.000003
352.000000 58.000000 0.000003
281.000000 59.000000 0.000006
328.000000 59.000000 0.000003
227.000000 61.000000 0.000003
1089.000000 65.000000 0.000004
1117.000000 68.000000 0.000005
365.000000 103.000000 0.000003
153.000000 104.000000 0.000004
288.000000 104.000000 0.000002
347.000000 104.000000 0.000003
615.000000 105.000000 0.000001
632.000000 105.000000 0.000002
708.000000 105.000000 0.000002
824.000000 105.000000 0.000003
168.000000 106.000000 0.000002
186.000000 106.000000 0.000003
268.000000 106.000000 0.000002
302.000000 106.000000 0.000001
313.000000 106.000000 0.000002
326.000000 106.000000 0.000003
395.000000 106.000000 0.000002
526.000000 106.000000 0.000002
603.000000 106.000000 0.000003
733.000000 106.000000 0.000003
252.000000 107.000000 0.000002
431.000000 107.000000 0.000003
451.000000 107.000000 0.000002
474.000000 107.000000 0.000003
500.000000 107.000000 0.000003
547.000000 107.000000 0.000002
584.000000 107.000000 0.000002
848.000000 107.000000 0.000003
871.000000 107.000000 0.000003
233.000000 108.000000 0.000002
566.000000 108.000000 0.000002
685.000000 108.000000 0.000003
884.000000 108.000000 0.000002
902.000000 108.000000 0.000002
121.000000 109.000000 0.000003
760.000000 109.000000 0.000003
806.000000 109.000000 0.000002
217.000000 110.000000 0.000003
656.000000 110.000000 0.000003
962.000000 110.000000 0.000002
980.000000 110.000000 0.000002
785.000000 111.000000 0.000003
922.000000 111.000000 0.000002
1004.000000 111.000000 0.000003
1025.000000 111.000000 0.000003
944.000000 112.000000 0.000002
1071.000000 112.000000 0.000002
1090.000000 113.000000 0.000002
1103.000000 113.000000 0.000004
1051.000000 114.000000 0.000003
1121.000000 114.000000 0.000002
1138.000000 114.000000 0.000005
416.000000 133.000000 0.000002
267.000000 135.000000 0.000002
386.000000 135.000000 0.000003
249.000000 136.000000 0.000002
441.000000 136.000000 0.000002
462.000000 136.000000 0.000002
499.000000 136.000000 0.000002
519.000000 136.000000 0.000002
534.000000 136.000000 0.000001
573.000000 136.000000 0.000002
593.000000 136.000000 0.000002
235.000000 137.000000 0.000002
319.000000 137.000000 0.000002
340.000000 137.000000 0.000002
359.000000 137.000000 0.000002
481.000000 137.000000 0.000002
555.000000 137.000000 0.000003
612.000000 137.000000 0.000002
631.000000 137.000000 0.000002
651.000000 137.000000 0.000002
673.000000 137.000000 0.000003
174.000000 138.000000 0.000003
197.000000 138.000000 0.000002
215.000000 138.000000 0.000002
302.000000 138.000000 0.000002
125.000000 139.000000 0.000003
151.000000 139.000000 0.000002
703.000000 139.000000 0.000003
807.000000 139.000000 0.000003
837.000000 139.000000 0.000003
863.000000 139.000000 0.000003
779.000000 141.000000 0.000003
893.000000 141.000000 0.000003
917.000000 141.000000 0.000003
947.000000 142.000000 0.000002
757.000000 143.000000 0.000003
968.000000 143.000000 0.000002
987.000000 143.000000 0.000002
1007.000000 143.000000 0.000002
736.000000 144.000000 0.000003
1027.000000 144.000000 0.000002
1068.000000 145.000000 0.000003
1113.000000 145.000000 0.000002
1044.000000 146.000000 0.000002
1095.000000 146.000000 0.000002
1127.000000 147.000000 0.000002
372.000000 164.000000 0.000003
440.000000 164.000000 0.000003
523.000000 164.000000 0.000002
548.000000 164.000000 0.000003
236.000000 165.000000 0.000002
257.000000 165.000000 0.000002
278.000000 165.000000 0.000002
300.000000 165.000000 0.000002
342.000000 165.000000 0.000002
393.000000 165.000000 0.000002
411.000000 165.000000 0.000003
467.000000 165.000000 0.000002
575.000000 165.000000 0.000002
217.000000 166.000000 0.000002
321.000000 166.000000 0.000002
482.000000 166.000000 0.000002
501.000000 166.000000 0.000002
593.000000 166.000000 0.000002
611.000000 167.000000 0.000003
640.000000 167.000000 0.000003
198.000000 168.000000 0.000002
673.000000 169.000000 0.000003
123.000000 171.000000 0.000003
172.000000 171.000000 0.000002
741.000000 171.000000 0.000002
136.000000 172.000000 0.000002
153.000000 172.000000 0.000002
695.000000 172.000000 0.000003
719.000000 172.000000 0.000003
919.000000 172.000000 0.000003
944.000000 172.000000 0.000003
970.000000 172.000000 0.000002
765.000000 173.000000 0.000002
878.000000 173.000000 0.000002
899.000000 173.000000 0.000002
1120.000000 173.000000 0.000002
791.000000 174.000000 0.000003
841.000000 174.000000 0.000003
863.000000 174.000000 0.000002
1137.000000 174.000000 0.000004
810.000000 175.000000 0.000003
988.000000 175.000000 0.000002
1006.000000 175.000000 0.000002
1024.000000 176.000000 0.000002
1051.000000 176.000000 0.000002
1070.000000 176.000000 0.000002
1091.000000 176.000000 0.000003
269.000000 193.000000 0.000003
296.000000 194.000000 0.000002
335.000000 194.000000 0.000003
360.000000 194.000000 0.000003
540.000000 194.000000 0.000002
239.000000 195.000000 0.000003
323.000000 195.000000 0.000003
379.000000 195.000000 0.000003
403.000000 195.000000 0.000002
472.000000 195.000000 0.000003
512.000000 195.000000 0.000003
200.000000 196.000000 0.000002
218.000000 196.000000 0.000002
420.000000 196.000000 0.000002
443.000000 196.000000 0.000002
491.000000 196.000000 0.000002
563.000000 196.000000 0.000002
575.000000 196.000000 0.000001
629.000000 197.000000 0.000002
151.000000 198.000000 0.000003
171.000000 198.000000 0.000002
594.000000 198.000000 0.000002
650.000000 198.000000 0.000002
609.000000 199.000000 0.000002
140.000000 200.000000 0.000003
671.000000 200.000000 0.000002
126.000000 201.000000 0.000003
689.000000 201.000000 0.000002
893.000000 201.000000 0.000003
712.000000 202.000000 0.000002
764.000000 202.000000 0.000002
738.000000 203.000000 0.000003
784.000000 203.000000 0.000002
850.000000 204.000000 0.000002
871.000000 204.000000 0.000002
920.000000 204.000000 0.000003
969.000000 204.000000 0.000003
995.000000 204.000000 0.000002
802.000000 205.000000 0.000002
826.000000 205.000000 0.000003
945.000000 205.000000 0.000003
1066.000000 205.000000 0.000002
1013.000000 206.000000 0.000002
1038.000000 206.000000 0.000003
1096.000000 206.000000 0.000003
1119.000000 207.000000 0.000003
346.000000 223.000000 0.000001
361.000000 223.000000 0.000002
259.000000 224.000000 0.000003
446.000000 224.000000 0.000002
292.000000 225.000000 0.000003
334.000000 225.000000 0.000003
382.000000 225.000000 0.000002
400.000000 225.000000 0.000003
411.000000 225.000000 0.000001
465.000000 225.000000 0.000002
726.000000 225.000000 0.000002
236.000000 226.000000 0.000002
315.000000 226.000000 0.000002
481.000000 226.000000 0.000002
573.000000 226.000000 0.000003
639.000000 226.000000 0.000001
654.000000 226.000000 0.000002
173.000000 227.000000 0.000002
190.000000 227.000000 0.000003
499.000000 227.000000 0.000002
539.000000 227.000000 0.000003
597.000000 227.000000 0.000003
620.000000 227.000000 0.000003
697.000000 227.000000 0.000003
747.000000 227.000000 0.000002
767.000000 227.000000 0.000002
152.000000 228.000000 0.000002
216.000000 228.000000 0.000002
676.000000 228.000000 0.000002
517.000000 229.000000 0.000002
125.000000 230.000000 0.000003
137.000000 230.000000 0.000001
786.000000 230.000000 0.000002
811.000000 230.000000 0.000002
822.000000 231.000000 0.000003
833.000000 231.000000 0.000001
849.000000 232.000000 0.000002
873.000000 232.000000 0.000003
900.000000 233.000000 0.000002
1119.000000 233.000000 0.000002
913.000000 234.000000 0.000003
951.000000 234.000000 0.000002
1014.000000 234.000000 0.000002
1060.000000 234.000000 0.000002
937.000000 235.000000 0.000003
1033.000000 235.000000 0.000002
1045.000000 235.000000 0.000002
1106.000000 235.000000 0.000002
1137.000000 235.000000 0.000003
973.000000 236.000000 0.000002
988.000000 236.000000 0.000001
1089.000000 236.000000 0.000003
732.000000 252.000000 0.000003
604.000000 253.000000 0.000002
268.000000 254.000000 0.000002
426.000000 254.000000 0.000002
450.000000 254.000000 0.000003
751.000000 254.000000 0.000002
213.000000 255.000000 0.000003
243.000000 255.000000 0.000003
289.000000 255.000000 0.000002
311.000000 255.000000 0.000002
331.000000 255.000000 0.000002
353.000000 255.000000 0.000003
382.000000 255.000000 0.000003
407.000000 255.000000 0.000002
494.000000 255.000000 0.000002
513.000000 255.000000 0.000002
692.000000 255.000000 0.000002
713.000000 255.000000 0.000001
189.000000 256.000000 0.000002
472.000000 256.000000 0.000002
535.000000 256.000000 0.000002
579.000000 256.000000 0.000002
625.000000 256.000000 0.000002
764.000000 256.000000 0.000002
178.000000 257.000000 0.000002
557.000000 257.000000 0.000002
645.000000 257.000000 0.000002
666.000000 257.000000 0.000003
780.000000 257.000000 0.000003
812.000000 258.000000 0.000002
158.000000 259.000000 0.000002
881.000000 259.000000 0.000002
128.000000 260.000000 0.000003
906.000000 260.000000 0.000003
861.000000 261.000000 0.000003
932.000000 261.000000 0.000002
833.000000 262.000000 0.000002
951.000000 263.000000 0.000002
1084.000000 263.000000 0.000002
1118.000000 263.000000 0.000002
1022.000000 264.000000 0.000003
1061.000000 264.000000 0.000003
1102.000000 264.000000 0.000001
998.000000 265.000000 0.000002
1139.000000 265.000000 0.000003
977.000000 266.000000 0.000002
407.000000 283.000000 0.000001
528.000000 283.000000 0.000002
320.000000 284.000000 0.000002
372.000000 284.000000 0.000002
391.000000 284.000000 0.000002
513.000000 284.000000 0.000002
703.000000 284.000000 0.000002
739.000000 284.000000 0.000002
194.000000 285.000000 0.000002
244.000000 285.000000 0.000002
271.000000 285.000000 0.000003
297.000000 285.000000 0.000002
343.000000 285.000000 0.000003
419.000000 285.000000 0.000002
435.000000 285.000000 0.000002
482.000000 285.000000 0.000002
501.000000 285.000000 0.000002
589.000000 285.000000 0.000002
660.000000 285.000000 0.000003
684.000000 285.000000 0.000002
720.000000 285.000000 0.000002
459.000000 286.000000 0.000003
607.000000 286.000000 0.000002
627.000000 286.000000 0.000002
758.000000 286.000000 0.000002
777.000000 286.000000 0.000002
152.000000 287.000000 0.000002
172.000000 287.000000 0.000002
220.000000 287.000000 0.000003
792.000000 287.000000 0.000002
810.000000 287.000000 0.000002
827.000000 287.000000 0.000002
846.000000 287.000000 0.000002
566.000000 288.000000 0.000002
126.000000 289.000000 0.000003
550.000000 289.000000 0.000002
893.000000 289.000000 0.000003
870.000000 290.000000 0.000003
924.000000 290.000000 0.000003
953.000000 290.000000 0.000002
975.000000 291.000000 0.000002
1129.000000 291.000000 0.000002
993.000000 292.000000 0.000002
1007.000000 292.000000 0.000002
1024.000000 294.000000 0.000002
1042.000000 294.000000 0.000002
1061.000000 294.000000 0.000002
1085.000000 294.000000 0.000003
1108.000000 295.000000 0.000003
772.000000 311.000000 0.000003
312.000000 312.000000 0.000003
240.000000 313.000000 0.000002
262.000000 313.000000 0.000002
293.000000 313.000000 0.000002
338.000000 313.000000 0.000003
364.000000 313.000000 0.000002
475.000000 313.000000 0.000002
499.000000 313.000000 0.000003
526.000000 313.000000 0.000003
657.000000 313.000000 0.000002
678.000000 313.000000 0.000002
698.000000 313.000000 0.000002
716.000000 313.000000 0.000002
753.000000 313.000000 0.000002
153.000000 314.000000 0.000002
274.000000 314.000000 0.000002
380.000000 314.000000 0.000002
416.000000 314.000000 0.000002
551.000000 314.000000 0.000002
610.000000 314.000000 0.000003
634.000000 314.000000 0.000002
732.000000 314.000000 0.000002
796.000000 314.000000 0.000002
398.000000 315.000000 0.000002
431.000000 315.000000 0.000002
455.000000 315.000000 0.000003
580.000000 315.000000 0.000003
811.000000 315.000000 0.000002
828.000000 315.000000 0.000002
177.000000 316.000000 0.000002
221.000000 316.000000 0.000002
857.000000 316.000000 0.000003
907.000000 316.000000 0.000002
200.000000 317.000000 0.000002
883.000000 317.000000 0.000003
928.000000 317.000000 0.000003
121.000000 318.000000 0.000003
956.000000 318.000000 0.000002
969.000000 318.000000 0.000001
981.000000 318.000000 0.000002
995.000000 319.000000 0.000002
1010.000000 321.000000 0.000002
1027.000000 322.000000 0.000002
1043.000000 323.000000 0.000002
1061.000000 323.000000 0.000002
1111.000000 323.000000 0.000002
1133.000000 323.000000 0.000003
1091.000000 325.000000 0.000002
727.000000 339.000000 0.000003
739.000000 339.000000 0.000002
757.000000 339.000000 0.000002
533.000000 340.000000 0.000002
702.000000 340.000000 0.000002
780.000000 340.000000 0.000002
827.000000 340.000000 0.000003
552.000000 341.000000 0.000002
637.000000 341.000000 0.000002
661.000000 341.000000 0.000002
683.000000 341.000000 0.000002
346.000000 342.000000 0.000002
369.000000 342.000000 0.000002
385.000000 342.000000 0.000001
472.000000 342.000000 0.000002
619.000000 342.000000 0.000002
802.000000 342.000000 0.000002
241.000000 343.000000 0.000002
285.000000 343.000000 0.000002
327.000000 343.000000 0.000002
399.000000 343.000000 0.000002
423.000000 343.000000 0.000002
456.000000 343.000000 0.000003
497.000000 343.000000 0.000002
514.000000 343.000000 0.000002
572.000000 343.000000 0.000002
850.000000 343.000000 0.000003
977.000000 343.000000 0.000003
268.000000 344.000000 0.000003
308.000000 344.000000 0.000002
598.000000 344.000000 0.000002
200.000000 345.000000 0.000002
258.000000 345.000000 0.000003
174.000000 346.000000 0.000003
149.000000 347.000000 0.000003
221.000000 347.000000 0.000002
879.000000 347.000000 0.000002
956.000000 347.000000 0.000002
123.000000 348.000000 0.000003
1002.000000 348.000000 0.000002
937.000000 349.000000 0.000002
1029.000000 349.000000 0.000002
1051.000000 349.000000 0.000003
919.000000 350.000000 0.000002
900.000000 351.000000 0.000002
1079.000000 351.000000 0.000002
1098.000000 351.000000 0.000002
1128.000000 351.000000 0.000003
698.000000 366.000000 0.000002
769.000000 366.000000 0.000002
431.000000 367.000000 0.000003
522.000000 367.000000 0.000003
677.000000 367.000000 0.000002
715.000000 367.000000 0.000002
750.000000 367.000000 0.000002
787.000000 367.000000 0.000002
402.000000 368.000000 0.000003
498.000000 368.000000 0.000002
607.000000 368.000000 0.000003
658.000000 368.000000 0.000002
456.000000 369.000000 0.000002
473.000000 369.000000 0.000003
804.000000 369.000000 0.000002
286.000000 370.000000 0.000002
304.000000 370.000000 0.000002
354.000000 370.000000 0.000002
373.000000 370.000000 0.000002
581.000000 370.000000 0.000002
636.000000 370.000000 0.000002
326.000000 371.000000 0.000001
338.000000 371.000000 0.000002
558.000000 371.000000 0.000003
824.000000 371.000000 0.000002
844.000000 372.000000 0.000002
253.000000 373.000000 0.000002
865.000000 373.000000 0.000002
122.000000 374.000000 0.000002
939.000000 375.000000 0.000002
148.000000 376.000000 0.000003
201.000000 376.000000 0.000003
228.000000 376.000000 0.000002
240.000000 376.000000 0.000001
919.000000 376.000000 0.000002
958.000000 376.000000 0.000002
980.000000 376.000000 0.000003
173.000000 377.000000 0.000002
895.000000 377.000000 0.000003
1006.000000 377.000000 0.000002
1022.000000 377.000000 0.000001
1034.000000 377.000000 0.000002
1055.000000 378.000000 0.000001
1105.000000 378.000000 0.000002
1067.000000 379.000000 0.000001
1088.000000 379.000000 0.000002
1118.000000 379.000000 0.000002
1131.000000 381.000000 0.000003
669.000000 394.000000 0.000002
656.000000 395.000000 0.000001
683.000000 395.000000 0.000002
706.000000 395.000000 0.000003
779.000000 395.000000 0.000002
644.000000 396.000000 0.000002
730.000000 396.000000 0.000002
799.000000 396.000000 0.000002
475.000000 397.000000 0.000002
497.000000 397.000000 0.000002
747.000000 397.000000 0.000002
823.000000 397.000000 0.000002
410.000000 398.000000 0.000002
421.000000 398.000000 0.000003
451.000000 398.000000 0.000002
517.000000 398.000000 0.000002
600.000000 398.000000 0.000002
762.000000 398.000000 0.000002
837.000000 398.000000 0.000002
338.000000 399.000000 0.000002
395.000000 399.000000 0.000002
433.000000 399.000000 0.000002
547.000000 399.000000 0.000003
578.000000 399.000000 0.000003
626.000000 399.000000 0.000002
302.000000 400.000000 0.000002
325.000000 400.000000 0.000002
355.000000 400.000000 0.000002
854.000000 400.000000 0.000002
871.000000 400.000000 0.000002
252.000000 401.000000 0.000002
269.000000 401.000000 0.000002
286.000000 401.000000 0.000002
370.000000 401.000000 0.000001
381.000000 401.000000 0.000002
889.000000 401.000000 0.000002
902.000000 401.000000 0.000002
238.000000 402.000000 0.000002
217.000000 403.000000 0.000002
1014.000000 403.000000 0.000002
1028.000000 403.000000 0.000001
186.000000 404.000000 0.000002
202.000000 404.000000 0.000002
920.000000 404.000000 0.000002
982.000000 404.000000 0.000002
1041.000000 404.000000 0.000003
1068.000000 404.000000 0.000002
146.000000 405.000000 0.000002
940.000000 405.000000 0.000002
957.000000 405.000000 0.000002
970.000000 405.000000 0.000001
997.000000 405.000000 0.000002
164.000000 406.000000 0.000003
1089.000000 407.000000 0.000002
1111.000000 407.000000 0.000002
1124.000000 408.000000 0.000003
123.000000 410.000000 0.000003
536.000000 421.000000 0.000002
674.000000 421.000000 0.000002
520.000000 422.000000 0.000002
560.000000 422.000000 0.000002
501.000000 423.000000 0.000002
586.000000 423.000000 0.000003
697.000000 423.000000 0.000002
763.000000 423.000000 0.000002
784.000000 423.000000 0.000003
797.000000 423.000000 0.000002
838.000000 423.000000 0.000002
465.000000 424.000000 0.000002
483.000000 424.000000 0.000002
719.000000 424.000000 0.000002
375.000000 425.000000 0.000003
400.000000 425.000000 0.000003
446.000000 425.000000 0.000002
612.000000 425.000000 0.000003
740.000000 425.000000 0.000002
851.000000 425.000000 0.000002
871.000000 425.000000 0.000002
351.000000 426.000000 0.000002
426.000000 426.000000 0.000002
634.000000 426.000000 0.000002
654.000000 426.000000 0.000002
817.000000 426.000000 0.000002
888.000000 426.000000 0.000002
262.000000 427.000000 0.000002
282.000000 427.000000 0.000002
332.000000 427.000000 0.000002
904.000000 427.000000 0.000002
924.000000 427.000000 0.000002
951.000000 427.000000 0.000002
972.000000 427.000000 0.000002
985.000000 427.000000 0.000002
1001.000000 427.000000 0.000002
1014.000000 427.000000 0.000002
236.000000 428.000000 0.000002
299.000000 428.000000 0.000002
315.000000 428.000000 0.000002
205.000000 429.000000 0.000003
1029.000000 429.000000 0.000003
1059.000000 429.000000 0.000002
156.000000 430.000000 0.000003
183.000000 430.000000 0.000002
1078.000000 430.000000 0.000002
1093.000000 432.000000 0.000002
1128.000000 432.000000 0.000002
1145.000000 432.000000 0.000004
1110.000000 434.000000 0.000002
