170.000000 60.000000 0.000006
264.000000 61.000000 0.000003
288.000000 61.000000 0.000002
200.000000 62.000000 0.000003
310.000000 62.000000 0.000005
231.000000 63.000000 0.000003
1080.000000 70.000000 0.000005
1059.000000 73.000000 0.000005
64.000000 89.000000 0.000006
79.000000 89.000000 0.000006
725.000000 108.000000 0.000003
570.000000 110.000000 0.000002
632.000000 110.000000 0.000003
658.000000 110.000000 0.000002
696.000000 110.000000 0.000003
263.000000 111.000000 0.000002
390.000000 111.000000 0.000004
414.000000 111.000000 0.000002
586.000000 111.000000 0.000003
607.000000 111.000000 0.000003
675.000000 111.000000 0.000002
747.000000 111.000000 0.000003
194.000000 112.000000 0.000002
324.000000 112.000000 0.000003
354.000000 112.000000 0.000002
372.000000 112.000000 0.000002
436.000000 112.000000 0.000003
459.000000 112.000000 0.000002
499.000000 112.000000 0.000003
521.000000 112.000000 0.000002
784.000000 112.000000 0.000003
134.000000 113.000000 0.000002
177.000000 113.000000 0.000002
209.000000 113.000000 0.000002
241.000000 113.000000 0.000003
284.000000 113.000000 0.000002
303.000000 113.000000 0.000002
479.000000 113.000000 0.000002
770.000000 113.000000 0.000003
809.000000 113.000000 0.000003
853.000000 113.000000 0.000002
874.000000 113.000000 0.000002
1044.000000 113.000000 0.000003
1070.000000 113.000000 0.000003
1100.000000 113.000000 0.000003
534.000000 114.000000 0.000002
550.000000 114.000000 0.000002
896.000000 114.000000 0.000002
909.000000 114.000000 0.000002
927.000000 114.000000 0.000002
944.000000 114.000000 0.000002
1006.000000 114.000000 0.000003
1025.000000 114.000000 0.000002
154.000000 115.000000 0.000002
833.000000 115.000000 0.000002
957.000000 115.000000 0.000003
978.000000 116.000000 0.000002
656.000000 139.000000 0.000002
784.000000 140.000000 0.000002
822.000000 140.000000 0.000002
313.000000 141.000000 0.000002
745.000000 141.000000 0.000002
804.000000 141.000000 0.000002
857.000000 141.000000 0.000002
256.000000 142.000000 0.000003
275.000000 142.000000 0.000001
290.000000 142.000000 0.000002
616.000000 142.000000 0.000002
637.000000 142.000000 0.000002
727.000000 142.000000 0.000002
764.000000 142.000000 0.000002
838.000000 142.000000 0.000002
894.000000 142.000000 0.000002
914.000000 142.000000 0.000002
937.000000 142.000000 0.000003
1072.000000 142.000000 0.000003
1097.000000 142.000000 0.000002
141.000000 143.000000 0.000003
186.000000 143.000000 0.000002
357.000000 143.000000 0.000002
458.000000 143.000000 0.000003
531.000000 143.000000 0.000002
554.000000 143.000000 0.000002
576.000000 143.000000 0.000002
593.000000 143.000000 0.000002
676.000000 143.000000 0.000002
714.000000 143.000000 0.000002
877.000000 143.000000 0.000002
1051.000000 143.000000 0.000002
1114.000000 143.000000 0.000002
161.000000 144.000000 0.000002
208.000000 144.000000 0.000003
232.000000 144.000000 0.000002
381.000000 144.000000 0.000003
410.000000 144.000000 0.000002
1010.000000 144.000000 0.000002
1029.000000 144.000000 0.000002
336.000000 145.000000 0.000002
695.000000 145.000000 0.000002
963.000000 145.000000 0.000002
985.000000 145.000000 0.000003
435.000000 146.000000 0.000003
484.000000 147.000000 0.000003
510.000000 147.000000 0.000003
276.000000 169.000000 0.000002
299.000000 169.000000 0.000002
250.000000 170.000000 0.000003
776.000000 170.000000 0.000002
795.000000 170.000000 0.000002
161.000000 171.000000 0.000003
191.000000 171.000000 0.000003
318.000000 171.000000 0.000002
333.000000 171.000000 0.000002
351.000000 171.000000 0.000002
368.000000 171.000000 0.000002
397.000000 171.000000 0.000003
688.000000 171.000000 0.000002
744.000000 171.000000 0.000002
759.000000 171.000000 0.000002
919.000000 171.000000 0.000002
1071.000000 171.000000 0.000002
1113.000000 171.000000 0.000003
218.000000 172.000000 0.000002
604.000000 172.000000 0.000002
619.000000 172.000000 0.000002
637.000000 172.000000 0.000002
663.000000 172.000000 0.000003
709.000000 172.000000 0.000002
727.000000 172.000000 0.000002
824.000000 172.000000 0.000002
864.000000 172.000000 0.000002
894.000000 172.000000 0.000003
944.000000 172.000000 0.000003
1092.000000 172.000000 0.000002
417.000000 173.000000 0.000002
526.000000 173.000000 0.000002
557.000000 173.000000 0.000002
571.000000 173.000000 0.000001
586.000000 173.000000 0.000002
976.000000 173.000000 0.000002
1042.000000 173.000000 0.000003
992.000000 174.000000 0.000002
137.000000 175.000000 0.000003
505.000000 175.000000 0.000002
538.000000 175.000000 0.000003
1009.000000 175.000000 0.000003
458.000000 176.000000 0.000003
486.000000 176.000000 0.000002
436.000000 177.000000 0.000002
846.000000 177.000000 0.000002
240.000000 199.000000 0.000002
1080.000000 199.000000 0.000002
215.000000 200.000000 0.000003
296.000000 200.000000 0.000002
741.000000 200.000000 0.000003
873.000000 200.000000 0.000003
1055.000000 200.000000 0.000003
83.000000 201.000000 0.000005
256.000000 201.000000 0.000002
276.000000 201.000000 0.000002
585.000000 201.000000 0.000002
702.000000 201.000000 0.000002
974.000000 201.000000 0.000002
1102.000000 201.000000 0.000002
173.000000 202.000000 0.000003
336.000000 202.000000 0.000003
560.000000 202.000000 0.000002
605.000000 202.000000 0.000002
618.000000 202.000000 0.000002
632.000000 202.000000 0.000002
773.000000 202.000000 0.000003
815.000000 202.000000 0.000002
840.000000 202.000000 0.000002
1013.000000 202.000000 0.000002
149.000000 203.000000 0.000003
197.000000 203.000000 0.000003
540.000000 203.000000 0.000002
650.000000 203.000000 0.000002
725.000000 203.000000 0.000002
794.000000 203.000000 0.000002
895.000000 203.000000 0.000002
934.000000 203.000000 0.000002
953.000000 203.000000 0.000002
1034.000000 203.000000 0.000002
138.000000 204.000000 0.000003
403.000000 204.000000 0.000003
994.000000 204.000000 0.000002
377.000000 205.000000 0.000003
428.000000 205.000000 0.000002
515.000000 205.000000 0.000003
911.000000 205.000000 0.000003
356.000000 206.000000 0.000002
444.000000 206.000000 0.000002
458.000000 206.000000 0.000003
492.000000 208.000000 0.000003
683.000000 209.000000 0.000002
225.000000 230.000000 0.000003
838.000000 230.000000 0.000002
245.000000 231.000000 0.000002
857.000000 231.000000 0.000002
1065.000000 231.000000 0.000002
1107.000000 231.000000 0.000003
263.000000 232.000000 0.000002
306.000000 232.000000 0.000003
821.000000 232.000000 0.000002
887.000000 232.000000 0.000003
938.000000 232.000000 0.000002
975.000000 232.000000 0.000001
1012.000000 232.000000 0.000002
1030.000000 232.000000 0.000002
1046.000000 232.000000 0.000002
1084.000000 232.000000 0.000002
177.000000 233.000000 0.000003
204.000000 233.000000 0.000003
282.000000 233.000000 0.000003
340.000000 233.000000 0.000002
464.000000 233.000000 0.000002
581.000000 233.000000 0.000003
748.000000 233.000000 0.000002
762.000000 233.000000 0.000003
916.000000 233.000000 0.000002
962.000000 233.000000 0.000003
990.000000 233.000000 0.000002
329.000000 234.000000 0.000002
359.000000 234.000000 0.000002
551.000000 234.000000 0.000003
161.000000 235.000000 0.000002
381.000000 235.000000 0.000003
403.000000 235.000000 0.000002
447.000000 235.000000 0.000002
522.000000 235.000000 0.000003
607.000000 235.000000 0.000003
634.000000 235.000000 0.000002
670.000000 235.000000 0.000002
731.000000 235.000000 0.000002
145.000000 236.000000 0.000003
415.000000 236.000000 0.000002
431.000000 236.000000 0.000002
485.000000 236.000000 0.000002
502.000000 236.000000 0.000002
690.000000 236.000000 0.000002
705.000000 236.000000 0.000003
784.000000 236.000000 0.000002
803.000000 236.000000 0.000002
649.000000 237.000000 0.000002
1112.000000 258.000000 0.000003
337.000000 259.000000 0.000003
362.000000 259.000000 0.000002
980.000000 259.000000 0.000002
1002.000000 260.000000 0.000002
1055.000000 260.000000 0.000002
310.000000 261.000000 0.000003
934.000000 261.000000 0.000002
956.000000 261.000000 0.000002
1035.000000 261.000000 0.000003
193.000000 262.000000 0.000003
242.000000 262.000000 0.000002
259.000000 262.000000 0.000002
281.000000 262.000000 0.000002
383.000000 262.000000 0.000002
840.000000 262.000000 0.000002
869.000000 262.000000 0.000003
913.000000 262.000000 0.000002
1091.000000 262.000000 0.000002
139.000000 263.000000 0.000003
169.000000 263.000000 0.000003
222.000000 263.000000 0.000002
650.000000 263.000000 0.000002
749.000000 263.000000 0.000002
1069.000000 263.000000 0.000002
403.000000 264.000000 0.000002
443.000000 264.000000 0.000003
464.000000 264.000000 0.000002
481.000000 264.000000 0.000001
495.000000 264.000000 0.000003
723.000000 264.000000 0.000003
818.000000 264.000000 0.000002
895.000000 264.000000 0.000002
421.000000 265.000000 0.000002
515.000000 265.000000 0.000002
592.000000 265.000000 0.000002
692.000000 265.000000 0.000003
764.000000 265.000000 0.000001
779.000000 265.000000 0.000002
799.000000 265.000000 0.000002
531.000000 266.000000 0.000002
553.000000 266.000000 0.000002
572.000000 266.000000 0.000002
668.000000 266.000000 0.000002
617.000000 268.000000 0.000003
631.000000 269.000000 0.000003
301.000000 287.000000 0.000003
1047.000000 289.000000 0.000003
1074.000000 289.000000 0.000002
1109.000000 289.000000 0.000003
223.000000 290.000000 0.000002
324.000000 290.000000 0.000003
993.000000 290.000000 0.000002
1009.000000 290.000000 0.000003
201.000000 291.000000 0.000002
249.000000 291.000000 0.000003
420.000000 291.000000 0.000003
807.000000 291.000000 0.000003
832.000000 291.000000 0.000002
879.000000 291.000000 0.000003
912.000000 291.000000 0.000002
952.000000 291.000000 0.000002
972.000000 291.000000 0.000002
1022.000000 291.000000 0.000003
1093.000000 291.000000 0.000002
275.000000 292.000000 0.000003
368.000000 292.000000 0.000002
747.000000 292.000000 0.000001
893.000000 292.000000 0.000002
931.000000 292.000000 0.000002
178.000000 293.000000 0.000002
393.000000 293.000000 0.000003
440.000000 293.000000 0.000003
481.000000 293.000000 0.000003
698.000000 293.000000 0.000002
721.000000 293.000000 0.000002
793.000000 293.000000 0.000002
855.000000 293.000000 0.000002
465.000000 294.000000 0.000002
505.000000 294.000000 0.000002
521.000000 294.000000 0.000002
547.000000 294.000000 0.000002
599.000000 294.000000 0.000002
630.000000 294.000000 0.000002
663.000000 294.000000 0.000002
681.000000 294.000000 0.000002
736.000000 294.000000 0.000001
757.000000 294.000000 0.000003
775.000000 294.000000 0.000002
349.000000 295.000000 0.000002
566.000000 295.000000 0.000002
582.000000 295.000000 0.000002
152.000000 296.000000 0.000003
209.000000 318.000000 0.000003
242.000000 319.000000 0.000003
1058.000000 319.000000 0.000002
1079.000000 319.000000 0.000003
1106.000000 319.000000 0.000003
179.000000 320.000000 0.000002
193.000000 320.000000 0.000002
263.000000 320.000000 0.000003
359.000000 320.000000 0.000002
867.000000 320.000000 0.000003
905.000000 320.000000 0.000001
917.000000 320.000000 0.000003
1019.000000 320.000000 0.000002
159.000000 321.000000 0.000002
314.000000 321.000000 0.000003
620.000000 321.000000 0.000002
774.000000 321.000000 0.000003
891.000000 321.000000 0.000002
988.000000 321.000000 0.000003
1042.000000 321.000000 0.000002
137.000000 322.000000 0.000003
336.000000 322.000000 0.000002
382.000000 322.000000 0.000003
418.000000 322.000000 0.000003
478.000000 322.000000 0.000003
490.000000 322.000000 0.000002
576.000000 322.000000 0.000002
602.000000 322.000000 0.000002
673.000000 322.000000 0.000003
824.000000 322.000000 0.000002
842.000000 322.000000 0.000002
289.000000 323.000000 0.000002
541.000000 323.000000 0.000003
642.000000 323.000000 0.000002
695.000000 323.000000 0.000003
800.000000 323.000000 0.000003
932.000000 323.000000 0.000002
950.000000 323.000000 0.000002
968.000000 323.000000 0.000002
440.000000 324.000000 0.000002
458.000000 324.000000 0.000002
514.000000 324.000000 0.000003
726.000000 324.000000 0.000002
747.000000 324.000000 0.000002
231.000000 347.000000 0.000002
289.000000 347.000000 0.000002
207.000000 348.000000 0.000002
313.000000 349.000000 0.000002
337.000000 349.000000 0.000002
361.000000 349.000000 0.000002
629.000000 349.000000 0.000003
869.000000 349.000000 0.000002
892.000000 349.000000 0.000002
135.000000 350.000000 0.000002
258.000000 350.000000 0.000003
462.000000 350.000000 0.000002
603.000000 350.000000 0.000002
157.000000 351.000000 0.000002
177.000000 351.000000 0.000003
434.000000 351.000000 0.000003
652.000000 351.000000 0.000002
669.000000 351.000000 0.000002
989.000000 351.000000 0.000002
1084.000000 351.000000 0.000003
1107.000000 351.000000 0.000003
387.000000 352.000000 0.000003
811.000000 352.000000 0.000002
833.000000 352.000000 0.000002
849.000000 352.000000 0.000002
914.000000 352.000000 0.000003
940.000000 352.000000 0.000003
1013.000000 352.000000 0.000002
1034.000000 352.000000 0.000002
1049.000000 352.000000 0.000002
1061.000000 352.000000 0.000002
405.000000 353.000000 0.000002
479.000000 353.000000 0.000003
559.000000 353.000000 0.000003
585.000000 353.000000 0.000002
691.000000 353.000000 0.000002
757.000000 353.000000 0.000002
511.000000 354.000000 0.000003
529.000000 354.000000 0.000002
714.000000 354.000000 0.000002
737.000000 354.000000 0.000002
782.000000 354.000000 0.000003
969.000000 355.000000 0.000003
228.000000 376.000000 0.000003
255.000000 377.000000 0.000002
294.000000 378.000000 0.000002
926.000000 378.000000 0.000002
1035.000000 378.000000 0.000002
139.000000 379.000000 0.000003
164.000000 379.000000 0.000003
191.000000 379.000000 0.000003
275.000000 379.000000 0.000002
312.000000 379.000000 0.000003
346.000000 379.000000 0.000003
372.000000 379.000000 0.000001
422.000000 379.000000 0.000002
441.000000 379.000000 0.000002
998.000000 379.000000 0.000003
1020.000000 379.000000 0.000002
1047.000000 379.000000 0.000003
1118.000000 379.000000 0.000003
466.000000 380.000000 0.000003
490.000000 380.000000 0.000002
595.000000 380.000000 0.000002
819.000000 380.000000 0.000002
873.000000 380.000000 0.000003
939.000000 380.000000 0.000002
1067.000000 380.000000 0.000003
1094.000000 380.000000 0.000002
519.000000 381.000000 0.000002
550.000000 381.000000 0.000002
574.000000 381.000000 0.000002
612.000000 381.000000 0.000002
656.000000 381.000000 0.000002
793.000000 381.000000 0.000003
841.000000 381.000000 0.000002
907.000000 381.000000 0.000003
959.000000 381.000000 0.000002
400.000000 382.000000 0.000002
631.000000 382.000000 0.000002
643.000000 382.000000 0.000001
667.000000 382.000000 0.000002
684.000000 383.000000 0.000002
765.000000 383.000000 0.000002
705.000000 384.000000 0.000002
732.000000 384.000000 0.000002
749.000000 384.000000 0.000002
327.000000 404.000000 0.000003
465.000000 404.000000 0.000002
480.000000 404.000000 0.000003
227.000000 405.000000 0.000002
251.000000 405.000000 0.000003
277.000000 405.000000 0.000003
362.000000 405.000000 0.000003
199.000000 406.000000 0.000003
302.000000 406.000000 0.000002
386.000000 406.000000 0.000002
405.000000 406.000000 0.000002
424.000000 406.000000 0.000002
605.000000 406.000000 0.000002
682.000000 406.000000 0.000003
706.000000 406.000000 0.000002
791.000000 406.000000 0.000002
932.000000 406.000000 0.000003
984.000000 406.000000 0.000002
503.000000 407.000000 0.000002
558.000000 407.000000 0.000002
580.000000 407.000000 0.000002
630.000000 407.000000 0.000002
729.000000 407.000000 0.000002
743.000000 407.000000 0.000002
815.000000 407.000000 0.000002
836.000000 407.000000 0.000002
904.000000 407.000000 0.000003
960.000000 407.000000 0.000003
1002.000000 407.000000 0.000002
141.000000 408.000000 0.000003
448.000000 408.000000 0.000002
540.000000 408.000000 0.000002
655.000000 408.000000 0.000003
767.000000 408.000000 0.000003
858.000000 408.000000 0.000002
1058.000000 408.000000 0.000003
1083.000000 408.000000 0.000002
1104.000000 408.000000 0.000002
878.000000 409.000000 0.000002
1036.000000 409.000000 0.000003
164.000000 410.000000 0.000003
1127.000000 411.000000 0.000003
519.000000 413.000000 0.000005
1164.000000 427.000000 0.000002
1181.000000 428.000000 0.000006
361.000000 453.000000 0.000004
