201.000000 68.000000 0.000004
277.000000 68.000000 0.000002
227.000000 70.000000 0.000002
255.000000 70.000000 0.000003
300.000000 70.000000 0.000002
318.000000 70.000000 0.000005
1045.000000 78.000000 0.000004
547.000000 101.000000 0.000002
486.000000 103.000000 0.000002
506.000000 103.000000 0.000002
524.000000 104.000000 0.000003
569.000000 104.000000 0.000002
470.000000 105.000000 0.000002
152.000000 106.000000 0.000003
709.000000 106.000000 0.000002
879.000000 106.000000 0.000002
449.000000 107.000000 0.000002
895.000000 107.000000 0.000002
166.000000 108.000000 0.000002
179.000000 108.000000 0.000002
195.000000 108.000000 0.000002
212.000000 108.000000 0.000002
327.000000 108.000000 0.000002
342.000000 108.000000 0.000004
380.000000 108.000000 0.000002
400.000000 108.000000 0.000003
424.000000 108.000000 0.000003
734.000000 108.000000 0.000003
782.000000 108.000000 0.000003
231.000000 109.000000 0.000003
241.000000 109.000000 0.000002
288.000000 109.000000 0.000002
307.000000 109.000000 0.000002
353.000000 109.000000 0.000003
807.000000 109.000000 0.000003
818.000000 109.000000 0.000001
833.000000 109.000000 0.000002
256.000000 110.000000 0.000002
591.000000 110.000000 0.000002
644.000000 110.000000 0.000002
763.000000 110.000000 0.000002
852.000000 110.000000 0.000003
914.000000 110.000000 0.000002
272.000000 111.000000 0.000002
620.000000 111.000000 0.000003
667.000000 111.000000 0.000003
688.000000 111.000000 0.000002
936.000000 111.000000 0.000002
990.000000 111.000000 0.000002
1009.000000 111.000000 0.000003
955.000000 112.000000 0.000002
977.000000 113.000000 0.000003
1033.000000 113.000000 0.000003
1069.000000 113.000000 0.000002
1050.000000 115.000000 0.000002
1092.000000 116.000000 0.000002
563.000000 135.000000 0.000003
580.000000 137.000000 0.000002
486.000000 138.000000 0.000002
552.000000 138.000000 0.000004
453.000000 139.000000 0.000002
505.000000 139.000000 0.000003
761.000000 139.000000 0.000003
817.000000 139.000000 0.000002
874.000000 139.000000 0.000002
397.000000 140.000000 0.000002
419.000000 140.000000 0.000002
433.000000 140.000000 0.000002
471.000000 140.000000 0.000002
597.000000 140.000000 0.000002
736.000000 140.000000 0.000002
783.000000 140.000000 0.000002
801.000000 140.000000 0.000002
854.000000 140.000000 0.000002
893.000000 140.000000 0.000002
157.000000 141.000000 0.000003
343.000000 141.000000 0.000002
364.000000 141.000000 0.000003
628.000000 141.000000 0.000002
646.000000 141.000000 0.000002
841.000000 141.000000 0.000001
1009.000000 141.000000 0.000002
535.000000 142.000000 0.000002
610.000000 142.000000 0.000003
661.000000 142.000000 0.000002
701.000000 142.000000 0.000002
717.000000 142.000000 0.000002
917.000000 142.000000 0.000003
992.000000 142.000000 0.000003
202.000000 143.000000 0.000003
292.000000 143.000000 0.000003
321.000000 143.000000 0.000003
685.000000 143.000000 0.000003
178.000000 144.000000 0.000002
1030.000000 144.000000 0.000002
229.000000 145.000000 0.000002
247.000000 145.000000 0.000002
941.000000 145.000000 0.000002
962.000000 145.000000 0.000002
264.000000 146.000000 0.000003
1054.000000 147.000000 0.000003
1095.000000 147.000000 0.000003
457.000000 169.000000 0.000002
478.000000 169.000000 0.000002
430.000000 170.000000 0.000003
809.000000 171.000000 0.000002
828.000000 171.000000 0.000002
843.000000 171.000000 0.000002
1008.000000 171.000000 0.000002
489.000000 172.000000 0.000003
510.000000 172.000000 0.000002
648.000000 172.000000 0.000002
661.000000 172.000000 0.000001
672.000000 172.000000 0.000001
717.000000 172.000000 0.000003
752.000000 172.000000 0.000003
794.000000 172.000000 0.000002
856.000000 172.000000 0.000003
991.000000 172.000000 0.000003
408.000000 173.000000 0.000002
529.000000 173.000000 0.000002
542.000000 173.000000 0.000002
556.000000 173.000000 0.000002
574.000000 173.000000 0.000002
592.000000 173.000000 0.000002
614.000000 173.000000 0.000002
630.000000 173.000000 0.000002
695.000000 173.000000 0.000003
773.000000 173.000000 0.000002
876.000000 173.000000 0.000003
888.000000 173.000000 0.000001
964.000000 173.000000 0.000002
360.000000 174.000000 0.000002
383.000000 174.000000 0.000003
912.000000 174.000000 0.000003
941.000000 174.000000 0.000002
1027.000000 174.000000 0.000003
1053.000000 174.000000 0.000002
339.000000 175.000000 0.000002
209.000000 176.000000 0.000002
182.000000 177.000000 0.000003
230.000000 177.000000 0.000002
274.000000 177.000000 0.000002
291.000000 177.000000 0.000002
1097.000000 177.000000 0.000003
155.000000 178.000000 0.000003
315.000000 179.000000 0.000003
1075.000000 179.000000 0.000003
253.000000 180.000000 0.000003
729.000000 203.000000 0.000002
815.000000 203.000000 0.000002
949.000000 203.000000 0.000002
423.000000 204.000000 0.000003
452.000000 204.000000 0.000002
558.000000 204.000000 0.000002
639.000000 204.000000 0.000002
656.000000 204.000000 0.000002
676.000000 204.000000 0.000002
708.000000 204.000000 0.000002
762.000000 204.000000 0.000002
965.000000 204.000000 0.000002
535.000000 205.000000 0.000002
605.000000 205.000000 0.000002
626.000000 205.000000 0.000001
690.000000 205.000000 0.000002
797.000000 205.000000 0.000002
831.000000 205.000000 0.000002
902.000000 205.000000 0.000003
1033.000000 205.000000 0.000003
476.000000 206.000000 0.000003
497.000000 206.000000 0.000002
513.000000 206.000000 0.000002
575.000000 206.000000 0.000002
588.000000 206.000000 0.000002
780.000000 206.000000 0.000002
867.000000 206.000000 0.000002
884.000000 206.000000 0.000002
932.000000 206.000000 0.000002
1010.000000 206.000000 0.000002
1057.000000 206.000000 0.000002
179.000000 207.000000 0.000002
847.000000 207.000000 0.000002
1076.000000 207.000000 0.000002
401.000000 208.000000 0.000002
992.000000 208.000000 0.000003
1097.000000 209.000000 0.000002
156.000000 210.000000 0.000003
314.000000 210.000000 0.000002
336.000000 210.000000 0.000002
204.000000 211.000000 0.000003
234.000000 211.000000 0.000003
357.000000 211.000000 0.000002
378.000000 212.000000 0.000002
286.000000 213.000000 0.000003
266.000000 214.000000 0.000003
531.000000 236.000000 0.000002
719.000000 236.000000 0.000003
561.000000 237.000000 0.000003
510.000000 238.000000 0.000003
609.000000 238.000000 0.000003
624.000000 238.000000 0.000002
652.000000 238.000000 0.000002
668.000000 238.000000 0.000002
699.000000 238.000000 0.000003
784.000000 238.000000 0.000002
1043.000000 238.000000 0.000003
686.000000 239.000000 0.000002
746.000000 239.000000 0.000002
765.000000 239.000000 0.000002
883.000000 239.000000 0.000003
904.000000 239.000000 0.000002
1015.000000 239.000000 0.000002
1064.000000 239.000000 0.000003
1093.000000 239.000000 0.000003
454.000000 240.000000 0.000003
586.000000 240.000000 0.000002
639.000000 240.000000 0.000002
806.000000 240.000000 0.000003
834.000000 240.000000 0.000002
855.000000 240.000000 0.000002
966.000000 240.000000 0.000002
997.000000 240.000000 0.000002
425.000000 241.000000 0.000003
483.000000 241.000000 0.000003
948.000000 241.000000 0.000002
219.000000 242.000000 0.000003
929.000000 242.000000 0.000003
154.000000 243.000000 0.000003
193.000000 243.000000 0.000003
267.000000 243.000000 0.000003
401.000000 243.000000 0.000003
173.000000 244.000000 0.000002
242.000000 244.000000 0.000002
331.000000 244.000000 0.000002
294.000000 245.000000 0.000003
375.000000 245.000000 0.000002
353.000000 247.000000 0.000003
621.000000 269.000000 0.000001
556.000000 270.000000 0.000003
635.000000 270.000000 0.000002
678.000000 270.000000 0.000002
773.000000 270.000000 0.000003
475.000000 271.000000 0.000003
501.000000 271.000000 0.000003
580.000000 271.000000 0.000002
655.000000 271.000000 0.000002
699.000000 271.000000 0.000002
721.000000 271.000000 0.000002
757.000000 271.000000 0.000001
800.000000 271.000000 0.000002
961.000000 271.000000 0.000003
983.000000 271.000000 0.000001
1018.000000 271.000000 0.000003
1086.000000 271.000000 0.000003
1109.000000 271.000000 0.000003
261.000000 272.000000 0.000003
531.000000 272.000000 0.000003
602.000000 272.000000 0.000003
736.000000 272.000000 0.000003
785.000000 272.000000 0.000003
905.000000 272.000000 0.000003
234.000000 273.000000 0.000002
281.000000 273.000000 0.000003
862.000000 273.000000 0.000002
882.000000 273.000000 0.000001
995.000000 273.000000 0.000003
1041.000000 273.000000 0.000002
1061.000000 273.000000 0.000002
154.000000 274.000000 0.000003
213.000000 274.000000 0.000002
428.000000 274.000000 0.000002
450.000000 274.000000 0.000002
819.000000 274.000000 0.000002
310.000000 275.000000 0.000002
197.000000 276.000000 0.000002
329.000000 276.000000 0.000002
348.000000 276.000000 0.000002
403.000000 276.000000 0.000003
845.000000 276.000000 0.000003
936.000000 277.000000 0.000003
177.000000 278.000000 0.000002
372.000000 279.000000 0.000003
558.000000 302.000000 0.000002
717.000000 302.000000 0.000002
729.000000 302.000000 0.000002
772.000000 302.000000 0.000003
790.000000 302.000000 0.000003
1100.000000 302.000000 0.000003
232.000000 303.000000 0.000002
531.000000 303.000000 0.000003
582.000000 303.000000 0.000003
621.000000 303.000000 0.000002
636.000000 303.000000 0.000002
683.000000 303.000000 0.000003
702.000000 303.000000 0.000002
745.000000 303.000000 0.000002
815.000000 304.000000 0.000002
176.000000 305.000000 0.000003
194.000000 305.000000 0.000002
210.000000 305.000000 0.000002
251.000000 305.000000 0.000002
510.000000 305.000000 0.000002
604.000000 305.000000 0.000002
861.000000 305.000000 0.000002
1071.000000 305.000000 0.000003
152.000000 306.000000 0.000003
298.000000 306.000000 0.000002
314.000000 306.000000 0.000003
657.000000 306.000000 0.000002
843.000000 306.000000 0.000003
907.000000 306.000000 0.000003
973.000000 306.000000 0.000002
284.000000 307.000000 0.000004
375.000000 307.000000 0.000002
401.000000 307.000000 0.000003
420.000000 307.000000 0.000002
882.000000 307.000000 0.000001
990.000000 307.000000 0.000002
1013.000000 307.000000 0.000003
1046.000000 307.000000 0.000002
272.000000 308.000000 0.000003
342.000000 308.000000 0.000002
361.000000 308.000000 0.000002
390.000000 308.000000 0.000001
436.000000 308.000000 0.000002
926.000000 308.000000 0.000002
942.000000 308.000000 0.000002
956.000000 308.000000 0.000002
1024.000000 308.000000 0.000003
479.000000 309.000000 0.000003
455.000000 310.000000 0.000002
706.000000 333.000000 0.000002
556.000000 334.000000 0.000002
623.000000 334.000000 0.000002
1059.000000 334.000000 0.000002
170.000000 335.000000 0.000002
419.000000 335.000000 0.000003
452.000000 335.000000 0.000003
534.000000 335.000000 0.000002
576.000000 335.000000 0.000002
595.000000 335.000000 0.000003
687.000000 335.000000 0.000002
724.000000 335.000000 0.000002
1081.000000 335.000000 0.000002
149.000000 336.000000 0.000003
386.000000 336.000000 0.000003
637.000000 336.000000 0.000002
650.000000 336.000000 0.000002
743.000000 336.000000 0.000002
830.000000 336.000000 0.000003
1103.000000 336.000000 0.000003
252.000000 337.000000 0.000003
336.000000 337.000000 0.000002
358.000000 337.000000 0.000003
512.000000 337.000000 0.000002
664.000000 337.000000 0.000002
760.000000 337.000000 0.000002
779.000000 337.000000 0.000002
933.000000 337.000000 0.000002
949.000000 337.000000 0.000002
973.000000 337.000000 0.000003
1036.000000 337.000000 0.000002
276.000000 338.000000 0.000002
319.000000 338.000000 0.000002
489.000000 338.000000 0.000003
845.000000 338.000000 0.000002
856.000000 338.000000 0.000003
920.000000 338.000000 0.000002
299.000000 339.000000 0.000002
800.000000 339.000000 0.000003
869.000000 339.000000 0.000003
189.000000 340.000000 0.000002
215.000000 340.000000 0.000003
890.000000 340.000000 0.000002
1013.000000 340.000000 0.000002
994.000000 341.000000 0.000002
467.000000 364.000000 0.000002
493.000000 364.000000 0.000003
396.000000 365.000000 0.000002
504.000000 365.000000 0.000002
542.000000 365.000000 0.000002
152.000000 366.000000 0.000003
179.000000 366.000000 0.000002
201.000000 366.000000 0.000002
225.000000 366.000000 0.000002
274.000000 366.000000 0.000002
302.000000 366.000000 0.000002
323.000000 366.000000 0.000002
371.000000 366.000000 0.000002
419.000000 366.000000 0.000003
446.000000 366.000000 0.000002
605.000000 366.000000 0.000003
247.000000 367.000000 0.000003
260.000000 367.000000 0.000001
522.000000 367.000000 0.000002
556.000000 367.000000 0.000003
582.000000 367.000000 0.000003
628.000000 367.000000 0.000003
720.000000 368.000000 0.000002
344.000000 369.000000 0.000002
673.000000 369.000000 0.000002
762.000000 369.000000 0.000003
739.000000 370.000000 0.000002
654.000000 371.000000 0.000002
698.000000 371.000000 0.000003
787.000000 371.000000 0.000003
878.000000 371.000000 0.000002
949.000000 371.000000 0.000002
1094.000000 371.000000 0.000003
814.000000 372.000000 0.000002
862.000000 372.000000 0.000002
896.000000 372.000000 0.000002
920.000000 372.000000 0.000003
1002.000000 372.000000 0.000003
1049.000000 372.000000 0.000002
1071.000000 372.000000 0.000002
836.000000 373.000000 0.000003
1028.000000 373.000000 0.000002
971.000000 374.000000 0.000003
171.000000 390.000000 0.000003
148.000000 391.000000 0.000003
424.000000 391.000000 0.000002
482.000000 391.000000 0.000003
400.000000 392.000000 0.000003
263.000000 393.000000 0.000003
288.000000 393.000000 0.000003
506.000000 393.000000 0.000002
592.000000 394.000000 0.000002
341.000000 395.000000 0.000002
366.000000 395.000000 0.000003
234.000000 396.000000 0.000003
457.000000 396.000000 0.000003
573.000000 396.000000 0.000002
613.000000 397.000000 0.000003
639.000000 397.000000 0.000002
747.000000 397.000000 0.000003
203.000000 398.000000 0.000003
316.000000 398.000000 0.000003
671.000000 398.000000 0.000003
692.000000 398.000000 0.000002
725.000000 398.000000 0.000002
528.000000 399.000000 0.000003
552.000000 399.000000 0.000002
710.000000 399.000000 0.000002
815.000000 399.000000 0.000003
788.000000 400.000000 0.000003
842.000000 400.000000 0.000003
897.000000 400.000000 0.000003
960.000000 400.000000 0.000001
1052.000000 400.000000 0.000003
869.000000 401.000000 0.000003
931.000000 401.000000 0.000002
950.000000 401.000000 0.000003
1024.000000 401.000000 0.000002
917.000000 402.000000 0.000002
997.000000 402.000000 0.000003
1077.000000 405.000000 0.000002
1096.000000 405.000000 0.000005
