268.000000 55.000000 0.000002
182.000000 56.000000 0.000006
310.000000 56.000000 0.000005
245.000000 57.000000 0.000005
291.000000 57.000000 0.000002
208.000000 58.000000 0.000003
1077.000000 61.000000 0.000005
1047.000000 62.000000 0.000005
61.000000 104.000000 0.000002
81.000000 104.000000 0.000006
352.000000 106.000000 0.000002
401.000000 106.000000 0.000002
425.000000 106.000000 0.000003
555.000000 106.000000 0.000002
292.000000 107.000000 0.000003
317.000000 107.000000 0.000002
335.000000 107.000000 0.000002
369.000000 107.000000 0.000002
439.000000 107.000000 0.000003
478.000000 107.000000 0.000003
536.000000 107.000000 0.000003
576.000000 107.000000 0.000003
664.000000 107.000000 0.000003
690.000000 107.000000 0.000002
742.000000 107.000000 0.000003
806.000000 107.000000 0.000003
832.000000 107.000000 0.000003
882.000000 107.000000 0.000003
1061.000000 107.000000 0.000002
159.000000 108.000000 0.000002
188.000000 108.000000 0.000003
228.000000 108.000000 0.000002
272.000000 108.000000 0.000002
385.000000 108.000000 0.000002
463.000000 108.000000 0.000003
505.000000 108.000000 0.000003
644.000000 108.000000 0.000002
758.000000 108.000000 0.000003
781.000000 108.000000 0.000003
856.000000 108.000000 0.000003
965.000000 108.000000 0.000003
988.000000 108.000000 0.000002
1020.000000 108.000000 0.000002
1038.000000 108.000000 0.000003
1077.000000 108.000000 0.000002
137.000000 109.000000 0.000003
174.000000 109.000000 0.000002
209.000000 109.000000 0.000002
254.000000 109.000000 0.000003
601.000000 109.000000 0.000003
625.000000 109.000000 0.000003
708.000000 109.000000 0.000002
908.000000 109.000000 0.000003
938.000000 109.000000 0.000003
1006.000000 109.000000 0.000001
1096.000000 109.000000 0.000002
722.000000 110.000000 0.000002
241.000000 137.000000 0.000002
372.000000 137.000000 0.000003
395.000000 137.000000 0.000002
445.000000 137.000000 0.000002
857.000000 137.000000 0.000003
161.000000 138.000000 0.000003
186.000000 138.000000 0.000002
264.000000 138.000000 0.000002
284.000000 138.000000 0.000002
331.000000 138.000000 0.000002
348.000000 138.000000 0.000002
419.000000 138.000000 0.000003
509.000000 138.000000 0.000003
770.000000 138.000000 0.000002
832.000000 138.000000 0.000002
137.000000 139.000000 0.000003
205.000000 139.000000 0.000002
222.000000 139.000000 0.000002
310.000000 139.000000 0.000003
465.000000 139.000000 0.000002
542.000000 139.000000 0.000002
560.000000 139.000000 0.000002
578.000000 139.000000 0.000003
607.000000 139.000000 0.000002
628.000000 139.000000 0.000003
653.000000 139.000000 0.000002
797.000000 139.000000 0.000002
813.000000 139.000000 0.000002
1004.000000 139.000000 0.000002
1037.000000 139.000000 0.000002
1080.000000 139.000000 0.000002
484.000000 140.000000 0.000002
677.000000 140.000000 0.000003
697.000000 140.000000 0.000002
715.000000 140.000000 0.000002
751.000000 140.000000 0.000002
916.000000 140.000000 0.000002
972.000000 140.000000 0.000002
988.000000 140.000000 0.000002
1020.000000 140.000000 0.000002
1057.000000 140.000000 0.000002
734.000000 141.000000 0.000002
882.000000 141.000000 0.000003
897.000000 141.000000 0.000002
933.000000 141.000000 0.000002
953.000000 142.000000 0.000002
1102.000000 143.000000 0.000003
82.000000 164.000000 0.000003
137.000000 169.000000 0.000003
188.000000 169.000000 0.000003
237.000000 169.000000 0.000003
285.000000 169.000000 0.000002
306.000000 169.000000 0.000002
457.000000 169.000000 0.000002
212.000000 170.000000 0.000002
264.000000 170.000000 0.000002
328.000000 170.000000 0.000002
351.000000 170.000000 0.000003
399.000000 170.000000 0.000003
438.000000 170.000000 0.000002
473.000000 170.000000 0.000002
162.000000 171.000000 0.000003
375.000000 171.000000 0.000002
423.000000 171.000000 0.000003
496.000000 171.000000 0.000003
595.000000 171.000000 0.000003
663.000000 171.000000 0.000002
746.000000 171.000000 0.000003
766.000000 171.000000 0.000002
806.000000 171.000000 0.000003
516.000000 172.000000 0.000002
540.000000 172.000000 0.000003
565.000000 172.000000 0.000003
618.000000 172.000000 0.000002
640.000000 172.000000 0.000003
680.000000 172.000000 0.000002
695.000000 172.000000 0.000002
716.000000 172.000000 0.000002
782.000000 172.000000 0.000002
827.000000 172.000000 0.000003
1089.000000 173.000000 0.000002
842.000000 174.000000 0.000002
883.000000 174.000000 0.000003
987.000000 174.000000 0.000002
1033.000000 174.000000 0.000002
1051.000000 174.000000 0.000002
1070.000000 174.000000 0.000002
1108.000000 174.000000 0.000003
899.000000 175.000000 0.000002
1011.000000 175.000000 0.000003
859.000000 178.000000 0.000002
913.000000 178.000000 0.000002
969.000000 178.000000 0.000002
952.000000 180.000000 0.000002
931.000000 181.000000 0.000002
241.000000 199.000000 0.000002
138.000000 200.000000 0.000003
153.000000 200.000000 0.000002
184.000000 200.000000 0.000002
208.000000 200.000000 0.000003
726.000000 200.000000 0.000002
747.000000 200.000000 0.000002
222.000000 201.000000 0.000002
282.000000 201.000000 0.000002
305.000000 201.000000 0.000002
492.000000 201.000000 0.000003
164.000000 202.000000 0.000003
323.000000 202.000000 0.000002
515.000000 202.000000 0.000002
263.000000 203.000000 0.000002
366.000000 203.000000 0.000002
388.000000 203.000000 0.000002
445.000000 203.000000 0.000003
626.000000 203.000000 0.000002
683.000000 203.000000 0.000003
706.000000 203.000000 0.000002
347.000000 204.000000 0.000002
531.000000 204.000000 0.000002
586.000000 204.000000 0.000002
605.000000 204.000000 0.000002
647.000000 204.000000 0.000002
663.000000 204.000000 0.000002
423.000000 205.000000 0.000002
468.000000 205.000000 0.000003
552.000000 205.000000 0.000002
765.000000 205.000000 0.000002
783.000000 205.000000 0.000003
836.000000 205.000000 0.000002
407.000000 206.000000 0.000002
567.000000 206.000000 0.000002
807.000000 207.000000 0.000003
855.000000 207.000000 0.000002
874.000000 207.000000 0.000002
894.000000 208.000000 0.000002
916.000000 209.000000 0.000003
1034.000000 209.000000 0.000002
1057.000000 209.000000 0.000002
952.000000 210.000000 0.000002
972.000000 210.000000 0.000002
993.000000 210.000000 0.000002
1013.000000 210.000000 0.000002
937.000000 211.000000 0.000002
1076.000000 211.000000 0.000002
1095.000000 211.000000 0.000002
1111.000000 211.000000 0.000003
672.000000 232.000000 0.000002
690.000000 232.000000 0.000002
141.000000 233.000000 0.000003
204.000000 233.000000 0.000002
228.000000 233.000000 0.000002
271.000000 233.000000 0.000002
314.000000 233.000000 0.000003
649.000000 233.000000 0.000002
709.000000 233.000000 0.000002
746.000000 233.000000 0.000002
248.000000 234.000000 0.000002
343.000000 234.000000 0.000002
508.000000 234.000000 0.000002
726.000000 234.000000 0.000002
163.000000 235.000000 0.000002
183.000000 235.000000 0.000002
362.000000 235.000000 0.000002
388.000000 235.000000 0.000002
548.000000 235.000000 0.000002
570.000000 235.000000 0.000003
609.000000 235.000000 0.000002
789.000000 235.000000 0.000002
828.000000 235.000000 0.000002
292.000000 236.000000 0.000002
411.000000 236.000000 0.000002
432.000000 236.000000 0.000002
591.000000 236.000000 0.000002
629.000000 236.000000 0.000002
772.000000 236.000000 0.000003
809.000000 236.000000 0.000002
962.000000 236.000000 0.000002
452.000000 237.000000 0.000002
475.000000 237.000000 0.000003
487.000000 237.000000 0.000002
531.000000 237.000000 0.000002
847.000000 237.000000 0.000002
899.000000 237.000000 0.000002
919.000000 239.000000 0.000002
940.000000 239.000000 0.000002
985.000000 239.000000 0.000002
1105.000000 239.000000 0.000002
1039.000000 240.000000 0.000002
1061.000000 240.000000 0.000002
1076.000000 240.000000 0.000002
1090.000000 240.000000 0.000002
883.000000 241.000000 0.000002
1023.000000 241.000000 0.000002
865.000000 242.000000 0.000002
1007.000000 244.000000 0.000002
204.000000 263.000000 0.000002
721.000000 263.000000 0.000002
226.000000 264.000000 0.000002
267.000000 264.000000 0.000002
284.000000 264.000000 0.000002
303.000000 264.000000 0.000002
328.000000 264.000000 0.000003
353.000000 264.000000 0.000002
742.000000 264.000000 0.000002
783.000000 264.000000 0.000002
803.000000 264.000000 0.000002
182.000000 265.000000 0.000002
246.000000 265.000000 0.000002
369.000000 265.000000 0.000002
412.000000 265.000000 0.000002
602.000000 265.000000 0.000002
654.000000 265.000000 0.000003
824.000000 265.000000 0.000002
941.000000 265.000000 0.000002
140.000000 266.000000 0.000002
390.000000 266.000000 0.000002
581.000000 266.000000 0.000002
629.000000 266.000000 0.000003
699.000000 266.000000 0.000002
762.000000 266.000000 0.000002
161.000000 267.000000 0.000002
465.000000 267.000000 0.000002
531.000000 267.000000 0.000003
554.000000 267.000000 0.000002
679.000000 267.000000 0.000002
844.000000 267.000000 0.000003
872.000000 267.000000 0.000002
922.000000 267.000000 0.000002
979.000000 267.000000 0.000002
440.000000 268.000000 0.000003
491.000000 268.000000 0.000002
899.000000 268.000000 0.000003
962.000000 268.000000 0.000002
1043.000000 268.000000 0.000001
1056.000000 268.000000 0.000002
509.000000 269.000000 0.000002
1004.000000 269.000000 0.000003
1023.000000 269.000000 0.000002
1075.000000 269.000000 0.000002
1096.000000 269.000000 0.000003
1107.000000 270.000000 0.000003
225.000000 293.000000 0.000002
143.000000 294.000000 0.000002
205.000000 294.000000 0.000002
278.000000 294.000000 0.000002
302.000000 294.000000 0.000002
322.000000 294.000000 0.000003
335.000000 294.000000 0.000001
350.000000 294.000000 0.000002
809.000000 294.000000 0.000002
245.000000 295.000000 0.000002
259.000000 295.000000 0.000002
375.000000 295.000000 0.000003
411.000000 295.000000 0.000002
755.000000 295.000000 0.000002
771.000000 295.000000 0.000002
791.000000 295.000000 0.000002
873.000000 295.000000 0.000003
165.000000 296.000000 0.000002
184.000000 296.000000 0.000002
465.000000 296.000000 0.000002
515.000000 296.000000 0.000002
537.000000 296.000000 0.000002
556.000000 296.000000 0.000002
597.000000 296.000000 0.000002
625.000000 296.000000 0.000002
695.000000 296.000000 0.000003
716.000000 296.000000 0.000002
736.000000 296.000000 0.000002
849.000000 296.000000 0.000002
392.000000 297.000000 0.000002
432.000000 297.000000 0.000002
450.000000 297.000000 0.000002
481.000000 297.000000 0.000002
494.000000 297.000000 0.000002
579.000000 297.000000 0.000002
610.000000 297.000000 0.000002
670.000000 297.000000 0.000003
644.000000 298.000000 0.000002
829.000000 298.000000 0.000002
922.000000 298.000000 0.000002
1009.000000 298.000000 0.000002
895.000000 299.000000 0.000002
940.000000 299.000000 0.000002
1030.000000 299.000000 0.000003
963.000000 300.000000 0.000003
1052.000000 300.000000 0.000002
980.000000 301.000000 0.000003
1066.000000 301.000000 0.000002
1101.000000 301.000000 0.000003
1084.000000 304.000000 0.000002
146.000000 324.000000 0.000003
329.000000 324.000000 0.000002
353.000000 324.000000 0.000002
557.000000 324.000000 0.000002
740.000000 324.000000 0.000002
788.000000 324.000000 0.000002
276.000000 325.000000 0.000003
374.000000 325.000000 0.000002
488.000000 325.000000 0.000003
536.000000 325.000000 0.000002
579.000000 325.000000 0.000003
606.000000 325.000000 0.000002
755.000000 325.000000 0.000001
768.000000 325.000000 0.000002
172.000000 326.000000 0.000003
201.000000 326.000000 0.000003
233.000000 326.000000 0.000003
255.000000 326.000000 0.000002
396.000000 326.000000 0.000003
513.000000 326.000000 0.000002
628.000000 326.000000 0.000002
646.000000 326.000000 0.000002
670.000000 326.000000 0.000002
711.000000 326.000000 0.000003
907.000000 326.000000 0.000003
307.000000 327.000000 0.000002
418.000000 327.000000 0.000002
689.000000 327.000000 0.000002
879.000000 327.000000 0.000002
1020.000000 327.000000 0.000002
456.000000 328.000000 0.000003
935.000000 328.000000 0.000002
974.000000 328.000000 0.000002
995.000000 328.000000 0.000002
812.000000 329.000000 0.000002
1043.000000 329.000000 0.000002
854.000000 330.000000 0.000003
954.000000 330.000000 0.000002
1063.000000 330.000000 0.000002
436.000000 331.000000 0.000002
833.000000 331.000000 0.000002
1103.000000 331.000000 0.000002
1084.000000 334.000000 0.000002
512.000000 353.000000 0.000003
539.000000 353.000000 0.000002
686.000000 353.000000 0.000002
145.000000 354.000000 0.000003
489.000000 354.000000 0.000002
590.000000 354.000000 0.000002
605.000000 354.000000 0.000002
620.000000 354.000000 0.000002
641.000000 354.000000 0.000003
669.000000 354.000000 0.000002
710.000000 354.000000 0.000002
725.000000 354.000000 0.000002
769.000000 354.000000 0.000003
168.000000 355.000000 0.000002
187.000000 355.000000 0.000002
266.000000 355.000000 0.000002
284.000000 355.000000 0.000003
309.000000 355.000000 0.000002
329.000000 355.000000 0.000002
454.000000 355.000000 0.000002
473.000000 355.000000 0.000002
558.000000 355.000000 0.000002
574.000000 355.000000 0.000002
741.000000 355.000000 0.000003
216.000000 356.000000 0.000003
235.000000 356.000000 0.000002
250.000000 356.000000 0.000002
348.000000 356.000000 0.000002
434.000000 356.000000 0.000002
797.000000 356.000000 0.000002
981.000000 356.000000 0.000002
367.000000 357.000000 0.000002
413.000000 357.000000 0.000002
903.000000 357.000000 0.000003
968.000000 357.000000 0.000002
385.000000 358.000000 0.000002
399.000000 358.000000 0.000002
820.000000 358.000000 0.000002
844.000000 358.000000 0.000002
864.000000 358.000000 0.000002
883.000000 358.000000 0.000002
913.000000 358.000000 0.000003
931.000000 358.000000 0.000002
999.000000 358.000000 0.000002
1016.000000 358.000000 0.000002
1091.000000 359.000000 0.000002
948.000000 360.000000 0.000002
1034.000000 360.000000 0.000002
1108.000000 360.000000 0.000003
1072.000000 362.000000 0.000002
1053.000000 363.000000 0.000002
91.000000 381.000000 0.000005
352.000000 381.000000 0.000003
454.000000 381.000000 0.000002
517.000000 381.000000 0.000003
608.000000 381.000000 0.000002
705.000000 381.000000 0.000002
724.000000 381.000000 0.000002
740.000000 381.000000 0.000002
753.000000 381.000000 0.000002
433.000000 382.000000 0.000002
503.000000 382.000000 0.000002
581.000000 382.000000 0.000003
633.000000 382.000000 0.000003
679.000000 382.000000 0.000002
693.000000 382.000000 0.000001
415.000000 383.000000 0.000002
468.000000 383.000000 0.000002
481.000000 383.000000 0.000002
656.000000 383.000000 0.000002
769.000000 383.000000 0.000002
141.000000 384.000000 0.000003
165.000000 384.000000 0.000003
203.000000 384.000000 0.000002
219.000000 384.000000 0.000002
327.000000 384.000000 0.000003
376.000000 384.000000 0.000002
393.000000 384.000000 0.000002
544.000000 384.000000 0.000002
792.000000 384.000000 0.000002
834.000000 384.000000 0.000002
851.000000 384.000000 0.000002
864.000000 384.000000 0.000002
876.000000 384.000000 0.000001
910.000000 384.000000 0.000002
560.000000 385.000000 0.000002
810.000000 385.000000 0.000003
822.000000 385.000000 0.000001
242.000000 386.000000 0.000003
889.000000 386.000000 0.000002
989.000000 386.000000 0.000002
269.000000 387.000000 0.000003
286.000000 387.000000 0.000002
931.000000 387.000000 0.000002
949.000000 387.000000 0.000002
970.000000 387.000000 0.000002
1028.000000 387.000000 0.000002
309.000000 388.000000 0.000002
1007.000000 388.000000 0.000002
1050.000000 389.000000 0.000002
1077.000000 389.000000 0.000002
1092.000000 389.000000 0.000002
1124.000000 390.000000 0.000003
632.000000 407.000000 0.000002
608.000000 408.000000 0.000003
664.000000 408.000000 0.000002
550.000000 409.000000 0.000002
618.000000 409.000000 0.000001
681.000000 409.000000 0.000002
698.000000 409.000000 0.000002
739.000000 409.000000 0.000003
458.000000 410.000000 0.000002
468.000000 410.000000 0.000003
567.000000 410.000000 0.000002
589.000000 410.000000 0.000002
643.000000 410.000000 0.000003
716.000000 410.000000 0.000002
364.000000 411.000000 0.000002
384.000000 411.000000 0.000002
444.000000 411.000000 0.000002
764.000000 411.000000 0.000002
326.000000 412.000000 0.000003
348.000000 412.000000 0.000002
415.000000 412.000000 0.000002
526.000000 412.000000 0.000002
786.000000 412.000000 0.000002
430.000000 413.000000 0.000002
504.000000 413.000000 0.000002
803.000000 413.000000 0.000002
826.000000 413.000000 0.000003
891.000000 413.000000 0.000002
140.000000 414.000000 0.000003
213.000000 414.000000 0.000002
233.000000 414.000000 0.000002
485.000000 414.000000 0.000002
843.000000 414.000000 0.000002
920.000000 414.000000 0.000003
159.000000 415.000000 0.000001
192.000000 415.000000 0.000002
253.000000 415.000000 0.000002
290.000000 415.000000 0.000002
865.000000 415.000000 0.000003
173.000000 416.000000 0.000003
271.000000 416.000000 0.000002
304.000000 416.000000 0.000001
1009.000000 416.000000 0.000003
1034.000000 416.000000 0.000002
1066.000000 416.000000 0.000002
1082.000000 416.000000 0.000002
944.000000 417.000000 0.000002
964.000000 417.000000 0.000002
984.000000 417.000000 0.000003
1048.000000 417.000000 0.000002
1112.000000 417.000000 0.000004
