228.000000 59.000000 0.000006
319.000000 59.000000 0.000003
254.000000 60.000000 0.000003
294.000000 60.000000 0.000005
343.000000 60.000000 0.000003
367.000000 61.000000 0.000006
1054.000000 73.000000 0.000005
1085.000000 74.000000 0.000005
316.000000 110.000000 0.000003
134.000000 111.000000 0.000003
213.000000 111.000000 0.000002
339.000000 111.000000 0.000002
298.000000 112.000000 0.000002
383.000000 112.000000 0.000002
448.000000 112.000000 0.000002
177.000000 113.000000 0.000002
196.000000 113.000000 0.000002
255.000000 113.000000 0.000003
280.000000 113.000000 0.000002
358.000000 113.000000 0.000003
403.000000 113.000000 0.000002
466.000000 113.000000 0.000003
488.000000 113.000000 0.000003
596.000000 113.000000 0.000003
844.000000 113.000000 0.000003
235.000000 114.000000 0.000002
426.000000 114.000000 0.000003
620.000000 114.000000 0.000003
831.000000 114.000000 0.000002
863.000000 114.000000 0.000002
155.000000 115.000000 0.000002
507.000000 115.000000 0.000002
569.000000 115.000000 0.000003
879.000000 115.000000 0.000002
546.000000 116.000000 0.000002
687.000000 116.000000 0.000003
897.000000 116.000000 0.000002
983.000000 116.000000 0.000002
715.000000 117.000000 0.000003
758.000000 117.000000 0.000002
819.000000 117.000000 0.000001
970.000000 117.000000 0.000001
1002.000000 117.000000 0.000002
642.000000 118.000000 0.000002
662.000000 118.000000 0.000003
739.000000 118.000000 0.000002
778.000000 118.000000 0.000002
804.000000 118.000000 0.000003
916.000000 118.000000 0.000003
957.000000 118.000000 0.000002
1098.000000 118.000000 0.000002
1113.000000 118.000000 0.000003
1123.000000 118.000000 0.000003
1023.000000 119.000000 0.000002
1082.000000 120.000000 0.000002
527.000000 121.000000 0.000002
938.000000 121.000000 0.000003
1065.000000 122.000000 0.000002
1044.000000 123.000000 0.000002
352.000000 142.000000 0.000002
305.000000 143.000000 0.000002
323.000000 143.000000 0.000003
487.000000 143.000000 0.000003
131.000000 144.000000 0.000002
334.000000 144.000000 0.000001
372.000000 144.000000 0.000002
149.000000 145.000000 0.000002
281.000000 145.000000 0.000003
166.000000 146.000000 0.000002
395.000000 146.000000 0.000002
418.000000 146.000000 0.000003
442.000000 146.000000 0.000002
463.000000 146.000000 0.000003
827.000000 146.000000 0.000003
909.000000 146.000000 0.000002
209.000000 147.000000 0.000002
229.000000 147.000000 0.000002
251.000000 147.000000 0.000003
547.000000 147.000000 0.000003
618.000000 147.000000 0.000002
660.000000 147.000000 0.000002
850.000000 147.000000 0.000002
866.000000 147.000000 0.000002
949.000000 147.000000 0.000002
183.000000 148.000000 0.000003
516.000000 148.000000 0.000003
573.000000 148.000000 0.000002
595.000000 148.000000 0.000003
639.000000 148.000000 0.000002
679.000000 148.000000 0.000003
743.000000 148.000000 0.000002
772.000000 148.000000 0.000002
786.000000 148.000000 0.000003
887.000000 148.000000 0.000002
969.000000 148.000000 0.000002
706.000000 149.000000 0.000002
725.000000 149.000000 0.000002
760.000000 149.000000 0.000002
807.000000 149.000000 0.000002
931.000000 149.000000 0.000002
985.000000 149.000000 0.000003
1010.000000 150.000000 0.000002
1120.000000 151.000000 0.000003
1031.000000 153.000000 0.000003
1060.000000 153.000000 0.000002
1105.000000 153.000000 0.000002
1086.000000 154.000000 0.000002
287.000000 173.000000 0.000003
371.000000 173.000000 0.000002
309.000000 174.000000 0.000002
327.000000 174.000000 0.000002
348.000000 174.000000 0.000002
391.000000 174.000000 0.000002
154.000000 175.000000 0.000002
206.000000 175.000000 0.000003
224.000000 175.000000 0.000002
264.000000 175.000000 0.000003
412.000000 175.000000 0.000002
437.000000 175.000000 0.000002
132.000000 176.000000 0.000003
173.000000 176.000000 0.000003
901.000000 176.000000 0.000002
919.000000 176.000000 0.000002
247.000000 177.000000 0.000003
455.000000 177.000000 0.000002
467.000000 177.000000 0.000002
481.000000 177.000000 0.000002
663.000000 177.000000 0.000002
811.000000 177.000000 0.000002
837.000000 177.000000 0.000003
939.000000 177.000000 0.000002
502.000000 178.000000 0.000002
531.000000 178.000000 0.000003
547.000000 178.000000 0.000002
616.000000 178.000000 0.000003
641.000000 178.000000 0.000002
729.000000 178.000000 0.000002
742.000000 178.000000 0.000002
763.000000 178.000000 0.000002
862.000000 178.000000 0.000002
881.000000 178.000000 0.000002
957.000000 178.000000 0.000002
974.000000 178.000000 0.000002
996.000000 178.000000 0.000002
520.000000 179.000000 0.000001
590.000000 179.000000 0.000003
710.000000 179.000000 0.000002
783.000000 179.000000 0.000003
568.000000 180.000000 0.000002
688.000000 180.000000 0.000003
1012.000000 180.000000 0.000002
1032.000000 180.000000 0.000003
1061.000000 180.000000 0.000002
1082.000000 180.000000 0.000002
1103.000000 181.000000 0.000002
375.000000 204.000000 0.000003
405.000000 204.000000 0.000003
431.000000 205.000000 0.000003
467.000000 205.000000 0.000002
941.000000 205.000000 0.000002
315.000000 206.000000 0.000003
355.000000 206.000000 0.000002
486.000000 206.000000 0.000002
535.000000 206.000000 0.000002
963.000000 206.000000 0.000002
984.000000 206.000000 0.000002
188.000000 207.000000 0.000003
449.000000 207.000000 0.000002
500.000000 207.000000 0.000002
518.000000 207.000000 0.000002
585.000000 207.000000 0.000003
836.000000 207.000000 0.000002
135.000000 208.000000 0.000003
237.000000 208.000000 0.000002
253.000000 208.000000 0.000002
271.000000 208.000000 0.000003
294.000000 208.000000 0.000002
555.000000 208.000000 0.000002
1066.000000 208.000000 0.000003
1092.000000 208.000000 0.000002
159.000000 209.000000 0.000003
215.000000 209.000000 0.000003
339.000000 209.000000 0.000002
714.000000 209.000000 0.000002
795.000000 209.000000 0.000002
852.000000 209.000000 0.000002
916.000000 209.000000 0.000003
1006.000000 209.000000 0.000003
1032.000000 209.000000 0.000002
1050.000000 209.000000 0.000002
739.000000 210.000000 0.000002
780.000000 210.000000 0.000003
615.000000 211.000000 0.000003
757.000000 211.000000 0.000002
812.000000 211.000000 0.000002
868.000000 211.000000 0.000003
895.000000 211.000000 0.000002
1116.000000 211.000000 0.000003
1127.000000 211.000000 0.000003
643.000000 212.000000 0.000003
667.000000 212.000000 0.000003
695.000000 214.000000 0.000002
433.000000 236.000000 0.000002
446.000000 236.000000 0.000002
509.000000 236.000000 0.000002
1085.000000 236.000000 0.000002
177.000000 237.000000 0.000002
321.000000 237.000000 0.000002
353.000000 237.000000 0.000002
388.000000 237.000000 0.000002
400.000000 237.000000 0.000001
465.000000 237.000000 0.000002
491.000000 237.000000 0.000003
523.000000 237.000000 0.000002
570.000000 237.000000 0.000003
1007.000000 237.000000 0.000002
1069.000000 237.000000 0.000002
1105.000000 237.000000 0.000002
259.000000 238.000000 0.000003
303.000000 238.000000 0.000002
373.000000 238.000000 0.000002
414.000000 238.000000 0.000002
985.000000 238.000000 0.000002
1034.000000 238.000000 0.000003
1053.000000 238.000000 0.000002
1122.000000 238.000000 0.000003
155.000000 239.000000 0.000002
202.000000 239.000000 0.000003
231.000000 239.000000 0.000003
283.000000 239.000000 0.000002
335.000000 239.000000 0.000002
544.000000 239.000000 0.000003
969.000000 239.000000 0.000002
939.000000 240.000000 0.000001
953.000000 240.000000 0.000002
134.000000 241.000000 0.000002
597.000000 241.000000 0.000003
716.000000 241.000000 0.000003
762.000000 241.000000 0.000002
685.000000 242.000000 0.000002
737.000000 242.000000 0.000002
905.000000 242.000000 0.000002
919.000000 242.000000 0.000001
643.000000 243.000000 0.000002
662.000000 243.000000 0.000002
782.000000 243.000000 0.000002
802.000000 243.000000 0.000002
830.000000 243.000000 0.000002
851.000000 243.000000 0.000002
874.000000 243.000000 0.000003
624.000000 244.000000 0.000002
324.000000 265.000000 0.000003
370.000000 265.000000 0.000002
995.000000 265.000000 0.000003
162.000000 266.000000 0.000002
351.000000 266.000000 0.000002
1044.000000 266.000000 0.000002
136.000000 267.000000 0.000003
264.000000 267.000000 0.000002
389.000000 267.000000 0.000002
1061.000000 267.000000 0.000002
189.000000 268.000000 0.000003
286.000000 268.000000 0.000002
300.000000 268.000000 0.000002
404.000000 268.000000 0.000002
417.000000 268.000000 0.000003
445.000000 268.000000 0.000003
473.000000 268.000000 0.000002
516.000000 268.000000 0.000002
534.000000 268.000000 0.000002
563.000000 268.000000 0.000003
693.000000 268.000000 0.000003
968.000000 268.000000 0.000003
1023.000000 268.000000 0.000002
1077.000000 268.000000 0.000002
1094.000000 268.000000 0.000002
1112.000000 268.000000 0.000002
242.000000 269.000000 0.000002
584.000000 269.000000 0.000002
626.000000 269.000000 0.000002
762.000000 269.000000 0.000003
774.000000 269.000000 0.000001
787.000000 269.000000 0.000003
497.000000 270.000000 0.000002
606.000000 270.000000 0.000002
645.000000 270.000000 0.000003
832.000000 270.000000 0.000002
848.000000 270.000000 0.000002
946.000000 270.000000 0.000002
217.000000 271.000000 0.000003
718.000000 271.000000 0.000002
738.000000 271.000000 0.000002
812.000000 271.000000 0.000002
909.000000 271.000000 0.000002
927.000000 271.000000 0.000002
670.000000 272.000000 0.000002
866.000000 272.000000 0.000002
887.000000 272.000000 0.000002
162.000000 294.000000 0.000002
365.000000 294.000000 0.000002
381.000000 294.000000 0.000002
399.000000 294.000000 0.000002
140.000000 295.000000 0.000003
183.000000 295.000000 0.000002
421.000000 296.000000 0.000002
446.000000 296.000000 0.000003
203.000000 297.000000 0.000003
228.000000 297.000000 0.000003
292.000000 297.000000 0.000003
346.000000 297.000000 0.000002
435.000000 297.000000 0.000001
1057.000000 297.000000 0.000003
276.000000 298.000000 0.000002
321.000000 298.000000 0.000003
467.000000 298.000000 0.000002
567.000000 298.000000 0.000003
1081.000000 298.000000 0.000002
1101.000000 298.000000 0.000002
1118.000000 298.000000 0.000003
526.000000 299.000000 0.000003
551.000000 299.000000 0.000002
591.000000 299.000000 0.000003
686.000000 299.000000 0.000002
741.000000 299.000000 0.000003
996.000000 299.000000 0.000003
257.000000 300.000000 0.000003
498.000000 300.000000 0.000003
664.000000 300.000000 0.000002
708.000000 300.000000 0.000002
767.000000 300.000000 0.000003
798.000000 300.000000 0.000003
823.000000 300.000000 0.000002
1024.000000 300.000000 0.000003
511.000000 301.000000 0.000001
615.000000 301.000000 0.000002
629.000000 301.000000 0.000002
843.000000 301.000000 0.000002
909.000000 301.000000 0.000002
644.000000 302.000000 0.000002
868.000000 302.000000 0.000002
892.000000 302.000000 0.000002
934.000000 302.000000 0.000003
945.000000 302.000000 0.000003
962.000000 303.000000 0.000002
978.000000 303.000000 0.000002
392.000000 325.000000 0.000003
545.000000 325.000000 0.000003
136.000000 327.000000 0.000003
336.000000 327.000000 0.000002
372.000000 327.000000 0.000002
420.000000 327.000000 0.000003
446.000000 327.000000 0.000003
480.000000 327.000000 0.000003
517.000000 327.000000 0.000003
595.000000 327.000000 0.000003
609.000000 327.000000 0.000003
359.000000 328.000000 0.000003
570.000000 328.000000 0.000003
706.000000 328.000000 0.000002
731.000000 328.000000 0.000003
180.000000 329.000000 0.000002
227.000000 329.000000 0.000002
286.000000 329.000000 0.000002
297.000000 329.000000 0.000003
314.000000 329.000000 0.000002
640.000000 329.000000 0.000002
694.000000 329.000000 0.000001
198.000000 330.000000 0.000003
243.000000 330.000000 0.000002
661.000000 330.000000 0.000003
682.000000 330.000000 0.000002
754.000000 330.000000 0.000002
1083.000000 330.000000 0.000002
1106.000000 330.000000 0.000003
268.000000 331.000000 0.000003
886.000000 331.000000 0.000002
783.000000 332.000000 0.000003
801.000000 332.000000 0.000002
926.000000 332.000000 0.000002
1055.000000 332.000000 0.000002
821.000000 333.000000 0.000002
845.000000 333.000000 0.000003
946.000000 333.000000 0.000003
992.000000 333.000000 0.000002
1036.000000 333.000000 0.000002
970.000000 334.000000 0.000002
1012.000000 334.000000 0.000003
871.000000 335.000000 0.000002
906.000000 335.000000 0.000002
320.000000 354.000000 0.000003
134.000000 355.000000 0.000002
331.000000 355.000000 0.000003
177.000000 356.000000 0.000003
299.000000 356.000000 0.000002
382.000000 356.000000 0.000003
153.000000 357.000000 0.000002
350.000000 357.000000 0.000003
408.000000 357.000000 0.000003
684.000000 357.000000 0.000003
205.000000 358.000000 0.000002
261.000000 358.000000 0.000003
433.000000 358.000000 0.000003
713.000000 358.000000 0.000002
232.000000 359.000000 0.000003
282.000000 359.000000 0.000002
454.000000 359.000000 0.000002
489.000000 359.000000 0.000002
744.000000 359.000000 0.000003
784.000000 359.000000 0.000002
473.000000 360.000000 0.000002
508.000000 360.000000 0.000002
525.000000 360.000000 0.000003
546.000000 360.000000 0.000003
560.000000 360.000000 0.000002
580.000000 360.000000 0.000002
664.000000 360.000000 0.000002
765.000000 360.000000 0.000002
641.000000 361.000000 0.000003
804.000000 361.000000 0.000002
831.000000 362.000000 0.000002
624.000000 363.000000 0.000002
852.000000 363.000000 0.000002
1005.000000 363.000000 0.000002
1028.000000 363.000000 0.000003
1076.000000 363.000000 0.000001
598.000000 364.000000 0.000003
875.000000 364.000000 0.000002
921.000000 364.000000 0.000002
936.000000 364.000000 0.000002
985.000000 364.000000 0.000003
1062.000000 364.000000 0.000003
1090.000000 364.000000 0.000003
889.000000 365.000000 0.000003
900.000000 365.000000 0.000001
956.000000 365.000000 0.000003
1113.000000 369.000000 0.000003
161.000000 382.000000 0.000003
132.000000 383.000000 0.000003
227.000000 385.000000 0.000002
265.000000 385.000000 0.000002
183.000000 386.000000 0.000002
246.000000 386.000000 0.000002
284.000000 386.000000 0.000001
197.000000 387.000000 0.000003
296.000000 387.000000 0.000002
332.000000 387.000000 0.000003
355.000000 387.000000 0.000002
703.000000 387.000000 0.000001
314.000000 388.000000 0.000002
579.000000 388.000000 0.000003
689.000000 388.000000 0.000002
366.000000 389.000000 0.000001
423.000000 389.000000 0.000003
449.000000 389.000000 0.000002
530.000000 389.000000 0.000003
554.000000 389.000000 0.000002
607.000000 389.000000 0.000002
645.000000 389.000000 0.000002
667.000000 389.000000 0.000002
505.000000 390.000000 0.000002
628.000000 390.000000 0.000002
791.000000 390.000000 0.000002
814.000000 390.000000 0.000003
842.000000 390.000000 0.000003
871.000000 390.000000 0.000003
1028.000000 390.000000 0.000003
380.000000 391.000000 0.000002
394.000000 391.000000 0.000002
407.000000 391.000000 0.000002
485.000000 391.000000 0.000002
768.000000 391.000000 0.000002
746.000000 392.000000 0.000002
896.000000 392.000000 0.000003
945.000000 392.000000 0.000002
1083.000000 392.000000 0.000002
924.000000 393.000000 0.000002
960.000000 393.000000 0.000002
1048.000000 393.000000 0.000003
1004.000000 394.000000 0.000003
978.000000 395.000000 0.000002
1107.000000 395.000000 0.000003
222.000000 408.000000 0.000002
159.000000 409.000000 0.000003
204.000000 409.000000 0.000002
133.000000 410.000000 0.000003
183.000000 410.000000 0.000002
246.000000 412.000000 0.000002
272.000000 412.000000 0.000003
665.000000 415.000000 0.000002
320.000000 416.000000 0.000002
539.000000 416.000000 0.000003
616.000000 416.000000 0.000002
629.000000 416.000000 0.000002
647.000000 416.000000 0.000002
685.000000 416.000000 0.000004
757.000000 416.000000 0.000003
351.000000 417.000000 0.000003
503.000000 417.000000 0.000003
561.000000 417.000000 0.000002
581.000000 417.000000 0.000002
597.000000 417.000000 0.000002
698.000000 417.000000 0.000003
719.000000 417.000000 0.000002
735.000000 417.000000 0.000003
299.000000 418.000000 0.000002
832.000000 418.000000 0.000003
395.000000 419.000000 0.000002
413.000000 419.000000 0.000002
433.000000 419.000000 0.000002
448.000000 419.000000 0.000002
481.000000 419.000000 0.000002
783.000000 419.000000 0.000002
805.000000 419.000000 0.000002
854.000000 419.000000 0.000002
956.000000 419.000000 0.000002
1059.000000 419.000000 0.000003
461.000000 420.000000 0.000002
910.000000 420.000000 0.000002
993.000000 420.000000 0.000002
1015.000000 420.000000 0.000002
1037.000000 420.000000 0.000003
1070.000000 420.000000 0.000003
1089.000000 420.000000 0.000002
377.000000 421.000000 0.000002
869.000000 421.000000 0.000002
888.000000 421.000000 0.000002
975.000000 421.000000 0.000002
932.000000 422.000000 0.000003
1114.000000 422.000000 0.000003
1157.000000 428.000000 0.000004
