166 181
15 30
465 477
206 226
59 64
67 77
347 360
406 409
490 497
100 101
132 133
461 470
343 344
483 485
203 211
321 334
376 377
114 120
317 318
15 16
36 48
449 455
258 277
350 351
199 200
159 164
272 288
351 352
161 182
81 82
173 174
254 257
233 234
424 430
265 266
505 513
114 115
158 167
266 267
358 359
439 442
299 300
113 119
372 379
472 475
183 201
254 261
354 357
346 353
17 25
158 162
9 30
457 458
306 307
298 303
21 22
390 395
239 244
280 291
339 340
80 89
331 336
94 100
253 273
505 512
143 150
394 397
346 357
65 69
335 338
279 285
439 441
309 313
121 122
360 367
401 405
153 154
2 3
10 16
10 25
271 295
452 468
131 144
361 368
246 247
95 96
286 292
453 469
375 388
187 188
216 224
208 220
515 520
128 129
327 338
419 421
489 504
69 70
301 304
42 53
134 145
171 194
372 373
271 290
172 180
83 99
326 333
305 310
253 272
43 44
286 287
116 123
267 283
394 396
227 228
378 388
76 77
256 273
138 147
179 197
186 196
319 320
279 284
348 356
168 169
400 403
408 416
371 376
79 88
90 97
82 93
190 193
352 353
412 413
293 294
83 94
463 464
183 190
345 350
215 222
445 446
35 44
375 387
478 479
456 460
319 333
440 443
170 192
268 269
511 512
134 135
260 274
39 46
393 404
452 453
75 76
411 412
382 385
474 477
78 86
89 95
109 110
389 393
348 364
50 51
79 87
90 96
142 143
349 356
514 527
204 212
175 176
74 93
426 432
482 485
38 45
57 58
337 341
300 301
496 523
510 516
270 278
241 242
200 201
451 466
141 142
473 475
274 275
447 450
174 175
145 148
487 504
166 180
518 519
156 157
315 321
436 440
237 240
415 417
248 249
78 85
418 419
170 177
130 141
259 264
159 186
299 309
281 282
492 493
362 374
381 387
303 306
481 483
104 106
222 232
514 526
1 4
466 467
495 503
336 339
226 235
444 448
107 116
517 527
277 289
337 340
499 500
8 12
251 255
207 230
391 396
163 169
491 492
4 5
243 250
60 67
414 425
432 433
22 31
233 242
165 187
252 255
217 225
524 525
155 161
288 294
506 507
258 262
237 239
70 71
377 380
498 499
210 221
121 140
513 524
62 72
33 36
41 49
73 81
162 168
494 501
155 156
37 42
247 248
137 138
298 302
188 189
128 147
118 124
8 11
280 281
48 56
80 88
129 139
251 263
262 263
132 144
184 191
491 500
62 85
324 332
173 181
103 104
14 26
195 196
365 369
136 137
428 434
136 146
269 270
366 370
398 402
358 366
0 2
268 283
40 47
450 458
380 381
399 403
383 386
151 152
431 435
110 111
192 199
213 231
243 244
361 367
305 314
202 203
261 289
413 414
51 52
73 98
202 221
14 21
66 68
476 479
354 355
438 443
417 420
206 227
379 384
209 220
427 433
406 410
29 33
191 193
398 415
461 462
490 498
32 34
397 401
17 18
127 149
446 451
486 487
457 460
287 296
449 456
427 428
160 182
519 520
442 444
312 325
420 425
383 385
91 97
54 57
232 234
205 217
31 55
423 430
345 349
146 149
405 409
127 135
497 510
378 382
117 118
28 40
368 374
209 210
61 64
150 151
113 120
39 45
91 92
293 297
334 335
75 84
464 472
13 20
24 29
275 276
35 38
124 125
459 469
6 7
157 167
139 140
341 342
23 32
282 292
342 343
205 216
102 105
223 224
482 484
474 480
323 329
164 165
108 112
467 468
316 317
438 441
308 313
197 198
68 84
238 245
27 43
408 418
50 54
160 176
12 18
422 429
23 27
290 291
501 502
311 332
13 19
24 28
445 448
315 320
307 325
264 265
507 508
515 521
208 230
389 391
178 189
238 240
71 72
489 496
508 509
322 328
101 103
20 26
1 3
115 123
252 259
34 55
105 106
495 511
323 328
447 471
108 111
46 47
407 416
308 312
218 229
400 404
241 249
163 177
481 486
355 365
215 223
296 297
304 310
518 526
214 236
86 87
359 371
256 260
488 494
329 330
49 56
178 179
278 284
330 331
322 327
362 363
211 212
422 423
60 61
171 185
454 455
112 117
152 153
522 528
363 364
122 130
53 58
37 41
236 250
74 99
185 195
214 231
245 246
465 478
59 65
517 525
369 370
207 219
218 228
421 426
92 98
521 522
219 229
462 463
454 459
392 395
314 326
204 213
436 437
506 523
107 109
509 516
285 295
528 529
126 131
488 493
429 434
11 19
63 66
410 411
402 407
184 194
470 471
502 503
125 126
311 316
473 476
384 386
392 399
324 344
133 148
424 431
