166 181
444 445
428 437
59 82
8 9
118 131
439 443
100 101
132 133
331 342
324 330
243 256
413 417
376 377
273 275
106 107
317 318
446 450
96 99
287 304
229 232
277 281
347 355
188 191
107 117
199 200
335 371
48 49
239 245
291 292
251 265
383 384
391 397
261 269
423 429
240 246
203 206
154 161
332 338
361 374
22 23
233 234
424 430
22 32
376 390
114 115
325 326
195 198
338 354
266 267
298 299
306 312
358 359
228 231
207 208
398 404
419 436
140 145
331 341
205 211
334 361
165 174
424 425
143 146
365 366
28 34
7 11
247 258
306 307
387 399
180 186
268 280
272 278
339 340
102 104
94 100
162 173
397 403
84 92
87 97
195 197
187 193
378 389
430 436
120 121
88 98
168 179
29 30
160 184
121 122
401 405
352 363
2 3
113 127
131 135
434 438
35 36
246 247
95 96
116 128
187 188
57 69
17 42
449 453
76 91
117 129
371 372
58 61
220 221
379 394
161 171
31 43
253 254
282 290
102 103
293 308
453 455
286 296
346 347
378 388
438 439
65 77
76 77
348 356
400 403
448 452
168 178
241 248
333 340
260 279
352 353
150 166
360 375
293 294
385 386
386 387
9 10
157 164
300 320
440 443
419 420
238 256
201 216
289 301
134 135
142 148
422 431
282 289
290 302
411 412
204 208
204 217
175 181
252 266
16 26
296 309
108 118
108 136
89 95
138 146
109 110
337 364
27 40
201 202
408 415
50 51
42 47
142 143
422 426
23 33
274 280
303 316
326 327
175 176
24 25
152 183
244 257
56 57
288 300
359 360
367 373
407 418
318 328
297 305
167 177
70 86
149 159
448 455
90 91
414 417
151 177
60 68
31 32
255 262
144 147
123 124
196 203
447 450
252 265
14 46
156 157
97 98
248 258
189 190
451 452
433 434
392 393
314 315
1 4
374 375
122 123
196 207
37 43
447 454
85 92
288 299
167 176
8 12
210 226
270 277
262 273
391 396
370 373
240 245
381 382
4 5
52 54
60 67
255 261
432 442
14 27
74 87
237 239
388 399
358 367
421 423
81 94
103 109
155 156
114 127
214 223
7 10
18 19
406 411
170 171
129 130
111 112
380 395
162 163
313 323
384 392
225 228
85 86
36 41
47 50
136 137
366 370
398 402
180 189
0 2
48 51
69 83
169 170
343 350
321 322
253 267
110 120
62 71
73 80
154 172
225 232
354 364
235 236
357 369
214 222
409 416
198 223
427 433
406 410
21 29
380 394
224 226
25 26
242 271
313 322
413 418
158 164
449 456
319 328
139 141
220 224
349 365
150 165
132 138
62 70
405 409
426 441
283 294
217 218
179 182
227 231
28 40
250 251
209 210
427 432
209 219
58 68
191 192
260 264
312 320
61 82
349 369
242 243
301 329
39 45
205 212
342 348
75 93
345 353
202 206
275 276
64 74
124 125
65 66
335 344
139 140
249 259
401 402
172 173
153 169
385 393
24 33
283 284
105 116
307 321
38 44
276 281
149 158
90 99
241 259
249 272
341 355
441 442
104 119
382 383
115 128
334 343
53 55
183 192
64 73
407 412
237 257
89 93
356 357
71 72
111 126
333 346
263 278
311 327
1 3
314 323
45 46
105 106
137 147
315 324
15 41
78 79
49 52
178 184
19 20
456 457
238 244
400 404
197 215
63 72
362 368
20 21
414 415
190 194
263 264
112 113
303 309
53 54
13 18
56 59
304 319
229 234
78 83
297 298
329 330
377 379
389 390
270 271
421 431
230 235
79 84
310 316
11 38
310 325
351 372
182 185
211 221
222 230
311 317
152 153
233 236
395 396
212 213
336 337
444 446
428 429
269 274
250 279
130 134
218 219
199 215
30 37
119 133
63 80
410 416
451 454
200 216
12 16
81 88
284 295
141 148
292 308
363 368
435 445
15 17
193 194
425 437
285 286
285 295
159 174
291 302
351 362
151 160
125 126
332 339
34 35
66 67
435 440
155 163
336 345
