202.000000 51.000000 0.000006
285.000000 51.000000 0.000002
307.000000 51.000000 0.000002
262.000000 52.000000 0.000005
327.000000 52.000000 0.000005
225.000000 53.000000 0.000003
1044.000000 71.000000 0.000005
1064.000000 72.000000 0.000005
216.000000 100.000000 0.000003
141.000000 102.000000 0.000003
154.000000 102.000000 0.000001
164.000000 104.000000 0.000003
347.000000 104.000000 0.000003
723.000000 104.000000 0.000002
183.000000 105.000000 0.000002
196.000000 105.000000 0.000001
242.000000 105.000000 0.000003
269.000000 106.000000 0.000003
395.000000 107.000000 0.000003
485.000000 107.000000 0.000003
641.000000 107.000000 0.000003
699.000000 107.000000 0.000003
292.000000 108.000000 0.000003
313.000000 108.000000 0.000003
325.000000 108.000000 0.000003
370.000000 108.000000 0.000002
417.000000 108.000000 0.000002
466.000000 108.000000 0.000002
509.000000 108.000000 0.000002
678.000000 108.000000 0.000002
442.000000 109.000000 0.000003
523.000000 109.000000 0.000002
538.000000 109.000000 0.000002
565.000000 109.000000 0.000003
661.000000 109.000000 0.000002
863.000000 109.000000 0.000002
1054.000000 109.000000 0.000002
586.000000 110.000000 0.000003
611.000000 110.000000 0.000003
743.000000 110.000000 0.000002
834.000000 110.000000 0.000002
757.000000 111.000000 0.000002
777.000000 111.000000 0.000003
877.000000 111.000000 0.000002
897.000000 111.000000 0.000002
799.000000 112.000000 0.000002
820.000000 112.000000 0.000002
916.000000 112.000000 0.000002
932.000000 112.000000 0.000002
955.000000 112.000000 0.000002
1038.000000 112.000000 0.000002
1079.000000 112.000000 0.000003
970.000000 113.000000 0.000002
985.000000 113.000000 0.000004
1098.000000 113.000000 0.000004
1016.000000 114.000000 0.000003
1005.000000 115.000000 0.000001
170.000000 135.000000 0.000003
586.000000 136.000000 0.000003
149.000000 137.000000 0.000003
521.000000 137.000000 0.000002
557.000000 137.000000 0.000002
608.000000 137.000000 0.000002
204.000000 138.000000 0.000002
228.000000 138.000000 0.000002
250.000000 138.000000 0.000002
317.000000 138.000000 0.000002
339.000000 138.000000 0.000002
497.000000 138.000000 0.000003
271.000000 139.000000 0.000002
295.000000 139.000000 0.000002
364.000000 139.000000 0.000003
386.000000 139.000000 0.000002
410.000000 139.000000 0.000002
428.000000 139.000000 0.000002
472.000000 139.000000 0.000003
543.000000 139.000000 0.000003
633.000000 139.000000 0.000003
666.000000 139.000000 0.000002
714.000000 139.000000 0.000001
724.000000 139.000000 0.000003
457.000000 140.000000 0.000002
652.000000 140.000000 0.000002
737.000000 140.000000 0.000002
751.000000 140.000000 0.000002
769.000000 140.000000 0.000002
793.000000 140.000000 0.000003
443.000000 141.000000 0.000003
811.000000 141.000000 0.000002
832.000000 141.000000 0.000003
701.000000 142.000000 0.000003
864.000000 142.000000 0.000003
906.000000 144.000000 0.000002
1081.000000 144.000000 0.000002
888.000000 145.000000 0.000002
987.000000 145.000000 0.000003
1062.000000 145.000000 0.000002
923.000000 146.000000 0.000002
947.000000 146.000000 0.000002
1014.000000 146.000000 0.000003
1041.000000 147.000000 0.000002
1102.000000 147.000000 0.000003
966.000000 148.000000 0.000002
143.000000 167.000000 0.000003
223.000000 167.000000 0.000002
536.000000 167.000000 0.000002
553.000000 167.000000 0.000002
573.000000 167.000000 0.000002
158.000000 168.000000 0.000002
201.000000 168.000000 0.000002
273.000000 168.000000 0.000003
340.000000 168.000000 0.000002
356.000000 168.000000 0.000002
400.000000 168.000000 0.000002
418.000000 168.000000 0.000002
493.000000 168.000000 0.000002
519.000000 168.000000 0.000003
621.000000 168.000000 0.000003
243.000000 169.000000 0.000002
317.000000 169.000000 0.000001
379.000000 169.000000 0.000002
439.000000 169.000000 0.000003
451.000000 169.000000 0.000001
463.000000 169.000000 0.000003
478.000000 169.000000 0.000002
177.000000 170.000000 0.000002
327.000000 170.000000 0.000003
597.000000 170.000000 0.000003
647.000000 170.000000 0.000003
302.000000 171.000000 0.000003
752.000000 171.000000 0.000002
847.000000 171.000000 0.000002
672.000000 172.000000 0.000002
700.000000 172.000000 0.000003
713.000000 172.000000 0.000001
726.000000 172.000000 0.000003
769.000000 172.000000 0.000003
829.000000 172.000000 0.000002
868.000000 172.000000 0.000003
796.000000 173.000000 0.000002
812.000000 173.000000 0.000002
890.000000 173.000000 0.000002
930.000000 173.000000 0.000002
991.000000 174.000000 0.000002
906.000000 175.000000 0.000002
951.000000 175.000000 0.000002
974.000000 175.000000 0.000002
1106.000000 175.000000 0.000003
1085.000000 176.000000 0.000002
1012.000000 177.000000 0.000002
1030.000000 177.000000 0.000002
1069.000000 177.000000 0.000002
1049.000000 178.000000 0.000002
144.000000 196.000000 0.000002
258.000000 196.000000 0.000003
240.000000 197.000000 0.000002
502.000000 197.000000 0.000003
283.000000 198.000000 0.000003
355.000000 198.000000 0.000003
405.000000 198.000000 0.000002
424.000000 198.000000 0.000002
590.000000 198.000000 0.000002
627.000000 198.000000 0.000002
667.000000 198.000000 0.000002
192.000000 199.000000 0.000003
221.000000 199.000000 0.000002
331.000000 199.000000 0.000003
385.000000 199.000000 0.000002
527.000000 199.000000 0.000003
610.000000 199.000000 0.000002
649.000000 199.000000 0.000002
680.000000 199.000000 0.000001
693.000000 199.000000 0.000002
706.000000 199.000000 0.000002
753.000000 199.000000 0.000002
168.000000 200.000000 0.000003
307.000000 200.000000 0.000002
440.000000 200.000000 0.000002
458.000000 200.000000 0.000002
482.000000 200.000000 0.000003
552.000000 200.000000 0.000003
576.000000 200.000000 0.000002
736.000000 200.000000 0.000001
807.000000 200.000000 0.000002
718.000000 201.000000 0.000001
776.000000 201.000000 0.000003
790.000000 202.000000 0.000002
879.000000 203.000000 0.000002
919.000000 203.000000 0.000003
1069.000000 203.000000 0.000003
827.000000 204.000000 0.000002
894.000000 204.000000 0.000002
936.000000 204.000000 0.000002
974.000000 204.000000 0.000002
1038.000000 204.000000 0.000003
865.000000 205.000000 0.000002
993.000000 205.000000 0.000002
1086.000000 205.000000 0.000003
954.000000 206.000000 0.000002
1111.000000 206.000000 0.000003
849.000000 207.000000 0.000002
1014.000000 207.000000 0.000002
142.000000 225.000000 0.000002
162.000000 227.000000 0.000002
186.000000 227.000000 0.000002
332.000000 228.000000 0.000003
451.000000 228.000000 0.000003
480.000000 228.000000 0.000002
521.000000 228.000000 0.000002
560.000000 228.000000 0.000002
633.000000 228.000000 0.000003
208.000000 229.000000 0.000002
251.000000 229.000000 0.000002
360.000000 229.000000 0.000003
411.000000 229.000000 0.000002
539.000000 229.000000 0.000002
654.000000 229.000000 0.000002
229.000000 230.000000 0.000003
267.000000 230.000000 0.000002
307.000000 230.000000 0.000002
389.000000 230.000000 0.000002
433.000000 230.000000 0.000002
501.000000 230.000000 0.000002
583.000000 230.000000 0.000002
709.000000 230.000000 0.000002
286.000000 231.000000 0.000002
604.000000 231.000000 0.000002
675.000000 231.000000 0.000002
742.000000 231.000000 0.000002
760.000000 231.000000 0.000003
692.000000 232.000000 0.000002
787.000000 232.000000 0.000003
727.000000 233.000000 0.000002
859.000000 234.000000 0.000003
883.000000 234.000000 0.000002
914.000000 234.000000 0.000003
1045.000000 234.000000 0.000003
1073.000000 234.000000 0.000003
814.000000 235.000000 0.000003
900.000000 235.000000 0.000002
839.000000 236.000000 0.000002
946.000000 236.000000 0.000002
1094.000000 236.000000 0.000002
932.000000 237.000000 0.000001
963.000000 237.000000 0.000002
983.000000 237.000000 0.000002
1026.000000 237.000000 0.000002
1125.000000 237.000000 0.000003
1002.000000 238.000000 0.000002
509.000000 259.000000 0.000002
529.000000 259.000000 0.000002
553.000000 259.000000 0.000002
259.000000 260.000000 0.000002
274.000000 260.000000 0.000002
424.000000 260.000000 0.000002
452.000000 260.000000 0.000003
477.000000 260.000000 0.000002
495.000000 260.000000 0.000002
593.000000 260.000000 0.000002
611.000000 260.000000 0.000002
630.000000 260.000000 0.000002
646.000000 260.000000 0.000002
754.000000 260.000000 0.000002
146.000000 261.000000 0.000003
208.000000 261.000000 0.000003
301.000000 261.000000 0.000003
336.000000 261.000000 0.000001
406.000000 261.000000 0.000003
438.000000 261.000000 0.000002
573.000000 261.000000 0.000002
166.000000 262.000000 0.000002
324.000000 262.000000 0.000002
383.000000 262.000000 0.000002
736.000000 262.000000 0.000002
776.000000 262.000000 0.000001
242.000000 263.000000 0.000003
673.000000 263.000000 0.000003
696.000000 263.000000 0.000002
715.000000 263.000000 0.000002
788.000000 263.000000 0.000002
188.000000 264.000000 0.000002
357.000000 264.000000 0.000003
800.000000 264.000000 0.000001
1095.000000 264.000000 0.000002
1110.000000 264.000000 0.000002
819.000000 265.000000 0.000003
844.000000 265.000000 0.000002
860.000000 265.000000 0.000003
885.000000 265.000000 0.000002
1034.000000 265.000000 0.000003
1077.000000 265.000000 0.000002
1129.000000 265.000000 0.000002
1141.000000 266.000000 0.000003
901.000000 267.000000 0.000002
975.000000 267.000000 0.000002
1057.000000 267.000000 0.000002
918.000000 268.000000 0.000002
948.000000 268.000000 0.000003
1002.000000 268.000000 0.000003
933.000000 269.000000 0.000002
486.000000 288.000000 0.000002
505.000000 288.000000 0.000002
524.000000 288.000000 0.000002
542.000000 288.000000 0.000002
584.000000 288.000000 0.000002
611.000000 288.000000 0.000002
634.000000 288.000000 0.000003
439.000000 289.000000 0.000003
455.000000 289.000000 0.000002
568.000000 289.000000 0.000003
598.000000 289.000000 0.000001
293.000000 290.000000 0.000002
470.000000 290.000000 0.000002
658.000000 290.000000 0.000003
227.000000 291.000000 0.000003
378.000000 291.000000 0.000003
314.000000 292.000000 0.000002
417.000000 292.000000 0.000001
672.000000 292.000000 0.000002
693.000000 292.000000 0.000003
150.000000 293.000000 0.000003
169.000000 293.000000 0.000002
200.000000 293.000000 0.000002
272.000000 293.000000 0.000002
351.000000 293.000000 0.000002
746.000000 293.000000 0.000002
759.000000 293.000000 0.000001
772.000000 293.000000 0.000002
252.000000 294.000000 0.000002
332.000000 294.000000 0.000002
402.000000 294.000000 0.000002
707.000000 294.000000 0.000002
787.000000 294.000000 0.000002
927.000000 294.000000 0.000003
964.000000 294.000000 0.000002
1081.000000 294.000000 0.000002
948.000000 295.000000 0.000002
983.000000 295.000000 0.000002
1105.000000 295.000000 0.000003
725.000000 296.000000 0.000002
805.000000 296.000000 0.000002
826.000000 296.000000 0.000003
850.000000 296.000000 0.000003
877.000000 296.000000 0.000002
1056.000000 296.000000 0.000002
1126.000000 296.000000 0.000003
1038.000000 297.000000 0.000002
1001.000000 298.000000 0.000002
1021.000000 298.000000 0.000002
144.000000 317.000000 0.000002
449.000000 317.000000 0.000003
599.000000 317.000000 0.000002
484.000000 318.000000 0.000003
510.000000 318.000000 0.000003
534.000000 318.000000 0.000002
620.000000 318.000000 0.000002
166.000000 319.000000 0.000002
294.000000 319.000000 0.000003
319.000000 319.000000 0.000002
553.000000 319.000000 0.000002
577.000000 319.000000 0.000003
257.000000 320.000000 0.000002
277.000000 320.000000 0.000002
424.000000 320.000000 0.000003
470.000000 320.000000 0.000002
639.000000 320.000000 0.000002
658.000000 320.000000 0.000002
679.000000 320.000000 0.000002
692.000000 320.000000 0.000001
185.000000 321.000000 0.000002
206.000000 321.000000 0.000002
340.000000 321.000000 0.000002
367.000000 321.000000 0.000002
393.000000 321.000000 0.000002
722.000000 321.000000 0.000002
742.000000 321.000000 0.000002
232.000000 322.000000 0.000003
703.000000 322.000000 0.000003
765.000000 322.000000 0.000002
975.000000 322.000000 0.000002
790.000000 324.000000 0.000002
840.000000 324.000000 0.000002
860.000000 324.000000 0.000002
1084.000000 324.000000 0.000002
1119.000000 324.000000 0.000003
823.000000 325.000000 0.000002
898.000000 325.000000 0.000002
919.000000 325.000000 0.000003
807.000000 326.000000 0.000002
879.000000 326.000000 0.000002
1063.000000 327.000000 0.000003
1027.000000 328.000000 0.000003
1049.000000 328.000000 0.000003
945.000000 331.000000 0.000002
590.000000 345.000000 0.000003
524.000000 346.000000 0.000002
546.000000 346.000000 0.000002
570.000000 346.000000 0.000002
423.000000 347.000000 0.000002
617.000000 347.000000 0.000002
690.000000 347.000000 0.000003
147.000000 348.000000 0.000003
271.000000 348.000000 0.000002
393.000000 348.000000 0.000002
458.000000 348.000000 0.000002
481.000000 348.000000 0.000002
636.000000 348.000000 0.000002
665.000000 348.000000 0.000002
316.000000 349.000000 0.000003
368.000000 349.000000 0.000003
444.000000 349.000000 0.000002
168.000000 350.000000 0.000002
247.000000 350.000000 0.000003
345.000000 350.000000 0.000003
653.000000 350.000000 0.000002
286.000000 351.000000 0.000002
500.000000 351.000000 0.000002
711.000000 351.000000 0.000002
730.000000 351.000000 0.000003
753.000000 351.000000 0.000002
189.000000 352.000000 0.000002
228.000000 352.000000 0.000002
769.000000 352.000000 0.000002
792.000000 353.000000 0.000003
208.000000 354.000000 0.000002
817.000000 354.000000 0.000002
838.000000 354.000000 0.000002
862.000000 354.000000 0.000002
883.000000 354.000000 0.000002
905.000000 354.000000 0.000002
930.000000 355.000000 0.000003
959.000000 355.000000 0.000002
1004.000000 355.000000 0.000002
1076.000000 355.000000 0.000003
1100.000000 355.000000 0.000003
1125.000000 356.000000 0.000003
1025.000000 357.000000 0.000002
1045.000000 358.000000 0.000003
981.000000 359.000000 0.000003
374.000000 375.000000 0.000002
432.000000 375.000000 0.000002
447.000000 375.000000 0.000001
499.000000 375.000000 0.000002
163.000000 376.000000 0.000002
351.000000 376.000000 0.000002
460.000000 376.000000 0.000002
183.000000 377.000000 0.000002
204.000000 377.000000 0.000002
401.000000 377.000000 0.000003
289.000000 378.000000 0.000002
310.000000 378.000000 0.000002
483.000000 378.000000 0.000002
556.000000 378.000000 0.000003
603.000000 378.000000 0.000002
329.000000 379.000000 0.000002
530.000000 379.000000 0.000003
648.000000 379.000000 0.000003
756.000000 379.000000 0.000002
249.000000 380.000000 0.000002
270.000000 380.000000 0.000002
580.000000 380.000000 0.000003
624.000000 380.000000 0.000002
672.000000 380.000000 0.000002
690.000000 380.000000 0.000002
715.000000 380.000000 0.000003
737.000000 380.000000 0.000002
143.000000 381.000000 0.000003
227.000000 381.000000 0.000002
774.000000 382.000000 0.000002
794.000000 383.000000 0.000002
811.000000 384.000000 0.000002
833.000000 385.000000 0.000003
905.000000 385.000000 0.000003
857.000000 386.000000 0.000003
868.000000 386.000000 0.000001
881.000000 386.000000 0.000002
962.000000 386.000000 0.000002
978.000000 386.000000 0.000002
920.000000 387.000000 0.000002
990.000000 387.000000 0.000001
1001.000000 387.000000 0.000002
1034.000000 387.000000 0.000002
1100.000000 387.000000 0.000002
1055.000000 388.000000 0.000002
1118.000000 388.000000 0.000002
939.000000 389.000000 0.000002
1014.000000 389.000000 0.000002
1076.000000 390.000000 0.000003
379.000000 402.000000 0.000002
443.000000 403.000000 0.000002
317.000000 404.000000 0.000002
333.000000 404.000000 0.000002
400.000000 404.000000 0.000002
423.000000 404.000000 0.000002
462.000000 404.000000 0.000002
164.000000 405.000000 0.000003
297.000000 405.000000 0.000002
355.000000 405.000000 0.000003
483.000000 405.000000 0.000002
502.000000 405.000000 0.000002
187.000000 406.000000 0.000002
209.000000 406.000000 0.000003
233.000000 406.000000 0.000002
278.000000 406.000000 0.000002
536.000000 406.000000 0.000002
615.000000 406.000000 0.000002
688.000000 406.000000 0.000002
142.000000 407.000000 0.000003
583.000000 407.000000 0.000002
600.000000 407.000000 0.000002
641.000000 407.000000 0.000002
662.000000 407.000000 0.000003
560.000000 408.000000 0.000003
767.000000 408.000000 0.000002
783.000000 408.000000 0.000001
736.000000 409.000000 0.000002
253.000000 410.000000 0.000003
807.000000 410.000000 0.000002
716.000000 411.000000 0.000002
919.000000 412.000000 0.000002
964.000000 412.000000 0.000002
859.000000 413.000000 0.000002
880.000000 413.000000 0.000002
898.000000 413.000000 0.000002
1025.000000 413.000000 0.000002
1042.000000 413.000000 0.000002
987.000000 414.000000 0.000002
832.000000 415.000000 0.000003
1058.000000 415.000000 0.000002
1077.000000 415.000000 0.000002
937.000000 416.000000 0.000003
1005.000000 416.000000 0.000002
1092.000000 416.000000 0.000002
1119.000000 416.000000 0.000003
1165.000000 429.000000 0.000006
