189.000000 59.000000 0.000005
269.000000 61.000000 0.000002
292.000000 61.000000 0.000002
213.000000 62.000000 0.000003
310.000000 62.000000 0.000005
245.000000 63.000000 0.000003
1042.000000 72.000000 0.000005
1065.000000 72.000000 0.000005
466.000000 104.000000 0.000003
443.000000 105.000000 0.000002
352.000000 106.000000 0.000002
402.000000 106.000000 0.000003
423.000000 106.000000 0.000002
238.000000 107.000000 0.000003
250.000000 107.000000 0.000003
310.000000 107.000000 0.000003
332.000000 107.000000 0.000002
376.000000 107.000000 0.000003
523.000000 107.000000 0.000002
864.000000 107.000000 0.000002
886.000000 107.000000 0.000002
137.000000 108.000000 0.000003
183.000000 108.000000 0.000002
200.000000 108.000000 0.000003
271.000000 108.000000 0.000002
290.000000 108.000000 0.000002
542.000000 108.000000 0.000003
924.000000 108.000000 0.000002
222.000000 109.000000 0.000003
487.000000 109.000000 0.000002
504.000000 109.000000 0.000002
756.000000 109.000000 0.000002
569.000000 110.000000 0.000002
584.000000 110.000000 0.000002
774.000000 110.000000 0.000002
834.000000 110.000000 0.000003
905.000000 110.000000 0.000002
950.000000 110.000000 0.000003
158.000000 111.000000 0.000003
608.000000 111.000000 0.000003
629.000000 111.000000 0.000003
652.000000 111.000000 0.000002
703.000000 111.000000 0.000004
734.000000 111.000000 0.000002
669.000000 112.000000 0.000002
686.000000 112.000000 0.000002
793.000000 112.000000 0.000002
974.000000 112.000000 0.000003
812.000000 113.000000 0.000003
997.000000 113.000000 0.000002
1059.000000 113.000000 0.000002
1086.000000 113.000000 0.000003
1106.000000 113.000000 0.000003
1018.000000 114.000000 0.000003
1042.000000 114.000000 0.000002
450.000000 134.000000 0.000002
235.000000 135.000000 0.000002
256.000000 135.000000 0.000003
308.000000 135.000000 0.000002
342.000000 135.000000 0.000003
402.000000 135.000000 0.000002
198.000000 136.000000 0.000002
284.000000 136.000000 0.000002
381.000000 136.000000 0.000002
428.000000 136.000000 0.000002
471.000000 136.000000 0.000002
492.000000 136.000000 0.000002
514.000000 136.000000 0.000002
152.000000 137.000000 0.000002
171.000000 137.000000 0.000002
214.000000 137.000000 0.000002
362.000000 137.000000 0.000002
132.000000 138.000000 0.000002
545.000000 138.000000 0.000002
565.000000 138.000000 0.000002
582.000000 139.000000 0.000002
849.000000 139.000000 0.000003
921.000000 139.000000 0.000002
656.000000 140.000000 0.000002
875.000000 140.000000 0.000002
990.000000 140.000000 0.000002
595.000000 141.000000 0.000002
607.000000 141.000000 0.000002
635.000000 141.000000 0.000002
737.000000 141.000000 0.000001
748.000000 141.000000 0.000003
938.000000 141.000000 0.000003
621.000000 142.000000 0.000001
680.000000 142.000000 0.000002
721.000000 142.000000 0.000002
790.000000 142.000000 0.000003
892.000000 142.000000 0.000003
964.000000 142.000000 0.000003
1077.000000 142.000000 0.000002
700.000000 143.000000 0.000002
770.000000 143.000000 0.000002
810.000000 143.000000 0.000002
1011.000000 143.000000 0.000003
1037.000000 144.000000 0.000002
1056.000000 144.000000 0.000002
1101.000000 144.000000 0.000003
826.000000 145.000000 0.000002
132.000000 162.000000 0.000002
355.000000 164.000000 0.000001
150.000000 165.000000 0.000002
323.000000 165.000000 0.000002
339.000000 165.000000 0.000002
447.000000 165.000000 0.000002
460.000000 165.000000 0.000002
377.000000 166.000000 0.000002
412.000000 166.000000 0.000002
431.000000 166.000000 0.000002
495.000000 166.000000 0.000003
266.000000 167.000000 0.000002
308.000000 167.000000 0.000002
396.000000 167.000000 0.000002
478.000000 167.000000 0.000002
553.000000 167.000000 0.000002
248.000000 168.000000 0.000002
540.000000 168.000000 0.000002
173.000000 169.000000 0.000003
200.000000 169.000000 0.000003
280.000000 169.000000 0.000002
294.000000 169.000000 0.000003
521.000000 169.000000 0.000002
231.000000 170.000000 0.000002
575.000000 170.000000 0.000002
597.000000 170.000000 0.000003
1006.000000 170.000000 0.000002
620.000000 171.000000 0.000002
642.000000 171.000000 0.000003
666.000000 171.000000 0.000003
768.000000 171.000000 0.000002
818.000000 171.000000 0.000002
1093.000000 171.000000 0.000002
1114.000000 171.000000 0.000004
691.000000 172.000000 0.000002
718.000000 172.000000 0.000003
753.000000 172.000000 0.000002
802.000000 172.000000 0.000003
980.000000 172.000000 0.000002
1028.000000 172.000000 0.000002
791.000000 173.000000 0.000003
845.000000 173.000000 0.000003
893.000000 173.000000 0.000003
914.000000 173.000000 0.000003
1050.000000 173.000000 0.000002
737.000000 174.000000 0.000002
864.000000 174.000000 0.000002
959.000000 174.000000 0.000002
1073.000000 174.000000 0.000002
938.000000 175.000000 0.000002
433.000000 195.000000 0.000003
416.000000 196.000000 0.000003
468.000000 196.000000 0.000003
512.000000 196.000000 0.000003
492.000000 197.000000 0.000003
533.000000 197.000000 0.000002
134.000000 198.000000 0.000003
356.000000 198.000000 0.000003
558.000000 198.000000 0.000001
572.000000 198.000000 0.000002
588.000000 198.000000 0.000001
168.000000 199.000000 0.000003
387.000000 199.000000 0.000003
600.000000 199.000000 0.000002
794.000000 200.000000 0.000002
335.000000 201.000000 0.000003
632.000000 201.000000 0.000001
774.000000 201.000000 0.000002
834.000000 201.000000 0.000002
846.000000 201.000000 0.000002
244.000000 202.000000 0.000003
618.000000 202.000000 0.000002
646.000000 202.000000 0.000002
810.000000 202.000000 0.000003
821.000000 202.000000 0.000001
866.000000 202.000000 0.000002
1013.000000 202.000000 0.000003
1027.000000 202.000000 0.000003
193.000000 203.000000 0.000003
217.000000 203.000000 0.000003
263.000000 203.000000 0.000002
668.000000 203.000000 0.000002
727.000000 203.000000 0.000002
750.000000 203.000000 0.000003
886.000000 203.000000 0.000002
928.000000 203.000000 0.000002
287.000000 204.000000 0.000003
311.000000 204.000000 0.000002
908.000000 204.000000 0.000003
949.000000 204.000000 0.000002
1106.000000 204.000000 0.000002
688.000000 205.000000 0.000002
705.000000 205.000000 0.000002
1055.000000 205.000000 0.000002
1074.000000 205.000000 0.000002
1089.000000 205.000000 0.000002
973.000000 211.000000 0.000003
509.000000 229.000000 0.000003
530.000000 230.000000 0.000002
433.000000 231.000000 0.000002
484.000000 231.000000 0.000002
549.000000 231.000000 0.000002
130.000000 232.000000 0.000003
457.000000 232.000000 0.000003
568.000000 232.000000 0.000002
600.000000 232.000000 0.000002
620.000000 232.000000 0.000002
149.000000 233.000000 0.000002
405.000000 233.000000 0.000001
416.000000 233.000000 0.000002
585.000000 233.000000 0.000002
635.000000 233.000000 0.000002
761.000000 233.000000 0.000002
828.000000 233.000000 0.000002
852.000000 233.000000 0.000003
170.000000 234.000000 0.000003
658.000000 234.000000 0.000003
735.000000 234.000000 0.000003
874.000000 234.000000 0.000002
267.000000 235.000000 0.000003
379.000000 235.000000 0.000002
679.000000 235.000000 0.000002
784.000000 235.000000 0.000003
807.000000 235.000000 0.000002
974.000000 235.000000 0.000002
219.000000 236.000000 0.000003
244.000000 236.000000 0.000002
292.000000 236.000000 0.000003
358.000000 236.000000 0.000002
698.000000 236.000000 0.000002
716.000000 236.000000 0.000002
896.000000 236.000000 0.000002
916.000000 236.000000 0.000002
929.000000 236.000000 0.000003
993.000000 236.000000 0.000003
1020.000000 236.000000 0.000002
1107.000000 236.000000 0.000003
197.000000 237.000000 0.000002
953.000000 237.000000 0.000003
316.000000 238.000000 0.000002
1040.000000 238.000000 0.000002
1078.000000 238.000000 0.000003
335.000000 239.000000 0.000002
1055.000000 239.000000 0.000002
470.000000 263.000000 0.000002
839.000000 263.000000 0.000003
491.000000 264.000000 0.000002
443.000000 265.000000 0.000003
530.000000 265.000000 0.000003
542.000000 265.000000 0.000001
136.000000 266.000000 0.000003
511.000000 266.000000 0.000002
565.000000 266.000000 0.000003
666.000000 266.000000 0.000003
743.000000 266.000000 0.000001
794.000000 266.000000 0.000002
818.000000 266.000000 0.000003
870.000000 266.000000 0.000003
922.000000 266.000000 0.000003
981.000000 266.000000 0.000003
155.000000 267.000000 0.000002
178.000000 267.000000 0.000002
415.000000 267.000000 0.000003
585.000000 267.000000 0.000002
640.000000 267.000000 0.000003
692.000000 267.000000 0.000002
730.000000 267.000000 0.000002
755.000000 267.000000 0.000003
774.000000 267.000000 0.000002
898.000000 267.000000 0.000002
994.000000 267.000000 0.000002
250.000000 268.000000 0.000002
270.000000 268.000000 0.000002
289.000000 268.000000 0.000002
360.000000 268.000000 0.000003
598.000000 268.000000 0.000001
711.000000 268.000000 0.000002
948.000000 268.000000 0.000002
963.000000 268.000000 0.000002
1010.000000 268.000000 0.000003
194.000000 269.000000 0.000001
310.000000 269.000000 0.000002
396.000000 269.000000 0.000002
1043.000000 269.000000 0.000003
1071.000000 269.000000 0.000003
1098.000000 269.000000 0.000003
209.000000 270.000000 0.000002
326.000000 270.000000 0.000002
381.000000 270.000000 0.000002
613.000000 270.000000 0.000003
226.000000 271.000000 0.000002
792.000000 293.000000 0.000002
810.000000 295.000000 0.000002
827.000000 295.000000 0.000002
840.000000 295.000000 0.000001
863.000000 295.000000 0.000003
964.000000 295.000000 0.000003
976.000000 296.000000 0.000002
993.000000 296.000000 0.000002
452.000000 297.000000 0.000002
484.000000 297.000000 0.000003
879.000000 297.000000 0.000002
932.000000 297.000000 0.000003
1015.000000 297.000000 0.000002
1029.000000 297.000000 0.000001
1050.000000 297.000000 0.000002
409.000000 298.000000 0.000003
432.000000 298.000000 0.000003
467.000000 298.000000 0.000002
633.000000 298.000000 0.000002
691.000000 298.000000 0.000002
751.000000 298.000000 0.000003
774.000000 298.000000 0.000002
890.000000 298.000000 0.000001
946.000000 298.000000 0.000002
138.000000 299.000000 0.000003
331.000000 299.000000 0.000002
351.000000 299.000000 0.000002
381.000000 299.000000 0.000002
510.000000 299.000000 0.000002
594.000000 299.000000 0.000002
612.000000 299.000000 0.000002
649.000000 299.000000 0.000002
1068.000000 299.000000 0.000002
182.000000 300.000000 0.000003
531.000000 300.000000 0.000002
548.000000 300.000000 0.000002
571.000000 300.000000 0.000003
667.000000 300.000000 0.000003
709.000000 300.000000 0.000002
730.000000 300.000000 0.000002
911.000000 300.000000 0.000003
247.000000 301.000000 0.000002
264.000000 301.000000 0.000002
283.000000 301.000000 0.000003
295.000000 301.000000 0.000002
311.000000 301.000000 0.000002
1087.000000 301.000000 0.000002
156.000000 302.000000 0.000002
209.000000 302.000000 0.000003
227.000000 302.000000 0.000002
801.000000 327.000000 0.000002
828.000000 327.000000 0.000003
879.000000 327.000000 0.000001
655.000000 328.000000 0.000003
714.000000 328.000000 0.000002
733.000000 328.000000 0.000002
783.000000 328.000000 0.000002
814.000000 328.000000 0.000002
857.000000 328.000000 0.000003
890.000000 328.000000 0.000003
521.000000 329.000000 0.000002
539.000000 329.000000 0.000002
614.000000 329.000000 0.000002
637.000000 329.000000 0.000002
695.000000 329.000000 0.000002
749.000000 329.000000 0.000002
768.000000 329.000000 0.000002
951.000000 329.000000 0.000002
978.000000 329.000000 0.000002
994.000000 329.000000 0.000003
501.000000 330.000000 0.000003
576.000000 330.000000 0.000002
916.000000 330.000000 0.000002
1035.000000 330.000000 0.000002
377.000000 331.000000 0.000002
466.000000 331.000000 0.000002
478.000000 331.000000 0.000002
554.000000 331.000000 0.000002
594.000000 331.000000 0.000002
935.000000 331.000000 0.000002
282.000000 332.000000 0.000002
300.000000 332.000000 0.000002
354.000000 332.000000 0.000002
399.000000 332.000000 0.000002
1016.000000 332.000000 0.000003
1054.000000 332.000000 0.000003
136.000000 333.000000 0.000003
328.000000 333.000000 0.000003
442.000000 333.000000 0.000003
153.000000 334.000000 0.000002
239.000000 334.000000 0.000002
251.000000 334.000000 0.000001
263.000000 334.000000 0.000002
223.000000 335.000000 0.000003
423.000000 335.000000 0.000002
1082.000000 335.000000 0.000002
1098.000000 335.000000 0.000004
174.000000 338.000000 0.000002
90.000000 339.000000 0.000004
196.000000 339.000000 0.000002
730.000000 356.000000 0.000002
746.000000 356.000000 0.000002
851.000000 357.000000 0.000003
609.000000 358.000000 0.000002
660.000000 358.000000 0.000002
770.000000 358.000000 0.000002
789.000000 358.000000 0.000002
881.000000 358.000000 0.000002
474.000000 359.000000 0.000003
523.000000 359.000000 0.000003
534.000000 359.000000 0.000001
632.000000 359.000000 0.000003
684.000000 359.000000 0.000002
806.000000 359.000000 0.000002
495.000000 360.000000 0.000002
555.000000 360.000000 0.000002
593.000000 360.000000 0.000002
709.000000 360.000000 0.000003
826.000000 360.000000 0.000002
904.000000 360.000000 0.000002
575.000000 361.000000 0.000002
924.000000 361.000000 0.000003
999.000000 361.000000 0.000002
1152.000000 361.000000 0.000004
378.000000 362.000000 0.000002
393.000000 362.000000 0.000002
409.000000 362.000000 0.000002
454.000000 362.000000 0.000002
978.000000 362.000000 0.000002
1016.000000 362.000000 0.000002
1029.000000 362.000000 0.000003
1060.000000 362.000000 0.000003
277.000000 363.000000 0.000002
288.000000 363.000000 0.000003
317.000000 363.000000 0.000002
432.000000 363.000000 0.000003
951.000000 363.000000 0.000002
964.000000 363.000000 0.000002
1048.000000 363.000000 0.000003
1076.000000 363.000000 0.000003
139.000000 364.000000 0.000003
303.000000 364.000000 0.000002
336.000000 364.000000 0.000002
358.000000 364.000000 0.000002
1109.000000 364.000000 0.000003
159.000000 365.000000 0.000002
183.000000 365.000000 0.000003
254.000000 365.000000 0.000003
224.000000 366.000000 0.000002
207.000000 368.000000 0.000002
748.000000 388.000000 0.000003
538.000000 389.000000 0.000003
662.000000 389.000000 0.000002
677.000000 389.000000 0.000003
721.000000 389.000000 0.000002
737.000000 389.000000 0.000003
772.000000 389.000000 0.000003
808.000000 389.000000 0.000003
863.000000 389.000000 0.000003
884.000000 389.000000 0.000002
931.000000 389.000000 0.000003
508.000000 390.000000 0.000003
629.000000 390.000000 0.000003
646.000000 390.000000 0.000002
840.000000 390.000000 0.000003
1086.000000 390.000000 0.000003
328.000000 391.000000 0.000003
464.000000 391.000000 0.000002
491.000000 391.000000 0.000002
560.000000 391.000000 0.000003
958.000000 391.000000 0.000002
1017.000000 391.000000 0.000002
1075.000000 391.000000 0.000002
283.000000 392.000000 0.000003
353.000000 392.000000 0.000002
478.000000 392.000000 0.000002
604.000000 392.000000 0.000002
978.000000 392.000000 0.000002
1003.000000 392.000000 0.000003
1040.000000 392.000000 0.000001
1059.000000 392.000000 0.000002
1102.000000 392.000000 0.000003
256.000000 393.000000 0.000003
308.000000 393.000000 0.000002
431.000000 393.000000 0.000002
445.000000 393.000000 0.000002
701.000000 393.000000 0.000002
908.000000 393.000000 0.000003
237.000000 394.000000 0.000002
373.000000 394.000000 0.000002
583.000000 394.000000 0.000002
172.000000 395.000000 0.000002
196.000000 395.000000 0.000002
394.000000 395.000000 0.000002
137.000000 396.000000 0.000003
414.000000 397.000000 0.000002
219.000000 398.000000 0.000002
