174.000000 66.000000 0.000006
274.000000 66.000000 0.000003
250.000000 67.000000 0.000002
198.000000 68.000000 0.000002
228.000000 68.000000 0.000006
292.000000 68.000000 0.000005
1050.000000 70.000000 0.000005
697.000000 110.000000 0.000003
675.000000 111.000000 0.000002
756.000000 111.000000 0.000002
840.000000 111.000000 0.000003
718.000000 112.000000 0.000002
782.000000 112.000000 0.000002
651.000000 113.000000 0.000003
735.000000 113.000000 0.000002
865.000000 113.000000 0.000002
949.000000 113.000000 0.000003
474.000000 114.000000 0.000002
513.000000 114.000000 0.000003
625.000000 114.000000 0.000003
802.000000 114.000000 0.000002
907.000000 114.000000 0.000003
977.000000 114.000000 0.000003
1032.000000 114.000000 0.000002
1093.000000 114.000000 0.000003
491.000000 115.000000 0.000002
579.000000 115.000000 0.000003
609.000000 115.000000 0.000003
884.000000 115.000000 0.000003
927.000000 115.000000 0.000002
1008.000000 115.000000 0.000003
1072.000000 115.000000 0.000003
150.000000 116.000000 0.000003
357.000000 116.000000 0.000003
375.000000 116.000000 0.000002
399.000000 116.000000 0.000003
547.000000 116.000000 0.000002
561.000000 116.000000 0.000002
636.000000 116.000000 0.000003
816.000000 116.000000 0.000002
1055.000000 116.000000 0.000003
168.000000 117.000000 0.000002
202.000000 117.000000 0.000002
423.000000 117.000000 0.000003
451.000000 117.000000 0.000003
531.000000 117.000000 0.000001
220.000000 118.000000 0.000002
260.000000 118.000000 0.000002
331.000000 118.000000 0.000002
186.000000 119.000000 0.000001
286.000000 119.000000 0.000003
310.000000 119.000000 0.000002
240.000000 120.000000 0.000002
722.000000 143.000000 0.000002
742.000000 143.000000 0.000003
676.000000 144.000000 0.000003
817.000000 144.000000 0.000003
701.000000 145.000000 0.000002
770.000000 146.000000 0.000002
838.000000 146.000000 0.000003
865.000000 146.000000 0.000003
1049.000000 146.000000 0.000003
484.000000 147.000000 0.000002
658.000000 147.000000 0.000002
793.000000 147.000000 0.000003
891.000000 147.000000 0.000002
959.000000 147.000000 0.000002
188.000000 148.000000 0.000002
348.000000 148.000000 0.000003
373.000000 148.000000 0.000002
435.000000 148.000000 0.000002
462.000000 148.000000 0.000003
561.000000 148.000000 0.000002
595.000000 148.000000 0.000002
621.000000 148.000000 0.000002
638.000000 148.000000 0.000002
917.000000 148.000000 0.000002
939.000000 148.000000 0.000002
976.000000 148.000000 0.000002
987.000000 148.000000 0.000003
1028.000000 148.000000 0.000002
1075.000000 148.000000 0.000002
1092.000000 148.000000 0.000002
165.000000 149.000000 0.000002
207.000000 149.000000 0.000002
393.000000 149.000000 0.000002
500.000000 149.000000 0.000002
520.000000 149.000000 0.000002
579.000000 149.000000 0.000002
144.000000 150.000000 0.000003
262.000000 150.000000 0.000002
306.000000 150.000000 0.000002
327.000000 150.000000 0.000002
415.000000 150.000000 0.000002
538.000000 150.000000 0.000003
1008.000000 150.000000 0.000002
225.000000 151.000000 0.000002
243.000000 152.000000 0.000002
285.000000 152.000000 0.000002
732.000000 174.000000 0.000002
699.000000 175.000000 0.000002
788.000000 175.000000 0.000002
810.000000 175.000000 0.000002
961.000000 175.000000 0.000002
981.000000 175.000000 0.000003
1008.000000 175.000000 0.000002
1027.000000 175.000000 0.000002
1046.000000 175.000000 0.000002
664.000000 176.000000 0.000002
680.000000 176.000000 0.000002
712.000000 176.000000 0.000003
1071.000000 176.000000 0.000002
760.000000 177.000000 0.000003
832.000000 177.000000 0.000002
918.000000 177.000000 0.000003
938.000000 177.000000 0.000002
337.000000 178.000000 0.000002
642.000000 178.000000 0.000002
847.000000 178.000000 0.000002
864.000000 178.000000 0.000002
896.000000 178.000000 0.000001
1091.000000 178.000000 0.000003
474.000000 179.000000 0.000003
505.000000 179.000000 0.000003
541.000000 179.000000 0.000002
567.000000 179.000000 0.000003
609.000000 179.000000 0.000002
623.000000 179.000000 0.000002
884.000000 179.000000 0.000002
146.000000 180.000000 0.000002
358.000000 180.000000 0.000002
378.000000 180.000000 0.000002
404.000000 180.000000 0.000003
424.000000 180.000000 0.000002
453.000000 180.000000 0.000002
495.000000 180.000000 0.000003
165.000000 181.000000 0.000002
215.000000 181.000000 0.000002
241.000000 181.000000 0.000003
268.000000 181.000000 0.000003
319.000000 181.000000 0.000002
437.000000 181.000000 0.000002
191.000000 182.000000 0.000003
295.000000 182.000000 0.000003
522.000000 182.000000 0.000002
591.000000 182.000000 0.000002
714.000000 206.000000 0.000002
420.000000 207.000000 0.000003
664.000000 207.000000 0.000003
725.000000 207.000000 0.000003
741.000000 207.000000 0.000002
812.000000 207.000000 0.000002
949.000000 207.000000 0.000002
995.000000 207.000000 0.000002
1018.000000 207.000000 0.000002
1045.000000 207.000000 0.000003
535.000000 208.000000 0.000003
563.000000 208.000000 0.000003
600.000000 208.000000 0.000002
755.000000 208.000000 0.000002
776.000000 208.000000 0.000002
795.000000 208.000000 0.000002
829.000000 208.000000 0.000002
845.000000 208.000000 0.000002
860.000000 208.000000 0.000002
874.000000 208.000000 0.000002
886.000000 208.000000 0.000002
900.000000 208.000000 0.000002
962.000000 208.000000 0.000001
975.000000 208.000000 0.000002
363.000000 209.000000 0.000002
469.000000 209.000000 0.000002
620.000000 209.000000 0.000002
697.000000 209.000000 0.000003
1088.000000 209.000000 0.000002
342.000000 210.000000 0.000002
391.000000 210.000000 0.000003
447.000000 210.000000 0.000002
491.000000 210.000000 0.000003
576.000000 210.000000 0.000003
1067.000000 210.000000 0.000002
322.000000 211.000000 0.000002
643.000000 211.000000 0.000003
930.000000 211.000000 0.000003
171.000000 212.000000 0.000002
200.000000 212.000000 0.000003
228.000000 212.000000 0.000003
303.000000 212.000000 0.000002
514.000000 212.000000 0.000002
252.000000 214.000000 0.000002
281.000000 214.000000 0.000003
150.000000 215.000000 0.000003
414.000000 237.000000 0.000003
391.000000 239.000000 0.000002
480.000000 239.000000 0.000002
664.000000 239.000000 0.000003
736.000000 239.000000 0.000003
788.000000 239.000000 0.000002
359.000000 240.000000 0.000002
375.000000 240.000000 0.000002
435.000000 240.000000 0.000002
462.000000 240.000000 0.000003
495.000000 240.000000 0.000002
637.000000 240.000000 0.000003
711.000000 240.000000 0.000002
768.000000 240.000000 0.000002
827.000000 240.000000 0.000002
1062.000000 240.000000 0.000003
1088.000000 240.000000 0.000003
347.000000 241.000000 0.000003
517.000000 241.000000 0.000002
690.000000 241.000000 0.000002
757.000000 241.000000 0.000003
850.000000 241.000000 0.000003
986.000000 241.000000 0.000003
1015.000000 241.000000 0.000002
1038.000000 241.000000 0.000003
538.000000 242.000000 0.000002
811.000000 242.000000 0.000002
873.000000 242.000000 0.000003
905.000000 242.000000 0.000003
961.000000 242.000000 0.000003
325.000000 243.000000 0.000002
561.000000 243.000000 0.000003
889.000000 243.000000 0.000001
217.000000 244.000000 0.000003
591.000000 244.000000 0.000003
617.000000 244.000000 0.000002
939.000000 244.000000 0.000003
250.000000 245.000000 0.000002
270.000000 245.000000 0.000002
295.000000 245.000000 0.000003
149.000000 246.000000 0.000003
171.000000 247.000000 0.000003
197.000000 247.000000 0.000003
887.000000 269.000000 0.000003
916.000000 269.000000 0.000003
948.000000 269.000000 0.000003
968.000000 269.000000 0.000002
414.000000 270.000000 0.000002
780.000000 270.000000 0.000003
864.000000 270.000000 0.000002
995.000000 270.000000 0.000002
1041.000000 270.000000 0.000002
450.000000 271.000000 0.000001
640.000000 271.000000 0.000002
764.000000 271.000000 0.000002
807.000000 271.000000 0.000003
837.000000 271.000000 0.000003
1022.000000 271.000000 0.000002
1055.000000 271.000000 0.000002
1080.000000 271.000000 0.000003
392.000000 272.000000 0.000003
433.000000 272.000000 0.000002
461.000000 272.000000 0.000003
485.000000 272.000000 0.000003
620.000000 272.000000 0.000002
663.000000 272.000000 0.000002
354.000000 273.000000 0.000002
370.000000 273.000000 0.000002
524.000000 273.000000 0.000002
571.000000 273.000000 0.000003
684.000000 273.000000 0.000002
723.000000 273.000000 0.000002
746.000000 273.000000 0.000002
506.000000 274.000000 0.000002
542.000000 274.000000 0.000002
594.000000 274.000000 0.000003
697.000000 275.000000 0.000001
271.000000 276.000000 0.000002
316.000000 276.000000 0.000002
335.000000 276.000000 0.000002
292.000000 277.000000 0.000002
170.000000 278.000000 0.000002
187.000000 278.000000 0.000002
228.000000 278.000000 0.000002
208.000000 279.000000 0.000002
249.000000 279.000000 0.000002
151.000000 281.000000 0.000003
611.000000 299.000000 0.000002
871.000000 300.000000 0.000002
890.000000 300.000000 0.000002
407.000000 301.000000 0.000003
430.000000 301.000000 0.000003
461.000000 301.000000 0.000003
852.000000 301.000000 0.000002
1046.000000 301.000000 0.000003
543.000000 302.000000 0.000003
570.000000 302.000000 0.000002
591.000000 302.000000 0.000002
632.000000 302.000000 0.000002
673.000000 302.000000 0.000002
727.000000 302.000000 0.000002
750.000000 302.000000 0.000002
770.000000 302.000000 0.000002
785.000000 302.000000 0.000003
830.000000 302.000000 0.000003
954.000000 302.000000 0.000002
999.000000 302.000000 0.000002
654.000000 303.000000 0.000002
696.000000 303.000000 0.000003
910.000000 303.000000 0.000002
932.000000 303.000000 0.000002
978.000000 303.000000 0.000003
1021.000000 303.000000 0.000002
1067.000000 303.000000 0.000002
1085.000000 303.000000 0.000002
1118.000000 303.000000 0.000003
361.000000 304.000000 0.000002
484.000000 304.000000 0.000003
515.000000 304.000000 0.000003
1099.000000 304.000000 0.000003
383.000000 305.000000 0.000002
805.000000 305.000000 0.000002
341.000000 307.000000 0.000002
275.000000 308.000000 0.000002
296.000000 308.000000 0.000003
308.000000 308.000000 0.000002
324.000000 308.000000 0.000002
232.000000 311.000000 0.000003
254.000000 311.000000 0.000002
203.000000 312.000000 0.000003
220.000000 312.000000 0.000003
190.000000 313.000000 0.000003
175.000000 314.000000 0.000003
150.000000 315.000000 0.000003
527.000000 332.000000 0.000003
551.000000 332.000000 0.000002
569.000000 332.000000 0.000002
661.000000 332.000000 0.000003
632.000000 333.000000 0.000003
733.000000 333.000000 0.000003
500.000000 334.000000 0.000003
593.000000 334.000000 0.000003
710.000000 334.000000 0.000002
764.000000 334.000000 0.000003
1098.000000 334.000000 0.000003
421.000000 335.000000 0.000002
446.000000 335.000000 0.000003
474.000000 335.000000 0.000002
791.000000 335.000000 0.000002
818.000000 335.000000 0.000003
899.000000 335.000000 0.000003
1013.000000 335.000000 0.000003
1029.000000 335.000000 0.000002
1083.000000 335.000000 0.000003
691.000000 336.000000 0.000002
844.000000 336.000000 0.000003
873.000000 336.000000 0.000003
988.000000 336.000000 0.000002
399.000000 337.000000 0.000002
1053.000000 337.000000 0.000003
377.000000 338.000000 0.000002
970.000000 338.000000 0.000002
341.000000 339.000000 0.000002
924.000000 339.000000 0.000003
286.000000 340.000000 0.000003
320.000000 340.000000 0.000002
362.000000 340.000000 0.000001
258.000000 341.000000 0.000003
950.000000 341.000000 0.000002
213.000000 344.000000 0.000002
147.000000 346.000000 0.000002
165.000000 346.000000 0.000002
180.000000 346.000000 0.000002
194.000000 346.000000 0.000002
235.000000 346.000000 0.000002
525.000000 363.000000 0.000003
652.000000 363.000000 0.000003
671.000000 363.000000 0.000002
692.000000 363.000000 0.000002
716.000000 363.000000 0.000003
497.000000 364.000000 0.000002
555.000000 364.000000 0.000003
592.000000 364.000000 0.000003
621.000000 364.000000 0.000003
786.000000 364.000000 0.000003
738.000000 365.000000 0.000002
760.000000 365.000000 0.000002
452.000000 366.000000 0.000003
474.000000 366.000000 0.000002
816.000000 367.000000 0.000003
853.000000 368.000000 0.000003
912.000000 368.000000 0.000003
1016.000000 368.000000 0.000003
1036.000000 368.000000 0.000002
877.000000 369.000000 0.000002
890.000000 369.000000 0.000001
926.000000 369.000000 0.000001
941.000000 369.000000 0.000003
971.000000 369.000000 0.000003
1050.000000 369.000000 0.000002
1092.000000 369.000000 0.000003
991.000000 370.000000 0.000002
384.000000 371.000000 0.000002
426.000000 371.000000 0.000002
1066.000000 371.000000 0.000002
307.000000 372.000000 0.000002
325.000000 372.000000 0.000002
346.000000 372.000000 0.000003
367.000000 372.000000 0.000002
208.000000 373.000000 0.000002
405.000000 373.000000 0.000002
155.000000 374.000000 0.000003
255.000000 374.000000 0.000002
180.000000 375.000000 0.000003
271.000000 375.000000 0.000002
96.000000 377.000000 0.000005
289.000000 377.000000 0.000002
230.000000 378.000000 0.000002
1150.000000 391.000000 0.000003
655.000000 393.000000 0.000002
1127.000000 393.000000 0.000003
703.000000 394.000000 0.000003
678.000000 395.000000 0.000002
729.000000 395.000000 0.000002
747.000000 395.000000 0.000002
779.000000 395.000000 0.000003
804.000000 395.000000 0.000003
836.000000 396.000000 0.000002
858.000000 396.000000 0.000003
947.000000 396.000000 0.000002
1084.000000 396.000000 0.000002
449.000000 397.000000 0.000003
531.000000 397.000000 0.000003
584.000000 397.000000 0.000002
634.000000 397.000000 0.000002
908.000000 397.000000 0.000002
931.000000 397.000000 0.000002
966.000000 397.000000 0.000002
981.000000 397.000000 0.000002
1001.000000 397.000000 0.000002
518.000000 398.000000 0.000002
570.000000 398.000000 0.000001
881.000000 398.000000 0.000003
1023.000000 398.000000 0.000002
1061.000000 398.000000 0.000003
1105.000000 399.000000 0.000002
559.000000 400.000000 0.000003
1036.000000 400.000000 0.000002
431.000000 401.000000 0.000003
481.000000 401.000000 0.000003
612.000000 401.000000 0.000003
363.000000 402.000000 0.000002
397.000000 403.000000 0.000001
408.000000 403.000000 0.000003
503.000000 403.000000 0.000002
342.000000 404.000000 0.000003
378.000000 404.000000 0.000001
182.000000 405.000000 0.000003
289.000000 405.000000 0.000003
152.000000 406.000000 0.000003
317.000000 406.000000 0.000002
201.000000 407.000000 0.000003
260.000000 407.000000 0.000002
228.000000 408.000000 0.000003
