0.159200 0.044800 0.000000
0.236000 0.044800 0.000000
0.252000 0.045600 0.000000
0.219200 0.046400 0.000000
0.202400 0.047200 0.000000
0.176000 0.048000 0.000000
0.861600 0.056800 0.000000
0.876000 0.058400 0.000000
0.442400 0.084000 0.000000
0.418400 0.084800 0.000000
0.107200 0.085600 0.000000
0.160800 0.085600 0.000000
0.172800 0.085600 0.000000
0.693600 0.085600 0.000000
0.276800 0.086400 0.000000
0.291200 0.086400 0.000000
0.320000 0.086400 0.000000
0.392800 0.086400 0.000000
0.604800 0.086400 0.000000
0.712800 0.086400 0.000000
0.748800 0.086400 0.000000
0.885600 0.086400 0.000000
0.900800 0.086400 0.000000
0.124000 0.087200 0.000000
0.182400 0.087200 0.000000
0.259200 0.087200 0.000000
0.305600 0.087200 0.000000
0.343200 0.087200 0.000000
0.460000 0.087200 0.000000
0.476000 0.087200 0.000000
0.875200 0.087200 0.000000
0.368000 0.088000 0.000000
0.675200 0.088000 0.000000
0.733600 0.088000 0.000000
0.143200 0.088800 0.000000
0.195200 0.088800 0.000000
0.212800 0.088800 0.000000
0.224800 0.088800 0.000000
0.237600 0.088800 0.000000
0.504000 0.088800 0.000000
0.524800 0.088800 0.000000
0.588800 0.088800 0.000000
0.620800 0.088800 0.000000
0.657600 0.088800 0.000000
0.765600 0.088800 0.000000
0.813600 0.088800 0.000000
0.827200 0.088800 0.000000
0.843200 0.088800 0.000000
0.860000 0.088800 0.000000
0.493600 0.089600 0.000000
0.541600 0.089600 0.000000
0.557600 0.089600 0.000000
0.801600 0.089600 0.000000
0.781600 0.090400 0.000000
0.790400 0.090400 0.000000
0.572800 0.091200 0.000000
0.636800 0.091200 0.000000
0.106400 0.106400 0.000000
0.424000 0.108000 0.000000
0.438400 0.108000 0.000000
0.123200 0.108800 0.000000
0.265600 0.109600 0.000000
0.299200 0.109600 0.000000
0.468800 0.109600 0.000000
0.484000 0.109600 0.000000
0.521600 0.109600 0.000000
0.669600 0.109600 0.000000
0.161600 0.110400 0.000000
0.198400 0.110400 0.000000
0.376800 0.110400 0.000000
0.409600 0.110400 0.000000
0.454400 0.110400 0.000000
0.605600 0.110400 0.000000
0.704000 0.110400 0.000000
0.140800 0.111200 0.000000
0.185600 0.111200 0.000000
0.249600 0.111200 0.000000
0.282400 0.111200 0.000000
0.394400 0.111200 0.000000
0.500800 0.111200 0.000000
0.552000 0.111200 0.000000
0.587200 0.111200 0.000000
0.644800 0.111200 0.000000
0.725600 0.111200 0.000000
0.768000 0.111200 0.000000
0.804800 0.111200 0.000000
0.823200 0.111200 0.000000
0.880800 0.111200 0.000000
0.897600 0.111200 0.000000
0.174400 0.112000 0.000000
0.210400 0.112000 0.000000
0.335200 0.112000 0.000000
0.355200 0.112000 0.000000
0.567200 0.112000 0.000000
0.623200 0.112000 0.000000
0.740000 0.112000 0.000000
0.749600 0.112000 0.000000
0.783200 0.112000 0.000000
0.837600 0.112000 0.000000
0.860800 0.112000 0.000000
0.222400 0.112800 0.000000
0.235200 0.112800 0.000000
0.317600 0.112800 0.000000
0.686400 0.112800 0.000000
0.412000 0.132000 0.000000
0.433600 0.132000 0.000000
0.278400 0.132800 0.000000
0.288800 0.132800 0.000000
0.548000 0.132800 0.000000
0.576000 0.132800 0.000000
0.588800 0.132800 0.000000
0.640800 0.132800 0.000000
0.680800 0.132800 0.000000
0.725600 0.132800 0.000000
0.876000 0.132800 0.000000
0.108800 0.133600 0.000000
0.120000 0.133600 0.000000
0.137600 0.133600 0.000000
0.352800 0.133600 0.000000
0.377600 0.133600 0.000000
0.452800 0.133600 0.000000
0.468000 0.133600 0.000000
0.500000 0.133600 0.000000
0.532000 0.133600 0.000000
0.564800 0.133600 0.000000
0.602400 0.133600 0.000000
0.619200 0.133600 0.000000
0.660000 0.133600 0.000000
0.694400 0.133600 0.000000
0.710400 0.133600 0.000000
0.748000 0.133600 0.000000
0.832800 0.133600 0.000000
0.180800 0.134400 0.000000
0.198400 0.134400 0.000000
0.219200 0.134400 0.000000
0.300000 0.134400 0.000000
0.316000 0.134400 0.000000
0.368000 0.134400 0.000000
0.480800 0.134400 0.000000
0.491200 0.134400 0.000000
0.514400 0.134400 0.000000
0.759200 0.134400 0.000000
0.768800 0.134400 0.000000
0.783200 0.134400 0.000000
0.818400 0.134400 0.000000
0.844800 0.134400 0.000000
0.892000 0.134400 0.000000
0.902400 0.134400 0.000000
0.242400 0.135200 0.000000
0.256000 0.135200 0.000000
0.329600 0.135200 0.000000
0.393600 0.135200 0.000000
0.859200 0.135200 0.000000
0.800800 0.136000 0.000000
0.161600 0.137600 0.000000
0.432800 0.154400 0.000000
0.368000 0.155200 0.000000
0.390400 0.155200 0.000000
0.664000 0.155200 0.000000
0.260800 0.156000 0.000000
0.278400 0.156000 0.000000
0.411200 0.156000 0.000000
0.473600 0.156000 0.000000
0.534400 0.156000 0.000000
0.552000 0.156000 0.000000
0.649600 0.156000 0.000000
0.679200 0.156000 0.000000
0.695200 0.156000 0.000000
0.772000 0.156000 0.000000
0.220800 0.156800 0.000000
0.349600 0.156800 0.000000
0.493600 0.156800 0.000000
0.515200 0.156800 0.000000
0.563200 0.156800 0.000000
0.578400 0.156800 0.000000
0.610400 0.156800 0.000000
0.622400 0.156800 0.000000
0.635200 0.156800 0.000000
0.716000 0.156800 0.000000
0.790400 0.156800 0.000000
0.111200 0.157600 0.000000
0.243200 0.157600 0.000000
0.300000 0.157600 0.000000
0.331200 0.157600 0.000000
0.594400 0.157600 0.000000
0.752800 0.157600 0.000000
0.810400 0.157600 0.000000
0.864800 0.157600 0.000000
0.883200 0.157600 0.000000
0.904800 0.157600 0.000000
0.166400 0.158400 0.000000
0.204000 0.158400 0.000000
0.315200 0.158400 0.000000
0.452800 0.158400 0.000000
0.129600 0.159200 0.000000
0.146400 0.159200 0.000000
0.185600 0.159200 0.000000
0.731200 0.159200 0.000000
0.828800 0.159200 0.000000
0.844800 0.159200 0.000000
0.630400 0.178400 0.000000
0.669600 0.178400 0.000000
0.695200 0.178400 0.000000
0.270400 0.179200 0.000000
0.585600 0.179200 0.000000
0.607200 0.179200 0.000000
0.653600 0.179200 0.000000
0.532000 0.180000 0.000000
0.717600 0.180000 0.000000
0.288800 0.180800 0.000000
0.375200 0.180800 0.000000
0.419200 0.180800 0.000000
0.486400 0.180800 0.000000
0.506400 0.180800 0.000000
0.520800 0.180800 0.000000
0.552000 0.180800 0.000000
0.572000 0.180800 0.000000
0.891200 0.180800 0.000000
0.228000 0.181600 0.000000
0.322400 0.181600 0.000000
0.360000 0.181600 0.000000
0.395200 0.181600 0.000000
0.436800 0.181600 0.000000
0.455200 0.181600 0.000000
0.472000 0.181600 0.000000
0.742400 0.181600 0.000000
0.809600 0.181600 0.000000
0.844000 0.181600 0.000000
0.860800 0.181600 0.000000
0.212000 0.182400 0.000000
0.252000 0.182400 0.000000
0.309600 0.182400 0.000000
0.340800 0.182400 0.000000
0.766400 0.182400 0.000000
0.788800 0.182400 0.000000
0.123200 0.183200 0.000000
0.132000 0.183200 0.000000
0.145600 0.183200 0.000000
0.192800 0.183200 0.000000
0.828000 0.184000 0.000000
0.108000 0.184800 0.000000
0.158400 0.184800 0.000000
0.173600 0.184800 0.000000
0.698400 0.201600 0.000000
0.719200 0.201600 0.000000
0.759200 0.201600 0.000000
0.740000 0.202400 0.000000
0.768000 0.202400 0.000000
0.444000 0.203200 0.000000
0.780800 0.203200 0.000000
0.360800 0.204000 0.000000
0.407200 0.204000 0.000000
0.481600 0.204000 0.000000
0.596800 0.204000 0.000000
0.611200 0.204000 0.000000
0.793600 0.204000 0.000000
0.806400 0.204000 0.000000
0.820800 0.204000 0.000000
0.840000 0.204000 0.000000
0.340000 0.204800 0.000000
0.425600 0.204800 0.000000
0.637600 0.204800 0.000000
0.658400 0.204800 0.000000
0.680800 0.204800 0.000000
0.887200 0.204800 0.000000
0.903200 0.204800 0.000000
0.314400 0.205600 0.000000
0.378400 0.205600 0.000000
0.390400 0.205600 0.000000
0.464000 0.205600 0.000000
0.504000 0.205600 0.000000
0.516000 0.205600 0.000000
0.857600 0.205600 0.000000
0.543200 0.206400 0.000000
0.564000 0.206400 0.000000
0.581600 0.206400 0.000000
0.186400 0.207200 0.000000
0.528800 0.207200 0.000000
0.171200 0.208000 0.000000
0.200000 0.208000 0.000000
0.225600 0.208000 0.000000
0.284800 0.208000 0.000000
0.154400 0.208800 0.000000
0.262400 0.208800 0.000000
0.297600 0.208800 0.000000
0.108800 0.210400 0.000000
0.123200 0.210400 0.000000
0.142400 0.210400 0.000000
0.212000 0.210400 0.000000
0.240000 0.210400 0.000000
0.252000 0.210400 0.000000
0.711200 0.224800 0.000000
0.734400 0.226400 0.000000
0.772000 0.226400 0.000000
0.793600 0.226400 0.000000
0.813600 0.226400 0.000000
0.828800 0.226400 0.000000
0.843200 0.226400 0.000000
0.480000 0.227200 0.000000
0.604800 0.227200 0.000000
0.754400 0.227200 0.000000
0.861600 0.227200 0.000000
0.690400 0.228000 0.000000
0.898400 0.228000 0.000000
0.393600 0.228800 0.000000
0.669600 0.228800 0.000000
0.879200 0.228800 0.000000
0.448000 0.229600 0.000000
0.460800 0.229600 0.000000
0.492000 0.229600 0.000000
0.501600 0.229600 0.000000
0.541600 0.229600 0.000000
0.579200 0.229600 0.000000
0.588000 0.229600 0.000000
0.624800 0.229600 0.000000
0.647200 0.229600 0.000000
0.428800 0.230400 0.000000
0.512000 0.230400 0.000000
0.526400 0.230400 0.000000
0.562400 0.230400 0.000000
0.196000 0.231200 0.000000
0.316000 0.231200 0.000000
0.143200 0.232000 0.000000
0.160000 0.232000 0.000000
0.177600 0.232000 0.000000
0.278400 0.232000 0.000000
0.302400 0.232000 0.000000
0.357600 0.232000 0.000000
0.371200 0.232000 0.000000
0.408800 0.232000 0.000000
0.187200 0.232800 0.000000
0.208000 0.232800 0.000000
0.258400 0.232800 0.000000
0.333600 0.232800 0.000000
0.346400 0.232800 0.000000
0.124000 0.233600 0.000000
0.108800 0.235200 0.000000
0.227200 0.235200 0.000000
0.242400 0.235200 0.000000
0.824800 0.252000 0.000000
0.863200 0.252000 0.000000
0.879200 0.252000 0.000000
0.492800 0.252800 0.000000
0.545600 0.252800 0.000000
0.760800 0.252800 0.000000
0.782400 0.252800 0.000000
0.843200 0.252800 0.000000
0.717600 0.253600 0.000000
0.797600 0.253600 0.000000
0.890400 0.253600 0.000000
0.809600 0.254400 0.000000
0.559200 0.255200 0.000000
0.577600 0.255200 0.000000
0.594400 0.255200 0.000000
0.610400 0.255200 0.000000
0.630400 0.255200 0.000000
0.440800 0.256000 0.000000
0.460000 0.256000 0.000000
0.475200 0.256000 0.000000
0.675200 0.256000 0.000000
0.690400 0.256000 0.000000
0.740800 0.256000 0.000000
0.514400 0.256800 0.000000
0.527200 0.256800 0.000000
0.354400 0.257600 0.000000
0.392000 0.257600 0.000000
0.423200 0.257600 0.000000
0.658400 0.257600 0.000000
0.201600 0.258400 0.000000
0.215200 0.258400 0.000000
0.407200 0.258400 0.000000
0.244800 0.259200 0.000000
0.260000 0.259200 0.000000
0.064800 0.260000 0.000000
0.110400 0.260000 0.000000
0.149600 0.260000 0.000000
0.227200 0.260000 0.000000
0.312800 0.260000 0.000000
0.340000 0.260000 0.000000
0.166400 0.260800 0.000000
0.291200 0.260800 0.000000
0.376800 0.260800 0.000000
0.048000 0.261600 0.000000
0.128000 0.261600 0.000000
0.184000 0.261600 0.000000
0.276000 0.261600 0.000000
0.894400 0.276800 0.000000
0.776000 0.277600 0.000000
0.678400 0.278400 0.000000
0.695200 0.278400 0.000000
0.711200 0.278400 0.000000
0.865600 0.278400 0.000000
0.880800 0.278400 0.000000
0.564800 0.279200 0.000000
0.731200 0.279200 0.000000
0.751200 0.279200 0.000000
0.795200 0.279200 0.000000
0.850400 0.279200 0.000000
0.514400 0.280000 0.000000
0.624000 0.280000 0.000000
0.640000 0.280000 0.000000
0.657600 0.280000 0.000000
0.760000 0.280000 0.000000
0.820000 0.280000 0.000000
0.424000 0.280800 0.000000
0.548800 0.280800 0.000000
0.588800 0.280800 0.000000
0.607200 0.280800 0.000000
0.832800 0.280800 0.000000
0.412800 0.281600 0.000000
0.464800 0.281600 0.000000
0.532800 0.281600 0.000000
0.399200 0.282400 0.000000
0.438400 0.282400 0.000000
0.496000 0.282400 0.000000
0.114400 0.283200 0.000000
0.191200 0.283200 0.000000
0.452800 0.283200 0.000000
0.169600 0.284000 0.000000
0.210400 0.284000 0.000000
0.337600 0.284000 0.000000
0.387200 0.284000 0.000000
0.478400 0.284000 0.000000
0.149600 0.284800 0.000000
0.228000 0.284800 0.000000
0.284000 0.284800 0.000000
0.308000 0.284800 0.000000
0.321600 0.284800 0.000000
0.358400 0.284800 0.000000
0.133600 0.285600 0.000000
0.243200 0.285600 0.000000
0.263200 0.285600 0.000000
0.689600 0.299200 0.000000
0.899200 0.300800 0.000000
0.609600 0.301600 0.000000
0.647200 0.301600 0.000000
0.718400 0.301600 0.000000
0.626400 0.302400 0.000000
0.666400 0.302400 0.000000
0.740800 0.302400 0.000000
0.575200 0.303200 0.000000
0.589600 0.303200 0.000000
0.784800 0.303200 0.000000
0.795200 0.303200 0.000000
0.809600 0.303200 0.000000
0.842400 0.303200 0.000000
0.861600 0.303200 0.000000
0.883200 0.303200 0.000000
0.932000 0.303200 0.000000
0.527200 0.304000 0.000000
0.544000 0.304000 0.000000
0.560800 0.304000 0.000000
0.768000 0.304000 0.000000
0.823200 0.304000 0.000000
0.146400 0.304800 0.000000
0.421600 0.304800 0.000000
0.461600 0.304800 0.000000
0.515200 0.304800 0.000000
0.112000 0.305600 0.000000
0.133600 0.305600 0.000000
0.158400 0.305600 0.000000
0.172800 0.305600 0.000000
0.240800 0.305600 0.000000
0.281600 0.305600 0.000000
0.360800 0.305600 0.000000
0.380800 0.305600 0.000000
0.448000 0.305600 0.000000
0.474400 0.305600 0.000000
0.492800 0.305600 0.000000
0.220800 0.306400 0.000000
0.230400 0.306400 0.000000
0.257600 0.306400 0.000000
0.299200 0.306400 0.000000
0.316000 0.306400 0.000000
0.326400 0.306400 0.000000
0.336800 0.306400 0.000000
0.351200 0.306400 0.000000
0.371200 0.306400 0.000000
0.396000 0.306400 0.000000
0.407200 0.306400 0.000000
0.182400 0.307200 0.000000
0.203200 0.307200 0.000000
0.191200 0.308000 0.000000
0.647200 0.322400 0.000000
0.626400 0.323200 0.000000
0.739200 0.323200 0.000000
0.115200 0.324000 0.000000
0.663200 0.324000 0.000000
0.689600 0.324000 0.000000
0.704800 0.324000 0.000000
0.722400 0.324000 0.000000
0.576000 0.324800 0.000000
0.756800 0.324800 0.000000
0.774400 0.324800 0.000000
0.788000 0.324800 0.000000
0.816000 0.324800 0.000000
0.834400 0.324800 0.000000
0.591200 0.325600 0.000000
0.606400 0.325600 0.000000
0.677600 0.325600 0.000000
0.801600 0.325600 0.000000
0.847200 0.325600 0.000000
0.170400 0.326400 0.000000
0.197600 0.326400 0.000000
0.209600 0.326400 0.000000
0.511200 0.326400 0.000000
0.868000 0.326400 0.000000
0.134400 0.327200 0.000000
0.143200 0.327200 0.000000
0.154400 0.327200 0.000000
0.188000 0.327200 0.000000
0.383200 0.327200 0.000000
0.423200 0.327200 0.000000
0.532800 0.327200 0.000000
0.884800 0.327200 0.000000
0.222400 0.328000 0.000000
0.232800 0.328000 0.000000
0.242400 0.328000 0.000000
0.266400 0.328000 0.000000
0.340000 0.328000 0.000000
0.402400 0.328000 0.000000
0.440000 0.328000 0.000000
0.455200 0.328000 0.000000
0.492000 0.328000 0.000000
0.551200 0.328000 0.000000
0.898400 0.328000 0.000000
0.320800 0.328800 0.000000
0.360000 0.328800 0.000000
0.472800 0.328800 0.000000
0.288800 0.329600 0.000000
0.303200 0.329600 0.000000
