226 232
47 53
67 68
55 66
509 511
229 237
719 720
536 537
329 333
251 252
228 250
450 461
510 512
569 570
542 553
192 193
561 566
701 726
200 206
472 476
25 34
133 134
255 258
392 394
376 377
14 15
424 426
715 727
166 167
576 578
214 216
174 180
605 623
608 619
318 319
18 30
306 317
350 351
159 164
328 332
80 81
649 665
693 699
343 348
132 146
712 730
62 69
54 65
243 251
535 536
405 408
22 23
416 417
233 234
432 443
435 439
114 115
667 673
317 322
55 56
465 467
409 414
266 267
287 290
668 674
147 148
128 144
390 391
557 568
601 602
199 204
38 763
48 53
210 213
331 332
291 296
92 96
542 543
602 603
240 241
184 188
33 37
321 324
711 729
181 182
575 576
273 274
51 72
354 357
516 517
365 366
597 600
605 613
306 307
745 754
398 399
21 22
191 195
641 642
280 282
649 664
741 747
205 206
741 756
91 95
642 643
671 679
464 466
752 753
361 364
572 575
734 735
146 147
523 533
405 407
556 567
615 616
286 288
675 676
534 548
667 681
179 180
28 29
645 653
409 413
557 558
50 62
272 273
519 522
490 495
722 729
153 154
380 382
2 3
172 176
700 719
3 4
397 398
604 611
733 734
35 36
246 247
526 530
715 716
497 503
187 188
446 448
356 365
335 342
648 662
160 161
209 212
630 632
69 70
349 353
101 102
312 313
360 362
150 162
393 396
82 107
10 11
420 422
2 7
412 418
253 254
464 465
222 248
334 337
313 314
711 723
94 108
194 195
385 391
644 651
231 253
497 498
135 136
534 547
346 347
264 268
610 622
645 652
486 488
46 73
726 735
227 246
6 9
149 165
371 376
419 425
261 262
293 294
342 345
700 718
703 714
596 597
673 682
518 525
359 361
208 210
9 10
496 506
589 594
316 319
758 762
437 438
327 328
257 260
42 43
511 512
39 46
663 664
493 500
131 138
755 756
544 554
16 17
24 30
474 477
644 650
677 684
696 697
145 158
655 656
577 578
245 254
626 629
647 661
49 50
78 86
610 621
149 155
230 238
71 74
79 87
370 379
581 590
669 675
41 60
721 722
234 235
592 608
83 84
222 242
363 367
1 5
703 704
326 327
724 736
662 663
56 57
267 268
694 713
85 102
116 117
145 153
444 449
26 34
695 696
558 569
256 258
57 58
618 629
300 301
89 99
710 721
750 757
259 269
440 442
289 291
699 702
672 685
200 201
521 525
381 383
462 466
60 68
263 266
141 142
31 32
473 475
761 762
274 275
141 151
123 124
591 607
355 358
606 614
463 467
215 216
244 252
426 427
174 175
137 144
518 519
78 85
97 98
617 628
588 592
389 392
189 190
400 401
688 697
672 680
289 295
712 725
451 452
532 538
743 749
219 227
584 585
292 297
661 670
502 506
543 544
669 683
133 142
554 562
484 485
122 123
565 571
374 375
45 47
646 654
487 490
336 339
555 563
59 67
285 293
660 683
337 340
458 459
580 583
440 441
63 64
521 524
381 382
4 5
284 288
25 37
742 748
52 63
650 674
303 310
233 242
296 298
388 390
676 677
118 120
199 203
77 88
498 499
636 640
11 12
92 95
720 728
513 515
44 45
502 505
217 220
196 197
217 229
373 378
624 625
247 248
96 97
18 19
358 362
406 411
657 658
77 83
280 281
170 171
218 220
749 750
48 65
100 103
111 112
590 595
631 633
140 157
221 231
402 404
221 240
410 417
162 163
564 570
103 104
635 639
122 126
539 540
347 348
708 717
118 119
520 526
139 160
479 485
369 375
442 445
450 458
169 170
339 343
709 718
129 143
372 377
172 175
513 514
129 152
321 322
690 695
491 495
305 314
523 527
494 500
612 623
593 619
656 657
627 630
225 232
435 441
346 351
524 528
43 75
446 447
486 492
449 452
387 388
439 444
139 155
21 29
479 480
299 302
501 504
723 724
202 207
165 167
453 454
416 423
545 546
545 555
235 249
616 624
478 483
457 460
430 443
6 8
546 556
708 716
99 105
228 237
678 684
80 82
150 156
579 580
611 612
420 425
290 297
383 385
431 434
224 230
552 553
54 66
434 436
283 294
704 705
127 135
357 359
589 593
737 738
76 89
157 163
298 300
128 136
58 59
427 432
371 379
638 643
42 51
301 302
527 528
471 475
309 315
121 124
393 394
560 571
169 173
531 535
134 152
261 265
493 499
634 636
183 184
32 33
364 366
275 276
453 462
604 622
127 130
744 754
176 181
338 341
626 628
537 550
308 309
637 646
430 433
76 84
745 746
689 693
138 154
559 565
79 86
460 461
90 104
540 551
113 115
39 40
31 36
582 584
131 132
541 552
585 586
755 759
283 284
725 736
156 161
566 572
245 257
637 641
747 760
197 198
368 373
168 171
651 652
349 350
560 561
751 757
101 108
352 355
692 698
603 620
504 507
596 599
64 73
445 448
744 753
407 412
264 265
386 389
658 659
507 508
588 591
567 568
559 564
408 413
599 609
209 213
659 660
71 72
119 121
691 692
508 509
90 94
670 678
751 752
707 727
219 226
422 424
600 601
12 13
743 748
360 363
632 633
481 482
404 406
740 742
573 574
212 214
541 551
533 538
334 338
665 666
482 483
105 106
618 627
515 516
49 61
758 759
340 344
19 20
429 431
189 193
710 728
238 244
688 691
270 276
548 549
341 345
414 415
352 354
532 550
732 733
204 205
374 378
16 23
304 310
185 191
307 315
164 168
26 27
587 598
285 287
208 211
480 481
256 260
666 671
329 330
159 166
178 179
8 15
27 28
469 471
270 271
330 331
470 472
454 455
473 477
52 75
395 396
455 456
225 241
236 250
185 186
177 182
428 429
639 640
277 278
488 489
679 685
70 74
687 698
731 732
369 370
186 187
418 421
130 143
598 607
581 582
402 403
613 614
81 88
292 299
41 61
311 312
255 259
303 308
705 706
295 304
635 638
573 577
93 98
487 492
706 707
738 739
93 107
7 13
436 437
647 648
428 433
517 520
318 320
739 740
0 1
617 625
620 621
218 223
469 470
709 717
100 106
680 681
701 713
529 530
531 549
140 151
410 411
192 198
690 694
203 207
653 654
491 494
224 239
125 126
702 714
311 316
583 586
384 386
562 563
594 595
606 615
686 687
236 249
