0.839200 0.060000 0.000009
0.851200 0.060800 0.000008
0.171200 0.065600 0.000007
0.116800 0.066400 0.000009
0.132800 0.066400 0.000004
0.146400 0.066400 0.000004
0.158400 0.066400 0.000004
0.892800 0.089600 0.000008
0.848800 0.091200 0.000004
0.832800 0.092000 0.000004
0.696000 0.092800 0.000004
0.867200 0.092800 0.000005
0.681600 0.093600 0.000004
0.636000 0.094400 0.000004
0.647200 0.094400 0.000007
0.730400 0.094400 0.000005
0.747200 0.094400 0.000004
0.776800 0.094400 0.000004
0.787200 0.094400 0.000002
0.800000 0.094400 0.000004
0.815200 0.094400 0.000004
0.553600 0.095200 0.000005
0.570400 0.095200 0.000005
0.591200 0.095200 0.000005
0.622400 0.095200 0.000004
0.664000 0.095200 0.000004
0.712800 0.095200 0.000004
0.762400 0.095200 0.000005
0.531200 0.096000 0.000005
0.606400 0.096000 0.000004
0.510400 0.096800 0.000005
0.473600 0.097600 0.000005
0.488800 0.097600 0.000005
0.455200 0.099200 0.000004
0.439200 0.100800 0.000005
0.416800 0.102400 0.000002
0.248800 0.103200 0.000005
0.280000 0.103200 0.000004
0.316000 0.103200 0.000005
0.333600 0.103200 0.000004
0.350400 0.103200 0.000004
0.380000 0.103200 0.000007
0.405600 0.103200 0.000006
0.267200 0.104000 0.000004
0.291200 0.104000 0.000006
0.366400 0.104000 0.000004
0.389600 0.104000 0.000005
0.144800 0.105600 0.000007
0.186400 0.105600 0.000004
0.204000 0.105600 0.000004
0.228000 0.105600 0.000005
0.156800 0.106400 0.000004
0.172000 0.106400 0.000004
0.846400 0.121600 0.000005
0.868000 0.121600 0.000006
0.592000 0.122400 0.000005
0.691200 0.122400 0.000005
0.712800 0.122400 0.000005
0.822400 0.122400 0.000005
0.542400 0.123200 0.000005
0.576000 0.123200 0.000004
0.620000 0.123200 0.000008
0.632800 0.123200 0.000004
0.729600 0.123200 0.000004
0.523200 0.124000 0.000006
0.559200 0.124000 0.000005
0.671200 0.124000 0.000004
0.784000 0.124000 0.000006
0.805600 0.124000 0.000004
0.498400 0.124800 0.000004
0.650400 0.124800 0.000005
0.746400 0.124800 0.000005
0.764800 0.124800 0.000005
0.460800 0.125600 0.000004
0.418400 0.126400 0.000006
0.442400 0.126400 0.000005
0.478400 0.126400 0.000005
0.192000 0.127200 0.000005
0.225600 0.127200 0.000004
0.316000 0.127200 0.000005
0.375200 0.127200 0.000005
0.175200 0.128000 0.000005
0.208000 0.128000 0.000004
0.245600 0.128000 0.000004
0.263200 0.128000 0.000004
0.394400 0.128000 0.000004
0.278400 0.128800 0.000004
0.335200 0.128800 0.000004
0.351200 0.128800 0.000004
0.141600 0.129600 0.000005
0.159200 0.129600 0.000004
0.293600 0.129600 0.000004
0.869600 0.148000 0.000005
0.564800 0.148800 0.000005
0.584800 0.148800 0.000004
0.456000 0.149600 0.000004
0.545600 0.149600 0.000005
0.609600 0.149600 0.000006
0.828800 0.149600 0.000006
0.847200 0.149600 0.000005
0.278400 0.150400 0.000004
0.342400 0.150400 0.000005
0.408800 0.150400 0.000006
0.434400 0.150400 0.000006
0.474400 0.150400 0.000004
0.494400 0.150400 0.000006
0.758400 0.150400 0.000004
0.803200 0.150400 0.000004
0.200800 0.151200 0.000004
0.324000 0.151200 0.000004
0.386400 0.151200 0.000005
0.724800 0.151200 0.000005
0.229600 0.152000 0.000004
0.267200 0.152000 0.000005
0.367200 0.152000 0.000005
0.520000 0.152000 0.000005
0.629600 0.152000 0.000004
0.644800 0.152000 0.000004
0.660800 0.152000 0.000004
0.678400 0.152000 0.000004
0.743200 0.152000 0.000004
0.784800 0.152000 0.000005
0.174400 0.152800 0.000005
0.187200 0.152800 0.000004
0.214400 0.152800 0.000004
0.246400 0.152800 0.000004
0.292000 0.152800 0.000005
0.310400 0.152800 0.000007
0.700800 0.152800 0.000005
0.141600 0.154400 0.000005
0.156800 0.155200 0.000004
0.850400 0.171200 0.000004
0.874400 0.172000 0.000006
0.832000 0.172800 0.000004
0.769600 0.173600 0.000004
0.787200 0.173600 0.000004
0.804000 0.173600 0.000004
0.814400 0.173600 0.000005
0.468800 0.175200 0.000004
0.673600 0.175200 0.000005
0.692800 0.175200 0.000005
0.752800 0.175200 0.000004
0.426400 0.176000 0.000004
0.448000 0.176000 0.000005
0.485600 0.176000 0.000004
0.600000 0.176000 0.000004
0.652800 0.176000 0.000004
0.712800 0.176000 0.000004
0.732000 0.176000 0.000005
0.370400 0.176800 0.000006
0.408000 0.176800 0.000004
0.503200 0.176800 0.000004
0.544000 0.176800 0.000004
0.584000 0.176800 0.000004
0.617600 0.176800 0.000004
0.629600 0.176800 0.000002
0.642400 0.176800 0.000004
0.391200 0.177600 0.000005
0.322400 0.178400 0.000004
0.345600 0.178400 0.000005
0.360000 0.178400 0.000003
0.523200 0.178400 0.000005
0.561600 0.178400 0.000005
0.212000 0.179200 0.000006
0.237600 0.179200 0.000005
0.255200 0.179200 0.000004
0.268800 0.179200 0.000004
0.304000 0.179200 0.000004
0.143200 0.180000 0.000006
0.278400 0.180000 0.000002
0.166400 0.180800 0.000005
0.189600 0.181600 0.000005
0.876000 0.196000 0.000006
0.800800 0.197600 0.000005
0.836800 0.198400 0.000004
0.854400 0.198400 0.000004
0.820000 0.199200 0.000004
0.383200 0.200000 0.000004
0.493600 0.200000 0.000005
0.660800 0.200000 0.000005
0.696000 0.200000 0.000004
0.777600 0.200000 0.000005
0.514400 0.200800 0.000005
0.552000 0.200800 0.000004
0.569600 0.200800 0.000004
0.709600 0.200800 0.000004
0.726400 0.200800 0.000005
0.354400 0.201600 0.000004
0.368800 0.201600 0.000004
0.400000 0.201600 0.000003
0.445600 0.201600 0.000004
0.535200 0.201600 0.000004
0.589600 0.201600 0.000005
0.680000 0.201600 0.000004
0.753600 0.201600 0.000005
0.292800 0.202400 0.000005
0.313600 0.202400 0.000004
0.332000 0.202400 0.000005
0.412000 0.202400 0.000004
0.429600 0.202400 0.000004
0.456800 0.202400 0.000004
0.474400 0.202400 0.000004
0.632000 0.203200 0.000005
0.256800 0.204000 0.000004
0.272000 0.204000 0.000004
0.236800 0.204800 0.000004
0.611200 0.204800 0.000005
0.142400 0.205600 0.000005
0.160000 0.205600 0.000004
0.178400 0.205600 0.000004
0.210400 0.205600 0.000003
0.219200 0.205600 0.000005
0.196800 0.206400 0.000004
0.380000 0.213600 0.000003
0.395200 0.213600 0.000003
0.436000 0.215200 0.000002
0.573600 0.224000 0.000004
0.591200 0.224000 0.000004
0.556000 0.224800 0.000004
0.812000 0.224800 0.000005
0.876000 0.224800 0.000004
0.791200 0.225600 0.000005
0.829600 0.225600 0.000004
0.847200 0.225600 0.000004
0.862400 0.225600 0.000004
0.537600 0.226400 0.000004
0.611200 0.226400 0.000005
0.634400 0.226400 0.000005
0.652000 0.226400 0.000004
0.679200 0.226400 0.000006
0.703200 0.226400 0.000004
0.715200 0.226400 0.000004
0.728000 0.226400 0.000004
0.748000 0.226400 0.000005
0.768000 0.226400 0.000006
0.290400 0.227200 0.000005
0.356000 0.227200 0.000004
0.376800 0.227200 0.000005
0.415200 0.227200 0.000004
0.428800 0.227200 0.000004
0.451200 0.227200 0.000005
0.521600 0.227200 0.000005
0.314400 0.228000 0.000005
0.336000 0.228000 0.000005
0.470400 0.228000 0.000004
0.481600 0.228000 0.000004
0.496800 0.228000 0.000005
0.400800 0.228800 0.000005
0.269600 0.229600 0.000004
0.229600 0.230400 0.000004
0.249600 0.230400 0.000005
0.147200 0.231200 0.000006
0.168000 0.231200 0.000004
0.212800 0.231200 0.000004
0.186400 0.232000 0.000005
0.886400 0.250400 0.000005
0.623200 0.251200 0.000004
0.678400 0.251200 0.000004
0.700000 0.251200 0.000006
0.829600 0.251200 0.000004
0.849600 0.251200 0.000005
0.584800 0.252000 0.000004
0.604800 0.252000 0.000005
0.660800 0.252000 0.000004
0.737600 0.252000 0.000004
0.790400 0.252000 0.000004
0.809600 0.252000 0.000005
0.868800 0.252000 0.000004
0.467200 0.252800 0.000006
0.639200 0.252800 0.000004
0.724000 0.252800 0.000004
0.571200 0.253600 0.000005
0.750400 0.253600 0.000004
0.769600 0.253600 0.000005
0.209600 0.254400 0.000006
0.444800 0.254400 0.000005
0.495200 0.254400 0.000006
0.533600 0.254400 0.000004
0.268800 0.255200 0.000007
0.344800 0.255200 0.000006
0.515200 0.255200 0.000005
0.551200 0.255200 0.000004
0.142400 0.256000 0.000005
0.184800 0.256000 0.000005
0.369600 0.256000 0.000005
0.395200 0.256000 0.000006
0.420000 0.256000 0.000005
0.163200 0.256800 0.000005
0.234400 0.256800 0.000006
0.293600 0.256800 0.000005
0.307200 0.258400 0.000002
0.320000 0.258400 0.000006
0.685600 0.273600 0.000005
0.774400 0.273600 0.000005
0.835200 0.273600 0.000005
0.875200 0.273600 0.000005
0.755200 0.274400 0.000004
0.855200 0.274400 0.000004
0.619200 0.275200 0.000005
0.640800 0.275200 0.000005
0.665600 0.275200 0.000005
0.714400 0.275200 0.000006
0.793600 0.275200 0.000004
0.806400 0.275200 0.000004
0.816800 0.275200 0.000006
0.736800 0.276000 0.000005
0.563200 0.276800 0.000004
0.580000 0.276800 0.000004
0.459200 0.277600 0.000005
0.532000 0.277600 0.000004
0.547200 0.277600 0.000004
0.596000 0.277600 0.000005
0.512800 0.278400 0.000004
0.404800 0.279200 0.000005
0.480800 0.279200 0.000005
0.496000 0.279200 0.000004
0.142400 0.280000 0.000005
0.424000 0.280000 0.000004
0.438400 0.280000 0.000004
0.356000 0.280800 0.000005
0.370400 0.280800 0.000004
0.383200 0.280800 0.000007
0.163200 0.281600 0.000005
0.190400 0.282400 0.000007
0.320000 0.282400 0.000004
0.215200 0.283200 0.000005
0.235200 0.283200 0.000005
0.253600 0.283200 0.000006
0.283200 0.283200 0.000007
0.300800 0.283200 0.000004
0.337600 0.283200 0.000004
0.889600 0.301600 0.000007
0.854400 0.303200 0.000004
0.866400 0.303200 0.000004
0.877600 0.303200 0.000003
0.840800 0.304000 0.000004
0.664800 0.304800 0.000004
0.792800 0.304800 0.000004
0.820800 0.304800 0.000004
0.778400 0.305600 0.000004
0.765600 0.306400 0.000004
0.805600 0.306400 0.000004
0.638400 0.307200 0.000004
0.650400 0.307200 0.000003
0.752000 0.307200 0.000004
0.624800 0.308000 0.000004
0.682400 0.308000 0.000004
0.697600 0.308000 0.000004
0.712000 0.308000 0.000004
0.724800 0.308000 0.000004
0.738400 0.308000 0.000004
0.576000 0.308800 0.000004
0.612000 0.308800 0.000004
0.562400 0.309600 0.000004
0.588800 0.309600 0.000003
0.599200 0.309600 0.000003
0.522400 0.311200 0.000004
0.550400 0.311200 0.000003
0.537600 0.312000 0.000004
0.510400 0.312800 0.000003
0.500800 0.314400 0.000004
0.420800 0.315200 0.000005
0.489600 0.315200 0.000004
0.473600 0.316000 0.000004
0.406400 0.316800 0.000004
0.439200 0.316800 0.000004
0.460800 0.316800 0.000005
0.391200 0.318400 0.000004
0.136800 0.319200 0.000004
0.253600 0.319200 0.000004
0.269600 0.319200 0.000004
0.300800 0.319200 0.000004
0.367200 0.319200 0.000004
0.380800 0.319200 0.000004
0.152000 0.320000 0.000004
0.217600 0.320000 0.000004
0.233600 0.320000 0.000004
0.321600 0.320000 0.000004
0.348800 0.320000 0.000004
0.172800 0.320800 0.000004
0.284800 0.320800 0.000004
0.332800 0.320800 0.000003
0.189600 0.321600 0.000004
0.204800 0.321600 0.000004
0.340800 0.332800 0.000004
0.352800 0.332800 0.000003
0.363200 0.332800 0.000002
0.284800 0.334400 0.000003
0.296800 0.334400 0.000003
0.308800 0.334400 0.000003
0.132800 0.335200 0.000004
0.150400 0.335200 0.000004
0.272800 0.335200 0.000003
0.321600 0.335200 0.000003
0.161600 0.336000 0.000003
0.193600 0.336000 0.000003
0.227200 0.336000 0.000004
0.241600 0.336000 0.000004
0.259200 0.336000 0.000004
0.176000 0.336800 0.000004
0.212800 0.336800 0.000003
