0.165600 0.054400 0.000004
0.180000 0.054400 0.000004
0.193600 0.054400 0.000008
0.132800 0.056000 0.000007
0.150400 0.056000 0.000004
0.863200 0.072000 0.000007
0.874400 0.072000 0.000004
0.399200 0.079200 0.000003
0.408000 0.079200 0.000003
0.418400 0.079200 0.000002
0.143200 0.088800 0.000004
0.219200 0.088800 0.000004
0.235200 0.088800 0.000004
0.291200 0.088800 0.000006
0.310400 0.088800 0.000005
0.324800 0.088800 0.000004
0.124800 0.089600 0.000006
0.160000 0.089600 0.000004
0.197600 0.089600 0.000005
0.273600 0.089600 0.000005
0.336800 0.089600 0.000008
0.179200 0.090400 0.000005
0.250400 0.090400 0.000005
0.348000 0.090400 0.000004
0.363200 0.091200 0.000004
0.385600 0.092800 0.000005
0.394400 0.092800 0.000004
0.404800 0.092800 0.000004
0.420000 0.092800 0.000004
0.440800 0.092800 0.000004
0.488000 0.093600 0.000004
0.454400 0.094400 0.000004
0.470400 0.094400 0.000004
0.548000 0.094400 0.000005
0.507200 0.095200 0.000005
0.577600 0.095200 0.000008
0.528000 0.096000 0.000005
0.563200 0.096000 0.000004
0.598400 0.096000 0.000004
0.613600 0.096000 0.000004
0.624000 0.096800 0.000007
0.633600 0.096800 0.000006
0.648800 0.096800 0.000004
0.662400 0.098400 0.000004
0.676800 0.098400 0.000004
0.964000 0.098400 0.000004
0.689600 0.099200 0.000004
0.817600 0.099200 0.000007
0.704000 0.100000 0.000005
0.723200 0.100000 0.000004
0.756800 0.100800 0.000004
0.850400 0.100800 0.000002
0.912000 0.100800 0.000003
0.952000 0.100800 0.000004
0.776000 0.101600 0.000005
0.794400 0.101600 0.000007
0.836000 0.101600 0.000004
0.860800 0.101600 0.000004
0.900800 0.101600 0.000004
0.922400 0.101600 0.000003
0.937600 0.101600 0.000004
0.739200 0.102400 0.000004
0.880000 0.102400 0.000005
0.208000 0.112000 0.000005
0.124800 0.112800 0.000004
0.158400 0.112800 0.000004
0.174400 0.112800 0.000004
0.190400 0.112800 0.000004
0.216800 0.112800 0.000002
0.227200 0.112800 0.000004
0.263200 0.112800 0.000005
0.286400 0.112800 0.000004
0.143200 0.113600 0.000004
0.244800 0.113600 0.000004
0.304000 0.114400 0.000005
0.324000 0.115200 0.000004
0.360000 0.115200 0.000005
0.340800 0.116000 0.000005
0.417600 0.116000 0.000005
0.380000 0.116800 0.000004
0.398400 0.116800 0.000004
0.456800 0.116800 0.000004
0.476000 0.116800 0.000005
0.437600 0.117600 0.000004
0.495200 0.118400 0.000004
0.523200 0.118400 0.000005
0.508800 0.119200 0.000004
0.544000 0.120800 0.000004
0.638400 0.122400 0.000004
0.655200 0.122400 0.000004
0.559200 0.123200 0.000004
0.622400 0.123200 0.000005
0.569600 0.124000 0.000004
0.598400 0.124000 0.000004
0.585600 0.124800 0.000004
0.672800 0.125600 0.000005
0.685600 0.126400 0.000004
0.734400 0.126400 0.000005
0.769600 0.126400 0.000004
0.702400 0.127200 0.000004
0.719200 0.127200 0.000004
0.752000 0.127200 0.000004
0.840000 0.127200 0.000004
0.802400 0.128000 0.000004
0.818400 0.128000 0.000006
0.855200 0.128000 0.000004
0.788000 0.128800 0.000004
0.878400 0.132000 0.000007
0.123200 0.136000 0.000006
0.189600 0.136800 0.000004
0.279200 0.136800 0.000005
0.148000 0.137600 0.000005
0.296000 0.137600 0.000004
0.164800 0.138400 0.000007
0.173600 0.138400 0.000006
0.205600 0.138400 0.000004
0.221600 0.139200 0.000004
0.259200 0.139200 0.000004
0.316000 0.139200 0.000004
0.244800 0.140000 0.000006
0.336000 0.140000 0.000005
0.364000 0.140000 0.000005
0.400800 0.140000 0.000004
0.446400 0.140000 0.000006
0.386400 0.140800 0.000004
0.435200 0.140800 0.000002
0.417600 0.141600 0.000005
0.469600 0.144800 0.000005
0.492800 0.144800 0.000005
0.524800 0.144800 0.000004
0.540800 0.144800 0.000004
0.510400 0.145600 0.000004
0.557600 0.145600 0.000004
0.640800 0.147200 0.000004
0.580800 0.148000 0.000006
0.591200 0.148000 0.000002
0.604000 0.148000 0.000004
0.620000 0.148800 0.000006
0.628800 0.148800 0.000006
0.654400 0.148800 0.000005
0.670400 0.149600 0.000005
0.727200 0.150400 0.000005
0.754400 0.150400 0.000005
0.692800 0.151200 0.000004
0.709600 0.151200 0.000004
0.776800 0.151200 0.000006
0.800800 0.152800 0.000004
0.813600 0.152800 0.000004
0.848800 0.152800 0.000006
0.862400 0.152800 0.000004
0.827200 0.153600 0.000004
0.884000 0.153600 0.000005
0.237600 0.161600 0.000006
0.258400 0.161600 0.000007
0.328800 0.161600 0.000004
0.138400 0.163200 0.000004
0.268000 0.163200 0.000007
0.175200 0.164000 0.000005
0.216000 0.164000 0.000004
0.282400 0.164000 0.000004
0.312800 0.164000 0.000004
0.347200 0.164000 0.000004
0.359200 0.164000 0.000004
0.378400 0.164000 0.000004
0.399200 0.164000 0.000005
0.414400 0.164000 0.000004
0.436000 0.164000 0.000004
0.123200 0.164800 0.000004
0.189600 0.164800 0.000003
0.200800 0.164800 0.000004
0.296800 0.164800 0.000004
0.452000 0.164800 0.000004
0.154400 0.165600 0.000004
0.473600 0.166400 0.000004
0.488000 0.167200 0.000004
0.505600 0.167200 0.000005
0.526400 0.167200 0.000005
0.544800 0.168000 0.000004
0.560000 0.168000 0.000005
0.580000 0.168800 0.000004
0.596800 0.171200 0.000004
0.648000 0.171200 0.000004
0.628800 0.172000 0.000004
0.613600 0.172800 0.000004
0.661600 0.173600 0.000002
0.696000 0.173600 0.000004
0.682400 0.174400 0.000004
0.709600 0.174400 0.000004
0.736800 0.174400 0.000006
0.723200 0.175200 0.000004
0.804000 0.175200 0.000004
0.745600 0.176000 0.000005
0.759200 0.177600 0.000004
0.776800 0.177600 0.000004
0.791200 0.177600 0.000004
0.820000 0.178400 0.000005
0.833600 0.178400 0.000005
0.884800 0.178400 0.000005
0.852800 0.179200 0.000004
0.867200 0.179200 0.000004
0.461600 0.188800 0.000005
0.123200 0.190400 0.000005
0.140000 0.190400 0.000004
0.359200 0.190400 0.000005
0.157600 0.191200 0.000004
0.233600 0.191200 0.000006
0.299200 0.191200 0.000004
0.320000 0.191200 0.000005
0.338400 0.191200 0.000004
0.377600 0.191200 0.000005
0.477600 0.191200 0.000004
0.172800 0.192000 0.000004
0.184000 0.192000 0.000003
0.199200 0.192000 0.000004
0.212800 0.192000 0.000004
0.284000 0.192000 0.000004
0.439200 0.192000 0.000005
0.512000 0.192000 0.000004
0.524800 0.192000 0.000004
0.254400 0.192800 0.000007
0.267200 0.192800 0.000005
0.398400 0.192800 0.000004
0.492000 0.192800 0.000005
0.415200 0.193600 0.000005
0.539200 0.193600 0.000004
0.550400 0.194400 0.000004
0.562400 0.194400 0.000002
0.572000 0.194400 0.000004
0.601600 0.194400 0.000004
0.589600 0.195200 0.000005
0.612800 0.195200 0.000004
0.628000 0.195200 0.000005
0.650400 0.196000 0.000005
0.675200 0.196000 0.000005
0.691200 0.196800 0.000004
0.710400 0.196800 0.000005
0.728800 0.198400 0.000005
0.750400 0.198400 0.000004
0.915200 0.198400 0.000004
0.929600 0.198400 0.000004
0.767200 0.199200 0.000004
0.784000 0.199200 0.000004
0.900000 0.200000 0.000004
0.940000 0.200000 0.000003
0.950400 0.200000 0.000003
0.960800 0.200000 0.000004
0.799200 0.200800 0.000005
0.810400 0.201600 0.000005
0.824000 0.201600 0.000005
0.880000 0.201600 0.000004
0.840800 0.204000 0.000005
0.855200 0.204000 0.000004
0.098400 0.211200 0.000004
0.042400 0.212000 0.000003
0.031200 0.212800 0.000004
0.053600 0.212800 0.000004
0.070400 0.212800 0.000004
0.084800 0.213600 0.000004
0.167200 0.213600 0.000005
0.124800 0.215200 0.000005
0.147200 0.215200 0.000004
0.204800 0.215200 0.000004
0.226400 0.216000 0.000005
0.186400 0.216800 0.000005
0.367200 0.216800 0.000006
0.289600 0.217600 0.000005
0.313600 0.217600 0.000005
0.332800 0.217600 0.000005
0.350400 0.217600 0.000004
0.378400 0.217600 0.000002
0.245600 0.218400 0.000004
0.272000 0.218400 0.000004
0.387200 0.218400 0.000007
0.257600 0.219200 0.000004
0.398400 0.219200 0.000004
0.436800 0.219200 0.000006
0.460000 0.220000 0.000004
0.475200 0.220000 0.000004
0.414400 0.220800 0.000005
0.448000 0.220800 0.000003
0.615200 0.220800 0.000005
0.592800 0.221600 0.000005
0.634400 0.221600 0.000004
0.493600 0.222400 0.000004
0.512000 0.222400 0.000005
0.531200 0.222400 0.000006
0.575200 0.222400 0.000005
0.652000 0.222400 0.000004
0.668000 0.222400 0.000005
0.556000 0.223200 0.000007
0.689600 0.223200 0.000004
0.756800 0.223200 0.000004
0.706400 0.224000 0.000004
0.724000 0.224000 0.000004
0.738400 0.224000 0.000005
0.768800 0.224000 0.000002
0.793600 0.224800 0.000004
0.812800 0.224800 0.000004
0.828800 0.227200 0.000004
0.854400 0.227200 0.000004
0.875200 0.227200 0.000005
0.896800 0.227200 0.000004
0.909600 0.227200 0.000004
0.840000 0.228000 0.000004
0.920800 0.228000 0.000003
0.949600 0.228000 0.000004
0.964800 0.228000 0.000004
0.052800 0.228800 0.000004
0.064800 0.228800 0.000004
0.080800 0.228800 0.000002
0.936800 0.228800 0.000004
0.033600 0.229600 0.000004
0.263200 0.230400 0.000003
0.142400 0.240000 0.000004
0.160800 0.240000 0.000004
0.200800 0.240000 0.000005
0.124000 0.240800 0.000005
0.180000 0.240800 0.000005
0.294400 0.240800 0.000004
0.255200 0.241600 0.000004
0.270400 0.241600 0.000004
0.900000 0.241600 0.000004
0.938400 0.241600 0.000002
0.948000 0.241600 0.000002
0.220800 0.242400 0.000005
0.239200 0.242400 0.000004
0.312800 0.242400 0.000005
0.913600 0.242400 0.000003
0.927200 0.242400 0.000004
0.328800 0.243200 0.000002
0.341600 0.243200 0.000004
0.356000 0.244000 0.000004
0.440000 0.244800 0.000005
0.370400 0.245600 0.000005
0.388000 0.245600 0.000004
0.401600 0.246400 0.000004
0.416000 0.246400 0.000004
0.456000 0.246400 0.000005
0.533600 0.247200 0.000005
0.495200 0.248000 0.000004
0.512800 0.248000 0.000004
0.559200 0.248800 0.000005
0.615200 0.248800 0.000004
0.685600 0.248800 0.000004
0.478400 0.249600 0.000004
0.595200 0.249600 0.000005
0.652000 0.249600 0.000005
0.667200 0.249600 0.000005
0.720000 0.249600 0.000005
0.632800 0.250400 0.000004
0.699200 0.250400 0.000004
0.735200 0.250400 0.000004
0.753600 0.250400 0.000004
0.804000 0.251200 0.000005
0.769600 0.252000 0.000004
0.787200 0.252000 0.000004
0.843200 0.252000 0.000004
0.854400 0.252000 0.000004
0.826400 0.252800 0.000004
0.870400 0.252800 0.000005
0.096000 0.264000 0.000004
0.122400 0.264000 0.000004
0.177600 0.264000 0.000004
0.157600 0.264800 0.000005
0.047200 0.265600 0.000004
0.073600 0.265600 0.000004
0.083200 0.265600 0.000004
0.139200 0.265600 0.000005
0.108800 0.266400 0.000004
0.035200 0.267200 0.000006
0.196000 0.268000 0.000006
0.213600 0.268000 0.000002
0.255200 0.268000 0.000005
0.295200 0.268000 0.000005
0.232800 0.268800 0.000006
0.275200 0.268800 0.000005
0.312000 0.269600 0.000004
0.328800 0.270400 0.000004
0.346400 0.272000 0.000005
0.400800 0.272000 0.000004
0.416800 0.272000 0.000004
0.435200 0.272000 0.000004
0.368000 0.272800 0.000004
0.452000 0.272800 0.000004
0.517600 0.272800 0.000007
0.384800 0.273600 0.000004
0.470400 0.273600 0.000005
0.507200 0.274400 0.000004
0.566400 0.274400 0.000005
0.589600 0.274400 0.000005
0.624800 0.274400 0.000007
0.491200 0.275200 0.000004
0.538400 0.275200 0.000005
0.608800 0.275200 0.000004
0.815200 0.275200 0.000004
0.651200 0.276000 0.000005
0.764000 0.276000 0.000004
0.797600 0.276000 0.000004
0.671200 0.276800 0.000004
0.685600 0.276800 0.000004
0.695200 0.276800 0.000003
0.724800 0.276800 0.000004
0.832800 0.276800 0.000004
0.706400 0.277600 0.000007
0.743200 0.277600 0.000005
0.780800 0.277600 0.000004
0.845600 0.277600 0.000004
0.867200 0.280000 0.000007
0.876800 0.280800 0.000008
0.363200 0.327200 0.000004
0.376800 0.327200 0.000003
0.388800 0.328000 0.000004
0.428000 0.328000 0.000004
0.400000 0.328800 0.000003
0.412800 0.328800 0.000004
0.444800 0.329600 0.000004
0.496800 0.329600 0.000003
0.460800 0.330400 0.000004
0.472000 0.330400 0.000003
0.484800 0.330400 0.000003
0.508000 0.330400 0.000003
0.518400 0.330400 0.000004
0.532000 0.330400 0.000004
0.548000 0.331200 0.000004
0.564000 0.331200 0.000004
0.580800 0.331200 0.000007
0.591200 0.331200 0.000004
0.602400 0.331200 0.000006
0.633600 0.332000 0.000004
0.623200 0.332800 0.000004
0.647200 0.332800 0.000004
