170.000000 35.000000 0.005600
190.000000 36.000000 0.005600
282.000000 40.000000 0.006800
214.000000 41.000000 0.005600
242.000000 41.000000 0.004400
259.000000 41.000000 0.004400
231.000000 42.000000 0.008400
299.000000 43.000000 0.004400
315.000000 43.000000 0.004400
338.000000 43.000000 0.006800
351.000000 43.000000 0.004400
371.000000 43.000000 0.004800
419.000000 43.000000 0.008000
391.000000 44.000000 0.004400
861.000000 46.000000 0.004400
879.000000 46.000000 0.004400
895.000000 46.000000 0.004400
847.000000 48.000000 0.004400
946.000000 48.000000 0.003600
976.000000 48.000000 0.004000
1030.000000 48.000000 0.004000
910.000000 49.000000 0.005200
960.000000 49.000000 0.004000
1047.000000 49.000000 0.003600
1091.000000 49.000000 0.002800
1102.000000 49.000000 0.005600
930.000000 50.000000 0.004000
993.000000 50.000000 0.004000
1012.000000 51.000000 0.004400
1081.000000 51.000000 0.004400
1062.000000 52.000000 0.004000
838.000000 64.000000 0.005600
854.000000 65.000000 0.004400
1046.000000 65.000000 0.004400
874.000000 68.000000 0.004400
946.000000 68.000000 0.004000
966.000000 68.000000 0.004400
986.000000 68.000000 0.004800
1093.000000 68.000000 0.004400
1108.000000 68.000000 0.004400
892.000000 69.000000 0.004400
930.000000 69.000000 0.004000
1007.000000 69.000000 0.004400
1027.000000 69.000000 0.004400
1066.000000 69.000000 0.004000
1122.000000 69.000000 0.004000
1134.000000 69.000000 0.004400
1147.000000 69.000000 0.004400
910.000000 70.000000 0.004400
202.000000 79.000000 0.003600
215.000000 79.000000 0.008400
149.000000 80.000000 0.011600
186.000000 80.000000 0.004400
170.000000 82.000000 0.004400
836.000000 84.000000 0.004000
852.000000 86.000000 0.004000
867.000000 86.000000 0.003600
1048.000000 86.000000 0.004400
959.000000 87.000000 0.004400
978.000000 87.000000 0.004000
994.000000 87.000000 0.004000
880.000000 88.000000 0.003600
897.000000 88.000000 0.004400
913.000000 88.000000 0.003600
927.000000 88.000000 0.003600
943.000000 88.000000 0.004000
1074.000000 88.000000 0.004400
1012.000000 89.000000 0.004000
1029.000000 89.000000 0.004400
1114.000000 99.000000 0.004400
1127.000000 102.000000 0.009600
83.000000 117.000000 0.006800
34.000000 120.000000 0.007200
260.000000 120.000000 0.006800
318.000000 120.000000 0.009600
58.000000 121.000000 0.006800
283.000000 122.000000 0.005600
302.000000 122.000000 0.004800
369.000000 122.000000 0.006400
174.000000 123.000000 0.009600
189.000000 123.000000 0.005600
210.000000 123.000000 0.005600
347.000000 123.000000 0.005600
233.000000 124.000000 0.006400
401.000000 124.000000 0.008400
555.000000 124.000000 0.008400
418.000000 125.000000 0.006800
442.000000 125.000000 0.008000
505.000000 125.000000 0.007200
470.000000 126.000000 0.004400
484.000000 126.000000 0.005600
529.000000 126.000000 0.006800
540.000000 126.000000 0.002800
586.000000 126.000000 0.006400
609.000000 126.000000 0.005600
631.000000 126.000000 0.005600
652.000000 126.000000 0.005600
675.000000 126.000000 0.005600
829.000000 126.000000 0.007600
754.000000 127.000000 0.006800
861.000000 127.000000 0.006800
698.000000 128.000000 0.005600
718.000000 128.000000 0.005600
736.000000 128.000000 0.005600
976.000000 128.000000 0.007600
806.000000 129.000000 0.005600
890.000000 129.000000 0.005600
934.000000 129.000000 0.005600
1002.000000 129.000000 0.006400
911.000000 130.000000 0.005200
950.000000 130.000000 0.004400
1022.000000 131.000000 0.005600
785.000000 132.000000 0.006800
1046.000000 133.000000 0.006400
1072.000000 133.000000 0.006400
1090.000000 134.000000 0.004400
1107.000000 134.000000 0.005600
84.000000 146.000000 0.007200
72.000000 147.000000 0.003200
60.000000 148.000000 0.003200
31.000000 151.000000 0.004400
44.000000 151.000000 0.005600
208.000000 152.000000 0.006400
298.000000 153.000000 0.006400
264.000000 154.000000 0.006800
278.000000 154.000000 0.004400
177.000000 155.000000 0.007600
236.000000 155.000000 0.006800
319.000000 155.000000 0.006800
374.000000 155.000000 0.005600
542.000000 155.000000 0.006800
610.000000 155.000000 0.007600
352.000000 156.000000 0.005600
514.000000 156.000000 0.008400
568.000000 156.000000 0.006800
644.000000 156.000000 0.006800
675.000000 156.000000 0.007200
852.000000 156.000000 0.006000
709.000000 157.000000 0.006400
736.000000 157.000000 0.006800
825.000000 157.000000 0.006400
879.000000 157.000000 0.006000
931.000000 157.000000 0.006800
396.000000 158.000000 0.005600
487.000000 158.000000 0.005600
1001.000000 158.000000 0.005600
1030.000000 158.000000 0.006800
415.000000 159.000000 0.004400
433.000000 159.000000 0.006800
463.000000 159.000000 0.006800
768.000000 159.000000 0.006400
795.000000 159.000000 0.006400
907.000000 159.000000 0.005600
953.000000 159.000000 0.005600
972.000000 160.000000 0.006800
1059.000000 160.000000 0.006800
1151.000000 163.000000 0.004400
1167.000000 163.000000 0.004000
1133.000000 164.000000 0.005600
1181.000000 164.000000 0.004400
1194.000000 164.000000 0.004400
1215.000000 165.000000 0.005200
1102.000000 166.000000 0.006400
200.000000 181.000000 0.005600
178.000000 182.000000 0.005600
222.000000 183.000000 0.006800
249.000000 183.000000 0.005600
657.000000 183.000000 0.004400
670.000000 183.000000 0.007600
268.000000 184.000000 0.004400
309.000000 184.000000 0.006800
680.000000 184.000000 0.005600
734.000000 184.000000 0.004400
294.000000 185.000000 0.004400
334.000000 185.000000 0.005600
596.000000 185.000000 0.005600
637.000000 185.000000 0.005600
698.000000 185.000000 0.004400
717.000000 185.000000 0.004400
751.000000 185.000000 0.004000
1206.000000 185.000000 0.004800
352.000000 186.000000 0.005600
574.000000 186.000000 0.005600
612.000000 186.000000 0.005600
785.000000 186.000000 0.005200
810.000000 186.000000 0.005600
830.000000 186.000000 0.005600
848.000000 186.000000 0.004400
866.000000 186.000000 0.004800
1132.000000 186.000000 0.005200
1183.000000 186.000000 0.004400
371.000000 187.000000 0.002800
484.000000 187.000000 0.006400
552.000000 187.000000 0.004400
765.000000 187.000000 0.004400
887.000000 187.000000 0.004800
1010.000000 187.000000 0.005600
1148.000000 187.000000 0.003600
1164.000000 187.000000 0.004400
389.000000 188.000000 0.006000
412.000000 188.000000 0.005600
437.000000 188.000000 0.006400
514.000000 188.000000 0.004400
534.000000 188.000000 0.004400
908.000000 188.000000 0.005200
929.000000 188.000000 0.005200
948.000000 188.000000 0.004400
988.000000 188.000000 0.005200
1031.000000 188.000000 0.005600
1109.000000 188.000000 0.004400
966.000000 189.000000 0.005200
1090.000000 189.000000 0.005200
462.000000 190.000000 0.005600
1051.000000 190.000000 0.005200
1072.000000 190.000000 0.005200
510.000000 202.000000 0.003200
554.000000 202.000000 0.002800
565.000000 202.000000 0.002800
1212.000000 205.000000 0.004400
1128.000000 206.000000 0.005600
1153.000000 207.000000 0.004400
1169.000000 207.000000 0.004400
1198.000000 207.000000 0.004400
245.000000 208.000000 0.006000
1183.000000 208.000000 0.003600
177.000000 210.000000 0.006000
273.000000 210.000000 0.005600
201.000000 211.000000 0.005600
222.000000 211.000000 0.005600
293.000000 211.000000 0.004400
313.000000 212.000000 0.004800
879.000000 213.000000 0.005600
334.000000 214.000000 0.005600
628.000000 214.000000 0.002800
648.000000 214.000000 0.006800
673.000000 214.000000 0.005600
694.000000 214.000000 0.006400
720.000000 214.000000 0.006400
743.000000 214.000000 0.005600
840.000000 214.000000 0.004400
857.000000 214.000000 0.005600
902.000000 214.000000 0.005600
609.000000 215.000000 0.006800
765.000000 215.000000 0.005600
789.000000 215.000000 0.006400
816.000000 215.000000 0.006400
354.000000 216.000000 0.005600
520.000000 216.000000 0.007600
581.000000 216.000000 0.006400
369.000000 217.000000 0.005600
385.000000 217.000000 0.005600
425.000000 217.000000 0.005600
493.000000 217.000000 0.005600
406.000000 218.000000 0.004400
449.000000 218.000000 0.006400
473.000000 218.000000 0.005200
551.000000 218.000000 0.005600
924.000000 218.000000 0.005600
1003.000000 218.000000 0.007600
1025.000000 218.000000 0.005600
945.000000 219.000000 0.006400
973.000000 219.000000 0.006400
1045.000000 220.000000 0.005600
1088.000000 220.000000 0.005600
1106.000000 220.000000 0.005600
1066.000000 221.000000 0.005600
183.000000 241.000000 0.007600
210.000000 243.000000 0.006400
279.000000 243.000000 0.006400
254.000000 244.000000 0.006800
812.000000 244.000000 0.005600
232.000000 245.000000 0.005600
834.000000 245.000000 0.004800
855.000000 245.000000 0.005600
880.000000 245.000000 0.006400
781.000000 246.000000 0.005600
936.000000 246.000000 0.005600
978.000000 246.000000 0.005600
302.000000 247.000000 0.005600
320.000000 247.000000 0.004400
664.000000 247.000000 0.006800
677.000000 247.000000 0.002800
714.000000 247.000000 0.006800
742.000000 247.000000 0.005600
758.000000 247.000000 0.004800
912.000000 247.000000 0.008400
957.000000 247.000000 0.005200
521.000000 248.000000 0.005600
539.000000 248.000000 0.005600
1095.000000 248.000000 0.005600
341.000000 249.000000 0.006400
369.000000 249.000000 0.006800
390.000000 249.000000 0.005600
497.000000 249.000000 0.008000
559.000000 249.000000 0.004400
573.000000 249.000000 0.005600
594.000000 249.000000 0.005600
692.000000 249.000000 0.005600
999.000000 249.000000 0.004800
1020.000000 249.000000 0.006800
1074.000000 249.000000 0.005200
616.000000 250.000000 0.005600
639.000000 250.000000 0.005600
1050.000000 250.000000 0.005600
407.000000 251.000000 0.005600
422.000000 251.000000 0.006800
445.000000 251.000000 0.006800
463.000000 251.000000 0.006800
316.000000 264.000000 0.002400
1101.000000 264.000000 0.003200
301.000000 265.000000 0.003600
1045.000000 266.000000 0.002400
1056.000000 266.000000 0.002400
1086.000000 266.000000 0.003200
182.000000 272.000000 0.006800
794.000000 273.000000 0.005600
853.000000 274.000000 0.005600
200.000000 275.000000 0.004400
811.000000 275.000000 0.004400
218.000000 276.000000 0.006400
722.000000 276.000000 0.008000
774.000000 276.000000 0.005600
831.000000 276.000000 0.005600
878.000000 276.000000 0.006400
1125.000000 276.000000 0.005600
1153.000000 276.000000 0.004400
1215.000000 276.000000 0.004400
546.000000 277.000000 0.006000
566.000000 277.000000 0.005600
583.000000 277.000000 0.004400
618.000000 277.000000 0.005200
640.000000 277.000000 0.005600
657.000000 277.000000 0.006400
685.000000 277.000000 0.005600
705.000000 277.000000 0.004400
752.000000 277.000000 0.005600
903.000000 277.000000 0.006800
1035.000000 277.000000 0.002800
1140.000000 277.000000 0.003600
1168.000000 277.000000 0.003600
1182.000000 277.000000 0.004400
1198.000000 277.000000 0.004000
246.000000 278.000000 0.005200
284.000000 278.000000 0.005600
599.000000 278.000000 0.005600
968.000000 278.000000 0.006400
1048.000000 278.000000 0.003600
1066.000000 278.000000 0.004400
263.000000 279.000000 0.005600
306.000000 279.000000 0.004400
943.000000 279.000000 0.006400
1019.000000 279.000000 0.005600
320.000000 280.000000 0.004400
379.000000 280.000000 0.005600
401.000000 280.000000 0.005600
524.000000 280.000000 0.004400
1100.000000 280.000000 0.005600
337.000000 281.000000 0.005600
358.000000 281.000000 0.005600
499.000000 281.000000 0.007600
421.000000 282.000000 0.005600
441.000000 282.000000 0.005600
466.000000 282.000000 0.005600
996.000000 282.000000 0.006800
1205.000000 292.000000 0.004000
851.000000 303.000000 0.006800
811.000000 304.000000 0.006800
872.000000 305.000000 0.005200
699.000000 306.000000 0.006000
749.000000 306.000000 0.005200
786.000000 306.000000 0.005600
924.000000 306.000000 0.004400
955.000000 306.000000 0.005600
184.000000 307.000000 0.006800
725.000000 307.000000 0.006400
767.000000 307.000000 0.004400
890.000000 307.000000 0.005600
909.000000 307.000000 0.005200
936.000000 307.000000 0.006800
975.000000 307.000000 0.006400
1171.000000 307.000000 0.003600
214.000000 308.000000 0.007600
1184.000000 308.000000 0.003600
654.000000 309.000000 0.006400
676.000000 309.000000 0.005200
1078.000000 309.000000 0.005600
1143.000000 309.000000 0.003600
1198.000000 309.000000 0.003600
243.000000 310.000000 0.006400
623.000000 310.000000 0.007600
995.000000 310.000000 0.005600
1018.000000 310.000000 0.005600
1060.000000 310.000000 0.005200
1129.000000 310.000000 0.005600
1156.000000 310.000000 0.003600
324.000000 311.000000 0.006400
1100.000000 311.000000 0.005600
267.000000 312.000000 0.006800
295.000000 312.000000 0.006800
348.000000 312.000000 0.005600
556.000000 312.000000 0.004400
1041.000000 312.000000 0.005600
445.000000 313.000000 0.008000
472.000000 313.000000 0.006000
497.000000 313.000000 0.005600
516.000000 313.000000 0.004400
574.000000 313.000000 0.005600
365.000000 314.000000 0.005600
403.000000 314.000000 0.006800
593.000000 314.000000 0.006800
383.000000 315.000000 0.005600
541.000000 315.000000 0.008400
1151.000000 328.000000 0.004800
1171.000000 328.000000 0.004400
1204.000000 328.000000 0.004400
1187.000000 329.000000 0.004000
1132.000000 330.000000 0.004400
1216.000000 331.000000 0.008000
867.000000 336.000000 0.008400
897.000000 337.000000 0.006400
192.000000 338.000000 0.007600
786.000000 338.000000 0.005600
852.000000 338.000000 0.004400
738.000000 339.000000 0.005600
762.000000 339.000000 0.006400
808.000000 339.000000 0.006400
918.000000 339.000000 0.004400
934.000000 339.000000 0.004400
947.000000 339.000000 0.008000
972.000000 339.000000 0.005600
987.000000 339.000000 0.002800
1006.000000 339.000000 0.005600
710.000000 340.000000 0.006800
1025.000000 340.000000 0.005600
218.000000 341.000000 0.005600
1049.000000 341.000000 0.005600
1099.000000 341.000000 0.007600
236.000000 342.000000 0.004400
257.000000 342.000000 0.005600
521.000000 342.000000 0.005200
686.000000 342.000000 0.006400
835.000000 342.000000 0.009600
280.000000 343.000000 0.005600
309.000000 343.000000 0.007600
337.000000 343.000000 0.006800
659.000000 343.000000 0.006800
1073.000000 343.000000 0.005600
464.000000 345.000000 0.008000
546.000000 345.000000 0.006400
372.000000 346.000000 0.008400
384.000000 346.000000 0.011200
495.000000 346.000000 0.006800
570.000000 346.000000 0.005600
634.000000 346.000000 0.006800
431.000000 347.000000 0.006800
597.000000 347.000000 0.008000
404.000000 348.000000 0.006400
1151.000000 359.000000 0.006800
1177.000000 359.000000 0.006000
1201.000000 362.000000 0.008400
