231.000000 32.000000 0.004400
179.000000 33.000000 0.007600
192.000000 33.000000 0.008400
247.000000 33.000000 0.004400
278.000000 33.000000 0.005600
325.000000 33.000000 0.005600
216.000000 34.000000 0.004400
262.000000 34.000000 0.004400
302.000000 34.000000 0.005600
341.000000 34.000000 0.006800
745.000000 36.000000 0.005600
723.000000 37.000000 0.004400
366.000000 38.000000 0.005600
565.000000 38.000000 0.002800
647.000000 38.000000 0.008400
659.000000 38.000000 0.004400
681.000000 38.000000 0.005600
388.000000 39.000000 0.005600
413.000000 39.000000 0.005600
496.000000 39.000000 0.004400
509.000000 39.000000 0.004400
699.000000 39.000000 0.004400
770.000000 39.000000 0.005200
836.000000 39.000000 0.005600
432.000000 40.000000 0.004800
450.000000 40.000000 0.004400
465.000000 40.000000 0.004400
478.000000 40.000000 0.005600
523.000000 41.000000 0.004400
537.000000 41.000000 0.004400
548.000000 41.000000 0.002800
788.000000 41.000000 0.004400
817.000000 41.000000 0.004400
855.000000 41.000000 0.004400
867.000000 41.000000 0.008000
803.000000 43.000000 0.004400
854.000000 63.000000 0.004400
835.000000 65.000000 0.005600
193.000000 67.000000 0.010400
211.000000 68.000000 0.004400
233.000000 68.000000 0.005600
249.000000 69.000000 0.004400
265.000000 69.000000 0.009600
666.000000 80.000000 0.009600
698.000000 80.000000 0.006800
1066.000000 84.000000 0.009600
225.000000 110.000000 0.005600
209.000000 111.000000 0.005600
246.000000 112.000000 0.005600
180.000000 113.000000 0.007200
264.000000 113.000000 0.005600
328.000000 113.000000 0.008000
285.000000 114.000000 0.005600
308.000000 114.000000 0.005200
383.000000 115.000000 0.005600
338.000000 116.000000 0.008000
360.000000 116.000000 0.005600
403.000000 116.000000 0.004400
443.000000 117.000000 0.004400
456.000000 117.000000 0.004400
476.000000 117.000000 0.005600
521.000000 117.000000 0.005600
425.000000 118.000000 0.005600
502.000000 118.000000 0.005600
540.000000 119.000000 0.006400
560.000000 120.000000 0.005600
575.000000 120.000000 0.004800
594.000000 120.000000 0.005600
612.000000 121.000000 0.004400
631.000000 121.000000 0.005600
659.000000 121.000000 0.007600
682.000000 123.000000 0.005600
713.000000 124.000000 0.006400
806.000000 124.000000 0.004400
738.000000 125.000000 0.004800
757.000000 125.000000 0.005600
792.000000 125.000000 0.004400
777.000000 126.000000 0.005200
821.000000 127.000000 0.008400
843.000000 128.000000 0.005600
864.000000 128.000000 0.005600
998.000000 128.000000 0.007600
975.000000 129.000000 0.005600
881.000000 130.000000 0.004400
909.000000 130.000000 0.004400
925.000000 130.000000 0.004400
936.000000 130.000000 0.005600
1054.000000 130.000000 0.006800
1098.000000 130.000000 0.007200
1167.000000 130.000000 0.005600
1210.000000 130.000000 0.005600
1028.000000 131.000000 0.006800
1136.000000 131.000000 0.007600
1149.000000 131.000000 0.003600
896.000000 132.000000 0.004400
954.000000 132.000000 0.005200
1075.000000 132.000000 0.005600
1188.000000 132.000000 0.005600
192.000000 143.000000 0.008400
212.000000 143.000000 0.005600
229.000000 144.000000 0.004400
251.000000 144.000000 0.006000
276.000000 144.000000 0.006800
179.000000 145.000000 0.008000
326.000000 145.000000 0.006800
344.000000 146.000000 0.004400
359.000000 146.000000 0.003600
419.000000 146.000000 0.005600
301.000000 147.000000 0.005600
371.000000 147.000000 0.004400
390.000000 147.000000 0.004400
404.000000 147.000000 0.004400
463.000000 148.000000 0.005600
487.000000 148.000000 0.005600
519.000000 148.000000 0.002800
540.000000 148.000000 0.006400
572.000000 148.000000 0.005600
444.000000 149.000000 0.006400
507.000000 149.000000 0.004400
592.000000 150.000000 0.005600
614.000000 150.000000 0.005600
636.000000 150.000000 0.005600
661.000000 151.000000 0.005600
682.000000 151.000000 0.006400
706.000000 153.000000 0.005600
730.000000 153.000000 0.005600
747.000000 153.000000 0.004400
761.000000 155.000000 0.006800
843.000000 155.000000 0.006800
854.000000 155.000000 0.006800
781.000000 156.000000 0.004800
797.000000 156.000000 0.005600
821.000000 156.000000 0.005600
875.000000 158.000000 0.004800
913.000000 158.000000 0.006000
940.000000 158.000000 0.006800
972.000000 158.000000 0.006800
891.000000 159.000000 0.004400
997.000000 160.000000 0.005600
1049.000000 161.000000 0.005600
1072.000000 161.000000 0.005600
1030.000000 162.000000 0.004400
1013.000000 163.000000 0.004400
1097.000000 163.000000 0.006800
210.000000 170.000000 0.005200
184.000000 171.000000 0.006000
232.000000 172.000000 0.005200
249.000000 173.000000 0.004400
503.000000 174.000000 0.005600
270.000000 175.000000 0.005200
374.000000 175.000000 0.005600
525.000000 175.000000 0.005600
351.000000 176.000000 0.005600
391.000000 176.000000 0.004400
444.000000 176.000000 0.005200
462.000000 176.000000 0.004400
480.000000 176.000000 0.005600
550.000000 176.000000 0.006000
288.000000 177.000000 0.004400
331.000000 177.000000 0.004400
305.000000 178.000000 0.004400
404.000000 178.000000 0.005600
424.000000 178.000000 0.005600
574.000000 178.000000 0.006400
600.000000 179.000000 0.006000
624.000000 180.000000 0.005600
701.000000 180.000000 0.005600
638.000000 181.000000 0.002800
655.000000 181.000000 0.005200
676.000000 181.000000 0.006400
727.000000 182.000000 0.005600
754.000000 184.000000 0.005600
792.000000 184.000000 0.005600
861.000000 184.000000 0.005600
771.000000 185.000000 0.004400
838.000000 185.000000 0.005600
880.000000 185.000000 0.006800
816.000000 187.000000 0.005600
908.000000 187.000000 0.006400
932.000000 187.000000 0.006400
962.000000 187.000000 0.005600
981.000000 187.000000 0.004400
996.000000 187.000000 0.004400
1033.000000 187.000000 0.004400
1015.000000 188.000000 0.004800
1092.000000 188.000000 0.006800
1051.000000 190.000000 0.004400
1069.000000 190.000000 0.004400
248.000000 198.000000 0.006400
181.000000 199.000000 0.008400
198.000000 199.000000 0.005600
111.000000 200.000000 0.017200
220.000000 200.000000 0.006400
316.000000 201.000000 0.005600
271.000000 202.000000 0.005200
291.000000 202.000000 0.005200
341.000000 203.000000 0.005200
362.000000 203.000000 0.005200
387.000000 204.000000 0.006000
409.000000 204.000000 0.005200
430.000000 204.000000 0.004800
453.000000 204.000000 0.006000
598.000000 204.000000 0.005600
475.000000 205.000000 0.004800
496.000000 206.000000 0.005600
544.000000 206.000000 0.005600
563.000000 206.000000 0.004400
580.000000 206.000000 0.004800
518.000000 207.000000 0.006400
742.000000 207.000000 0.005200
630.000000 208.000000 0.005600
683.000000 208.000000 0.006000
704.000000 209.000000 0.005600
723.000000 209.000000 0.005600
760.000000 209.000000 0.005600
658.000000 210.000000 0.005600
782.000000 210.000000 0.005200
799.000000 212.000000 0.005600
820.000000 212.000000 0.005600
1179.000000 213.000000 0.008400
842.000000 214.000000 0.005600
1057.000000 214.000000 0.005200
859.000000 215.000000 0.004800
903.000000 215.000000 0.005600
926.000000 215.000000 0.007200
1034.000000 215.000000 0.005600
1019.000000 216.000000 0.002800
880.000000 217.000000 0.005600
955.000000 217.000000 0.005600
979.000000 217.000000 0.005600
1006.000000 217.000000 0.006800
1074.000000 217.000000 0.004400
1092.000000 217.000000 0.004400
1104.000000 218.000000 0.006800
1155.000000 219.000000 0.015600
261.000000 230.000000 0.006400
296.000000 231.000000 0.006800
280.000000 232.000000 0.004400
217.000000 233.000000 0.005200
237.000000 233.000000 0.005600
457.000000 233.000000 0.005600
519.000000 233.000000 0.005600
321.000000 234.000000 0.006400
379.000000 234.000000 0.005600
403.000000 234.000000 0.006400
426.000000 234.000000 0.006800
484.000000 234.000000 0.007600
179.000000 235.000000 0.006800
199.000000 235.000000 0.004400
349.000000 235.000000 0.007200
564.000000 235.000000 0.005600
540.000000 236.000000 0.005600
582.000000 236.000000 0.008400
672.000000 237.000000 0.006800
595.000000 238.000000 0.008400
615.000000 239.000000 0.006400
653.000000 239.000000 0.004400
711.000000 239.000000 0.006800
636.000000 240.000000 0.004400
737.000000 241.000000 0.005600
760.000000 241.000000 0.005200
781.000000 241.000000 0.005600
801.000000 242.000000 0.005200
822.000000 242.000000 0.004400
840.000000 243.000000 0.004800
1004.000000 243.000000 0.006800
1041.000000 243.000000 0.006800
862.000000 244.000000 0.005600
959.000000 244.000000 0.005600
1091.000000 244.000000 0.008000
886.000000 246.000000 0.005600
937.000000 246.000000 0.006400
1065.000000 246.000000 0.005600
1105.000000 246.000000 0.006800
910.000000 247.000000 0.006400
982.000000 247.000000 0.005600
279.000000 264.000000 0.006800
179.000000 266.000000 0.006400
372.000000 266.000000 0.006800
418.000000 266.000000 0.005600
204.000000 267.000000 0.005600
227.000000 267.000000 0.005600
252.000000 267.000000 0.006800
296.000000 267.000000 0.005600
320.000000 267.000000 0.006800
345.000000 267.000000 0.005600
396.000000 267.000000 0.005600
439.000000 268.000000 0.006800
469.000000 270.000000 0.005600
489.000000 270.000000 0.006800
515.000000 270.000000 0.005600
763.000000 270.000000 0.006000
534.000000 271.000000 0.006400
589.000000 271.000000 0.006800
721.000000 271.000000 0.006800
744.000000 271.000000 0.005600
841.000000 271.000000 0.006400
562.000000 272.000000 0.006800
661.000000 272.000000 0.004400
673.000000 272.000000 0.008000
645.000000 273.000000 0.005600
786.000000 273.000000 0.005600
816.000000 273.000000 0.007200
621.000000 274.000000 0.005600
697.000000 274.000000 0.006800
861.000000 274.000000 0.007600
1014.000000 275.000000 0.005600
892.000000 276.000000 0.006400
917.000000 276.000000 0.007200
948.000000 276.000000 0.006400
1034.000000 277.000000 0.004400
976.000000 278.000000 0.006400
997.000000 278.000000 0.004400
1064.000000 279.000000 0.005600
1088.000000 279.000000 0.005600
1109.000000 279.000000 0.005600
83.000000 293.000000 0.004800
66.000000 295.000000 0.002800
97.000000 295.000000 0.010400
43.000000 296.000000 0.007200
55.000000 296.000000 0.002800
340.000000 297.000000 0.006400
369.000000 297.000000 0.006800
506.000000 297.000000 0.005600
285.000000 298.000000 0.006400
312.000000 298.000000 0.006400
393.000000 298.000000 0.005600
415.000000 298.000000 0.006800
482.000000 298.000000 0.005600
576.000000 298.000000 0.005200
211.000000 299.000000 0.004400
227.000000 299.000000 0.004400
457.000000 299.000000 0.006800
595.000000 299.000000 0.004400
609.000000 299.000000 0.004400
182.000000 300.000000 0.005600
199.000000 300.000000 0.004400
241.000000 300.000000 0.004400
260.000000 300.000000 0.005600
527.000000 300.000000 0.005600
547.000000 300.000000 0.006800
631.000000 301.000000 0.005200
647.000000 301.000000 0.005200
666.000000 302.000000 0.005600
799.000000 302.000000 0.006400
765.000000 303.000000 0.006800
825.000000 303.000000 0.005600
849.000000 303.000000 0.005600
686.000000 304.000000 0.006400
712.000000 304.000000 0.006000
739.000000 304.000000 0.006400
1034.000000 305.000000 0.006800
882.000000 306.000000 0.005600
998.000000 306.000000 0.006800
1107.000000 306.000000 0.006800
974.000000 307.000000 0.005600
1061.000000 307.000000 0.006800
901.000000 308.000000 0.005600
923.000000 308.000000 0.006800
955.000000 308.000000 0.005600
1085.000000 308.000000 0.005600
179.000000 326.000000 0.006800
205.000000 328.000000 0.006000
227.000000 328.000000 0.005600
247.000000 330.000000 0.005200
267.000000 330.000000 0.005600
332.000000 330.000000 0.006800
490.000000 330.000000 0.002800
296.000000 331.000000 0.008000
359.000000 331.000000 0.006400
408.000000 331.000000 0.006800
431.000000 331.000000 0.005600
446.000000 331.000000 0.002800
380.000000 332.000000 0.006800
459.000000 332.000000 0.008400
476.000000 332.000000 0.004400
512.000000 332.000000 0.007600
536.000000 333.000000 0.005600
554.000000 333.000000 0.005600
585.000000 333.000000 0.010400
569.000000 334.000000 0.004400
766.000000 334.000000 0.006400
601.000000 335.000000 0.009600
681.000000 335.000000 0.006800
729.000000 335.000000 0.006800
792.000000 335.000000 0.006800
655.000000 336.000000 0.007600
705.000000 336.000000 0.005600
871.000000 336.000000 0.006400
626.000000 337.000000 0.006800
748.000000 337.000000 0.011200
816.000000 337.000000 0.005600
1033.000000 337.000000 0.006800
894.000000 338.000000 0.005600
962.000000 338.000000 0.006400
998.000000 338.000000 0.002800
840.000000 339.000000 0.007600
915.000000 339.000000 0.005600
982.000000 339.000000 0.005600
1015.000000 339.000000 0.005200
1104.000000 339.000000 0.008400
937.000000 340.000000 0.005600
1072.000000 340.000000 0.008400
