0.841600 0.053600 0.000000
0.852000 0.053600 0.000000
0.865600 0.054400 0.000000
0.878400 0.059200 0.000000
0.836800 0.084000 0.000000
0.826400 0.084800 0.000000
0.811200 0.085600 0.000000
0.858400 0.086400 0.000000
0.872000 0.086400 0.000000
0.883200 0.086400 0.000000
0.899200 0.086400 0.000000
0.256000 0.098400 0.000000
0.283200 0.099200 0.000000
0.338400 0.099200 0.000000
0.348000 0.099200 0.000000
0.310400 0.100800 0.000000
0.327200 0.100800 0.000000
0.292800 0.101600 0.000000
0.048800 0.102400 0.000000
0.071200 0.104000 0.000000
0.081600 0.106400 0.000000
0.493600 0.109600 0.000000
0.453600 0.111200 0.000000
0.479200 0.111200 0.000000
0.112800 0.112000 0.000000
0.466400 0.112000 0.000000
0.504800 0.112000 0.000000
0.916800 0.125600 0.000000
0.118400 0.140000 0.000000
0.436800 0.140000 0.000000
0.798400 0.140000 0.000000
0.574400 0.140800 0.000000
0.603200 0.140800 0.000000
0.318400 0.141600 0.000000
0.419200 0.141600 0.000000
0.658400 0.141600 0.000000
0.688800 0.141600 0.000000
0.708000 0.141600 0.000000
0.143200 0.142400 0.000000
0.296000 0.142400 0.000000
0.356800 0.142400 0.000000
0.553600 0.142400 0.000000
0.813600 0.142400 0.000000
0.833600 0.142400 0.000000
0.276000 0.143200 0.000000
0.499200 0.143200 0.000000
0.535200 0.143200 0.000000
0.623200 0.143200 0.000000
0.640800 0.143200 0.000000
0.184000 0.144000 0.000000
0.219200 0.144000 0.000000
0.261600 0.144000 0.000000
0.337600 0.144000 0.000000
0.392000 0.144000 0.000000
0.453600 0.144000 0.000000
0.740000 0.144000 0.000000
0.760800 0.144000 0.000000
0.780800 0.144000 0.000000
0.854400 0.144000 0.000000
0.870400 0.144000 0.000000
0.201600 0.144800 0.000000
0.240800 0.144800 0.000000
0.475200 0.144800 0.000000
0.517600 0.144800 0.000000
0.166400 0.145600 0.000000
0.375200 0.145600 0.000000
0.063200 0.165600 0.000000
0.083200 0.168000 0.000000
0.096000 0.168000 0.000000
0.105600 0.169600 0.000000
0.835200 0.172000 0.000000
0.121600 0.172800 0.000000
0.264000 0.172800 0.000000
0.684000 0.172800 0.000000
0.823200 0.172800 0.000000
0.155200 0.173600 0.000000
0.175200 0.173600 0.000000
0.241600 0.173600 0.000000
0.570400 0.173600 0.000000
0.807200 0.173600 0.000000
0.137600 0.174400 0.000000
0.283200 0.174400 0.000000
0.300800 0.174400 0.000000
0.617600 0.174400 0.000000
0.780800 0.174400 0.000000
0.853600 0.174400 0.000000
0.870400 0.174400 0.000000
0.317600 0.175200 0.000000
0.338400 0.175200 0.000000
0.419200 0.175200 0.000000
0.548800 0.175200 0.000000
0.659200 0.175200 0.000000
0.725600 0.175200 0.000000
0.746400 0.175200 0.000000
0.764000 0.175200 0.000000
0.198400 0.176000 0.000000
0.378400 0.176000 0.000000
0.398400 0.176000 0.000000
0.441600 0.176000 0.000000
0.515200 0.176000 0.000000
0.594400 0.176000 0.000000
0.704800 0.176000 0.000000
0.220000 0.176800 0.000000
0.358400 0.176800 0.000000
0.461600 0.176800 0.000000
0.639200 0.176800 0.000000
0.481600 0.177600 0.000000
0.466400 0.204000 0.000000
0.684000 0.204000 0.000000
0.264800 0.204800 0.000000
0.526400 0.204800 0.000000
0.736800 0.204800 0.000000
0.128800 0.205600 0.000000
0.220800 0.205600 0.000000
0.488800 0.205600 0.000000
0.512000 0.205600 0.000000
0.664800 0.205600 0.000000
0.157600 0.206400 0.000000
0.176800 0.206400 0.000000
0.196000 0.206400 0.000000
0.244000 0.206400 0.000000
0.290400 0.206400 0.000000
0.311200 0.206400 0.000000
0.350400 0.206400 0.000000
0.369600 0.206400 0.000000
0.389600 0.206400 0.000000
0.413600 0.206400 0.000000
0.440800 0.206400 0.000000
0.552800 0.206400 0.000000
0.695200 0.206400 0.000000
0.715200 0.206400 0.000000
0.756800 0.206400 0.000000
0.849600 0.206400 0.000000
0.331200 0.207200 0.000000
0.620800 0.207200 0.000000
0.836800 0.207200 0.000000
0.867200 0.207200 0.000000
0.576000 0.208000 0.000000
0.644800 0.208000 0.000000
0.775200 0.208000 0.000000
0.792800 0.208000 0.000000
0.814400 0.208000 0.000000
0.596800 0.208800 0.000000
0.172000 0.235200 0.000000
0.329600 0.236000 0.000000
0.192800 0.236800 0.000000
0.404000 0.236800 0.000000
0.426400 0.236800 0.000000
0.681600 0.236800 0.000000
0.129600 0.237600 0.000000
0.161600 0.237600 0.000000
0.216000 0.237600 0.000000
0.387200 0.237600 0.000000
0.444000 0.237600 0.000000
0.700800 0.237600 0.000000
0.713600 0.237600 0.000000
0.238400 0.238400 0.000000
0.272000 0.238400 0.000000
0.314400 0.238400 0.000000
0.344000 0.238400 0.000000
0.512800 0.238400 0.000000
0.532000 0.238400 0.000000
0.554400 0.238400 0.000000
0.736000 0.238400 0.000000
0.147200 0.239200 0.000000
0.258400 0.239200 0.000000
0.364000 0.239200 0.000000
0.471200 0.239200 0.000000
0.491200 0.239200 0.000000
0.576800 0.239200 0.000000
0.654400 0.239200 0.000000
0.759200 0.239200 0.000000
0.782400 0.239200 0.000000
0.291200 0.240000 0.000000
0.613600 0.240000 0.000000
0.829600 0.240000 0.000000
0.633600 0.240800 0.000000
0.804800 0.240800 0.000000
0.849600 0.240800 0.000000
0.868000 0.241600 0.000000
0.192800 0.268000 0.000000
0.224000 0.268000 0.000000
0.433600 0.268000 0.000000
0.158400 0.268800 0.000000
0.174400 0.268800 0.000000
0.412000 0.268800 0.000000
0.132000 0.269600 0.000000
0.212000 0.269600 0.000000
0.244800 0.269600 0.000000
0.263200 0.269600 0.000000
0.285600 0.269600 0.000000
0.305600 0.269600 0.000000
0.333600 0.269600 0.000000
0.357600 0.269600 0.000000
0.449600 0.269600 0.000000
0.533600 0.269600 0.000000
0.376800 0.270400 0.000000
0.396000 0.270400 0.000000
0.502400 0.270400 0.000000
0.558400 0.270400 0.000000
0.580000 0.270400 0.000000
0.460800 0.271200 0.000000
0.479200 0.272000 0.000000
0.663200 0.272000 0.000000
0.743200 0.272000 0.000000
0.820800 0.272000 0.000000
0.837600 0.272000 0.000000
0.606400 0.272800 0.000000
0.616800 0.272800 0.000000
0.642400 0.272800 0.000000
0.694400 0.272800 0.000000
0.716000 0.272800 0.000000
0.764000 0.272800 0.000000
0.806400 0.272800 0.000000
0.855200 0.273600 0.000000
0.871200 0.274400 0.000000
0.785600 0.275200 0.000000
0.145600 0.300000 0.000000
0.175200 0.300000 0.000000
0.128000 0.300800 0.000000
0.159200 0.300800 0.000000
0.192800 0.300800 0.000000
0.315200 0.301600 0.000000
0.204000 0.302400 0.000000
0.257600 0.302400 0.000000
0.272000 0.302400 0.000000
0.292000 0.303200 0.000000
0.361600 0.303200 0.000000
0.381600 0.303200 0.000000
0.425600 0.303200 0.000000
0.470400 0.303200 0.000000
0.244800 0.304000 0.000000
0.338400 0.304000 0.000000
0.405600 0.304000 0.000000
0.223200 0.304800 0.000000
0.447200 0.304800 0.000000
0.536800 0.304800 0.000000
0.563200 0.304800 0.000000
0.606400 0.304800 0.000000
0.624000 0.304800 0.000000
0.645600 0.304800 0.000000
0.669600 0.304800 0.000000
0.492800 0.305600 0.000000
0.512800 0.305600 0.000000
0.744800 0.305600 0.000000
0.584000 0.306400 0.000000
0.681600 0.306400 0.000000
0.732000 0.306400 0.000000
0.710400 0.307200 0.000000
0.766400 0.307200 0.000000
0.784000 0.308000 0.000000
0.833600 0.309600 0.000000
0.853600 0.309600 0.000000
0.866400 0.309600 0.000000
0.794400 0.310400 0.000000
0.813600 0.310400 0.000000
0.080000 0.325600 0.000000
0.092800 0.327200 0.000000
0.108000 0.328000 0.000000
0.150400 0.330400 0.000000
0.129600 0.332000 0.000000
0.161600 0.334400 0.000000
0.179200 0.334400 0.000000
0.194400 0.334400 0.000000
0.230400 0.334400 0.000000
0.215200 0.335200 0.000000
0.424000 0.335200 0.000000
0.338400 0.336000 0.000000
0.393600 0.336000 0.000000
0.447200 0.336000 0.000000
0.471200 0.336000 0.000000
0.490400 0.336000 0.000000
0.680000 0.336000 0.000000
0.250400 0.336800 0.000000
0.276000 0.336800 0.000000
0.318400 0.336800 0.000000
0.350400 0.336800 0.000000
0.371200 0.336800 0.000000
0.505600 0.336800 0.000000
0.660000 0.336800 0.000000
0.298400 0.337600 0.000000
0.620800 0.337600 0.000000
0.525600 0.338400 0.000000
0.549600 0.338400 0.000000
0.571200 0.338400 0.000000
0.799200 0.338400 0.000000
0.593600 0.339200 0.000000
0.640800 0.339200 0.000000
0.704800 0.339200 0.000000
0.754400 0.339200 0.000000
0.780000 0.339200 0.000000
0.730400 0.340000 0.000000
0.820000 0.340000 0.000000
0.857600 0.340000 0.000000
0.370400 0.365600 0.000000
0.216800 0.366400 0.000000
0.128800 0.367200 0.000000
0.151200 0.367200 0.000000
0.202400 0.367200 0.000000
0.344000 0.367200 0.000000
0.356000 0.367200 0.000000
0.237600 0.368000 0.000000
0.255200 0.368000 0.000000
0.481600 0.368000 0.000000
0.576800 0.368000 0.000000
0.163200 0.368800 0.000000
0.183200 0.368800 0.000000
0.303200 0.368800 0.000000
0.381600 0.368800 0.000000
0.406400 0.368800 0.000000
0.453600 0.368800 0.000000
0.494400 0.368800 0.000000
0.533600 0.368800 0.000000
0.545600 0.368800 0.000000
0.276800 0.369600 0.000000
0.323200 0.369600 0.000000
0.433600 0.369600 0.000000
0.512000 0.369600 0.000000
0.620000 0.369600 0.000000
0.793600 0.369600 0.000000
0.595200 0.370400 0.000000
0.642400 0.371200 0.000000
0.678400 0.371200 0.000000
0.692000 0.371200 0.000000
0.707200 0.371200 0.000000
0.842400 0.371200 0.000000
0.659200 0.372000 0.000000
0.732000 0.372000 0.000000
0.752800 0.372000 0.000000
0.772800 0.372000 0.000000
0.824000 0.372000 0.000000
0.865600 0.372000 0.000000
0.249600 0.396800 0.000000
0.194400 0.397600 0.000000
0.224800 0.397600 0.000000
0.291200 0.397600 0.000000
0.304800 0.398400 0.000000
0.149600 0.399200 0.000000
0.172800 0.399200 0.000000
0.266400 0.399200 0.000000
0.323200 0.399200 0.000000
0.424800 0.399200 0.000000
0.565600 0.399200 0.000000
0.585600 0.399200 0.000000
0.211200 0.400000 0.000000
0.353600 0.400000 0.000000
0.376000 0.400000 0.000000
0.550400 0.400000 0.000000
0.682400 0.400000 0.000000
0.699200 0.400000 0.000000
0.128800 0.400800 0.000000
0.336800 0.400800 0.000000
0.448000 0.400800 0.000000
0.468000 0.400800 0.000000
0.488800 0.400800 0.000000
0.510400 0.400800 0.000000
0.531200 0.400800 0.000000
0.604800 0.400800 0.000000
0.621600 0.400800 0.000000
0.658400 0.400800 0.000000
0.711200 0.400800 0.000000
0.750400 0.400800 0.000000
0.773600 0.400800 0.000000
0.847200 0.400800 0.000000
0.870400 0.400800 0.000000
0.401600 0.401600 0.000000
0.639200 0.401600 0.000000
0.729600 0.401600 0.000000
0.795200 0.401600 0.000000
0.821600 0.401600 0.000000
0.272000 0.431200 0.000000
0.282400 0.431200 0.000000
0.304800 0.431200 0.000000
0.320000 0.431200 0.000000
0.432000 0.431200 0.000000
0.444000 0.431200 0.000000
0.460800 0.431200 0.000000
0.548800 0.431200 0.000000
0.123200 0.432000 0.000000
0.150400 0.432000 0.000000
0.166400 0.432000 0.000000
0.235200 0.432000 0.000000
0.260800 0.432000 0.000000
0.335200 0.432000 0.000000
0.395200 0.432000 0.000000
0.416000 0.432000 0.000000
0.471200 0.432000 0.000000
0.482400 0.432000 0.000000
0.518400 0.432000 0.000000
0.139200 0.432800 0.000000
0.179200 0.432800 0.000000
0.248000 0.432800 0.000000
0.351200 0.432800 0.000000
0.383200 0.432800 0.000000
0.493600 0.432800 0.000000
0.504000 0.432800 0.000000
0.533600 0.432800 0.000000
0.191200 0.433600 0.000000
0.201600 0.434400 0.000000
0.213600 0.434400 0.000000
0.369600 0.434400 0.000000
0.575200 0.434400 0.000000
