0.522078 0.012987 0.000004
0.483983 0.013853 0.000005
0.501299 0.013853 0.000006
0.410390 0.014719 0.000003
0.458009 0.014719 0.000005
0.431169 0.015584 0.000003
0.441558 0.015584 0.000007
0.341991 0.017316 0.000004
0.355844 0.017316 0.000003
0.367100 0.017316 0.000007
0.384416 0.017316 0.000004
0.398268 0.018182 0.000004
0.184416 0.019048 0.000006
0.929870 0.019048 0.000005
0.138528 0.019913 0.000006
0.209524 0.019913 0.000006
0.325541 0.019913 0.000004
0.948918 0.019913 0.000005
0.969697 0.019913 0.000005
0.118615 0.020779 0.000005
0.163636 0.020779 0.000006
0.248485 0.020779 0.000005
0.264935 0.020779 0.000006
0.289177 0.020779 0.000006
0.550649 0.020779 0.000006
0.619913 0.020779 0.000005
0.690043 0.020779 0.000005
0.706494 0.020779 0.000006
0.729004 0.020779 0.000006
0.909957 0.020779 0.000005
0.103030 0.021645 0.000004
0.230303 0.021645 0.000005
0.309091 0.021645 0.000005
0.584416 0.021645 0.000004
0.638095 0.021645 0.000005
0.654545 0.021645 0.000005
0.673593 0.021645 0.000005
0.750649 0.021645 0.000008
0.776623 0.021645 0.000005
0.077056 0.022511 0.000004
0.090043 0.022511 0.000004
0.570563 0.022511 0.000005
0.599134 0.022511 0.000005
0.805195 0.022511 0.000010
0.843290 0.022511 0.000011
0.877056 0.022511 0.000007
0.793074 0.023377 0.000004
0.822511 0.023377 0.000006
0.855411 0.023377 0.000010
0.063203 0.024242 0.000009
0.896104 0.024242 0.000004
0.987013 0.025974 0.000005
0.055411 0.061472 0.000009
0.081385 0.061472 0.000004
0.325541 0.061472 0.000009
0.094372 0.062338 0.000004
0.112554 0.062338 0.000006
0.135931 0.062338 0.000006
0.354113 0.062338 0.000008
0.540260 0.062338 0.000004
0.180952 0.063203 0.000006
0.198268 0.063203 0.000013
0.264935 0.063203 0.000012
0.384416 0.063203 0.000008
0.485714 0.063203 0.000013
0.523810 0.063203 0.000005
0.587013 0.063203 0.000004
0.158442 0.064069 0.000007
0.432900 0.064069 0.000007
0.455411 0.064069 0.000006
0.786147 0.064069 0.000013
0.221645 0.064935 0.000005
0.285714 0.064935 0.000012
0.407792 0.064935 0.000006
0.507359 0.064935 0.000005
0.569697 0.064935 0.000006
0.601732 0.064935 0.000004
0.643290 0.064935 0.000004
0.549784 0.065801 0.000014
0.616450 0.065801 0.000004
0.628571 0.065801 0.000004
0.664069 0.065801 0.000007
0.763636 0.065801 0.000005
0.954113 0.065801 0.000010
0.236364 0.066667 0.000004
0.744589 0.066667 0.000008
0.828571 0.066667 0.000010
0.860606 0.066667 0.000010
0.921212 0.067532 0.000008
0.687446 0.068398 0.000008
0.713420 0.068398 0.000008
0.883117 0.068398 0.000006
0.980952 0.068398 0.000008
0.899567 0.069264 0.000004
0.071861 0.100433 0.000012
0.049351 0.103030 0.000013
0.087446 0.103030 0.000005
0.103896 0.103896 0.000004
0.116883 0.104762 0.000004
0.151515 0.105628 0.000004
0.323810 0.105628 0.000010
0.335931 0.105628 0.000010
0.666667 0.105628 0.000004
0.133333 0.106494 0.000005
0.370563 0.106494 0.000010
0.647619 0.106494 0.000011
0.164502 0.107359 0.000010
0.185281 0.107359 0.000006
0.615584 0.107359 0.000006
0.306494 0.108225 0.000006
0.595671 0.108225 0.000005
0.244156 0.109091 0.000010
0.559307 0.109091 0.000006
0.580087 0.109091 0.000005
0.628571 0.109091 0.000004
0.843290 0.109091 0.000009
0.209524 0.109957 0.000008
0.283983 0.109957 0.000009
0.403463 0.109957 0.000009
0.464935 0.109957 0.000008
0.513420 0.109957 0.000006
0.537662 0.109957 0.000006
0.681385 0.109957 0.000008
0.783550 0.109957 0.000008
0.876190 0.109957 0.000009
0.933333 0.109957 0.000006
0.490909 0.110823 0.000006
0.831169 0.110823 0.000004
0.704762 0.111688 0.000006
0.814719 0.111688 0.000010
0.902165 0.111688 0.000009
0.951515 0.111688 0.000004
0.967965 0.111688 0.000006
0.426840 0.112554 0.000006
0.443290 0.112554 0.000004
0.726407 0.112554 0.000006
0.749784 0.113420 0.000009
0.762771 0.116883 0.000004
0.535065 0.146320 0.000010
0.935065 0.147186 0.000004
0.949784 0.147186 0.000010
0.052814 0.148052 0.000009
0.117749 0.148052 0.000006
0.162771 0.148052 0.000004
0.350649 0.148052 0.000009
0.380952 0.148052 0.000008
0.077056 0.148918 0.000008
0.087446 0.148918 0.000003
0.099567 0.148918 0.000004
0.138528 0.148918 0.000008
0.223377 0.148918 0.000008
0.316017 0.148918 0.000009
0.251082 0.149784 0.000009
0.285714 0.149784 0.000009
0.457143 0.149784 0.000008
0.491775 0.149784 0.000010
0.589610 0.149784 0.000006
0.663203 0.149784 0.000005
0.749784 0.149784 0.000009
0.910823 0.149784 0.000008
0.197403 0.150649 0.000008
0.406061 0.150649 0.000008
0.424242 0.150649 0.000010
0.478788 0.150649 0.000009
0.547186 0.150649 0.000010
0.607792 0.150649 0.000004
0.625974 0.150649 0.000006
0.681385 0.150649 0.000005
0.769697 0.150649 0.000006
0.815584 0.150649 0.000008
0.885714 0.150649 0.000010
0.178355 0.151515 0.000005
0.516883 0.151515 0.000010
0.566234 0.151515 0.000006
0.646753 0.151515 0.000005
0.720346 0.151515 0.000010
0.737662 0.151515 0.000004
0.790476 0.151515 0.000006
0.872727 0.152381 0.000010
0.699567 0.153247 0.000005
0.846753 0.153247 0.000008
0.971429 0.157576 0.000006
0.045022 0.187013 0.000012
0.928139 0.187013 0.000008
0.900433 0.187879 0.000008
0.257143 0.188745 0.000004
0.270130 0.188745 0.000004
0.345455 0.188745 0.000008
0.754113 0.188745 0.000005
0.065801 0.189610 0.000005
0.083983 0.189610 0.000006
0.105628 0.189610 0.000006
0.138528 0.189610 0.000006
0.217316 0.189610 0.000005
0.373160 0.189610 0.000009
0.405195 0.189610 0.000009
0.457143 0.189610 0.000010
0.472727 0.189610 0.000012
0.496104 0.189610 0.000009
0.533333 0.189610 0.000010
0.640693 0.189610 0.000008
0.738528 0.189610 0.000006
0.949784 0.189610 0.000006
0.288312 0.190476 0.000008
0.793939 0.190476 0.000006
0.975758 0.190476 0.000009
0.161905 0.191342 0.000008
0.235498 0.191342 0.000005
0.316883 0.191342 0.000008
0.714286 0.191342 0.000008
0.773160 0.191342 0.000006
0.873593 0.191342 0.000006
0.122944 0.192208 0.000004
0.201732 0.192208 0.000004
0.548052 0.192208 0.000012
0.601732 0.192208 0.000005
0.664935 0.192208 0.000006
0.686580 0.192208 0.000007
0.849351 0.192208 0.000009
0.186147 0.193074 0.000005
0.582684 0.193074 0.000006
0.430303 0.193939 0.000007
0.817316 0.193939 0.000008
0.613853 0.194805 0.000009
0.567965 0.195671 0.000012
0.601732 0.210390 0.000003
0.588745 0.211255 0.000004
0.963636 0.228571 0.000014
0.053680 0.229437 0.000013
0.353247 0.229437 0.000012
0.399134 0.229437 0.000008
0.721212 0.229437 0.000010
0.916883 0.229437 0.000008
0.072727 0.230303 0.000006
0.095238 0.230303 0.000006
0.116017 0.230303 0.000006
0.454545 0.230303 0.000008
0.481385 0.230303 0.000008
0.792208 0.230303 0.000006
0.183550 0.231169 0.000006
0.429437 0.231169 0.000009
0.547186 0.231169 0.000010
0.638095 0.231169 0.000006
0.741991 0.231169 0.000005
0.756710 0.231169 0.000004
0.890043 0.231169 0.000008
0.941126 0.231169 0.000006
0.137662 0.232035 0.000006
0.200000 0.232035 0.000004
0.227706 0.232035 0.000006
0.663203 0.232035 0.000008
0.688312 0.232035 0.000008
0.772294 0.232035 0.000005
0.810390 0.232035 0.000012
0.247619 0.232900 0.000005
0.279654 0.232900 0.000004
0.296970 0.232900 0.000005
0.374892 0.232900 0.000005
0.510823 0.232900 0.000009
0.160173 0.233766 0.000006
0.213853 0.233766 0.000004
0.317749 0.233766 0.000008
0.340260 0.233766 0.000005
0.839827 0.233766 0.000009
0.863203 0.233766 0.000008
0.579221 0.234632 0.000007
0.604329 0.234632 0.000010
0.617316 0.235498 0.000012
0.264935 0.236364 0.000005
0.825108 0.237229 0.000004
0.961905 0.262338 0.000005
0.889177 0.265801 0.000005
0.277922 0.266667 0.000005
0.707359 0.266667 0.000004
0.733333 0.266667 0.000003
0.903896 0.266667 0.000005
0.923810 0.266667 0.000005
0.944589 0.267532 0.000006
0.247619 0.268398 0.000009
0.262338 0.268398 0.000004
0.297835 0.268398 0.000005
0.523810 0.268398 0.000008
0.600000 0.268398 0.000009
0.721212 0.268398 0.000004
0.828571 0.268398 0.000004
0.873593 0.268398 0.000004
0.425108 0.269264 0.000005
0.450216 0.269264 0.000009
0.464935 0.269264 0.000004
0.497835 0.269264 0.000007
0.539394 0.269264 0.000005
0.613853 0.269264 0.000005
0.632035 0.269264 0.000005
0.691775 0.269264 0.000006
0.845887 0.269264 0.000005
0.858874 0.269264 0.000004
0.313420 0.270130 0.000005
0.815584 0.270130 0.000005
0.361905 0.270996 0.000008
0.373160 0.270996 0.000003
0.406061 0.270996 0.000006
0.748052 0.270996 0.000005
0.780087 0.270996 0.000004
0.799134 0.270996 0.000006
0.478788 0.271861 0.000005
0.651948 0.271861 0.000006
0.387879 0.272727 0.000007
0.763636 0.272727 0.000005
0.551398 0.209716 0.000007
0.573043 0.209716 0.000007
