0.139043 0.041157 0.000000
0.151279 0.041157 0.000000
0.173526 0.042269 0.000000
0.185762 0.042269 0.000000
0.223582 0.043382 0.000000
0.278087 0.043382 0.000000
0.254727 0.044494 0.000000
0.295884 0.046719 0.000000
0.387097 0.046719 0.000000
0.372636 0.047831 0.000000
0.401557 0.047831 0.000000
0.309232 0.050056 0.000000
0.353726 0.050056 0.000000
0.463849 0.050056 0.000000
0.428254 0.051168 0.000000
0.548387 0.052280 0.000000
0.441602 0.053393 0.000000
0.084538 0.087875 0.000000
0.100111 0.087875 0.000000
0.218020 0.088988 0.000000
0.143493 0.090100 0.000000
0.172414 0.090100 0.000000
0.193548 0.090100 0.000000
0.229143 0.091212 0.000000
0.126808 0.092325 0.000000
0.280311 0.092325 0.000000
0.308120 0.092325 0.000000
0.322581 0.093437 0.000000
0.363737 0.095662 0.000000
0.395996 0.095662 0.000000
0.244716 0.096774 0.000000
0.352614 0.097887 0.000000
0.478309 0.098999 0.000000
0.459399 0.100111 0.000000
0.516129 0.100111 0.000000
0.527253 0.100111 0.000000
0.258065 0.101224 0.000000
0.545050 0.101224 0.000000
0.436040 0.102336 0.000000
0.105673 0.113459 0.000000
0.058954 0.114572 0.000000
0.179088 0.114572 0.000000
0.139043 0.115684 0.000000
0.161290 0.115684 0.000000
0.203560 0.116796 0.000000
0.094549 0.117909 0.000000
0.220245 0.117909 0.000000
0.234705 0.117909 0.000000
0.250278 0.117909 0.000000
0.296997 0.117909 0.000000
0.320356 0.120133 0.000000
0.377086 0.120133 0.000000
0.279199 0.121246 0.000000
0.347052 0.121246 0.000000
0.361513 0.121246 0.000000
0.395996 0.122358 0.000000
0.409344 0.123471 0.000000
0.432703 0.123471 0.000000
0.446051 0.124583 0.000000
0.493882 0.125695 0.000000
0.522803 0.125695 0.000000
0.546162 0.126808 0.000000
0.560623 0.126808 0.000000
0.101224 0.139043 0.000000
0.115684 0.139043 0.000000
0.087875 0.140156 0.000000
0.056730 0.141268 0.000000
0.131257 0.141268 0.000000
0.174638 0.141268 0.000000
0.071190 0.142380 0.000000
0.185762 0.142380 0.000000
0.246941 0.144605 0.000000
0.265851 0.145717 0.000000
0.280311 0.145717 0.000000
0.296997 0.145717 0.000000
0.313682 0.145717 0.000000
0.324805 0.145717 0.000000
0.234705 0.146830 0.000000
0.338154 0.146830 0.000000
0.411568 0.147942 0.000000
0.384872 0.149055 0.000000
0.438265 0.150167 0.000000
0.472747 0.150167 0.000000
0.459399 0.152392 0.000000
0.519466 0.153504 0.000000
0.532814 0.153504 0.000000
0.559511 0.153504 0.000000
0.491657 0.154616 0.000000
0.060067 0.164627 0.000000
0.192436 0.165740 0.000000
0.073415 0.166852 0.000000
0.100111 0.167964 0.000000
0.123471 0.167964 0.000000
0.134594 0.167964 0.000000
0.204672 0.167964 0.000000
0.146830 0.169077 0.000000
0.242492 0.170189 0.000000
0.256952 0.171301 0.000000
0.295884 0.172414 0.000000
0.230256 0.173526 0.000000
0.269188 0.173526 0.000000
0.387097 0.174638 0.000000
0.400445 0.174638 0.000000
0.334816 0.175751 0.000000
0.426029 0.175751 0.000000
0.440489 0.175751 0.000000
0.479422 0.176863 0.000000
0.492770 0.176863 0.000000
0.452725 0.177976 0.000000
0.525028 0.179088 0.000000
0.541713 0.179088 0.000000
0.511680 0.180200 0.000000
0.558398 0.180200 0.000000
0.064516 0.192436 0.000000
0.085651 0.192436 0.000000
0.103448 0.192436 0.000000
0.116796 0.194661 0.000000
0.141268 0.194661 0.000000
0.157953 0.195773 0.000000
0.172414 0.195773 0.000000
0.186874 0.196885 0.000000
0.279199 0.196885 0.000000
0.290323 0.197998 0.000000
0.342603 0.197998 0.000000
0.224694 0.199110 0.000000
0.238042 0.199110 0.000000
0.328142 0.199110 0.000000
0.355951 0.199110 0.000000
0.378198 0.201335 0.000000
0.390434 0.202447 0.000000
0.402670 0.203560 0.000000
0.427141 0.203560 0.000000
0.462736 0.204672 0.000000
0.512792 0.204672 0.000000
0.526140 0.206897 0.000000
0.549499 0.206897 0.000000
0.498331 0.208009 0.000000
0.560623 0.208009 0.000000
0.061179 0.220245 0.000000
0.074527 0.220245 0.000000
0.093437 0.220245 0.000000
0.117909 0.221357 0.000000
0.135706 0.221357 0.000000
0.152392 0.222469 0.000000
0.174638 0.222469 0.000000
0.225806 0.223582 0.000000
0.199110 0.224694 0.000000
0.243604 0.224694 0.000000
0.260289 0.224694 0.000000
0.273637 0.224694 0.000000
0.325918 0.226919 0.000000
0.341491 0.226919 0.000000
0.354839 0.228031 0.000000
0.382647 0.229143 0.000000
0.399333 0.229143 0.000000
0.434928 0.229143 0.000000
0.456062 0.229143 0.000000
0.472747 0.229143 0.000000
0.413793 0.230256 0.000000
0.522803 0.230256 0.000000
0.305895 0.231368 0.000000
0.541713 0.232481 0.000000
0.558398 0.232481 0.000000
0.506118 0.233593 0.000000
0.071190 0.244716 0.000000
0.056730 0.245829 0.000000
0.093437 0.246941 0.000000
0.105673 0.246941 0.000000
0.142380 0.248053 0.000000
0.174638 0.248053 0.000000
0.197998 0.248053 0.000000
0.162403 0.249166 0.000000
0.212458 0.249166 0.000000
0.127920 0.250278 0.000000
0.235818 0.250278 0.000000
0.260289 0.250278 0.000000
0.273637 0.250278 0.000000
0.289210 0.250278 0.000000
0.307008 0.251390 0.000000
0.321468 0.252503 0.000000
0.334816 0.252503 0.000000
0.372636 0.252503 0.000000
0.390434 0.253615 0.000000
0.408231 0.254727 0.000000
0.423804 0.254727 0.000000
0.472747 0.254727 0.000000
0.436040 0.255840 0.000000
0.519466 0.259177 0.000000
0.543938 0.259177 0.000000
0.557286 0.259177 0.000000
0.496107 0.262514 0.000000
0.058954 0.271413 0.000000
0.071190 0.271413 0.000000
0.087875 0.272525 0.000000
0.100111 0.272525 0.000000
0.113459 0.274750 0.000000
0.130145 0.274750 0.000000
0.163515 0.274750 0.000000
0.147942 0.275862 0.000000
0.176863 0.275862 0.000000
0.199110 0.275862 0.000000
0.225806 0.275862 0.000000
0.291435 0.275862 0.000000
0.256952 0.276974 0.000000
0.324805 0.278087 0.000000
0.354839 0.279199 0.000000
0.369299 0.280311 0.000000
0.401557 0.281424 0.000000
0.430478 0.282536 0.000000
0.457175 0.282536 0.000000
0.383760 0.283648 0.000000
0.490545 0.283648 0.000000
0.474972 0.284761 0.000000
0.516129 0.285873 0.000000
0.532814 0.285873 0.000000
0.545050 0.286986 0.000000
0.443826 0.294772 0.000000
0.056730 0.299221 0.000000
0.071190 0.299221 0.000000
0.105673 0.299221 0.000000
0.092325 0.300334 0.000000
0.123471 0.300334 0.000000
0.135706 0.300334 0.000000
0.151279 0.300334 0.000000
0.165740 0.301446 0.000000
0.186874 0.301446 0.000000
0.219132 0.301446 0.000000
0.239155 0.301446 0.000000
0.256952 0.301446 0.000000
0.289210 0.303671 0.000000
0.274750 0.304783 0.000000
0.307008 0.304783 0.000000
0.325918 0.304783 0.000000
0.351502 0.304783 0.000000
0.367075 0.305895 0.000000
0.406007 0.305895 0.000000
0.384872 0.307008 0.000000
0.423804 0.308120 0.000000
0.441602 0.308120 0.000000
0.456062 0.309232 0.000000
0.490545 0.310345 0.000000
0.506118 0.310345 0.000000
0.472747 0.311457 0.000000
0.530590 0.311457 0.000000
0.543938 0.311457 0.000000
0.057842 0.322581 0.000000
0.071190 0.324805 0.000000
0.136819 0.325918 0.000000
0.091212 0.328142 0.000000
0.107898 0.328142 0.000000
0.152392 0.328142 0.000000
0.171301 0.328142 0.000000
0.185762 0.328142 0.000000
0.196885 0.328142 0.000000
0.213571 0.328142 0.000000
0.310345 0.328142 0.000000
0.228031 0.329255 0.000000
0.240267 0.329255 0.000000
0.281424 0.329255 0.000000
0.266963 0.330367 0.000000
0.296997 0.331479 0.000000
0.322581 0.331479 0.000000
0.334816 0.331479 0.000000
0.379310 0.332592 0.000000
0.521691 0.335929 0.000000
0.436040 0.338154 0.000000
0.468298 0.338154 0.000000
0.536151 0.338154 0.000000
0.410456 0.339266 0.000000
0.451613 0.339266 0.000000
0.494994 0.339266 0.000000
0.549499 0.339266 0.000000
0.481646 0.340378 0.000000
0.507230 0.340378 0.000000
0.058954 0.352614 0.000000
0.071190 0.352614 0.000000
0.091212 0.352614 0.000000
0.119021 0.353726 0.000000
0.193548 0.354839 0.000000
0.251390 0.354839 0.000000
0.139043 0.355951 0.000000
0.235818 0.355951 0.000000
0.262514 0.355951 0.000000
0.283648 0.357063 0.000000
0.300334 0.357063 0.000000
0.345940 0.358176 0.000000
0.367075 0.358176 0.000000
0.160178 0.359288 0.000000
0.378198 0.359288 0.000000
0.314794 0.361513 0.000000
0.433815 0.361513 0.000000
0.466073 0.361513 0.000000
0.498331 0.362625 0.000000
0.511680 0.362625 0.000000
0.450501 0.363737 0.000000
0.395996 0.364850 0.000000
0.537264 0.364850 0.000000
0.084538 0.379310 0.000000
0.122358 0.379310 0.000000
0.098999 0.380423 0.000000
0.141268 0.380423 0.000000
0.167964 0.380423 0.000000
0.189099 0.380423 0.000000
0.208009 0.380423 0.000000
0.219132 0.380423 0.000000
0.258065 0.381535 0.000000
0.271413 0.381535 0.000000
0.294772 0.382647 0.000000
0.061179 0.383760 0.000000
0.240267 0.383760 0.000000
0.314794 0.383760 0.000000
0.333704 0.383760 0.000000
0.348165 0.383760 0.000000
0.379310 0.385984 0.000000
0.393771 0.385984 0.000000
0.417130 0.385984 0.000000
0.446051 0.387097 0.000000
0.362625 0.388209 0.000000
0.461624 0.388209 0.000000
0.480534 0.388209 0.000000
0.500556 0.388209 0.000000
0.517241 0.391546 0.000000
0.542825 0.392659 0.000000
0.555061 0.392659 0.000000
0.064516 0.404894 0.000000
0.127920 0.404894 0.000000
0.052280 0.406007 0.000000
0.094549 0.406007 0.000000
0.109010 0.406007 0.000000
0.192436 0.406007 0.000000
0.203560 0.406007 0.000000
0.163515 0.407119 0.000000
0.216908 0.407119 0.000000
0.246941 0.408231 0.000000
0.312570 0.408231 0.000000
0.231368 0.409344 0.000000
0.269188 0.409344 0.000000
0.327030 0.409344 0.000000
0.285873 0.410456 0.000000
0.342603 0.410456 0.000000
0.361513 0.410456 0.000000
0.410456 0.411568 0.000000
0.394883 0.412681 0.000000
0.431591 0.413793 0.000000
0.451613 0.413793 0.000000
0.470523 0.413793 0.000000
0.379310 0.414905 0.000000
0.487208 0.416018 0.000000
0.515017 0.416018 0.000000
0.543938 0.422692 0.000000
0.055617 0.431591 0.000000
0.186874 0.431591 0.000000
0.072303 0.432703 0.000000
0.132369 0.432703 0.000000
0.201335 0.432703 0.000000
0.100111 0.433815 0.000000
0.120133 0.433815 0.000000
0.145717 0.433815 0.000000
0.160178 0.433815 0.000000
0.212458 0.433815 0.000000
0.275862 0.433815 0.000000
0.249166 0.434928 0.000000
0.298109 0.437152 0.000000
0.359288 0.440489 0.000000
0.374861 0.440489 0.000000
0.412681 0.440489 0.000000
0.430478 0.440489 0.000000
0.444939 0.440489 0.000000
0.458287 0.440489 0.000000
0.337041 0.441602 0.000000
0.481646 0.441602 0.000000
0.494994 0.441602 0.000000
0.392659 0.442714 0.000000
0.508343 0.442714 0.000000
0.527253 0.444939 0.000000
0.543938 0.446051 0.000000
0.052280 0.457175 0.000000
0.068966 0.457175 0.000000
0.092325 0.459399 0.000000
0.143493 0.459399 0.000000
0.155729 0.459399 0.000000
0.183537 0.459399 0.000000
0.196885 0.459399 0.000000
0.211346 0.459399 0.000000
0.235818 0.459399 0.000000
0.278087 0.459399 0.000000
0.291435 0.460512 0.000000
0.258065 0.461624 0.000000
0.317019 0.462736 0.000000
0.343715 0.464961 0.000000
0.385984 0.464961 0.000000
0.401557 0.464961 0.000000
0.417130 0.464961 0.000000
0.433815 0.467186 0.000000
0.452725 0.468298 0.000000
0.467186 0.468298 0.000000
0.490545 0.469410 0.000000
0.508343 0.469410 0.000000
0.523915 0.469410 0.000000
0.542825 0.471635 0.000000
0.096774 0.484983 0.000000
0.121246 0.484983 0.000000
0.199110 0.484983 0.000000
0.254727 0.484983 0.000000
0.074527 0.486096 0.000000
0.133482 0.486096 0.000000
0.211346 0.486096 0.000000
0.166852 0.487208 0.000000
0.184650 0.487208 0.000000
0.056730 0.488320 0.000000
0.273637 0.488320 0.000000
0.314794 0.489433 0.000000
0.339266 0.489433 0.000000
0.353726 0.490545 0.000000
0.371524 0.491657 0.000000
0.397108 0.491657 0.000000
0.413793 0.491657 0.000000
0.384872 0.492770 0.000000
0.427141 0.493882 0.000000
0.441602 0.494994 0.000000
0.468298 0.494994 0.000000
0.487208 0.494994 0.000000
0.536151 0.496107 0.000000
0.505006 0.497219 0.000000
0.523915 0.497219 0.000000
0.552836 0.499444 0.000000
0.050056 0.510567 0.000000
0.064516 0.511680 0.000000
0.107898 0.511680 0.000000
0.157953 0.511680 0.000000
0.175751 0.511680 0.000000
0.187987 0.511680 0.000000
0.083426 0.512792 0.000000
0.095662 0.512792 0.000000
0.225806 0.512792 0.000000
0.212458 0.513904 0.000000
0.239155 0.513904 0.000000
0.307008 0.513904 0.000000
0.320356 0.513904 0.000000
0.129032 0.515017 0.000000
0.145717 0.515017 0.000000
0.291435 0.515017 0.000000
0.276974 0.516129 0.000000
0.338154 0.517241 0.000000
0.399333 0.517241 0.000000
0.364850 0.518354 0.000000
0.450501 0.519466 0.000000
0.474972 0.521691 0.000000
0.419355 0.522803 0.000000
0.431591 0.523915 0.000000
0.509455 0.526140 0.000000
0.526140 0.526140 0.000000
0.553949 0.526140 0.000000
0.540601 0.527253 0.000000
0.066741 0.536151 0.000000
0.081201 0.537264 0.000000
0.094549 0.537264 0.000000
0.124583 0.537264 0.000000
0.052280 0.538376 0.000000
0.151279 0.538376 0.000000
0.172414 0.538376 0.000000
0.137931 0.539488 0.000000
0.189099 0.539488 0.000000
0.208009 0.539488 0.000000
0.224694 0.539488 0.000000
0.238042 0.540601 0.000000
0.252503 0.541713 0.000000
0.276974 0.541713 0.000000
0.325918 0.542825 0.000000
0.385984 0.542825 0.000000
0.400445 0.542825 0.000000
0.310345 0.543938 0.000000
0.343715 0.543938 0.000000
0.426029 0.545050 0.000000
0.439377 0.545050 0.000000
0.452725 0.546162 0.000000
0.470523 0.546162 0.000000
0.494994 0.549499 0.000000
0.518354 0.549499 0.000000
0.540601 0.549499 0.000000
0.048943 0.562848 0.000000
0.072303 0.562848 0.000000
0.145717 0.563960 0.000000
0.090100 0.565072 0.000000
0.125695 0.565072 0.000000
0.103448 0.566185 0.000000
0.190211 0.566185 0.000000
0.157953 0.567297 0.000000
0.208009 0.567297 0.000000
0.223582 0.567297 0.000000
0.240267 0.567297 0.000000
0.334816 0.567297 0.000000
0.351502 0.568409 0.000000
0.369299 0.569522 0.000000
0.400445 0.569522 0.000000
0.299221 0.570634 0.000000
0.387097 0.570634 0.000000
0.416018 0.570634 0.000000
0.276974 0.571746 0.000000
0.433815 0.572859 0.000000
0.478309 0.572859 0.000000
0.493882 0.572859 0.000000
0.446051 0.573971 0.000000
0.460512 0.573971 0.000000
0.542825 0.575083 0.000000
0.513904 0.577308 0.000000
0.526140 0.578420 0.000000
0.101224 0.590656 0.000000
0.047831 0.591769 0.000000
0.129032 0.591769 0.000000
0.142380 0.591769 0.000000
0.061179 0.592881 0.000000
0.075640 0.592881 0.000000
0.116796 0.592881 0.000000
0.156841 0.592881 0.000000
0.196885 0.592881 0.000000
0.210234 0.592881 0.000000
0.222469 0.592881 0.000000
0.238042 0.592881 0.000000
0.252503 0.593993 0.000000
0.270300 0.593993 0.000000
0.298109 0.595106 0.000000
0.177976 0.596218 0.000000
0.373749 0.596218 0.000000
0.345940 0.597330 0.000000
0.409344 0.597330 0.000000
0.424917 0.598443 0.000000
0.439377 0.598443 0.000000
0.467186 0.598443 0.000000
0.331479 0.599555 0.000000
0.513904 0.599555 0.000000
0.484983 0.600667 0.000000
0.498331 0.600667 0.000000
0.530590 0.600667 0.000000
0.549499 0.602892 0.000000
0.060067 0.615128 0.000000
0.047831 0.616240 0.000000
0.141268 0.616240 0.000000
0.078977 0.617353 0.000000
0.105673 0.618465 0.000000
0.161290 0.620690 0.000000
0.186874 0.620690 0.000000
0.208009 0.620690 0.000000
0.261402 0.620690 0.000000
0.273637 0.620690 0.000000
0.235818 0.621802 0.000000
0.348165 0.621802 0.000000
0.364850 0.621802 0.000000
0.314794 0.622914 0.000000
0.389321 0.624027 0.000000
0.408231 0.624027 0.000000
0.427141 0.624027 0.000000
0.329255 0.625139 0.000000
0.294772 0.626251 0.000000
0.463849 0.627364 0.000000
0.479422 0.627364 0.000000
0.498331 0.627364 0.000000
0.512792 0.627364 0.000000
0.446051 0.628476 0.000000
0.536151 0.632925 0.000000
0.065628 0.644049 0.000000
0.191324 0.644049 0.000000
0.204672 0.644049 0.000000
0.044494 0.645161 0.000000
0.091212 0.645161 0.000000
0.160178 0.645161 0.000000
0.176863 0.645161 0.000000
0.124583 0.646274 0.000000
0.280311 0.646274 0.000000
0.223582 0.647386 0.000000
0.235818 0.647386 0.000000
0.250278 0.647386 0.000000
0.264739 0.647386 0.000000
0.335929 0.648498 0.000000
0.305895 0.649611 0.000000
0.412681 0.649611 0.000000
0.319244 0.650723 0.000000
0.363737 0.650723 0.000000
0.431591 0.650723 0.000000
0.378198 0.651835 0.000000
0.395996 0.652948 0.000000
0.480534 0.654060 0.000000
0.494994 0.654060 0.000000
0.521691 0.654060 0.000000
0.548387 0.654060 0.000000
0.464961 0.656285 0.000000
0.043382 0.669633 0.000000
0.063404 0.669633 0.000000
0.181313 0.669633 0.000000
0.193548 0.669633 0.000000
0.091212 0.670745 0.000000
0.109010 0.670745 0.000000
0.159066 0.670745 0.000000
0.208009 0.670745 0.000000
0.231368 0.672970 0.000000
0.248053 0.672970 0.000000
0.260289 0.672970 0.000000
0.274750 0.672970 0.000000
0.286986 0.672970 0.000000
0.313682 0.674082 0.000000
0.359288 0.674082 0.000000
0.129032 0.675195 0.000000
0.332592 0.675195 0.000000
0.345940 0.675195 0.000000
0.389321 0.676307 0.000000
0.377086 0.677419 0.000000
0.403782 0.677419 0.000000
0.421580 0.677419 0.000000
0.484983 0.680756 0.000000
0.456062 0.681869 0.000000
0.510567 0.681869 0.000000
0.468298 0.682981 0.000000
0.523915 0.682981 0.000000
0.539488 0.684093 0.000000
0.077864 0.697442 0.000000
0.090100 0.697442 0.000000
0.101224 0.697442 0.000000
0.152392 0.697442 0.000000
0.170189 0.697442 0.000000
0.269188 0.697442 0.000000
0.043382 0.698554 0.000000
0.131257 0.698554 0.000000
0.182425 0.698554 0.000000
0.199110 0.698554 0.000000
0.282536 0.698554 0.000000
0.295884 0.698554 0.000000
0.064516 0.699666 0.000000
0.232481 0.699666 0.000000
0.431591 0.700779 0.000000
0.345940 0.701891 0.000000
0.369299 0.703003 0.000000
0.383760 0.703003 0.000000
0.410456 0.703003 0.000000
0.314794 0.704116 0.000000
0.446051 0.704116 0.000000
0.505006 0.705228 0.000000
0.477197 0.706340 0.000000
0.520578 0.707453 0.000000
0.536151 0.708565 0.000000
0.048943 0.723026 0.000000
0.076752 0.723026 0.000000
0.266963 0.723026 0.000000
0.122358 0.724138 0.000000
0.186874 0.724138 0.000000
0.091212 0.725250 0.000000
0.166852 0.725250 0.000000
0.216908 0.725250 0.000000
0.230256 0.725250 0.000000
0.244716 0.725250 0.000000
0.205784 0.726363 0.000000
0.289210 0.726363 0.000000
0.315907 0.726363 0.000000
0.349277 0.726363 0.000000
0.334816 0.727475 0.000000
0.363737 0.727475 0.000000
0.380423 0.728587 0.000000
0.392659 0.728587 0.000000
0.416018 0.729700 0.000000
0.153504 0.730812 0.000000
0.452725 0.730812 0.000000
0.471635 0.730812 0.000000
0.496107 0.730812 0.000000
0.483871 0.731924 0.000000
0.522803 0.731924 0.000000
0.508343 0.733037 0.000000
0.536151 0.733037 0.000000
0.440489 0.734149 0.000000
0.076752 0.748610 0.000000
0.091212 0.748610 0.000000
0.050056 0.749722 0.000000
0.110122 0.750834 0.000000
0.219132 0.750834 0.000000
0.137931 0.751947 0.000000
0.151279 0.751947 0.000000
0.182425 0.751947 0.000000
0.261402 0.751947 0.000000
0.246941 0.753059 0.000000
0.298109 0.753059 0.000000
0.319244 0.753059 0.000000
0.332592 0.754171 0.000000
0.345940 0.754171 0.000000
0.378198 0.755284 0.000000
0.390434 0.755284 0.000000
0.202447 0.756396 0.000000
0.406007 0.756396 0.000000
0.418242 0.756396 0.000000
0.429366 0.757508 0.000000
0.441602 0.757508 0.000000
0.458287 0.757508 0.000000
0.482759 0.757508 0.000000
0.498331 0.758621 0.000000
0.516129 0.760845 0.000000
0.546162 0.760845 0.000000
0.042269 0.775306 0.000000
0.083426 0.775306 0.000000
0.063404 0.776418 0.000000
0.096774 0.776418 0.000000
0.109010 0.777531 0.000000
0.141268 0.777531 0.000000
0.184650 0.777531 0.000000
0.218020 0.777531 0.000000
0.263626 0.777531 0.000000
0.123471 0.778643 0.000000
0.172414 0.778643 0.000000
0.250278 0.778643 0.000000
0.236930 0.779755 0.000000
0.283648 0.779755 0.000000
0.328142 0.779755 0.000000
0.344828 0.779755 0.000000
0.155729 0.780868 0.000000
0.310345 0.780868 0.000000
0.389321 0.780868 0.000000
0.417130 0.783092 0.000000
0.428254 0.783092 0.000000
0.372636 0.784205 0.000000
0.458287 0.784205 0.000000
0.473860 0.784205 0.000000
0.497219 0.786429 0.000000
0.511680 0.786429 0.000000
0.523915 0.786429 0.000000
0.545050 0.787542 0.000000
0.041157 0.800890 0.000000
0.053393 0.800890 0.000000
0.070078 0.800890 0.000000
0.090100 0.802002 0.000000
0.109010 0.803115 0.000000
0.135706 0.803115 0.000000
0.332592 0.804227 0.000000
0.243604 0.805339 0.000000
0.263626 0.805339 0.000000
0.229143 0.806452 0.000000
0.278087 0.806452 0.000000
0.404894 0.806452 0.000000
0.210234 0.807564 0.000000
0.290323 0.807564 0.000000
0.359288 0.807564 0.000000
0.392659 0.807564 0.000000
0.309232 0.808676 0.000000
0.378198 0.808676 0.000000
0.159066 0.809789 0.000000
0.426029 0.809789 0.000000
0.438265 0.810901 0.000000
0.452725 0.810901 0.000000
0.470523 0.810901 0.000000
0.545050 0.812013 0.000000
0.509455 0.814238 0.000000
0.109010 0.827586 0.000000
0.043382 0.828699 0.000000
0.082314 0.828699 0.000000
0.094549 0.828699 0.000000
0.123471 0.828699 0.000000
0.159066 0.828699 0.000000
0.061179 0.829811 0.000000
0.200222 0.830923 0.000000
0.233593 0.832036 0.000000
0.294772 0.832036 0.000000
0.322581 0.832036 0.000000
0.305895 0.833148 0.000000
0.347052 0.833148 0.000000
0.373749 0.834260 0.000000
0.387097 0.834260 0.000000
0.258065 0.836485 0.000000
0.430478 0.836485 0.000000
0.457175 0.837597 0.000000
0.478309 0.837597 0.000000
0.489433 0.837597 0.000000
0.515017 0.837597 0.000000
0.529477 0.837597 0.000000
0.545050 0.838710 0.000000
0.442714 0.839822 0.000000
0.042269 0.854283 0.000000
0.088988 0.854283 0.000000
0.064516 0.855395 0.000000
0.076752 0.855395 0.000000
0.182425 0.855395 0.000000
0.151279 0.856507 0.000000
0.121246 0.857620 0.000000
0.205784 0.857620 0.000000
0.218020 0.857620 0.000000
0.230256 0.858732 0.000000
0.242492 0.858732 0.000000
0.260289 0.858732 0.000000
0.285873 0.858732 0.000000
0.311457 0.858732 0.000000
0.274750 0.859844 0.000000
0.328142 0.859844 0.000000
0.343715 0.859844 0.000000
0.375973 0.859844 0.000000
0.391546 0.860957 0.000000
0.421580 0.860957 0.000000
0.433815 0.860957 0.000000
0.450501 0.863181 0.000000
0.464961 0.864294 0.000000
0.477197 0.864294 0.000000
0.505006 0.864294 0.000000
0.528365 0.865406 0.000000
0.542825 0.866518 0.000000
0.048943 0.880979 0.000000
0.066741 0.882091 0.000000
0.096774 0.882091 0.000000
0.113459 0.882091 0.000000
0.078977 0.883204 0.000000
0.142380 0.883204 0.000000
0.153504 0.883204 0.000000
0.173526 0.883204 0.000000
0.197998 0.883204 0.000000
0.219132 0.884316 0.000000
0.342603 0.885428 0.000000
0.242492 0.886541 0.000000
0.295884 0.886541 0.000000
0.323693 0.886541 0.000000
0.368187 0.886541 0.000000
0.395996 0.887653 0.000000
0.432703 0.888765 0.000000
0.451613 0.888765 0.000000
0.269188 0.889878 0.000000
0.467186 0.889878 0.000000
0.511680 0.890990 0.000000
0.493882 0.893215 0.000000
0.531702 0.893215 0.000000
0.044494 0.908788 0.000000
0.123471 0.908788 0.000000
0.137931 0.908788 0.000000
0.083426 0.909900 0.000000
0.160178 0.909900 0.000000
0.173526 0.909900 0.000000
0.189099 0.909900 0.000000
0.067853 0.911012 0.000000
0.220245 0.911012 0.000000
0.308120 0.911012 0.000000
0.104561 0.912125 0.000000
0.235818 0.912125 0.000000
0.292547 0.912125 0.000000
0.208009 0.913237 0.000000
0.264739 0.913237 0.000000
0.320356 0.914349 0.000000
0.359288 0.914349 0.000000
0.372636 0.914349 0.000000
0.392659 0.915462 0.000000
0.414905 0.915462 0.000000
0.438265 0.915462 0.000000
0.453838 0.916574 0.000000
0.520578 0.918799 0.000000
0.497219 0.921023 0.000000
0.541713 0.921023 0.000000
0.549288 0.628829 0.000000
0.544520 0.664583 0.000000
0.561206 0.054117 0.000000
0.541342 0.892703 0.000000
