0.060000 0.022400 0.008800
0.156800 0.022400 0.008800
0.223200 0.022400 0.009600
0.237600 0.022400 0.008800
0.092800 0.023200 0.006400
0.248800 0.023200 0.007200
0.259200 0.023200 0.007200
0.300000 0.023200 0.008800
0.310400 0.023200 0.011200
0.082400 0.024000 0.008800
0.144000 0.024000 0.013600
0.170400 0.024000 0.007200
0.182400 0.024000 0.007200
0.192800 0.024000 0.011200
0.208000 0.024000 0.011200
0.269600 0.024000 0.011200
0.286400 0.024000 0.008000
0.371200 0.024000 0.007200
0.048800 0.024800 0.005600
0.103200 0.024800 0.005600
0.124000 0.024800 0.011200
0.325600 0.024800 0.012000
0.355200 0.024800 0.011200
0.384800 0.024800 0.008800
0.397600 0.024800 0.008000
0.432000 0.025600 0.009600
0.035200 0.026400 0.008800
0.343200 0.026400 0.008800
0.408800 0.026400 0.007200
0.418400 0.027200 0.007200
0.869600 0.029600 0.008800
0.858400 0.031200 0.026400
0.824000 0.032000 0.011200
0.840000 0.032000 0.011200
0.596000 0.032800 0.008800
0.628000 0.032800 0.011200
0.769600 0.032800 0.013600
0.552000 0.033600 0.013600
0.807200 0.033600 0.012800
0.566400 0.034400 0.008800
0.581600 0.034400 0.009600
0.612800 0.034400 0.011200
0.789600 0.034400 0.011200
0.680800 0.035200 0.013600
0.753600 0.035200 0.011200
0.641600 0.036000 0.022400
0.735200 0.036000 0.011200
0.532800 0.036800 0.010400
0.696800 0.036800 0.008800
0.712000 0.037600 0.011200
0.723200 0.037600 0.005600
0.508800 0.038400 0.008800
0.519200 0.038400 0.008800
0.081600 0.058400 0.020800
0.132000 0.058400 0.017600
0.108800 0.059200 0.008800
0.120800 0.059200 0.008000
0.096000 0.060000 0.007200
0.866400 0.067200 0.024800
0.876800 0.068800 0.020000
0.568800 0.084000 0.008000
0.355200 0.093600 0.012800
0.376000 0.093600 0.013600
0.398400 0.093600 0.013600
0.140000 0.094400 0.016800
0.195200 0.094400 0.012800
0.440000 0.094400 0.016000
0.157600 0.095200 0.011200
0.213600 0.095200 0.012800
0.232800 0.095200 0.015200
0.257600 0.095200 0.013600
0.317600 0.095200 0.008800
0.333600 0.095200 0.013600
0.416000 0.095200 0.011200
0.544000 0.095200 0.012800
0.851200 0.095200 0.021600
0.866400 0.095200 0.013600
0.175200 0.096000 0.011200
0.278400 0.096000 0.011200
0.300000 0.096000 0.013600
0.465600 0.096000 0.013600
0.525600 0.096000 0.011200
0.560000 0.096000 0.010400
0.576000 0.096000 0.011200
0.687200 0.096000 0.012800
0.489600 0.096800 0.013600
0.704800 0.096800 0.011200
0.717600 0.096800 0.019200
0.729600 0.096800 0.019200
0.747200 0.096800 0.011200
0.834400 0.096800 0.011200
0.508000 0.097600 0.012800
0.593600 0.097600 0.011200
0.801600 0.097600 0.008800
0.813600 0.097600 0.013600
0.610400 0.098400 0.011200
0.629600 0.098400 0.013600
0.651200 0.098400 0.011200
0.668800 0.098400 0.011200
0.764000 0.098400 0.016800
0.776000 0.098400 0.008800
0.786400 0.098400 0.016800
0.930400 0.117600 0.019200
0.916000 0.119200 0.021600
0.244800 0.120000 0.013600
0.361600 0.120000 0.013600
0.395200 0.120000 0.011200
0.806400 0.120000 0.011200
0.201600 0.120800 0.012800
0.218400 0.120800 0.008800
0.229600 0.120800 0.008800
0.268000 0.120800 0.013600
0.290400 0.120800 0.013600
0.381600 0.120800 0.011200
0.412000 0.120800 0.011200
0.505600 0.120800 0.011200
0.548800 0.120800 0.012800
0.704800 0.120800 0.012000
0.822400 0.120800 0.011200
0.872800 0.120800 0.016000
0.141600 0.121600 0.013600
0.344000 0.121600 0.011200
0.424800 0.121600 0.013600
0.467200 0.121600 0.013600
0.530400 0.121600 0.011200
0.566400 0.121600 0.013600
0.643200 0.121600 0.011200
0.672000 0.121600 0.011200
0.688000 0.121600 0.011200
0.161600 0.122400 0.011200
0.329600 0.122400 0.011200
0.445600 0.122400 0.011200
0.607200 0.122400 0.013600
0.659200 0.122400 0.011200
0.723200 0.122400 0.011200
0.840000 0.122400 0.011200
0.855200 0.122400 0.011200
0.180800 0.123200 0.013600
0.487200 0.123200 0.011200
0.589600 0.123200 0.011200
0.628000 0.123200 0.008800
0.739200 0.123200 0.010400
0.755200 0.123200 0.009600
0.769600 0.123200 0.011200
0.788800 0.123200 0.011200
0.312000 0.124000 0.012800
0.944800 0.142400 0.008800
0.956800 0.143200 0.008800
0.239200 0.144000 0.013600
0.256000 0.144000 0.010400
0.271200 0.144000 0.010400
0.288000 0.144000 0.011200
0.345600 0.144000 0.009600
0.361600 0.144000 0.010400
0.473600 0.144000 0.012800
0.928800 0.144000 0.008800
0.971200 0.144000 0.011200
0.139200 0.144800 0.016000
0.195200 0.144800 0.011200
0.216000 0.144800 0.012000
0.305600 0.144800 0.011200
0.322400 0.144800 0.012800
0.379200 0.144800 0.011200
0.508800 0.144800 0.011200
0.524000 0.144800 0.010400
0.909600 0.144800 0.011200
0.162400 0.145600 0.011200
0.177600 0.145600 0.008800
0.493600 0.145600 0.011200
0.538400 0.145600 0.009600
0.692800 0.145600 0.011200
0.730400 0.145600 0.012000
0.832800 0.145600 0.012800
0.394400 0.146400 0.008800
0.404000 0.146400 0.015200
0.451200 0.146400 0.011200
0.555200 0.146400 0.011200
0.574400 0.146400 0.013600
0.620800 0.146400 0.011200
0.636800 0.146400 0.009600
0.673600 0.146400 0.011200
0.709600 0.146400 0.011200
0.753600 0.146400 0.012800
0.894400 0.146400 0.008800
0.422400 0.147200 0.013600
0.652000 0.147200 0.012000
0.772000 0.147200 0.011200
0.812000 0.147200 0.011200
0.436800 0.148000 0.011200
0.602400 0.148000 0.012800
0.791200 0.148000 0.012800
0.852800 0.148000 0.011200
0.869600 0.148000 0.012800
0.948000 0.156800 0.008800
0.930400 0.158400 0.008800
0.916800 0.159200 0.007200
0.895200 0.160000 0.008800
0.906400 0.160000 0.008000
0.320800 0.168000 0.011200
0.252800 0.168800 0.011200
0.336800 0.168800 0.016800
0.226400 0.169600 0.005600
0.270400 0.169600 0.016000
0.292800 0.169600 0.011200
0.306400 0.169600 0.013600
0.386400 0.169600 0.013600
0.469600 0.169600 0.013600
0.492000 0.169600 0.012800
0.511200 0.169600 0.011200
0.208800 0.170400 0.013600
0.239200 0.170400 0.008800
0.415200 0.170400 0.012000
0.449600 0.170400 0.011200
0.529600 0.170400 0.015200
0.550400 0.170400 0.011200
0.567200 0.170400 0.012000
0.742400 0.170400 0.013600
0.150400 0.171200 0.008800
0.190400 0.171200 0.015200
0.357600 0.171200 0.016800
0.432800 0.171200 0.010400
0.687200 0.171200 0.011200
0.724800 0.171200 0.011200
0.763200 0.171200 0.015200
0.136800 0.172000 0.016800
0.165600 0.172000 0.011200
0.369600 0.172000 0.016000
0.587200 0.172000 0.010400
0.604000 0.172000 0.013600
0.671200 0.172000 0.008800
0.706400 0.172000 0.011200
0.787200 0.172000 0.013600
0.810400 0.172000 0.013600
0.828800 0.172000 0.012800
0.628800 0.172800 0.013600
0.659200 0.172800 0.008800
0.647200 0.173600 0.008800
0.849600 0.174400 0.012800
0.868000 0.174400 0.013600
0.416800 0.195200 0.016800
0.444000 0.195200 0.012000
0.244000 0.196000 0.012800
0.427200 0.196000 0.019200
0.480800 0.196000 0.013600
0.517600 0.196000 0.016800
0.614400 0.196000 0.012800
0.138400 0.196800 0.014400
0.208000 0.196800 0.011200
0.224800 0.196800 0.011200
0.343200 0.196800 0.011200
0.462400 0.196800 0.012800
0.542400 0.196800 0.013600
0.564000 0.196800 0.013600
0.635200 0.196800 0.013600
0.657600 0.196800 0.011200
0.676000 0.196800 0.012800
0.160800 0.197600 0.011200
0.263200 0.197600 0.012000
0.281600 0.197600 0.013600
0.304800 0.197600 0.012800
0.325600 0.197600 0.013600
0.362400 0.197600 0.012000
0.378400 0.197600 0.016000
0.400000 0.197600 0.016800
0.503200 0.197600 0.016800
0.584000 0.197600 0.011200
0.596800 0.197600 0.011200
0.176000 0.198400 0.011200
0.193600 0.198400 0.011200
0.695200 0.198400 0.011200
0.722400 0.198400 0.011200
0.738400 0.198400 0.011200
0.772000 0.198400 0.012800
0.790400 0.198400 0.011200
0.756000 0.199200 0.011200
0.835200 0.199200 0.012800
0.871200 0.199200 0.013600
0.707200 0.200000 0.008800
0.810400 0.200000 0.013600
0.853600 0.200000 0.011200
0.254400 0.222400 0.012800
0.134400 0.223200 0.013600
0.168000 0.223200 0.008800
0.237600 0.223200 0.011200
0.319200 0.223200 0.012800
0.534400 0.223200 0.013600
0.922400 0.223200 0.012800
0.152800 0.224000 0.011200
0.180800 0.224000 0.011200
0.199200 0.224000 0.011200
0.217600 0.224000 0.012000
0.379200 0.224000 0.012800
0.836000 0.224000 0.013600
0.852800 0.224000 0.020800
0.941600 0.224000 0.011200
0.272800 0.224800 0.011200
0.292800 0.224800 0.015200
0.336800 0.224800 0.011200
0.472000 0.224800 0.013600
0.512800 0.224800 0.013600
0.556800 0.224800 0.013600
0.865600 0.224800 0.016800
0.358400 0.225600 0.013600
0.492000 0.225600 0.015200
0.662400 0.225600 0.013600
0.680800 0.225600 0.013600
0.800800 0.225600 0.013600
0.904000 0.225600 0.012800
0.955200 0.225600 0.011200
0.416000 0.226400 0.013600
0.445600 0.226400 0.015200
0.577600 0.226400 0.012800
0.595200 0.226400 0.013600
0.621600 0.226400 0.018400
0.700800 0.226400 0.013600
0.724800 0.226400 0.013600
0.822400 0.226400 0.013600
0.397600 0.227200 0.011200
0.739200 0.227200 0.013600
0.757600 0.227200 0.016800
0.781600 0.227200 0.013600
0.641600 0.228000 0.015200
0.074400 0.241600 0.011200
0.088000 0.241600 0.008800
0.052800 0.242400 0.011200
0.104000 0.242400 0.010400
0.040800 0.243200 0.008800
0.027200 0.244000 0.008800
0.132800 0.247200 0.012000
0.177600 0.247200 0.013600
0.221600 0.247200 0.015200
0.908000 0.247200 0.016000
0.932000 0.247200 0.012800
0.153600 0.248000 0.013600
0.202400 0.248000 0.012800
0.315200 0.248000 0.012800
0.952800 0.248800 0.012800
0.296000 0.249600 0.011200
0.240000 0.250400 0.005600
0.255200 0.250400 0.012800
0.280000 0.251200 0.012800
0.333600 0.251200 0.012800
0.454400 0.251200 0.012800
0.352800 0.252000 0.011200
0.438400 0.252000 0.011200
0.415200 0.252800 0.016000
0.470400 0.252800 0.009600
0.500000 0.252800 0.012000
0.516000 0.252800 0.008800
0.548800 0.252800 0.012800
0.571200 0.252800 0.013600
0.612800 0.252800 0.011200
0.632000 0.252800 0.012800
0.367200 0.253600 0.012800
0.482400 0.253600 0.009600
0.528000 0.253600 0.011200
0.592000 0.253600 0.012000
0.388800 0.254400 0.013600
0.807200 0.254400 0.012800
0.652800 0.255200 0.011200
0.666400 0.255200 0.010400
0.764000 0.255200 0.011200
0.784000 0.255200 0.013600
0.824000 0.255200 0.016800
0.835200 0.255200 0.008800
0.847200 0.255200 0.016800
0.682400 0.256000 0.011200
0.700800 0.256000 0.011200
0.724800 0.256000 0.013600
0.746400 0.256000 0.012800
0.863200 0.256000 0.013600
0.059200 0.270400 0.010400
0.043200 0.271200 0.008800
0.073600 0.271200 0.008800
0.086400 0.271200 0.008800
0.099200 0.271200 0.008800
0.114400 0.271200 0.010400
0.028800 0.272000 0.011200
0.150400 0.272000 0.011200
0.307200 0.272000 0.016000
0.132000 0.272800 0.011200
0.191200 0.272800 0.013600
0.168000 0.273600 0.013600
0.211200 0.273600 0.011200
0.268000 0.273600 0.014400
0.332000 0.273600 0.011200
0.247200 0.274400 0.011200
0.258400 0.274400 0.005600
0.290400 0.274400 0.011200
0.348800 0.274400 0.011200
0.364800 0.274400 0.012800
0.384800 0.274400 0.013600
0.230400 0.275200 0.012800
0.404800 0.276000 0.011200
0.460800 0.276000 0.010400
0.474400 0.276000 0.011200
0.594400 0.276000 0.011200
0.424000 0.276800 0.011200
0.443200 0.276800 0.011200
0.516000 0.276800 0.011200
0.531200 0.276800 0.016800
0.664800 0.276800 0.012800
0.495200 0.277600 0.013600
0.556000 0.277600 0.011200
0.573600 0.277600 0.012800
0.612800 0.277600 0.012800
0.634400 0.277600 0.013600
0.687200 0.278400 0.011200
0.709600 0.278400 0.012800
0.792000 0.279200 0.011200
0.808800 0.280000 0.011200
0.825600 0.280000 0.010400
0.730400 0.280800 0.011200
0.748800 0.280800 0.011200
0.765600 0.280800 0.013600
0.840800 0.280800 0.011200
0.866400 0.281600 0.018400
