0.855200 0.026400 0.008800
0.660800 0.027200 0.008800
0.770400 0.027200 0.011200
0.928000 0.027200 0.008800
0.940000 0.027200 0.008800
0.146400 0.028000 0.008800
0.636000 0.028000 0.007200
0.648000 0.028000 0.008000
0.677600 0.028000 0.008800
0.717600 0.028000 0.008000
0.728800 0.028000 0.008800
0.756000 0.028000 0.008800
0.788800 0.028000 0.011200
0.804000 0.028000 0.008800
0.914400 0.028000 0.011200
0.132800 0.028800 0.011200
0.160000 0.028800 0.008800
0.174400 0.028800 0.008800
0.617600 0.028800 0.008800
0.625600 0.028800 0.005600
0.705600 0.028800 0.008000
0.865600 0.028800 0.007200
0.958400 0.028800 0.013600
0.969600 0.028800 0.024000
0.744000 0.029600 0.008800
0.829600 0.029600 0.011200
0.896800 0.029600 0.009600
0.185600 0.030400 0.007200
0.198400 0.030400 0.010400
0.214400 0.030400 0.011200
0.235200 0.030400 0.010400
0.272000 0.030400 0.008800
0.283200 0.030400 0.008800
0.298400 0.030400 0.011200
0.332000 0.030400 0.008800
0.579200 0.030400 0.008800
0.590400 0.030400 0.007200
0.604000 0.030400 0.008000
0.694400 0.030400 0.008000
0.881600 0.030400 0.009600
0.250400 0.031200 0.007200
0.260800 0.031200 0.007200
0.342400 0.031200 0.008800
0.356000 0.031200 0.009600
0.551200 0.031200 0.008800
0.564800 0.031200 0.008800
0.316800 0.032000 0.008800
0.382400 0.032000 0.011200
0.396000 0.032000 0.007200
0.410400 0.032000 0.008800
0.451200 0.032000 0.008800
0.470400 0.032000 0.011200
0.514400 0.032000 0.008000
0.526400 0.032000 0.007200
0.536800 0.032000 0.007200
0.425600 0.032800 0.008800
0.438400 0.032800 0.008800
0.487200 0.033600 0.008800
0.502400 0.033600 0.008800
0.648800 0.040800 0.008000
0.663200 0.041600 0.007200
0.804000 0.041600 0.006400
0.813600 0.041600 0.007200
0.676000 0.042400 0.008000
0.685600 0.043200 0.005600
0.700800 0.043200 0.007200
0.724000 0.043200 0.008800
0.795200 0.043200 0.008800
0.756000 0.044000 0.008000
0.768800 0.044000 0.008000
0.780800 0.044000 0.007200
0.744800 0.045600 0.007200
0.576000 0.046400 0.008000
0.412800 0.047200 0.007200
0.517600 0.047200 0.008800
0.588000 0.047200 0.007200
0.597600 0.047200 0.008800
0.384800 0.048000 0.008800
0.424000 0.048000 0.007200
0.435200 0.048000 0.008000
0.448000 0.048000 0.010400
0.492000 0.048000 0.007200
0.532000 0.048000 0.011200
0.564800 0.048000 0.007200
0.607200 0.048000 0.007200
0.310400 0.048800 0.008800
0.371200 0.048800 0.008800
0.400000 0.048800 0.008800
0.463200 0.048800 0.008800
0.474400 0.048800 0.008800
0.503200 0.048800 0.007200
0.555200 0.048800 0.007200
0.162400 0.049600 0.011200
0.199200 0.049600 0.008800
0.272800 0.049600 0.005600
0.280800 0.049600 0.005600
0.296800 0.049600 0.010400
0.357600 0.049600 0.008800
0.176000 0.050400 0.007200
0.212800 0.050400 0.008800
0.228000 0.050400 0.011200
0.255200 0.050400 0.008800
0.323200 0.050400 0.010400
0.148000 0.051200 0.008800
0.187200 0.051200 0.008000
0.242400 0.051200 0.011200
0.338400 0.051200 0.005600
0.621600 0.052000 0.010400
0.634400 0.052000 0.008800
0.829600 0.052000 0.011200
0.133600 0.052800 0.010400
0.644000 0.052800 0.008800
0.851200 0.053600 0.008800
0.658400 0.054400 0.007200
0.936800 0.054400 0.016800
0.672000 0.055200 0.008800
0.685600 0.056000 0.005600
0.696000 0.056800 0.008000
0.713600 0.057600 0.009600
0.771200 0.057600 0.008800
0.728000 0.058400 0.008800
0.741600 0.059200 0.007200
0.753600 0.059200 0.008800
0.867200 0.064000 0.026400
0.878400 0.064000 0.022400
0.848800 0.067200 0.008800
0.827200 0.068800 0.008800
0.812800 0.069600 0.011200
0.068800 0.071200 0.019200
0.096800 0.071200 0.008800
0.110400 0.071200 0.008800
0.121600 0.071200 0.017600
0.084000 0.072000 0.008800
0.073600 0.096000 0.008800
0.087200 0.096000 0.010400
0.041600 0.096800 0.010400
0.024000 0.097600 0.011200
0.058400 0.097600 0.008800
0.698400 0.097600 0.016800
0.103200 0.098400 0.008800
0.538400 0.099200 0.016800
0.555200 0.099200 0.011200
0.596000 0.099200 0.013600
0.674400 0.099200 0.019200
0.638400 0.100000 0.016000
0.662400 0.100000 0.011200
0.685600 0.100000 0.008800
0.723200 0.100000 0.013600
0.745600 0.100000 0.013600
0.768000 0.100000 0.013600
0.516800 0.100800 0.011200
0.576000 0.100800 0.013600
0.615200 0.100800 0.012800
0.857600 0.100800 0.011200
0.872000 0.100800 0.008800
0.375200 0.101600 0.013600
0.449600 0.101600 0.013600
0.469600 0.101600 0.011200
0.484800 0.101600 0.008800
0.497600 0.101600 0.013600
0.790400 0.101600 0.013600
0.829600 0.101600 0.016800
0.841600 0.101600 0.022400
0.884800 0.101600 0.018400
0.292000 0.102400 0.013600
0.808800 0.102400 0.013600
0.328000 0.103200 0.013600
0.353600 0.103200 0.014400
0.396000 0.103200 0.012800
0.416000 0.103200 0.011200
0.431200 0.103200 0.011200
0.309600 0.104000 0.011200
0.136000 0.104800 0.020000
0.272000 0.104800 0.015200
0.148000 0.105600 0.016800
0.168000 0.105600 0.013600
0.228800 0.105600 0.013600
0.208800 0.106400 0.012800
0.249600 0.106400 0.012800
0.189600 0.107200 0.011200
0.081600 0.110400 0.008800
0.096000 0.111200 0.007200
0.024800 0.112800 0.008800
0.035200 0.112800 0.008000
0.060000 0.112800 0.008000
0.047200 0.113600 0.008800
0.641600 0.126400 0.013600
0.675200 0.126400 0.011200
0.762400 0.126400 0.012800
0.780000 0.126400 0.011200
0.460000 0.127200 0.013600
0.479200 0.127200 0.016000
0.513600 0.127200 0.005600
0.525600 0.127200 0.016800
0.551200 0.127200 0.013600
0.576800 0.127200 0.013600
0.657600 0.127200 0.011200
0.707200 0.127200 0.013600
0.726400 0.127200 0.012800
0.743200 0.127200 0.011200
0.488800 0.128000 0.008800
0.600000 0.128000 0.013600
0.622400 0.128000 0.013600
0.689600 0.128000 0.011200
0.798400 0.128000 0.012800
0.820800 0.128000 0.014400
0.879200 0.128000 0.014400
0.394400 0.128800 0.012800
0.419200 0.128800 0.013600
0.441600 0.128800 0.011200
0.502400 0.128800 0.008800
0.852000 0.128800 0.015200
0.250400 0.130400 0.012000
0.294400 0.130400 0.012800
0.320000 0.130400 0.013600
0.341600 0.130400 0.013600
0.375200 0.130400 0.013600
0.194400 0.131200 0.011200
0.213600 0.131200 0.012000
0.232000 0.131200 0.011200
0.265600 0.131200 0.008800
0.279200 0.131200 0.009600
0.363200 0.131200 0.013600
0.177600 0.132000 0.011200
0.136000 0.132800 0.015200
0.156800 0.132800 0.012800
0.836800 0.150400 0.016000
0.586400 0.152000 0.012800
0.786400 0.152000 0.013600
0.393600 0.152800 0.013600
0.420800 0.152800 0.012000
0.439200 0.152800 0.012800
0.461600 0.152800 0.012800
0.543200 0.152800 0.012800
0.766400 0.152800 0.013600
0.809600 0.152800 0.011200
0.885600 0.152800 0.013600
0.560000 0.153600 0.016800
0.570400 0.153600 0.008800
0.702400 0.153600 0.012000
0.752800 0.153600 0.008800
0.267200 0.154400 0.012000
0.306400 0.154400 0.013600
0.332800 0.154400 0.011200
0.350400 0.154400 0.011200
0.370400 0.154400 0.013600
0.482400 0.154400 0.013600
0.505600 0.154400 0.012000
0.601600 0.154400 0.012800
0.621600 0.154400 0.011200
0.640800 0.154400 0.013600
0.684800 0.154400 0.011200
0.857600 0.154400 0.015200
0.286400 0.155200 0.011200
0.525600 0.155200 0.011200
0.668000 0.155200 0.012000
0.722400 0.155200 0.011200
0.739200 0.155200 0.010400
0.156800 0.156800 0.013600
0.176000 0.156800 0.012000
0.194400 0.156800 0.012800
0.233600 0.156800 0.011200
0.250400 0.156800 0.010400
0.135200 0.157600 0.012800
0.212800 0.157600 0.012800
0.021600 0.160800 0.006400
0.083200 0.172800 0.011200
0.064000 0.173600 0.008800
0.035200 0.174400 0.008800
0.049600 0.174400 0.008000
0.944800 0.174400 0.010400
0.024000 0.175200 0.011200
0.929600 0.175200 0.013600
0.672800 0.176000 0.011200
0.740800 0.176000 0.013600
0.890400 0.176000 0.016800
0.508000 0.176800 0.011200
0.820000 0.176800 0.012800
0.858400 0.176800 0.012800
0.878400 0.176800 0.011200
0.491200 0.177600 0.012800
0.627200 0.177600 0.012000
0.760800 0.177600 0.013600
0.838400 0.177600 0.011200
0.340800 0.178400 0.013600
0.361600 0.178400 0.011200
0.451200 0.178400 0.012800
0.572800 0.178400 0.011200
0.645600 0.178400 0.011200
0.687200 0.178400 0.011200
0.707200 0.178400 0.013600
0.780000 0.178400 0.012800
0.799200 0.178400 0.011200
0.321600 0.179200 0.011200
0.470400 0.179200 0.011200
0.527200 0.179200 0.011200
0.557600 0.179200 0.005600
0.589600 0.179200 0.012000
0.727200 0.179200 0.013600
0.382400 0.180000 0.013600
0.411200 0.180000 0.015200
0.430400 0.180000 0.012800
0.542400 0.180000 0.012000
0.608000 0.180000 0.011200
0.284000 0.180800 0.011200
0.303200 0.180800 0.012000
0.270400 0.181600 0.011200
0.256000 0.182400 0.011200
0.188000 0.183200 0.011200
0.238400 0.183200 0.011200
0.132000 0.184000 0.013600
0.152800 0.184000 0.012800
0.173600 0.184000 0.011200
0.208000 0.184000 0.011200
0.223200 0.184000 0.011200
0.871200 0.200800 0.011200
0.887200 0.200800 0.012800
0.803200 0.202400 0.015200
0.849600 0.202400 0.012800
0.535200 0.203200 0.011200
0.548800 0.203200 0.008800
0.584800 0.203200 0.011200
0.656800 0.203200 0.009600
0.763200 0.203200 0.011200
0.781600 0.203200 0.011200
0.827200 0.203200 0.012800
0.519200 0.204000 0.012000
0.559200 0.204000 0.005600
0.569600 0.204000 0.008800
0.603200 0.204000 0.011200
0.619200 0.204000 0.011200
0.672000 0.204000 0.011200
0.390400 0.204800 0.012800
0.478400 0.204800 0.005600
0.639200 0.204800 0.011200
0.689600 0.204800 0.011200
0.711200 0.204800 0.013600
0.736000 0.204800 0.013600
0.752000 0.204800 0.005600
0.345600 0.205600 0.013600
0.410400 0.205600 0.012800
0.448000 0.205600 0.011200
0.500000 0.205600 0.011200
0.326400 0.206400 0.013600
0.368800 0.206400 0.012800
0.464000 0.206400 0.011200
0.208800 0.207200 0.015200
0.291200 0.207200 0.011200
0.305600 0.207200 0.013600
0.430400 0.207200 0.012000
0.189600 0.208000 0.012800
0.230400 0.208800 0.008800
0.246400 0.208800 0.016000
0.271200 0.208800 0.012000
0.172000 0.209600 0.011200
0.132000 0.210400 0.016800
0.159200 0.212000 0.019200
0.884000 0.224800 0.013600
0.841600 0.226400 0.011200
0.782400 0.227200 0.011200
0.820800 0.227200 0.012800
0.861600 0.227200 0.013600
0.564800 0.228000 0.011200
0.670400 0.228000 0.011200
0.686400 0.228000 0.013600
0.800800 0.228000 0.011200
0.537600 0.228800 0.005600
0.649600 0.228800 0.015200
0.740800 0.228800 0.012800
0.760800 0.228800 0.012800
0.501600 0.229600 0.012800
0.520800 0.229600 0.012800
0.551200 0.229600 0.011200
0.580000 0.229600 0.013600
0.712000 0.229600 0.015200
0.448000 0.230400 0.012000
0.484000 0.230400 0.011200
0.602400 0.230400 0.013600
0.354400 0.231200 0.008800
0.429600 0.231200 0.012800
0.467200 0.231200 0.011200
0.624000 0.231200 0.013600
0.337600 0.232000 0.011200
0.368800 0.232000 0.011200
0.404000 0.232000 0.013600
0.385600 0.232800 0.011200
0.263200 0.233600 0.012800
0.321600 0.233600 0.013600
0.285600 0.234400 0.012800
0.302400 0.234400 0.011200
0.131200 0.235200 0.013600
0.224000 0.235200 0.005600
0.237600 0.235200 0.005600
0.206400 0.236000 0.013600
0.248000 0.236000 0.013600
0.148800 0.236800 0.011200
0.165600 0.236800 0.013600
0.189600 0.236800 0.013600
0.873600 0.251200 0.011200
0.887200 0.251200 0.017600
0.840000 0.252000 0.013600
0.858400 0.252800 0.012800
0.784800 0.253600 0.013600
0.744000 0.254400 0.016000
0.768000 0.254400 0.013600
0.802400 0.254400 0.013600
0.820000 0.254400 0.012000
0.660000 0.255200 0.011200
0.643200 0.256000 0.011200
0.687200 0.256000 0.013600
0.703200 0.256000 0.008800
0.720000 0.256000 0.011200
0.514400 0.256800 0.013600
0.595200 0.256800 0.016800
0.464800 0.257600 0.013600
0.528800 0.257600 0.010400
0.544800 0.257600 0.012800
0.620000 0.257600 0.014400
0.443200 0.258400 0.013600
0.498400 0.258400 0.004800
0.128800 0.259200 0.014400
0.390400 0.259200 0.011200
0.482400 0.259200 0.013600
0.565600 0.259200 0.013600
0.152800 0.260000 0.011200
0.288000 0.260000 0.012800
0.328800 0.260000 0.011200
0.366400 0.260000 0.008800
0.377600 0.260000 0.005600
0.407200 0.260000 0.011200
0.423200 0.260000 0.012000
0.168000 0.260800 0.011200
0.201600 0.260800 0.011200
0.213600 0.260800 0.008800
0.347200 0.260800 0.012800
0.184000 0.261600 0.011200
0.234400 0.261600 0.015200
0.306400 0.261600 0.013600
0.259200 0.262400 0.016800
0.267200 0.262400 0.016800
0.090400 0.276800 0.008800
0.046400 0.277600 0.010400
0.064000 0.277600 0.008800
0.078400 0.277600 0.008800
0.104800 0.277600 0.010400
0.778400 0.279200 0.012800
0.031200 0.280000 0.008800
0.796000 0.280000 0.011200
0.815200 0.280000 0.013600
0.858400 0.280000 0.013600
0.884000 0.280000 0.015200
0.643200 0.280800 0.013600
0.663200 0.280800 0.012800
0.727200 0.280800 0.013600
0.836000 0.280800 0.013600
0.708000 0.281600 0.013600
0.743200 0.281600 0.011200
0.759200 0.281600 0.011200
0.604000 0.282400 0.011200
0.621600 0.283200 0.012000
0.685600 0.283200 0.015200
0.143200 0.284000 0.011200
0.429600 0.284000 0.015200
0.128800 0.284800 0.013600
0.160000 0.284800 0.011200
0.412800 0.284800 0.013600
0.520000 0.284800 0.016800
0.175200 0.285600 0.012800
0.533600 0.285600 0.011200
0.585600 0.285600 0.013600
0.339200 0.286400 0.011200
0.376800 0.286400 0.016800
0.392800 0.286400 0.013600
0.448800 0.286400 0.008800
0.465600 0.286400 0.019200
0.545600 0.286400 0.019200
0.322400 0.287200 0.011200
0.354400 0.287200 0.019200
0.493600 0.287200 0.013600
0.564000 0.287200 0.013600
0.214400 0.288000 0.013600
0.196000 0.288800 0.013600
0.230400 0.288800 0.016800
0.292800 0.288800 0.013600
0.307200 0.288800 0.011200
0.272800 0.290400 0.013600
0.252800 0.292000 0.016800
0.029600 0.293600 0.008800
0.062400 0.293600 0.008800
0.047200 0.294400 0.009600
0.882400 0.318400 0.008800
0.895200 0.318400 0.008800
0.751200 0.320000 0.010400
0.868000 0.320000 0.008800
0.764800 0.320800 0.008000
0.839200 0.320800 0.008800
0.908800 0.320800 0.011200
0.777600 0.321600 0.008800
0.790400 0.321600 0.008000
0.814400 0.321600 0.008800
0.826400 0.321600 0.007200
0.854400 0.321600 0.008800
0.736000 0.322400 0.008800
0.801600 0.323200 0.008800
0.656800 0.324000 0.011200
0.683200 0.324000 0.008800
0.694400 0.324000 0.007200
0.705600 0.324000 0.008000
0.717600 0.324000 0.008800
0.670400 0.324800 0.008000
0.636000 0.327200 0.008800
0.624000 0.328000 0.008800
0.589600 0.329600 0.011200
0.601600 0.329600 0.007200
0.544800 0.330400 0.008800
0.480800 0.331200 0.008800
0.555200 0.331200 0.007200
0.492800 0.332000 0.007200
0.509600 0.332000 0.007200
0.519200 0.332000 0.007200
0.572800 0.332000 0.012800
0.467200 0.332800 0.011200
0.426400 0.333600 0.007200
0.438400 0.333600 0.008800
0.452000 0.333600 0.008800
0.416000 0.334400 0.015200
0.392800 0.335200 0.011200
0.407200 0.335200 0.007200
0.189600 0.336000 0.013600
0.255200 0.336000 0.008800
0.379200 0.336000 0.008800
0.172000 0.336800 0.011200
0.271200 0.336800 0.011200
0.312000 0.336800 0.007200
0.139200 0.337600 0.005600
0.156800 0.337600 0.005600
0.201600 0.337600 0.008800
0.214400 0.337600 0.010400
0.242400 0.337600 0.008800
0.289600 0.337600 0.008800
0.301600 0.337600 0.008000
0.324800 0.337600 0.011200
0.353600 0.337600 0.008800
0.367200 0.337600 0.008000
0.231200 0.338400 0.008800
0.341600 0.338400 0.008800
0.129600 0.339200 0.013600
