67 68
99 100
229 237
318 324
358 360
100 101
132 133
169 182
41 42
162 170
133 134
14 15
74 75
166 167
357 363
158 163
155 176
47 48
226 227
158 172
214 234
350 351
228 236
199 200
291 292
121 128
339 341
251 265
351 352
81 82
361 365
173 174
295 298
384 385
302 306
95 102
317 322
206 207
55 56
206 216
335 339
128 144
390 391
299 300
331 332
161 168
129 145
110 113
224 233
25 33
353 356
273 274
365 366
195 202
76 92
239 244
40 44
77 93
113 114
121 127
194 196
87 88
179 180
65 69
335 338
88 98
250 258
157 170
50 53
29 30
61 62
153 154
39 43
2 3
62 63
342 346
261 281
313 319
175 187
3 4
35 36
246 247
275 283
193 393
95 96
116 137
36 37
276 284
279 280
387 389
371 372
249 257
220 221
120 143
69 70
301 304
101 102
372 373
10 11
39 47
253 254
123 135
94 99
305 310
16 18
223 240
72 89
378 379
65 68
138 147
117 124
157 169
379 380
160 165
90 97
333 340
182 189
219 238
261 262
293 294
353 354
115 135
105 109
386 387
327 328
167 187
42 43
260 265
75 76
293 298
334 336
204 217
16 17
64 66
215 235
356 359
201 202
50 51
82 83
23 24
234 235
83 84
363 367
326 327
374 376
175 176
45 48
56 57
304 308
105 108
116 117
46 49
208 209
300 301
186 190
138 150
241 242
111 114
200 201
90 91
333 334
31 32
171 192
112 115
314 320
355 358
1 9
204 207
215 216
145 148
5 6
277 285
259 264
203 210
292 297
222 232
34 38
252 260
66 79
26 33
366 367
67 80
89 98
0 8
119 126
240 245
381 382
4 5
52 54
314 319
355 357
373 374
155 188
177 188
107 111
70 71
329 331
11 12
251 259
369 394
362 364
163 164
255 256
173 186
225 233
74 91
247 248
55 59
96 97
229 230
269 275
139 147
269 284
280 281
129 130
299 303
161 180
221 231
184 191
41 44
332 336
295 296
73 94
254 255
125 141
22 30
103 104
106 109
85 86
195 196
15 18
177 178
214 227
136 137
306 310
347 348
77 78
21 25
268 283
380 381
151 152
321 322
51 52
325 328
347 352
220 238
268 287
205 213
305 309
110 124
32 34
162 171
21 24
383 385
172 183
205 226
146 149
313 326
84 85
302 307
286 290
375 377
209 210
58 59
168 181
390 392
61 64
242 243
213 225
131 146
35 38
294 307
276 277
308 309
198 199
368 369
6 7
120 127
249 250
139 140
360 364
2 9
131 132
342 343
223 224
345 348
72 73
315 316
286 289
375 376
256 257
338 345
264 270
208 217
49 53
197 198
278 290
349 350
341 346
20 22
20 31
282 287
382 383
231 232
183 192
323 324
267 271
315 320
337 344
126 142
316 321
248 266
130 149
71 81
349 354
12 13
311 318
13 14
123 136
45 46
237 243
78 79
266 288
340 344
118 142
19 29
160 166
270 285
119 143
263 273
112 122
274 282
212 218
296 297
388 389
26 27
156 164
359 362
86 87
329 330
337 343
178 179
27 28
262 267
211 212
271 272
211 230
181 189
152 153
222 239
244 245
236 241
218 219
118 141
278 279
19 28
151 156
370 371
311 312
263 272
125 140
252 253
122 134
185 190
103 395
159 165
0 1
159 174
92 93
184 185
303 312
384 386
144 148
317 323
