265.000000 59.000000 0.000002
339.000000 59.000000 0.000002
192.000000 60.000000 0.000002
207.000000 60.000000 0.000002
309.000000 60.000000 0.000002
324.000000 60.000000 0.000002
245.000000 61.000000 0.000002
282.000000 61.000000 0.000002
295.000000 61.000000 0.000002
227.000000 62.000000 0.000002
177.000000 88.000000 0.000005
218.000000 88.000000 0.000002
198.000000 89.000000 0.000002
236.000000 89.000000 0.000002
253.000000 89.000000 0.000002
42.000000 126.000000 0.000003
64.000000 128.000000 0.000002
81.000000 128.000000 0.000002
194.000000 128.000000 0.000003
217.000000 128.000000 0.000002
97.000000 129.000000 0.000002
239.000000 129.000000 0.000002
112.000000 130.000000 0.000003
261.000000 130.000000 0.000002
284.000000 132.000000 0.000003
436.000000 132.000000 0.000003
526.000000 132.000000 0.000003
334.000000 133.000000 0.000002
358.000000 133.000000 0.000002
379.000000 133.000000 0.000002
425.000000 133.000000 0.000003
455.000000 133.000000 0.000002
552.000000 133.000000 0.000003
784.000000 133.000000 0.000002
309.000000 134.000000 0.000002
392.000000 134.000000 0.000002
409.000000 134.000000 0.000002
475.000000 134.000000 0.000002
576.000000 134.000000 0.000002
744.000000 134.000000 0.000003
917.000000 134.000000 0.000002
966.000000 134.000000 0.000003
1050.000000 134.000000 0.000003
495.000000 135.000000 0.000002
679.000000 135.000000 0.000003
699.000000 135.000000 0.000002
720.000000 135.000000 0.000002
802.000000 135.000000 0.000002
821.000000 135.000000 0.000002
839.000000 135.000000 0.000002
877.000000 135.000000 0.000002
898.000000 135.000000 0.000002
938.000000 135.000000 0.000002
596.000000 136.000000 0.000003
629.000000 136.000000 0.000003
766.000000 136.000000 0.000002
857.000000 136.000000 0.000002
996.000000 136.000000 0.000003
1076.000000 136.000000 0.000003
1093.000000 136.000000 0.000002
653.000000 137.000000 0.000002
1026.000000 137.000000 0.000003
188.000000 164.000000 0.000003
467.000000 164.000000 0.000003
243.000000 165.000000 0.000002
301.000000 165.000000 0.000003
506.000000 165.000000 0.000003
325.000000 166.000000 0.000003
352.000000 166.000000 0.000003
437.000000 166.000000 0.000002
221.000000 167.000000 0.000002
281.000000 167.000000 0.000002
388.000000 167.000000 0.000003
525.000000 167.000000 0.000002
551.000000 167.000000 0.000003
264.000000 168.000000 0.000002
414.000000 168.000000 0.000003
577.000000 169.000000 0.000003
598.000000 170.000000 0.000002
621.000000 170.000000 0.000002
639.000000 171.000000 0.000002
908.000000 171.000000 0.000003
929.000000 171.000000 0.000002
996.000000 171.000000 0.000003
732.000000 172.000000 0.000002
800.000000 172.000000 0.000003
1022.000000 172.000000 0.000003
668.000000 173.000000 0.000003
694.000000 173.000000 0.000002
707.000000 173.000000 0.000003
820.000000 173.000000 0.000002
954.000000 173.000000 0.000003
965.000000 173.000000 0.000003
750.000000 174.000000 0.000002
837.000000 174.000000 0.000003
862.000000 174.000000 0.000002
882.000000 174.000000 0.000002
1069.000000 175.000000 0.000003
771.000000 176.000000 0.000003
1047.000000 176.000000 0.000003
1102.000000 177.000000 0.000004
517.000000 200.000000 0.000003
616.000000 200.000000 0.000003
340.000000 201.000000 0.000003
492.000000 201.000000 0.000003
637.000000 201.000000 0.000002
469.000000 202.000000 0.000002
538.000000 202.000000 0.000002
660.000000 202.000000 0.000003
248.000000 203.000000 0.000002
269.000000 203.000000 0.000003
292.000000 203.000000 0.000003
314.000000 203.000000 0.000002
402.000000 203.000000 0.000003
899.000000 203.000000 0.000003
217.000000 204.000000 0.000003
233.000000 204.000000 0.000002
370.000000 204.000000 0.000003
438.000000 204.000000 0.000003
555.000000 204.000000 0.000002
592.000000 204.000000 0.000003
680.000000 204.000000 0.000002
718.000000 204.000000 0.000002
760.000000 204.000000 0.000003
571.000000 205.000000 0.000002
738.000000 205.000000 0.000002
188.000000 206.000000 0.000003
698.000000 206.000000 0.000002
783.000000 206.000000 0.000002
978.000000 206.000000 0.000003
802.000000 207.000000 0.000002
825.000000 207.000000 0.000002
927.000000 207.000000 0.000002
845.000000 208.000000 0.000002
868.000000 208.000000 0.000003
950.000000 208.000000 0.000003
1002.000000 209.000000 0.000002
1023.000000 209.000000 0.000002
1049.000000 210.000000 0.000003
1074.000000 211.000000 0.000002
1090.000000 212.000000 0.000003
314.000000 238.000000 0.000003
187.000000 239.000000 0.000003
363.000000 239.000000 0.000003
426.000000 239.000000 0.000003
446.000000 239.000000 0.000002
563.000000 239.000000 0.000001
579.000000 239.000000 0.000002
596.000000 239.000000 0.000003
634.000000 239.000000 0.000003
755.000000 239.000000 0.000003
784.000000 239.000000 0.000003
803.000000 239.000000 0.000002
828.000000 239.000000 0.000003
851.000000 239.000000 0.000003
208.000000 240.000000 0.000002
230.000000 240.000000 0.000003
403.000000 240.000000 0.000002
485.000000 240.000000 0.000002
549.000000 240.000000 0.000002
660.000000 240.000000 0.000003
884.000000 240.000000 0.000003
340.000000 241.000000 0.000003
385.000000 241.000000 0.000002
469.000000 241.000000 0.000002
508.000000 241.000000 0.000003
536.000000 241.000000 0.000002
690.000000 241.000000 0.000003
911.000000 241.000000 0.000003
1014.000000 241.000000 0.000003
253.000000 242.000000 0.000004
729.000000 242.000000 0.000003
960.000000 242.000000 0.000002
983.000000 242.000000 0.000003
938.000000 243.000000 0.000003
292.000000 244.000000 0.000003
1044.000000 244.000000 0.000002
1062.000000 244.000000 0.000002
1083.000000 246.000000 0.000003
437.000000 271.000000 0.000003
471.000000 271.000000 0.000003
186.000000 272.000000 0.000003
493.000000 272.000000 0.000002
516.000000 272.000000 0.000002
533.000000 273.000000 0.000002
211.000000 274.000000 0.000003
236.000000 274.000000 0.000003
261.000000 274.000000 0.000003
290.000000 274.000000 0.000003
406.000000 274.000000 0.000003
549.000000 274.000000 0.000002
302.000000 275.000000 0.000003
570.000000 275.000000 0.000002
592.000000 275.000000 0.000002
610.000000 275.000000 0.000002
637.000000 275.000000 0.000003
662.000000 275.000000 0.000002
685.000000 275.000000 0.000002
709.000000 275.000000 0.000003
876.000000 275.000000 0.000003
327.000000 276.000000 0.000003
355.000000 276.000000 0.000002
380.000000 276.000000 0.000003
729.000000 276.000000 0.000002
822.000000 276.000000 0.000002
848.000000 276.000000 0.000003
896.000000 276.000000 0.000002
912.000000 276.000000 0.000002
750.000000 277.000000 0.000002
774.000000 277.000000 0.000003
802.000000 277.000000 0.000002
936.000000 278.000000 0.000003
958.000000 278.000000 0.000003
987.000000 278.000000 0.000003
1031.000000 279.000000 0.000002
1052.000000 279.000000 0.000003
1014.000000 280.000000 0.000002
1066.000000 280.000000 0.000001
1083.000000 282.000000 0.000003
191.000000 306.000000 0.000003
563.000000 308.000000 0.000003
628.000000 308.000000 0.000002
679.000000 308.000000 0.000003
226.000000 309.000000 0.000003
410.000000 309.000000 0.000003
433.000000 309.000000 0.000003
512.000000 309.000000 0.000002
528.000000 309.000000 0.000004
541.000000 309.000000 0.000003
588.000000 309.000000 0.000002
604.000000 309.000000 0.000003
651.000000 309.000000 0.000003
917.000000 309.000000 0.000003
373.000000 310.000000 0.000003
465.000000 310.000000 0.000003
709.000000 310.000000 0.000003
827.000000 310.000000 0.000003
888.000000 310.000000 0.000003
948.000000 310.000000 0.000003
253.000000 311.000000 0.000003
342.000000 311.000000 0.000003
492.000000 311.000000 0.000003
734.000000 311.000000 0.000003
760.000000 311.000000 0.000003
780.000000 311.000000 0.000002
801.000000 311.000000 0.000002
294.000000 312.000000 0.000003
307.000000 312.000000 0.000003
320.000000 312.000000 0.000003
857.000000 312.000000 0.000003
276.000000 313.000000 0.000002
973.000000 313.000000 0.000003
1042.000000 313.000000 0.000002
1057.000000 315.000000 0.000002
996.000000 316.000000 0.000003
1087.000000 316.000000 0.000003
1021.000000 317.000000 0.000003
453.000000 343.000000 0.000002
493.000000 343.000000 0.000003
188.000000 344.000000 0.000003
330.000000 344.000000 0.000003
424.000000 344.000000 0.000003
471.000000 344.000000 0.000002
515.000000 344.000000 0.000003
211.000000 345.000000 0.000002
235.000000 345.000000 0.000003
367.000000 345.000000 0.000003
395.000000 345.000000 0.000003
542.000000 345.000000 0.000003
567.000000 346.000000 0.000002
586.000000 346.000000 0.000002
614.000000 346.000000 0.000002
635.000000 346.000000 0.000003
658.000000 346.000000 0.000003
724.000000 346.000000 0.000004
759.000000 346.000000 0.000003
840.000000 346.000000 0.000003
865.000000 346.000000 0.000002
888.000000 346.000000 0.000003
303.000000 347.000000 0.000003
680.000000 347.000000 0.000002
701.000000 347.000000 0.000002
914.000000 347.000000 0.000002
931.000000 347.000000 0.000002
945.000000 347.000000 0.000003
264.000000 348.000000 0.000003
285.000000 348.000000 0.000002
785.000000 348.000000 0.000003
810.000000 348.000000 0.000003
968.000000 348.000000 0.000003
998.000000 348.000000 0.000002
1019.000000 350.000000 0.000002
1037.000000 351.000000 0.000002
1056.000000 352.000000 0.000002
1069.000000 353.000000 0.000001
1087.000000 353.000000 0.000002
1121.000000 353.000000 0.000003
1145.000000 354.000000 0.000002
1163.000000 357.000000 0.000005
1036.507500 100.078750 0.000003
