257.000000 82.000000 0.009200
226.000000 83.000000 0.005600
243.000000 83.000000 0.004400
183.000000 84.000000 0.012000
204.000000 84.000000 0.004400
1050.000000 108.000000 0.008000
299.000000 126.000000 0.005600
345.000000 126.000000 0.006800
368.000000 126.000000 0.009600
170.000000 127.000000 0.006800
274.000000 127.000000 0.006800
321.000000 127.000000 0.005600
463.000000 127.000000 0.008000
190.000000 128.000000 0.005600
210.000000 128.000000 0.004800
227.000000 128.000000 0.005600
247.000000 129.000000 0.006800
407.000000 129.000000 0.007600
435.000000 129.000000 0.006800
487.000000 129.000000 0.005600
507.000000 129.000000 0.008400
560.000000 129.000000 0.005600
539.000000 130.000000 0.005600
581.000000 131.000000 0.004400
596.000000 131.000000 0.002800
613.000000 131.000000 0.004800
632.000000 133.000000 0.004400
653.000000 134.000000 0.006400
808.000000 134.000000 0.005600
873.000000 134.000000 0.005600
668.000000 135.000000 0.004400
680.000000 135.000000 0.004400
698.000000 135.000000 0.004400
722.000000 135.000000 0.006800
748.000000 135.000000 0.006800
767.000000 135.000000 0.005600
786.000000 135.000000 0.005600
829.000000 135.000000 0.005600
851.000000 135.000000 0.005600
917.000000 135.000000 0.005600
895.000000 136.000000 0.005600
938.000000 136.000000 0.005600
960.000000 137.000000 0.006800
1059.000000 137.000000 0.006800
1087.000000 137.000000 0.006800
1108.000000 137.000000 0.006800
1016.000000 138.000000 0.006400
1040.000000 138.000000 0.005600
986.000000 139.000000 0.007200
600.000000 145.000000 0.003600
585.000000 148.000000 0.003200
1186.000000 162.000000 0.003600
169.000000 163.000000 0.006800
194.000000 163.000000 0.006800
1172.000000 163.000000 0.004400
1201.000000 163.000000 0.003600
1213.000000 163.000000 0.002800
355.000000 164.000000 0.006800
431.000000 164.000000 0.005600
1157.000000 164.000000 0.004000
217.000000 165.000000 0.005600
238.000000 165.000000 0.005600
253.000000 165.000000 0.002800
313.000000 165.000000 0.009600
333.000000 165.000000 0.005600
479.000000 165.000000 0.005600
496.000000 165.000000 0.004400
605.000000 165.000000 0.006800
299.000000 166.000000 0.008400
389.000000 166.000000 0.006800
453.000000 166.000000 0.006800
566.000000 166.000000 0.006400
590.000000 166.000000 0.005600
634.000000 166.000000 0.007200
660.000000 166.000000 0.006800
732.000000 166.000000 0.005600
755.000000 166.000000 0.006800
1131.000000 166.000000 0.007600
1144.000000 166.000000 0.004400
412.000000 167.000000 0.005600
517.000000 167.000000 0.006800
685.000000 167.000000 0.006800
712.000000 167.000000 0.006800
785.000000 168.000000 0.005600
806.000000 168.000000 0.005600
1072.000000 168.000000 0.005600
543.000000 169.000000 0.006800
826.000000 169.000000 0.005200
850.000000 169.000000 0.006800
1029.000000 169.000000 0.006400
1051.000000 169.000000 0.005200
878.000000 170.000000 0.005600
900.000000 170.000000 0.005600
1003.000000 170.000000 0.006000
1096.000000 170.000000 0.006800
922.000000 171.000000 0.006800
980.000000 172.000000 0.006400
952.000000 173.000000 0.006800
280.000000 198.000000 0.006800
235.000000 199.000000 0.005600
255.000000 199.000000 0.005600
306.000000 199.000000 0.006800
573.000000 199.000000 0.005600
172.000000 200.000000 0.006800
204.000000 200.000000 0.008000
405.000000 200.000000 0.005600
477.000000 200.000000 0.008000
342.000000 201.000000 0.008400
376.000000 201.000000 0.008000
426.000000 201.000000 0.005600
450.000000 201.000000 0.006800
507.000000 201.000000 0.005600
527.000000 201.000000 0.005600
555.000000 201.000000 0.007600
594.000000 201.000000 0.005600
767.000000 202.000000 0.006800
665.000000 203.000000 0.008400
698.000000 203.000000 0.005600
788.000000 203.000000 0.009600
1063.000000 203.000000 0.006800
718.000000 204.000000 0.005600
802.000000 204.000000 0.009600
1003.000000 204.000000 0.006800
1032.000000 204.000000 0.007600
1094.000000 204.000000 0.007600
620.000000 205.000000 0.007600
645.000000 205.000000 0.006400
741.000000 205.000000 0.006800
821.000000 205.000000 0.004400
877.000000 205.000000 0.005600
840.000000 206.000000 0.005600
920.000000 206.000000 0.005600
943.000000 206.000000 0.006800
972.000000 206.000000 0.006800
858.000000 207.000000 0.005200
899.000000 208.000000 0.005600
171.000000 234.000000 0.005600
192.000000 234.000000 0.005600
627.000000 234.000000 0.005600
236.000000 235.000000 0.005600
265.000000 235.000000 0.005600
311.000000 235.000000 0.008400
329.000000 235.000000 0.005600
466.000000 235.000000 0.006800
556.000000 235.000000 0.006400
216.000000 236.000000 0.005600
283.000000 236.000000 0.004400
532.000000 236.000000 0.006800
605.000000 236.000000 0.005600
655.000000 236.000000 0.007600
297.000000 237.000000 0.004400
353.000000 237.000000 0.006800
381.000000 237.000000 0.006800
403.000000 237.000000 0.005600
422.000000 237.000000 0.004400
441.000000 237.000000 0.005600
487.000000 237.000000 0.005600
508.000000 237.000000 0.005600
582.000000 237.000000 0.006400
809.000000 237.000000 0.006800
676.000000 238.000000 0.005600
705.000000 238.000000 0.007200
729.000000 238.000000 0.006800
692.000000 239.000000 0.002800
840.000000 239.000000 0.006800
782.000000 240.000000 0.006400
869.000000 240.000000 0.006400
893.000000 240.000000 0.005600
1042.000000 240.000000 0.004400
1082.000000 240.000000 0.006800
754.000000 241.000000 0.006800
909.000000 241.000000 0.008400
988.000000 241.000000 0.006800
1018.000000 241.000000 0.007200
1059.000000 241.000000 0.005600
1105.000000 241.000000 0.007600
937.000000 242.000000 0.005600
959.000000 242.000000 0.005600
801.000000 258.000000 0.004000
209.000000 267.000000 0.005600
232.000000 268.000000 0.008400
258.000000 268.000000 0.006800
190.000000 269.000000 0.005200
284.000000 269.000000 0.006800
344.000000 269.000000 0.006400
366.000000 269.000000 0.005600
382.000000 269.000000 0.005600
403.000000 269.000000 0.005600
425.000000 269.000000 0.006800
170.000000 270.000000 0.006800
316.000000 270.000000 0.007200
525.000000 270.000000 0.005600
145.000000 271.000000 0.005200
459.000000 271.000000 0.008000
480.000000 271.000000 0.005600
501.000000 271.000000 0.005600
548.000000 271.000000 0.005600
573.000000 271.000000 0.006400
597.000000 271.000000 0.006800
715.000000 271.000000 0.006400
654.000000 272.000000 0.006800
128.000000 273.000000 0.011200
627.000000 273.000000 0.007600
687.000000 273.000000 0.007600
735.000000 273.000000 0.005600
786.000000 275.000000 0.007200
818.000000 275.000000 0.006400
758.000000 276.000000 0.006800
844.000000 276.000000 0.006400
975.000000 276.000000 0.006800
950.000000 277.000000 0.005600
999.000000 277.000000 0.006800
1052.000000 277.000000 0.006400
1075.000000 277.000000 0.005600
870.000000 278.000000 0.006400
928.000000 278.000000 0.008400
1026.000000 278.000000 0.006400
896.000000 279.000000 0.006800
1097.000000 279.000000 0.006400
193.000000 306.000000 0.006800
265.000000 306.000000 0.005600
220.000000 307.000000 0.005600
243.000000 307.000000 0.005600
286.000000 307.000000 0.005600
313.000000 307.000000 0.006800
335.000000 307.000000 0.006000
361.000000 307.000000 0.006400
385.000000 307.000000 0.008000
601.000000 307.000000 0.006800
771.000000 307.000000 0.006800
170.000000 308.000000 0.006800
413.000000 308.000000 0.009200
426.000000 308.000000 0.011200
657.000000 308.000000 0.006800
944.000000 308.000000 0.008000
466.000000 309.000000 0.005600
486.000000 309.000000 0.004400
549.000000 309.000000 0.006400
576.000000 309.000000 0.006400
629.000000 309.000000 0.006800
711.000000 309.000000 0.008000
1104.000000 309.000000 0.009600
446.000000 310.000000 0.005600
525.000000 310.000000 0.005600
742.000000 310.000000 0.006800
795.000000 310.000000 0.006800
505.000000 311.000000 0.005600
833.000000 311.000000 0.008000
861.000000 311.000000 0.006400
912.000000 311.000000 0.005600
971.000000 311.000000 0.006400
991.000000 311.000000 0.006800
1017.000000 311.000000 0.008400
1085.000000 311.000000 0.005600
1061.000000 312.000000 0.006800
680.000000 313.000000 0.006800
889.000000 314.000000 0.006400
1039.000000 314.000000 0.005600
171.000000 339.000000 0.006800
196.000000 340.000000 0.006400
332.000000 340.000000 0.006800
501.000000 340.000000 0.006800
222.000000 341.000000 0.006400
248.000000 341.000000 0.006400
301.000000 341.000000 0.007200
275.000000 342.000000 0.006000
358.000000 342.000000 0.005600
380.000000 342.000000 0.005600
477.000000 342.000000 0.005600
411.000000 343.000000 0.005600
455.000000 343.000000 0.005600
528.000000 343.000000 0.007600
667.000000 343.000000 0.008400
703.000000 343.000000 0.005600
724.000000 343.000000 0.005600
397.000000 344.000000 0.002800
432.000000 344.000000 0.005600
560.000000 344.000000 0.006400
584.000000 344.000000 0.006400
637.000000 344.000000 0.005600
684.000000 344.000000 0.004400
749.000000 344.000000 0.006800
855.000000 344.000000 0.006800
886.000000 344.000000 0.007600
771.000000 345.000000 0.006800
798.000000 345.000000 0.006800
828.000000 345.000000 0.006800
612.000000 346.000000 0.006800
918.000000 348.000000 0.007600
941.000000 348.000000 0.005600
957.000000 349.000000 0.002800
1020.000000 349.000000 0.006800
972.000000 350.000000 0.004400
993.000000 350.000000 0.006000
1044.000000 350.000000 0.005600
1063.000000 350.000000 0.008400
1075.000000 350.000000 0.010800
1092.000000 351.000000 0.005600
1110.000000 352.000000 0.011200
1044.000000 416.000000 0.004400
1057.000000 416.000000 0.004400
1190.000000 416.000000 0.003600
1204.000000 416.000000 0.004400
1072.000000 417.000000 0.004400
1086.000000 417.000000 0.008400
1128.000000 417.000000 0.002800
1173.000000 417.000000 0.004400
953.000000 418.000000 0.004400
965.000000 418.000000 0.004400
984.000000 418.000000 0.005600
1004.000000 418.000000 0.006800
1115.000000 418.000000 0.007600
1155.000000 418.000000 0.004400
1028.000000 419.000000 0.004400
1179.000000 434.000000 0.003600
1159.000000 435.000000 0.004800
1195.952377 432.936505 0.006239
