235.000000 35.000000 0.006800
1102.000000 35.000000 0.002800
169.000000 36.000000 0.005600
208.000000 36.000000 0.005600
84.000000 37.000000 0.004400
152.000000 37.000000 0.003600
190.000000 37.000000 0.005600
300.000000 37.000000 0.005600
1079.000000 37.000000 0.002400
32.000000 38.000000 0.003600
260.000000 38.000000 0.006400
702.000000 38.000000 0.005600
48.000000 39.000000 0.004000
102.000000 39.000000 0.004400
279.000000 39.000000 0.005600
316.000000 39.000000 0.004400
338.000000 39.000000 0.005600
748.000000 39.000000 0.005600
923.000000 39.000000 0.007600
65.000000 40.000000 0.004000
126.000000 40.000000 0.005600
369.000000 40.000000 0.006800
723.000000 40.000000 0.005600
822.000000 40.000000 0.005600
946.000000 40.000000 0.005600
1055.000000 40.000000 0.004800
389.000000 41.000000 0.006800
540.000000 41.000000 0.008400
684.000000 41.000000 0.004400
779.000000 41.000000 0.006800
798.000000 41.000000 0.005600
841.000000 41.000000 0.004400
881.000000 41.000000 0.004400
897.000000 41.000000 0.004000
910.000000 41.000000 0.002800
969.000000 41.000000 0.005200
989.000000 41.000000 0.005200
1039.000000 41.000000 0.004400
444.000000 42.000000 0.002800
455.000000 42.000000 0.002800
472.000000 42.000000 0.004800
529.000000 42.000000 0.002800
659.000000 42.000000 0.006800
855.000000 42.000000 0.003600
866.000000 42.000000 0.008400
1008.000000 42.000000 0.004400
416.000000 43.000000 0.004400
503.000000 43.000000 0.002800
514.000000 43.000000 0.008000
612.000000 43.000000 0.006400
639.000000 43.000000 0.006000
1027.000000 43.000000 0.006800
488.000000 44.000000 0.004400
559.000000 44.000000 0.004400
574.000000 45.000000 0.003600
587.000000 45.000000 0.004400
30.000000 54.000000 0.004400
47.000000 56.000000 0.003600
63.000000 56.000000 0.004000
78.000000 57.000000 0.004400
104.000000 57.000000 0.004400
148.000000 57.000000 0.005600
132.000000 58.000000 0.004400
1108.000000 60.000000 0.004000
1123.000000 60.000000 0.003600
1148.000000 60.000000 0.002800
1162.000000 60.000000 0.004000
1174.000000 60.000000 0.008400
1094.000000 61.000000 0.003600
1137.000000 61.000000 0.003600
1072.000000 63.000000 0.006800
1058.000000 64.000000 0.003600
967.000000 65.000000 0.004400
979.000000 65.000000 0.003200
992.000000 65.000000 0.003600
1003.000000 65.000000 0.002800
1029.000000 65.000000 0.003600
1041.000000 65.000000 0.004400
1016.000000 66.000000 0.003600
188.000000 74.000000 0.010800
226.000000 75.000000 0.005600
206.000000 76.000000 0.004400
248.000000 76.000000 0.004400
263.000000 77.000000 0.009600
1108.000000 87.000000 0.007200
39.000000 112.000000 0.005600
101.000000 112.000000 0.007600
58.000000 113.000000 0.004400
75.000000 113.000000 0.004000
235.000000 115.000000 0.006800
258.000000 115.000000 0.006800
295.000000 115.000000 0.009600
373.000000 115.000000 0.006800
166.000000 116.000000 0.006800
187.000000 116.000000 0.005600
210.000000 116.000000 0.006400
318.000000 116.000000 0.005600
346.000000 116.000000 0.008400
438.000000 116.000000 0.010000
452.000000 116.000000 0.009600
743.000000 116.000000 0.005600
765.000000 116.000000 0.006800
1046.000000 116.000000 0.005600
393.000000 117.000000 0.005600
505.000000 117.000000 0.006800
724.000000 117.000000 0.004400
874.000000 117.000000 0.005600
1073.000000 117.000000 0.007600
1097.000000 117.000000 0.006800
419.000000 118.000000 0.005600
475.000000 118.000000 0.008400
530.000000 118.000000 0.006400
554.000000 118.000000 0.006400
582.000000 118.000000 0.006800
604.000000 118.000000 0.005600
694.000000 118.000000 0.004400
789.000000 118.000000 0.005600
856.000000 118.000000 0.008000
925.000000 118.000000 0.005600
1027.000000 118.000000 0.005600
621.000000 119.000000 0.004400
635.000000 119.000000 0.007200
707.000000 119.000000 0.004400
811.000000 119.000000 0.005600
831.000000 119.000000 0.006800
892.000000 119.000000 0.004400
941.000000 119.000000 0.004400
959.000000 119.000000 0.005200
661.000000 120.000000 0.008400
676.000000 120.000000 0.005600
982.000000 120.000000 0.005600
1004.000000 120.000000 0.006400
1186.000000 145.000000 0.005600
1125.000000 147.000000 0.009600
1140.000000 147.000000 0.004400
1205.000000 147.000000 0.006800
1159.000000 148.000000 0.004800
186.000000 149.000000 0.005600
166.000000 150.000000 0.008400
232.000000 150.000000 0.006400
828.000000 150.000000 0.005600
1074.000000 150.000000 0.005600
1094.000000 150.000000 0.006400
210.000000 151.000000 0.005600
277.000000 151.000000 0.005600
300.000000 151.000000 0.005600
809.000000 151.000000 0.006400
848.000000 151.000000 0.005200
867.000000 151.000000 0.005600
1021.000000 151.000000 0.005600
1039.000000 151.000000 0.006800
1057.000000 151.000000 0.005600
252.000000 152.000000 0.002800
340.000000 152.000000 0.005600
670.000000 152.000000 0.005600
764.000000 152.000000 0.005600
784.000000 152.000000 0.005600
964.000000 152.000000 0.006800
320.000000 153.000000 0.005600
363.000000 153.000000 0.006800
413.000000 153.000000 0.006800
742.000000 153.000000 0.006800
889.000000 153.000000 0.007600
918.000000 153.000000 0.005600
941.000000 153.000000 0.006400
436.000000 154.000000 0.005600
460.000000 154.000000 0.005600
606.000000 154.000000 0.006800
632.000000 154.000000 0.005600
655.000000 154.000000 0.005600
690.000000 154.000000 0.005200
388.000000 155.000000 0.005600
480.000000 155.000000 0.005600
501.000000 155.000000 0.005600
520.000000 155.000000 0.005600
982.000000 155.000000 0.003600
998.000000 155.000000 0.008400
539.000000 156.000000 0.005600
580.000000 156.000000 0.005600
713.000000 156.000000 0.005600
563.000000 157.000000 0.006800
975.000000 170.000000 0.003200
1073.000000 179.000000 0.007600
1042.000000 180.000000 0.004400
1084.000000 180.000000 0.004400
1060.000000 181.000000 0.004400
1022.000000 182.000000 0.005200
1101.000000 182.000000 0.005600
1002.000000 183.000000 0.004800
963.000000 184.000000 0.004800
981.000000 184.000000 0.004400
856.000000 185.000000 0.005600
878.000000 185.000000 0.005600
925.000000 185.000000 0.004400
939.000000 185.000000 0.005600
250.000000 186.000000 0.008400
273.000000 186.000000 0.005600
900.000000 186.000000 0.006400
689.000000 187.000000 0.007600
803.000000 187.000000 0.006400
830.000000 187.000000 0.006400
212.000000 188.000000 0.005600
236.000000 188.000000 0.009600
295.000000 188.000000 0.004800
331.000000 188.000000 0.004400
542.000000 188.000000 0.005600
661.000000 188.000000 0.006800
719.000000 188.000000 0.006800
772.000000 188.000000 0.006000
167.000000 189.000000 0.006800
314.000000 189.000000 0.005600
344.000000 189.000000 0.008400
391.000000 189.000000 0.007600
501.000000 189.000000 0.005600
519.000000 189.000000 0.006800
563.000000 189.000000 0.005600
745.000000 189.000000 0.006400
191.000000 190.000000 0.005600
362.000000 190.000000 0.005600
445.000000 190.000000 0.006000
475.000000 190.000000 0.006800
584.000000 190.000000 0.005600
633.000000 190.000000 0.007600
419.000000 191.000000 0.006400
607.000000 191.000000 0.005600
1077.000000 211.000000 0.008400
1001.000000 212.000000 0.005600
1038.000000 212.000000 0.005600
1052.000000 212.000000 0.008400
1019.000000 213.000000 0.005600
979.000000 214.000000 0.006000
806.000000 215.000000 0.006800
927.000000 215.000000 0.008400
1098.000000 215.000000 0.008400
777.000000 216.000000 0.006400
909.000000 216.000000 0.005600
940.000000 216.000000 0.006800
958.000000 216.000000 0.005600
885.000000 217.000000 0.005600
165.000000 219.000000 0.006800
730.000000 219.000000 0.005600
750.000000 219.000000 0.005600
829.000000 219.000000 0.004400
847.000000 219.000000 0.005600
864.000000 219.000000 0.005600
185.000000 220.000000 0.006800
245.000000 220.000000 0.005600
267.000000 220.000000 0.005600
438.000000 220.000000 0.006800
462.000000 220.000000 0.006400
221.000000 221.000000 0.006800
486.000000 221.000000 0.007600
656.000000 221.000000 0.006000
679.000000 221.000000 0.006400
705.000000 221.000000 0.006000
292.000000 222.000000 0.005600
316.000000 222.000000 0.005600
341.000000 222.000000 0.005600
367.000000 222.000000 0.006400
421.000000 222.000000 0.004400
589.000000 222.000000 0.005600
387.000000 223.000000 0.004800
404.000000 223.000000 0.004400
566.000000 223.000000 0.005600
632.000000 223.000000 0.005600
516.000000 224.000000 0.005600
609.000000 224.000000 0.005600
540.000000 225.000000 0.006800
1013.000000 245.000000 0.005200
1032.000000 245.000000 0.005600
1088.000000 245.000000 0.002800
938.000000 246.000000 0.005600
1051.000000 246.000000 0.005600
1071.000000 246.000000 0.005200
993.000000 247.000000 0.008400
759.000000 248.000000 0.007200
865.000000 248.000000 0.007200
895.000000 248.000000 0.006800
915.000000 248.000000 0.005600
960.000000 249.000000 0.006400
592.000000 250.000000 0.005200
789.000000 250.000000 0.006000
813.000000 250.000000 0.005600
835.000000 250.000000 0.006400
572.000000 251.000000 0.005600
672.000000 251.000000 0.002800
706.000000 251.000000 0.007200
730.000000 251.000000 0.006800
614.000000 252.000000 0.005600
639.000000 252.000000 0.006800
658.000000 252.000000 0.004800
684.000000 252.000000 0.002800
209.000000 253.000000 0.006800
298.000000 253.000000 0.005600
342.000000 253.000000 0.005600
362.000000 253.000000 0.006400
182.000000 254.000000 0.008400
318.000000 254.000000 0.005600
387.000000 254.000000 0.006800
413.000000 254.000000 0.005600
529.000000 254.000000 0.004400
551.000000 254.000000 0.005600
165.000000 255.000000 0.009600
234.000000 255.000000 0.006400
434.000000 255.000000 0.005600
458.000000 255.000000 0.006400
483.000000 255.000000 0.006800
511.000000 255.000000 0.005600
252.000000 256.000000 0.006800
278.000000 256.000000 0.005600
1017.000000 278.000000 0.008400
986.000000 279.000000 0.005600
827.000000 280.000000 0.006800
913.000000 280.000000 0.006400
1043.000000 280.000000 0.007200
814.000000 281.000000 0.002800
938.000000 281.000000 0.006000
964.000000 281.000000 0.005600
846.000000 282.000000 0.004400
658.000000 283.000000 0.006400
788.000000 283.000000 0.005600
865.000000 283.000000 0.005600
887.000000 283.000000 0.006400
1070.000000 283.000000 0.008400
1103.000000 283.000000 0.010400
1083.000000 284.000000 0.009600
588.000000 285.000000 0.005600
626.000000 285.000000 0.006800
682.000000 285.000000 0.005600
701.000000 285.000000 0.004400
758.000000 285.000000 0.008000
605.000000 286.000000 0.005600
717.000000 286.000000 0.004400
173.000000 287.000000 0.002800
222.000000 287.000000 0.005600
536.000000 287.000000 0.004400
553.000000 287.000000 0.004400
570.000000 287.000000 0.005200
160.000000 288.000000 0.006800
189.000000 288.000000 0.005200
314.000000 288.000000 0.006800
500.000000 288.000000 0.004400
742.000000 288.000000 0.006800
203.000000 289.000000 0.004400
376.000000 289.000000 0.004400
395.000000 289.000000 0.008400
426.000000 289.000000 0.005600
446.000000 289.000000 0.004400
483.000000 289.000000 0.004400
242.000000 290.000000 0.005600
288.000000 290.000000 0.005600
338.000000 290.000000 0.005600
360.000000 290.000000 0.005600
517.000000 290.000000 0.004400
265.000000 291.000000 0.006400
465.000000 291.000000 0.005600
950.000000 314.000000 0.006800
1066.000000 314.000000 0.003600
531.000000 315.000000 0.008000
925.000000 315.000000 0.006800
1079.000000 315.000000 0.009600
789.000000 316.000000 0.006800
812.000000 316.000000 0.006800
838.000000 316.000000 0.009600
1027.000000 316.000000 0.006400
1051.000000 316.000000 0.005600
1098.000000 316.000000 0.005200
875.000000 317.000000 0.006400
901.000000 317.000000 0.005600
973.000000 317.000000 0.004400
985.000000 317.000000 0.011200
766.000000 318.000000 0.005600
1003.000000 318.000000 0.006800
550.000000 319.000000 0.006400
673.000000 319.000000 0.005600
713.000000 319.000000 0.005600
733.000000 319.000000 0.004400
748.000000 319.000000 0.004400
1164.000000 319.000000 0.005600
1187.000000 319.000000 0.006800
572.000000 320.000000 0.005600
636.000000 320.000000 0.005600
696.000000 320.000000 0.005600
1141.000000 320.000000 0.005600
506.000000 321.000000 0.008400
519.000000 321.000000 0.004400
616.000000 321.000000 0.005600
658.000000 321.000000 0.005600
594.000000 322.000000 0.006800
189.000000 323.000000 0.006800
495.000000 323.000000 0.008400
164.000000 324.000000 0.006800
432.000000 324.000000 0.006800
211.000000 325.000000 0.005600
457.000000 325.000000 0.005600
478.000000 325.000000 0.005600
232.000000 326.000000 0.005600
250.000000 326.000000 0.005600
296.000000 326.000000 0.005200
407.000000 326.000000 0.006800
276.000000 327.000000 0.006400
318.000000 329.000000 0.005600
355.000000 329.000000 0.005600
378.000000 329.000000 0.008400
337.000000 330.000000 0.004400
1221.666663 147.936505 0.005826
529.523806 270.793648 0.005826
539.523806 269.365076 0.005826
553.095234 268.650791 0.005826
986.666663 169.365076 0.005826
