185 194
99 100
509 511
26 39
269 273
536 537
406 409
199 205
40 41
280 288
442 448
477 478
220 246
291 297
270 274
192 193
402 411
255 258
225 226
66 71
84 107
317 318
409 410
47 48
107 108
387 391
509 515
520 524
406 413
180 196
48 49
369 373
100 105
262 265
380 388
443 444
221 242
73 78
73 87
364 370
22 23
376 381
302 306
114 115
357 358
487 495
158 167
55 56
446 454
335 339
227 248
287 299
298 299
147 148
390 391
207 208
358 368
439 451
450 451
331 332
420 428
132 141
412 424
240 241
423 424
464 471
313 320
364 365
413 416
3 14
516 517
214 215
235 247
276 285
465 471
449 454
335 343
235 256
327 339
419 431
61 67
129 131
113 114
498 504
531 538
320 336
221 232
275 297
468 472
28 29
316 325
88 89
120 121
6 19
427 430
29 30
508 513
180 190
61 62
439 441
272 273
527 535
380 382
2 12
493 497
261 263
94 95
464 470
305 306
434 438
3 4
397 398
35 36
116 119
35 45
95 96
505 507
127 128
143 154
386 388
187 188
357 361
36 37
9 20
68 69
408 412
149 161
160 161
228 234
69 70
272 277
404 405
253 254
452 463
313 314
345 346
353 359
154 159
426 429
194 204
315 323
267 283
346 347
135 145
378 379
486 488
530 531
168 169
160 165
408 416
209 216
241 248
260 261
309 312
460 472
519 521
360 366
20 38
2 11
293 294
504 505
385 386
434 437
463 473
72 75
445 446
275 282
294 295
415 423
9 10
49 55
459 466
316 328
489 494
42 43
50 56
301 303
511 512
134 135
134 144
222 229
182 193
452 453
75 76
252 257
16 17
223 239
315 322
267 282
526 533
127 131
5 16
138 146
186 204
201 202
278 287
50 51
289 296
101 105
142 143
85 102
137 140
245 249
208 209
415 422
57 58
515 518
300 301
348 350
189 195
456 459
30 40
370 374
341 347
381 383
182 183
141 142
222 228
31 32
123 124
447 450
426 427
174 175
474 476
64 65
344 348
307 308
226 240
167 172
469 473
200 205
281 291
82 91
532 538
443 448
333 338
60 63
33 46
481 483
392 393
311 319
384 389
484 485
455 458
137 139
396 399
517 518
488 491
499 500
170 172
340 345
421 428
63 64
399 400
171 173
491 492
81 90
432 433
34 42
447 449
236 247
85 96
506 507
465 466
177 179
147 156
528 540
280 295
0 21
148 157
132 140
351 355
163 164
44 45
52 58
324 328
255 256
462 469
535 539
284 292
44 54
181 190
103 109
476 480
74 82
155 156
325 329
373 378
174 178
18 19
67 70
188 189
18 37
170 171
129 130
498 503
210 216
80 88
21 39
262 263
510 514
111 112
420 431
410 417
81 89
162 163
523 532
51 57
14 26
236 237
122 126
195 196
158 165
206 214
425 429
128 133
279 293
136 146
118 119
207 215
77 87
527 534
268 292
372 377
92 103
151 152
10 24
110 111
321 322
243 244
202 203
353 363
217 219
394 400
524 537
520 521
220 229
479 480
512 513
435 436
354 359
394 395
155 159
516 519
17 27
206 213
486 496
136 145
371 375
460 462
419 433
191 197
77 86
401 403
360 365
372 376
102 106
523 526
13 25
183 198
361 375
72 83
43 47
397 405
254 258
302 307
176 177
227 231
117 118
250 251
298 300
327 336
98 104
191 192
150 151
169 173
242 243
31 41
224 225
32 33
124 125
5 15
264 266
65 66
198 199
68 71
76 84
356 367
6 7
230 246
201 210
508 510
309 310
341 342
401 402
150 164
290 296
522 530
493 494
485 490
274 288
94 101
223 224
283 284
445 453
407 417
467 468
456 467
500 501
492 497
268 276
349 350
312 319
352 355
441 442
470 478
522 525
501 502
533 534
1 8
382 383
334 343
231 232
474 475
323 324
86 97
430 432
97 106
356 366
149 162
281 290
333 337
12 13
311 318
83 91
234 251
326 334
34 46
455 457
482 483
93 104
396 398
367 371
78 79
536 539
138 139
340 344
79 80
0 25
8 38
362 368
211 217
52 53
352 354
271 277
112 113
4 22
271 286
1 7
525 529
53 54
233 250
326 338
385 387
93 99
237 238
407 411
329 330
377 379
499 503
178 179
389 390
27 28
421 422
238 239
489 495
330 331
270 289
362 363
211 212
152 153
123 126
212 213
233 245
304 305
74 90
108 110
496 502
186 187
218 219
477 479
278 279
92 98
11 24
303 308
392 395
403 404
115 117
144 153
252 253
484 487
244 249
166 168
506 514
436 437
59 60
285 286
528 529
337 342
369 374
418 425
458 461
461 475
184 185
184 203
414 418
181 197
314 321
435 440
317 332
