0.114400 0.025600 0.000000
0.160000 0.025600 0.000000
0.174400 0.025600 0.000000
0.190400 0.025600 0.000000
0.129600 0.026400 0.000000
0.146400 0.026400 0.000000
0.204800 0.026400 0.000000
0.808000 0.042400 0.000000
0.844000 0.042400 0.000000
0.794400 0.043200 0.000000
0.827200 0.044000 0.000000
0.772000 0.044800 0.000000
0.783200 0.045600 0.000000
0.748800 0.048000 0.000000
0.732800 0.048800 0.000000
0.715200 0.052000 0.000000
0.126400 0.056800 0.000000
0.143200 0.057600 0.000000
0.159200 0.057600 0.000000
0.173600 0.057600 0.000000
0.185600 0.057600 0.000000
0.244000 0.073600 0.000000
0.852800 0.073600 0.000000
0.027200 0.084000 0.000000
0.048000 0.085600 0.000000
0.065600 0.085600 0.000000
0.078400 0.085600 0.000000
0.092000 0.086400 0.000000
0.160800 0.087200 0.000000
0.145600 0.088000 0.000000
0.185600 0.088000 0.000000
0.372000 0.088800 0.000000
0.386400 0.088800 0.000000
0.204000 0.089600 0.000000
0.225600 0.089600 0.000000
0.276800 0.089600 0.000000
0.360800 0.089600 0.000000
0.472000 0.089600 0.000000
0.244000 0.090400 0.000000
0.258400 0.090400 0.000000
0.288800 0.090400 0.000000
0.330400 0.090400 0.000000
0.420800 0.090400 0.000000
0.348800 0.091200 0.000000
0.404800 0.091200 0.000000
0.308000 0.092000 0.000000
0.453600 0.092000 0.000000
0.438400 0.092800 0.000000
0.489600 0.093600 0.000000
0.506400 0.093600 0.000000
0.768000 0.093600 0.000000
0.528800 0.094400 0.000000
0.564800 0.094400 0.000000
0.708800 0.094400 0.000000
0.728000 0.094400 0.000000
0.517600 0.095200 0.000000
0.585600 0.095200 0.000000
0.693600 0.095200 0.000000
0.743200 0.095200 0.000000
0.753600 0.095200 0.000000
0.823200 0.095200 0.000000
0.545600 0.096000 0.000000
0.603200 0.096800 0.000000
0.638400 0.096800 0.000000
0.676800 0.096800 0.000000
0.787200 0.096800 0.000000
0.805600 0.096800 0.000000
0.835200 0.096800 0.000000
0.867200 0.096800 0.000000
0.617600 0.097600 0.000000
0.659200 0.097600 0.000000
0.848800 0.097600 0.000000
0.237600 0.116000 0.000000
0.143200 0.116800 0.000000
0.160800 0.116800 0.000000
0.218400 0.117600 0.000000
0.289600 0.117600 0.000000
0.178400 0.118400 0.000000
0.196800 0.118400 0.000000
0.248800 0.118400 0.000000
0.265600 0.118400 0.000000
0.338400 0.118400 0.000000
0.312000 0.119200 0.000000
0.352800 0.119200 0.000000
0.386400 0.119200 0.000000
0.419200 0.119200 0.000000
0.368000 0.120000 0.000000
0.399200 0.120000 0.000000
0.458400 0.120000 0.000000
0.638400 0.120000 0.000000
0.765600 0.120000 0.000000
0.570400 0.120800 0.000000
0.438400 0.121600 0.000000
0.476000 0.121600 0.000000
0.591200 0.121600 0.000000
0.600800 0.121600 0.000000
0.617600 0.121600 0.000000
0.664000 0.121600 0.000000
0.494400 0.122400 0.000000
0.514400 0.122400 0.000000
0.530400 0.122400 0.000000
0.540800 0.122400 0.000000
0.553600 0.122400 0.000000
0.685600 0.122400 0.000000
0.717600 0.122400 0.000000
0.740800 0.122400 0.000000
0.791200 0.122400 0.000000
0.811200 0.122400 0.000000
0.700000 0.123200 0.000000
0.852800 0.123200 0.000000
0.831200 0.124000 0.000000
0.873600 0.124000 0.000000
0.144000 0.143200 0.000000
0.238400 0.143200 0.000000
0.287200 0.144000 0.000000
0.164000 0.144800 0.000000
0.264800 0.144800 0.000000
0.219200 0.145600 0.000000
0.308000 0.145600 0.000000
0.482400 0.145600 0.000000
0.179200 0.146400 0.000000
0.199200 0.146400 0.000000
0.349600 0.146400 0.000000
0.464800 0.146400 0.000000
0.329600 0.147200 0.000000
0.411200 0.147200 0.000000
0.430400 0.147200 0.000000
0.444000 0.147200 0.000000
0.371200 0.148000 0.000000
0.390400 0.148000 0.000000
0.496800 0.148000 0.000000
0.556000 0.148000 0.000000
0.510400 0.148800 0.000000
0.534400 0.148800 0.000000
0.620000 0.148800 0.000000
0.828800 0.148800 0.000000
0.580800 0.149600 0.000000
0.602400 0.149600 0.000000
0.644000 0.149600 0.000000
0.792800 0.149600 0.000000
0.812800 0.149600 0.000000
0.663200 0.150400 0.000000
0.758400 0.150400 0.000000
0.774400 0.150400 0.000000
0.847200 0.150400 0.000000
0.876000 0.150400 0.000000
0.682400 0.151200 0.000000
0.723200 0.151200 0.000000
0.742400 0.151200 0.000000
0.700800 0.152000 0.000000
0.810400 0.162400 0.000000
0.022400 0.168000 0.000000
0.078400 0.168800 0.000000
0.093600 0.168800 0.000000
0.068800 0.169600 0.000000
0.034400 0.170400 0.000000
0.044800 0.170400 0.000000
0.054400 0.170400 0.000000
0.236800 0.171200 0.000000
0.258400 0.171200 0.000000
0.457600 0.171200 0.000000
0.474400 0.171200 0.000000
0.216800 0.172000 0.000000
0.284000 0.172000 0.000000
0.418400 0.172000 0.000000
0.438400 0.172000 0.000000
0.169600 0.172800 0.000000
0.192800 0.172800 0.000000
0.304000 0.173600 0.000000
0.324000 0.173600 0.000000
0.370400 0.173600 0.000000
0.398400 0.173600 0.000000
0.490400 0.174400 0.000000
0.556800 0.174400 0.000000
0.792800 0.174400 0.000000
0.898400 0.174400 0.000000
0.908800 0.174400 0.000000
0.920000 0.174400 0.000000
0.931200 0.174400 0.000000
0.947200 0.174400 0.000000
0.977600 0.174400 0.000000
0.347200 0.175200 0.000000
0.520000 0.175200 0.000000
0.535200 0.175200 0.000000
0.637600 0.175200 0.000000
0.655200 0.175200 0.000000
0.688000 0.175200 0.000000
0.876800 0.175200 0.000000
0.962400 0.175200 0.000000
0.148000 0.176000 0.000000
0.581600 0.176000 0.000000
0.672000 0.176000 0.000000
0.776000 0.176000 0.000000
0.608000 0.176800 0.000000
0.627200 0.176800 0.000000
0.706400 0.176800 0.000000
0.746400 0.176800 0.000000
0.808000 0.176800 0.000000
0.845600 0.176800 0.000000
0.861600 0.176800 0.000000
0.727200 0.177600 0.000000
0.760800 0.177600 0.000000
0.823200 0.177600 0.000000
0.056800 0.200000 0.000000
0.089600 0.200000 0.000000
0.103200 0.200000 0.000000
0.142400 0.200000 0.000000
0.164000 0.200000 0.000000
0.228800 0.200000 0.000000
0.281600 0.200000 0.000000
0.344800 0.200000 0.000000
0.406400 0.200000 0.000000
0.031200 0.200800 0.000000
0.044800 0.200800 0.000000
0.076000 0.200800 0.000000
0.184800 0.200800 0.000000
0.206400 0.200800 0.000000
0.243200 0.200800 0.000000
0.259200 0.200800 0.000000
0.304000 0.200800 0.000000
0.464000 0.200800 0.000000
0.496800 0.200800 0.000000
0.539200 0.200800 0.000000
0.385600 0.201600 0.000000
0.117600 0.202400 0.000000
0.323200 0.202400 0.000000
0.356800 0.202400 0.000000
0.372000 0.202400 0.000000
0.423200 0.202400 0.000000
0.440000 0.202400 0.000000
0.479200 0.202400 0.000000
0.518400 0.202400 0.000000
0.560800 0.202400 0.000000
0.598400 0.202400 0.000000
0.641600 0.202400 0.000000
0.653600 0.202400 0.000000
0.708800 0.202400 0.000000
0.579200 0.203200 0.000000
0.622400 0.203200 0.000000
0.676800 0.203200 0.000000
0.692000 0.204000 0.000000
0.725600 0.204800 0.000000
0.761600 0.205600 0.000000
0.776800 0.205600 0.000000
0.795200 0.205600 0.000000
0.832000 0.205600 0.000000
0.749600 0.206400 0.000000
0.847200 0.206400 0.000000
0.807200 0.207200 0.000000
0.858400 0.207200 0.000000
0.873600 0.208800 0.000000
0.198400 0.227200 0.000000
0.248000 0.227200 0.000000
0.266400 0.228000 0.000000
0.180800 0.228800 0.000000
0.211200 0.228800 0.000000
0.283200 0.228800 0.000000
0.376800 0.228800 0.000000
0.144000 0.229600 0.000000
0.295200 0.229600 0.000000
0.305600 0.229600 0.000000
0.316800 0.229600 0.000000
0.340800 0.229600 0.000000
0.359200 0.229600 0.000000
0.394400 0.229600 0.000000
0.410400 0.229600 0.000000
0.512000 0.229600 0.000000
0.719200 0.229600 0.000000
0.842400 0.229600 0.000000
0.860000 0.229600 0.000000
0.230400 0.230400 0.000000
0.430400 0.230400 0.000000
0.496000 0.230400 0.000000
0.602400 0.230400 0.000000
0.619200 0.230400 0.000000
0.652000 0.230400 0.000000
0.695200 0.230400 0.000000
0.779200 0.230400 0.000000
0.162400 0.231200 0.000000
0.445600 0.231200 0.000000
0.471200 0.231200 0.000000
0.485600 0.231200 0.000000
0.529600 0.231200 0.000000
0.549600 0.231200 0.000000
0.568800 0.231200 0.000000
0.584800 0.231200 0.000000
0.635200 0.231200 0.000000
0.671200 0.232000 0.000000
0.741600 0.232000 0.000000
0.761600 0.232000 0.000000
0.796000 0.232000 0.000000
0.817600 0.232800 0.000000
0.873600 0.232800 0.000000
0.511200 0.255200 0.000000
0.575200 0.255200 0.000000
0.044000 0.256000 0.000000
0.109600 0.256000 0.000000
0.440800 0.256000 0.000000
0.457600 0.256000 0.000000
0.475200 0.256000 0.000000
0.530400 0.256000 0.000000
0.549600 0.256000 0.000000
0.031200 0.256800 0.000000
0.059200 0.256800 0.000000
0.096000 0.256800 0.000000
0.353600 0.256800 0.000000
0.376000 0.256800 0.000000
0.396000 0.256800 0.000000
0.494400 0.256800 0.000000
0.070400 0.257600 0.000000
0.083200 0.257600 0.000000
0.121600 0.257600 0.000000
0.292000 0.257600 0.000000
0.306400 0.257600 0.000000
0.328000 0.257600 0.000000
0.409600 0.257600 0.000000
0.424000 0.257600 0.000000
0.612800 0.257600 0.000000
0.237600 0.258400 0.000000
0.276800 0.258400 0.000000
0.596800 0.258400 0.000000
0.625600 0.258400 0.000000
0.132000 0.259200 0.000000
0.258400 0.259200 0.000000
0.705600 0.259200 0.000000
0.147200 0.260000 0.000000
0.167200 0.260000 0.000000
0.225600 0.260000 0.000000
0.640000 0.260000 0.000000
0.661600 0.260000 0.000000
0.679200 0.260000 0.000000
0.693600 0.260000 0.000000
0.721600 0.260000 0.000000
0.188800 0.260800 0.000000
0.732800 0.260800 0.000000
0.786400 0.260800 0.000000
0.803200 0.260800 0.000000
0.749600 0.261600 0.000000
0.816800 0.261600 0.000000
0.206400 0.262400 0.000000
0.764800 0.262400 0.000000
0.910400 0.262400 0.000000
0.834400 0.263200 0.000000
0.870400 0.263200 0.000000
0.932800 0.263200 0.000000
0.851200 0.264000 0.000000
0.952800 0.264800 0.000000
0.510400 0.316800 0.000000
0.532000 0.317600 0.000000
0.492800 0.318400 0.000000
0.522400 0.318400 0.000000
0.475200 0.319200 0.000000
0.738400 0.325600 0.000000
0.756000 0.325600 0.000000
0.769600 0.325600 0.000000
0.821600 0.325600 0.000000
0.674400 0.326400 0.000000
0.726400 0.326400 0.000000
0.691200 0.327200 0.000000
0.715200 0.327200 0.000000
0.789600 0.327200 0.000000
0.652000 0.328000 0.000000
0.662400 0.328000 0.000000
0.704000 0.328000 0.000000
0.800800 0.328000 0.000000
0.808800 0.328000 0.000000
0.838400 0.328800 0.000000
0.868800 0.330400 0.000000
0.855200 0.332000 0.000000
0.652000 0.343200 0.000000
0.922400 0.343200 0.000000
0.908000 0.344000 0.000000
0.666400 0.344800 0.000000
0.768800 0.344800 0.000000
0.679200 0.345600 0.000000
0.750400 0.345600 0.000000
0.891200 0.345600 0.000000
0.691200 0.346400 0.000000
0.720000 0.346400 0.000000
0.732800 0.346400 0.000000
0.784000 0.346400 0.000000
0.798400 0.346400 0.000000
0.808000 0.346400 0.000000
0.816000 0.346400 0.000000
0.826400 0.346400 0.000000
0.844000 0.346400 0.000000
0.861600 0.346400 0.000000
0.876000 0.346400 0.000000
0.704000 0.347200 0.000000
