137 145
98 101
42 48
99 100
44 45
46 48
182 189
196 197
65 70
251 252
274 281
132 133
138 149
140 146
288 289
197 198
305 312
247 248
6 11
183 190
41 42
146 150
289 290
73 74
105 109
96 97
284 285
71 86
294 295
162 170
269 275
181 183
20 22
12 18
14 15
225 226
233 239
143 156
262 263
122 133
169 175
66 80
221 222
166 167
111 112
231 232
149 160
15 16
168 173
209 211
240 244
226 227
258 259
304 311
249 256
283 288
107 108
99 104
295 296
159 164
191 196
103 104
264 265
272 279
89 93
121 128
75 76
234 249
236 246
252 257
215 217
71 72
136 137
81 82
232 242
102 114
240 255
292 293
188 193
165 170
77 78
228 238
254 257
29 38
0 2
208 214
49 50
129 134
291 294
106 111
109 110
13 14
151 152
55 56
261 271
278 287
266 267
119 123
233 255
98 100
306 312
267 275
147 157
245 247
46 47
237 243
199 204
39 41
23 24
29 40
299 300
83 84
314 316
138 148
235 236
19 20
212 216
172 177
24 25
270 276
105 108
243 246
116 117
219 221
164 166
51 54
67 72
52 53
219 230
271 277
273 274
112 113
95 97
89 90
282 286
143 155
169 174
75 82
115 118
115 127
30 31
7 11
184 190
296 297
25 26
76 83
128 130
26 27
220 222
237 238
21 22
12 19
141 142
191 195
31 32
297 298
248 256
144 147
161 163
17 18
300 303
204 207
259 262
205 206
28 36
261 268
62 68
102 113
200 203
305 311
307 308
171 176
156 157
60 61
303 304
87 88
118 121
229 245
272 280
152 153
291 293
106 110
1 2
179 180
212 213
144 158
8 17
235 242
74 81
27 30
198 202
85 90
148 158
6 10
185 186
192 201
180 181
43 47
277 278
61 62
228 239
116 126
101 107
176 177
314 315
153 154
186 187
1 4
130 134
179 182
210 215
10 16
122 123
227 231
206 208
131 135
93 96
54 59
88 91
279 287
281 284
119 124
250 251
209 210
154 155
3 4
139 145
211 216
35 36
84 87
260 264
301 302
269 276
80 86
187 188
290 292
91 92
57 69
117 120
224 225
299 313
63 64
310 313
85 94
214 217
193 194
32 33
168 174
51 55
268 270
241 253
67 73
260 266
285 286
58 70
263 265
58 79
69 79
141 150
59 78
159 165
161 162
65 66
9 13
308 309
213 218
253 254
234 250
37 38
200 202
184 185
120 127
160 163
194 195
139 140
33 34
43 44
220 223
21 23
309 310
301 306
125 126
229 244
167 171
142 151
199 203
39 40
34 35
282 283
172 173
57 64
129 135
205 207
273 280
92 95
28 37
114 125
131 132
63 68
223 224
7 8
53 60
