177 181
18 26
347 351
159 160
329 333
369 378
132 133
133 134
303 307
14 15
22 28
225 226
122 124
106 107
155 158
250 255
229 232
269 277
350 351
199 200
21 32
80 81
259 260
272 279
21 41
251 256
339 341
291 292
140 141
148 154
313 316
284 289
173 174
165 170
384 385
233 234
265 266
325 326
166 171
247 254
358 359
390 391
207 208
220 227
331 332
391 392
240 241
62 64
162 169
273 274
87 93
176 180
365 366
214 215
279 281
306 307
29 35
69 71
191 195
239 244
339 340
162 164
43 54
103 105
95 101
276 280
247 253
88 89
153 154
2 3
91 99
94 95
72 76
3 4
35 36
127 128
371 372
220 221
268 270
182 194
372 373
313 314
382 386
183 186
345 346
43 44
105 114
286 287
346 347
216 219
17 19
76 77
308 311
287 288
335 337
168 169
197 205
379 380
260 261
320 321
352 353
282 285
293 294
353 354
146 150
323 331
294 295
267 278
193 203
9 10
359 379
49 55
327 328
209 211
50 56
42 52
349 352
42 61
290 293
104 112
145 149
108 109
49 50
109 110
340 342
186 195
201 202
82 83
341 343
142 143
134 139
23 24
234 235
326 327
13 16
175 176
34 48
72 74
56 57
267 268
116 117
167 168
248 254
366 377
300 301
348 350
241 242
289 291
200 201
82 87
322 334
381 383
141 142
222 228
23 28
274 275
123 124
363 380
174 175
5 6
237 240
245 253
118 121
97 98
89 94
259 264
281 282
65 398
219 227
314 315
78 80
126 129
348 349
92 100
63 64
270 277
4 5
236 238
122 127
373 374
93 100
296 298
317 330
177 179
237 239
269 271
130 131
178 180
11 12
129 135
148 157
33 45
52 58
125 128
22 26
376 384
106 114
137 138
36 46
96 97
47 55
229 230
107 115
147 151
188 189
262 263
221 222
25 27
243 249
324 332
295 296
51 57
144 145
85 86
357 365
136 137
118 119
151 152
81 84
33 44
324 336
51 61
143 144
354 355
235 236
187 196
387 388
147 150
188 206
320 334
213 217
213 226
184 190
102 111
305 309
302 303
394 395
155 159
317 319
335 336
328 333
132 138
342 344
146 149
364 371
32 47
84 85
165 171
375 386
316 318
250 251
120 123
209 210
58 59
249 255
301 302
393 394
242 243
31 41
290 292
91 92
83 88
224 225
102 110
231 233
24 29
275 276
164 170
246 258
367 368
375 381
65 66
308 309
198 199
157 158
368 378
139 140
312 315
360 364
39 40
172 173
223 224
305 312
283 284
156 161
256 257
197 198
257 258
90 99
31 40
131 136
223 228
283 288
38 39
245 252
297 299
68 70
356 357
101 103
360 363
75 78
355 361
13 14
183 187
374 383
53 59
304 306
156 160
130 135
356 361
19 20
319 321
230 231
278 280
238 244
30 38
322 323
90 98
362 377
190 194
263 264
112 113
385 387
37 46
304 310
185 191
388 389
193 204
108 115
297 298
86 96
329 330
178 179
48 60
119 120
111 116
211 212
20 25
182 185
271 272
152 153
75 77
34 45
196 205
215 218
396 397
67 69
18 27
70 74
318 325
337 338
207 210
358 370
369 370
189 192
310 311
30 37
362 367
192 203
163 167
12 16
181 184
214 217
15 17
266 273
285 286
0 1
218 232
73 79
125 126
376 382
66 67
166 172
7 8
