143.000000 32.000000 0.000005
200.000000 32.000000 0.000002
218.000000 32.000000 0.000002
238.000000 32.000000 0.000002
162.000000 33.000000 0.000002
183.000000 33.000000 0.000002
256.000000 33.000000 0.000002
1010.000000 53.000000 0.000003
1055.000000 53.000000 0.000002
993.000000 54.000000 0.000002
1034.000000 55.000000 0.000003
965.000000 56.000000 0.000002
979.000000 57.000000 0.000002
936.000000 60.000000 0.000003
916.000000 61.000000 0.000003
894.000000 65.000000 0.000005
158.000000 71.000000 0.000003
179.000000 72.000000 0.000002
199.000000 72.000000 0.000002
217.000000 72.000000 0.000002
232.000000 72.000000 0.000004
305.000000 92.000000 0.000002
1066.000000 92.000000 0.000003
34.000000 105.000000 0.000003
60.000000 107.000000 0.000003
82.000000 107.000000 0.000002
98.000000 107.000000 0.000002
115.000000 108.000000 0.000004
201.000000 109.000000 0.000003
182.000000 110.000000 0.000003
232.000000 110.000000 0.000003
465.000000 111.000000 0.000005
483.000000 111.000000 0.000005
255.000000 112.000000 0.000003
282.000000 112.000000 0.000003
346.000000 112.000000 0.000002
451.000000 112.000000 0.000004
590.000000 112.000000 0.000003
305.000000 113.000000 0.000002
323.000000 113.000000 0.000002
361.000000 113.000000 0.000002
413.000000 113.000000 0.000003
526.000000 113.000000 0.000002
436.000000 114.000000 0.000002
506.000000 114.000000 0.000003
385.000000 115.000000 0.000003
567.000000 115.000000 0.000002
548.000000 116.000000 0.000002
612.000000 117.000000 0.000003
633.000000 117.000000 0.000003
960.000000 117.000000 0.000004
661.000000 118.000000 0.000002
706.000000 118.000000 0.000003
886.000000 118.000000 0.000002
910.000000 118.000000 0.000003
647.000000 119.000000 0.000001
732.000000 119.000000 0.000003
867.000000 119.000000 0.000002
929.000000 119.000000 0.000004
942.000000 119.000000 0.000004
1029.000000 119.000000 0.000004
682.000000 120.000000 0.000003
754.000000 121.000000 0.000002
798.000000 121.000000 0.000003
846.000000 121.000000 0.000002
984.000000 121.000000 0.000002
1007.000000 121.000000 0.000002
1044.000000 121.000000 0.000002
1084.000000 121.000000 0.000003
772.000000 122.000000 0.000003
824.000000 122.000000 0.000002
1061.000000 122.000000 0.000002
297.000000 145.000000 0.000003
179.000000 146.000000 0.000003
201.000000 146.000000 0.000002
273.000000 147.000000 0.000003
362.000000 147.000000 0.000003
223.000000 148.000000 0.000002
246.000000 148.000000 0.000003
311.000000 148.000000 0.000003
332.000000 148.000000 0.000003
423.000000 148.000000 0.000003
390.000000 149.000000 0.000003
441.000000 149.000000 0.000002
483.000000 149.000000 0.000002
524.000000 149.000000 0.000003
460.000000 150.000000 0.000003
499.000000 150.000000 0.000002
573.000000 150.000000 0.000002
798.000000 150.000000 0.000003
957.000000 150.000000 0.000003
713.000000 151.000000 0.000003
548.000000 152.000000 0.000003
595.000000 152.000000 0.000002
739.000000 152.000000 0.000003
751.000000 152.000000 0.000003
772.000000 152.000000 0.000002
830.000000 152.000000 0.000003
618.000000 153.000000 0.000003
643.000000 153.000000 0.000003
663.000000 153.000000 0.000002
676.000000 153.000000 0.000003
692.000000 153.000000 0.000002
857.000000 153.000000 0.000002
897.000000 153.000000 0.000002
926.000000 153.000000 0.000003
989.000000 153.000000 0.000003
1014.000000 153.000000 0.000003
875.000000 154.000000 0.000002
1066.000000 154.000000 0.000003
1039.000000 155.000000 0.000003
1092.000000 155.000000 0.000003
180.000000 179.000000 0.000003
298.000000 179.000000 0.000003
359.000000 180.000000 0.000003
205.000000 181.000000 0.000003
331.000000 181.000000 0.000003
274.000000 182.000000 0.000003
385.000000 182.000000 0.000003
603.000000 182.000000 0.000002
224.000000 183.000000 0.000002
249.000000 183.000000 0.000003
437.000000 183.000000 0.000003
581.000000 183.000000 0.000002
412.000000 184.000000 0.000003
514.000000 184.000000 0.000003
538.000000 184.000000 0.000002
555.000000 184.000000 0.000002
464.000000 185.000000 0.000003
488.000000 185.000000 0.000002
621.000000 185.000000 0.000002
695.000000 185.000000 0.000003
638.000000 186.000000 0.000003
668.000000 186.000000 0.000003
775.000000 186.000000 0.000002
1036.000000 186.000000 0.000002
726.000000 187.000000 0.000003
753.000000 187.000000 0.000002
805.000000 187.000000 0.000003
991.000000 187.000000 0.000003
1016.000000 187.000000 0.000002
829.000000 188.000000 0.000003
948.000000 188.000000 0.000002
968.000000 188.000000 0.000002
1059.000000 188.000000 0.000003
1095.000000 188.000000 0.000003
853.000000 189.000000 0.000002
904.000000 189.000000 0.000003
928.000000 189.000000 0.000002
876.000000 190.000000 0.000003
1013.000000 203.000000 0.000002
28.000000 210.000000 0.000003
98.000000 211.000000 0.000003
117.000000 211.000000 0.000003
86.000000 212.000000 0.000003
43.000000 213.000000 0.000002
56.000000 213.000000 0.000001
68.000000 213.000000 0.000002
296.000000 214.000000 0.000003
323.000000 214.000000 0.000003
572.000000 214.000000 0.000003
593.000000 214.000000 0.000002
271.000000 215.000000 0.000002
355.000000 215.000000 0.000003
523.000000 215.000000 0.000003
548.000000 215.000000 0.000002
212.000000 216.000000 0.000003
241.000000 216.000000 0.000003
380.000000 217.000000 0.000003
405.000000 217.000000 0.000003
463.000000 217.000000 0.000003
498.000000 217.000000 0.000003
613.000000 218.000000 0.000003
696.000000 218.000000 0.000003
991.000000 218.000000 0.000002
1123.000000 218.000000 0.000002
1136.000000 218.000000 0.000002
1150.000000 218.000000 0.000002
1164.000000 218.000000 0.000002
1184.000000 218.000000 0.000002
1222.000000 218.000000 0.000002
434.000000 219.000000 0.000003
650.000000 219.000000 0.000003
669.000000 219.000000 0.000003
797.000000 219.000000 0.000003
819.000000 219.000000 0.000002
860.000000 219.000000 0.000002
1096.000000 219.000000 0.000003
1203.000000 219.000000 0.000002
185.000000 220.000000 0.000003
727.000000 220.000000 0.000003
840.000000 220.000000 0.000002
970.000000 220.000000 0.000002
760.000000 221.000000 0.000003
784.000000 221.000000 0.000003
883.000000 221.000000 0.000003
933.000000 221.000000 0.000002
1010.000000 221.000000 0.000002
1057.000000 221.000000 0.000002
1077.000000 221.000000 0.000002
909.000000 222.000000 0.000003
951.000000 222.000000 0.000002
1029.000000 222.000000 0.000003
71.000000 250.000000 0.000003
112.000000 250.000000 0.000002
129.000000 250.000000 0.000002
178.000000 250.000000 0.000003
205.000000 250.000000 0.000003
286.000000 250.000000 0.000004
352.000000 250.000000 0.000003
431.000000 250.000000 0.000003
508.000000 250.000000 0.000003
39.000000 251.000000 0.000004
56.000000 251.000000 0.000002
95.000000 251.000000 0.000002
231.000000 251.000000 0.000003
258.000000 251.000000 0.000003
304.000000 251.000000 0.000002
324.000000 251.000000 0.000002
380.000000 251.000000 0.000002
580.000000 251.000000 0.000002
621.000000 251.000000 0.000003
674.000000 251.000000 0.000003
482.000000 252.000000 0.000002
147.000000 253.000000 0.000002
404.000000 253.000000 0.000003
446.000000 253.000000 0.000002
465.000000 253.000000 0.000002
529.000000 253.000000 0.000002
550.000000 253.000000 0.000003
599.000000 253.000000 0.000002
648.000000 253.000000 0.000003
701.000000 253.000000 0.000002
748.000000 253.000000 0.000003
802.000000 253.000000 0.000002
817.000000 253.000000 0.000002
886.000000 253.000000 0.000002
724.000000 254.000000 0.000003
778.000000 254.000000 0.000003
846.000000 254.000000 0.000003
865.000000 255.000000 0.000002
907.000000 256.000000 0.000003
952.000000 257.000000 0.000003
971.000000 257.000000 0.000003
994.000000 257.000000 0.000003
1040.000000 257.000000 0.000003
937.000000 258.000000 0.000003
1059.000000 258.000000 0.000002
1009.000000 259.000000 0.000003
1073.000000 259.000000 0.000002
1092.000000 261.000000 0.000003
248.000000 284.000000 0.000002
310.000000 284.000000 0.000003
333.000000 285.000000 0.000003
226.000000 286.000000 0.000003
264.000000 286.000000 0.000002
354.000000 286.000000 0.000002
471.000000 286.000000 0.000002
180.000000 287.000000 0.000003
369.000000 287.000000 0.000003
382.000000 287.000000 0.000003
396.000000 287.000000 0.000003
426.000000 287.000000 0.000003
449.000000 287.000000 0.000002
493.000000 287.000000 0.000002
513.000000 287.000000 0.000002
640.000000 287.000000 0.000002
899.000000 287.000000 0.000003
1053.000000 287.000000 0.000003
1075.000000 287.000000 0.000002
288.000000 288.000000 0.000002
538.000000 288.000000 0.000003
620.000000 288.000000 0.000003
753.000000 288.000000 0.000002
774.000000 288.000000 0.000002
815.000000 288.000000 0.000002
869.000000 288.000000 0.000003
974.000000 288.000000 0.000002
203.000000 289.000000 0.000003
557.000000 289.000000 0.000003
589.000000 289.000000 0.000002
607.000000 289.000000 0.000002
662.000000 289.000000 0.000002
687.000000 289.000000 0.000003
711.000000 289.000000 0.000002
731.000000 289.000000 0.000002
794.000000 289.000000 0.000002
839.000000 290.000000 0.000003
927.000000 290.000000 0.000003
952.000000 290.000000 0.000002
995.000000 290.000000 0.000002
1022.000000 291.000000 0.000003
1092.000000 291.000000 0.000004
639.000000 319.000000 0.000003
719.000000 319.000000 0.000003
55.000000 320.000000 0.000002
137.000000 320.000000 0.000002
551.000000 320.000000 0.000003
572.000000 320.000000 0.000002
594.000000 320.000000 0.000003
663.000000 320.000000 0.000003
687.000000 320.000000 0.000003
39.000000 321.000000 0.000002
74.000000 321.000000 0.000002
120.000000 321.000000 0.000002
442.000000 321.000000 0.000003
470.000000 321.000000 0.000003
495.000000 321.000000 0.000002
618.000000 321.000000 0.000002
88.000000 322.000000 0.000002
104.000000 322.000000 0.000002
152.000000 322.000000 0.000002
365.000000 322.000000 0.000002
383.000000 322.000000 0.000002
410.000000 322.000000 0.000003
512.000000 322.000000 0.000002
530.000000 322.000000 0.000002
766.000000 322.000000 0.000002
297.000000 323.000000 0.000002
346.000000 323.000000 0.000003
746.000000 323.000000 0.000002
782.000000 323.000000 0.000002
165.000000 324.000000 0.000002
323.000000 324.000000 0.000003
882.000000 324.000000 0.000002
184.000000 325.000000 0.000003
209.000000 325.000000 0.000003
282.000000 325.000000 0.000005
800.000000 325.000000 0.000003
827.000000 325.000000 0.000002
849.000000 325.000000 0.000002
867.000000 325.000000 0.000002
902.000000 325.000000 0.000005
236.000000 326.000000 0.000003
916.000000 326.000000 0.000004
983.000000 326.000000 0.000003
1004.000000 326.000000 0.000002
937.000000 327.000000 0.000002
1021.000000 327.000000 0.000002
258.000000 328.000000 0.000003
956.000000 328.000000 0.000002
1138.000000 328.000000 0.000003
1043.000000 329.000000 0.000002
1088.000000 329.000000 0.000003
1166.000000 329.000000 0.000002
1064.000000 330.000000 0.000002
1191.000000 331.000000 0.000003
638.000000 396.000000 0.000003
665.000000 397.000000 0.000002
616.000000 398.000000 0.000002
653.000000 398.000000 0.000002
594.000000 399.000000 0.000002
923.000000 407.000000 0.000003
945.000000 407.000000 0.000002
962.000000 407.000000 0.000002
1027.000000 407.000000 0.000002
843.000000 408.000000 0.000002
908.000000 408.000000 0.000002
864.000000 409.000000 0.000002
894.000000 409.000000 0.000002
987.000000 409.000000 0.000002
815.000000 410.000000 0.000002
828.000000 410.000000 0.000002
880.000000 410.000000 0.000002
1001.000000 410.000000 0.000002
1011.000000 410.000000 0.000002
1048.000000 411.000000 0.000002
1086.000000 413.000000 0.000002
1069.000000 415.000000 0.000002
815.000000 429.000000 0.000002
1153.000000 429.000000 0.000002
1135.000000 430.000000 0.000002
833.000000 431.000000 0.000001
961.000000 431.000000 0.000002
849.000000 432.000000 0.000002
938.000000 432.000000 0.000002
1114.000000 432.000000 0.000002
864.000000 433.000000 0.000002
900.000000 433.000000 0.000002
916.000000 433.000000 0.000002
980.000000 433.000000 0.000002
998.000000 433.000000 0.000002
1010.000000 433.000000 0.000001
1020.000000 433.000000 0.000001
1033.000000 433.000000 0.000002
1055.000000 433.000000 0.000002
1077.000000 433.000000 0.000002
1095.000000 433.000000 0.000002
880.000000 434.000000 0.000002
