0.184800 0.025600 0.000000
0.143200 0.026400 0.000000
0.153600 0.026400 0.000000
0.197600 0.026400 0.000000
0.222400 0.026400 0.000000
0.260000 0.026400 0.000000
0.172800 0.027200 0.000000
0.209600 0.027200 0.000000
0.241600 0.027200 0.000000
0.272800 0.027200 0.000000
0.596000 0.028800 0.000000
0.578400 0.029600 0.000000
0.292800 0.030400 0.000000
0.452000 0.030400 0.000000
0.517600 0.030400 0.000000
0.527200 0.030400 0.000000
0.544800 0.030400 0.000000
0.310400 0.031200 0.000000
0.330400 0.031200 0.000000
0.396800 0.031200 0.000000
0.407200 0.031200 0.000000
0.559200 0.031200 0.000000
0.616000 0.031200 0.000000
0.668800 0.031200 0.000000
0.345600 0.032000 0.000000
0.360000 0.032000 0.000000
0.372000 0.032000 0.000000
0.382400 0.032000 0.000000
0.418400 0.032800 0.000000
0.429600 0.032800 0.000000
0.438400 0.032800 0.000000
0.630400 0.032800 0.000000
0.653600 0.032800 0.000000
0.684000 0.032800 0.000000
0.693600 0.032800 0.000000
0.642400 0.034400 0.000000
0.683200 0.050400 0.000000
0.668000 0.052000 0.000000
0.154400 0.053600 0.000000
0.168800 0.054400 0.000000
0.186400 0.054400 0.000000
0.199200 0.055200 0.000000
0.212000 0.055200 0.000000
0.532800 0.064000 0.000000
0.558400 0.064000 0.000000
0.852800 0.067200 0.000000
0.180000 0.088000 0.000000
0.167200 0.088800 0.000000
0.196800 0.089600 0.000000
0.144000 0.090400 0.000000
0.211200 0.090400 0.000000
0.262400 0.090400 0.000000
0.228000 0.091200 0.000000
0.246400 0.091200 0.000000
0.306400 0.092000 0.000000
0.270400 0.092800 0.000000
0.288000 0.092800 0.000000
0.322400 0.092800 0.000000
0.354400 0.093600 0.000000
0.364800 0.093600 0.000000
0.380800 0.093600 0.000000
0.416800 0.093600 0.000000
0.340000 0.094400 0.000000
0.401600 0.094400 0.000000
0.432000 0.095200 0.000000
0.448000 0.096000 0.000000
0.460000 0.096000 0.000000
0.475200 0.096000 0.000000
0.489600 0.096800 0.000000
0.504800 0.096800 0.000000
0.527200 0.096800 0.000000
0.545600 0.098400 0.000000
0.570400 0.099200 0.000000
0.644800 0.099200 0.000000
0.590400 0.100000 0.000000
0.605600 0.100000 0.000000
0.633600 0.100000 0.000000
0.621600 0.100800 0.000000
0.656800 0.101600 0.000000
0.674400 0.102400 0.000000
0.691200 0.102400 0.000000
0.798400 0.102400 0.000000
0.780000 0.103200 0.000000
0.704800 0.104000 0.000000
0.727200 0.104000 0.000000
0.740000 0.104000 0.000000
0.748800 0.104000 0.000000
0.843200 0.104000 0.000000
0.878400 0.104000 0.000000
0.933600 0.104000 0.000000
0.968000 0.104000 0.000000
0.822400 0.104800 0.000000
0.908800 0.104800 0.000000
0.919200 0.104800 0.000000
0.716800 0.105600 0.000000
0.763200 0.105600 0.000000
0.860000 0.105600 0.000000
0.950400 0.105600 0.000000
0.153600 0.114400 0.000000
0.169600 0.114400 0.000000
0.183200 0.115200 0.000000
0.200800 0.115200 0.000000
0.220800 0.115200 0.000000
0.143200 0.116000 0.000000
0.260800 0.116000 0.000000
0.275200 0.116800 0.000000
0.287200 0.116800 0.000000
0.335200 0.116800 0.000000
0.240800 0.117600 0.000000
0.296800 0.117600 0.000000
0.312000 0.117600 0.000000
0.323200 0.117600 0.000000
0.370400 0.118400 0.000000
0.389600 0.118400 0.000000
0.415200 0.118400 0.000000
0.432000 0.118400 0.000000
0.457600 0.118400 0.000000
0.355200 0.119200 0.000000
0.405600 0.119200 0.000000
0.473600 0.120000 0.000000
0.491200 0.120000 0.000000
0.508800 0.120000 0.000000
0.528800 0.120800 0.000000
0.545600 0.120800 0.000000
0.564800 0.122400 0.000000
0.584000 0.122400 0.000000
0.597600 0.122400 0.000000
0.608800 0.124000 0.000000
0.674400 0.124000 0.000000
0.683200 0.124000 0.000000
0.624800 0.124800 0.000000
0.637600 0.124800 0.000000
0.656800 0.124800 0.000000
0.700000 0.126400 0.000000
0.730400 0.126400 0.000000
0.752000 0.126400 0.000000
0.777600 0.126400 0.000000
0.712800 0.127200 0.000000
0.797600 0.128000 0.000000
0.839200 0.128800 0.000000
0.857600 0.128800 0.000000
0.824000 0.129600 0.000000
0.810400 0.130400 0.000000
0.877600 0.130400 0.000000
0.168000 0.136000 0.000000
0.147200 0.136800 0.000000
0.185600 0.137600 0.000000
0.199200 0.138400 0.000000
0.402400 0.139200 0.000000
0.216000 0.140000 0.000000
0.299200 0.140000 0.000000
0.420000 0.140000 0.000000
0.280800 0.140800 0.000000
0.312800 0.140800 0.000000
0.355200 0.140800 0.000000
0.369600 0.140800 0.000000
0.384000 0.140800 0.000000
0.440000 0.140800 0.000000
0.230400 0.141600 0.000000
0.264800 0.141600 0.000000
0.244000 0.142400 0.000000
0.323200 0.142400 0.000000
0.339200 0.142400 0.000000
0.459200 0.142400 0.000000
0.480000 0.143200 0.000000
0.499200 0.144000 0.000000
0.560800 0.144000 0.000000
0.510400 0.144800 0.000000
0.524000 0.144800 0.000000
0.540800 0.144800 0.000000
0.581600 0.145600 0.000000
0.603200 0.147200 0.000000
0.633600 0.147200 0.000000
0.688800 0.147200 0.000000
0.616800 0.148000 0.000000
0.670400 0.148000 0.000000
0.704000 0.148000 0.000000
0.652800 0.149600 0.000000
0.726400 0.149600 0.000000
0.745600 0.149600 0.000000
0.769600 0.149600 0.000000
0.784800 0.149600 0.000000
0.796800 0.149600 0.000000
0.826400 0.149600 0.000000
0.812000 0.150400 0.000000
0.873600 0.150400 0.000000
0.840800 0.152000 0.000000
0.855200 0.152000 0.000000
0.198400 0.158400 0.000000
0.144800 0.159200 0.000000
0.158400 0.159200 0.000000
0.088800 0.160000 0.000000
0.176000 0.160000 0.000000
0.252800 0.160800 0.000000
0.216800 0.161600 0.000000
0.232800 0.161600 0.000000
0.272800 0.162400 0.000000
0.289600 0.162400 0.000000
0.309600 0.163200 0.000000
0.327200 0.163200 0.000000
0.344000 0.163200 0.000000
0.362400 0.163200 0.000000
0.478400 0.163200 0.000000
0.380000 0.164000 0.000000
0.396800 0.164800 0.000000
0.435200 0.164800 0.000000
0.450400 0.164800 0.000000
0.464000 0.164800 0.000000
0.414400 0.165600 0.000000
0.593600 0.165600 0.000000
0.504000 0.166400 0.000000
0.546400 0.166400 0.000000
0.563200 0.167200 0.000000
0.578400 0.167200 0.000000
0.608000 0.167200 0.000000
0.526400 0.168000 0.000000
0.625600 0.168000 0.000000
0.639200 0.169600 0.000000
0.656000 0.169600 0.000000
0.943200 0.170400 0.000000
0.673600 0.171200 0.000000
0.845600 0.171200 0.000000
0.687200 0.172000 0.000000
0.722400 0.172000 0.000000
0.740800 0.172000 0.000000
0.827200 0.172000 0.000000
0.815200 0.172800 0.000000
0.704000 0.173600 0.000000
0.764000 0.173600 0.000000
0.783200 0.173600 0.000000
0.804800 0.173600 0.000000
0.859200 0.173600 0.000000
0.873600 0.173600 0.000000
0.883200 0.174400 0.000000
0.924000 0.175200 0.000000
0.208800 0.184000 0.000000
0.236800 0.184800 0.000000
0.224000 0.185600 0.000000
0.173600 0.186400 0.000000
0.189600 0.186400 0.000000
0.365600 0.186400 0.000000
0.415200 0.186400 0.000000
0.256800 0.187200 0.000000
0.303200 0.187200 0.000000
0.322400 0.187200 0.000000
0.340800 0.187200 0.000000
0.387200 0.187200 0.000000
0.143200 0.188000 0.000000
0.159200 0.188000 0.000000
0.279200 0.188000 0.000000
0.451200 0.188000 0.000000
0.432000 0.188800 0.000000
0.465600 0.188800 0.000000
0.537600 0.189600 0.000000
0.476000 0.190400 0.000000
0.492000 0.191200 0.000000
0.522400 0.191200 0.000000
0.568800 0.191200 0.000000
0.508800 0.192000 0.000000
0.589600 0.192800 0.000000
0.608000 0.192800 0.000000
0.624800 0.192800 0.000000
0.640800 0.193600 0.000000
0.657600 0.193600 0.000000
0.672000 0.194400 0.000000
0.803200 0.194400 0.000000
0.832800 0.194400 0.000000
0.689600 0.195200 0.000000
0.767200 0.195200 0.000000
0.872800 0.195200 0.000000
0.708800 0.196800 0.000000
0.749600 0.196800 0.000000
0.852000 0.196800 0.000000
0.884000 0.196800 0.000000
0.728000 0.197600 0.000000
0.785600 0.197600 0.000000
0.223200 0.211200 0.000000
0.143200 0.212800 0.000000
0.297600 0.212800 0.000000
0.334400 0.212800 0.000000
0.163200 0.213600 0.000000
0.181600 0.213600 0.000000
0.201600 0.213600 0.000000
0.236800 0.213600 0.000000
0.256000 0.213600 0.000000
0.276000 0.213600 0.000000
0.316800 0.213600 0.000000
0.351200 0.214400 0.000000
0.375200 0.216000 0.000000
0.391200 0.216000 0.000000
0.412000 0.216000 0.000000
0.610400 0.216000 0.000000
0.427200 0.216800 0.000000
0.471200 0.216800 0.000000
0.576800 0.216800 0.000000
0.595200 0.216800 0.000000
0.672800 0.216800 0.000000
0.449600 0.217600 0.000000
0.528800 0.217600 0.000000
0.538400 0.217600 0.000000
0.516000 0.218400 0.000000
0.628800 0.218400 0.000000
0.652800 0.218400 0.000000
0.496800 0.219200 0.000000
0.557600 0.219200 0.000000
0.688800 0.219200 0.000000
0.811200 0.220000 0.000000
0.713600 0.220800 0.000000
0.733600 0.220800 0.000000
0.758400 0.220800 0.000000
0.827200 0.221600 0.000000
0.780800 0.222400 0.000000
0.797600 0.222400 0.000000
0.851200 0.223200 0.000000
0.870400 0.223200 0.000000
0.887200 0.223200 0.000000
0.066400 0.234400 0.000000
0.052800 0.236000 0.000000
0.077600 0.236000 0.000000
0.034400 0.236800 0.000000
0.044000 0.236800 0.000000
0.272000 0.237600 0.000000
0.295200 0.237600 0.000000
0.404800 0.237600 0.000000
0.228000 0.238400 0.000000
0.249600 0.238400 0.000000
0.314400 0.238400 0.000000
0.332000 0.238400 0.000000
0.385600 0.238400 0.000000
0.460800 0.238400 0.000000
0.168800 0.239200 0.000000
0.181600 0.239200 0.000000
0.365600 0.239200 0.000000
0.476000 0.239200 0.000000
0.487200 0.239200 0.000000
0.145600 0.240000 0.000000
0.159200 0.240000 0.000000
0.192800 0.240000 0.000000
0.208000 0.240000 0.000000
0.421600 0.240000 0.000000
0.437600 0.240000 0.000000
0.504800 0.240800 0.000000
0.517600 0.240800 0.000000
0.532800 0.241600 0.000000
0.639200 0.241600 0.000000
0.612000 0.242400 0.000000
0.660000 0.242400 0.000000
0.679200 0.242400 0.000000
0.548800 0.243200 0.000000
0.569600 0.243200 0.000000
0.591200 0.243200 0.000000
0.827200 0.244000 0.000000
0.705600 0.244800 0.000000
0.798400 0.244800 0.000000
0.885600 0.244800 0.000000
0.779200 0.245600 0.000000
0.848800 0.245600 0.000000
0.720800 0.246400 0.000000
0.738400 0.246400 0.000000
0.764000 0.246400 0.000000
0.868000 0.246400 0.000000
0.143200 0.260800 0.000000
0.164000 0.262400 0.000000
0.181600 0.262400 0.000000
0.197600 0.264000 0.000000
0.213600 0.264000 0.000000
0.265600 0.264000 0.000000
0.392000 0.264000 0.000000
0.236800 0.264800 0.000000
0.287200 0.264800 0.000000
0.326400 0.264800 0.000000
0.344800 0.264800 0.000000
0.356800 0.264800 0.000000
0.304000 0.265600 0.000000
0.367200 0.265600 0.000000
0.380800 0.265600 0.000000
0.409600 0.265600 0.000000
0.428800 0.266400 0.000000
0.443200 0.266400 0.000000
0.468000 0.266400 0.000000
0.455200 0.267200 0.000000
0.612800 0.267200 0.000000
0.480800 0.268000 0.000000
0.544800 0.268000 0.000000
0.583200 0.268000 0.000000
0.633600 0.268000 0.000000
0.524000 0.268800 0.000000
0.564000 0.268800 0.000000
0.696800 0.268800 0.000000
0.500800 0.269600 0.000000
0.598400 0.269600 0.000000
0.652800 0.269600 0.000000
0.826400 0.269600 0.000000
0.715200 0.270400 0.000000
0.769600 0.270400 0.000000
0.798400 0.270400 0.000000
0.672000 0.271200 0.000000
0.732000 0.271200 0.000000
0.785600 0.271200 0.000000
0.812000 0.271200 0.000000
0.883200 0.271200 0.000000
0.749600 0.272000 0.000000
0.857600 0.272000 0.000000
0.844529 0.065874 0.000000
