1069.000000 33.000000 0.000000
826.000000 34.000000 0.000000
963.000000 34.000000 0.000000
1160.000000 34.000000 0.000000
1175.000000 34.000000 0.000000
183.000000 35.000000 0.000000
795.000000 35.000000 0.000000
810.000000 35.000000 0.000000
847.000000 35.000000 0.000000
897.000000 35.000000 0.000000
911.000000 35.000000 0.000000
945.000000 35.000000 0.000000
986.000000 35.000000 0.000000
1005.000000 35.000000 0.000000
1143.000000 35.000000 0.000000
166.000000 36.000000 0.000000
200.000000 36.000000 0.000000
218.000000 36.000000 0.000000
772.000000 36.000000 0.000000
782.000000 36.000000 0.000000
882.000000 36.000000 0.000000
1082.000000 36.000000 0.000000
1198.000000 36.000000 0.000000
1212.000000 36.000000 0.000000
930.000000 37.000000 0.000000
1037.000000 37.000000 0.000000
1121.000000 37.000000 0.000000
232.000000 38.000000 0.000000
248.000000 38.000000 0.000000
268.000000 38.000000 0.000000
294.000000 38.000000 0.000000
340.000000 38.000000 0.000000
354.000000 38.000000 0.000000
373.000000 38.000000 0.000000
415.000000 38.000000 0.000000
724.000000 38.000000 0.000000
738.000000 38.000000 0.000000
755.000000 38.000000 0.000000
868.000000 38.000000 0.000000
1102.000000 38.000000 0.000000
313.000000 39.000000 0.000000
326.000000 39.000000 0.000000
428.000000 39.000000 0.000000
445.000000 39.000000 0.000000
689.000000 39.000000 0.000000
706.000000 39.000000 0.000000
396.000000 40.000000 0.000000
478.000000 40.000000 0.000000
495.000000 40.000000 0.000000
513.000000 40.000000 0.000000
564.000000 40.000000 0.000000
588.000000 40.000000 0.000000
643.000000 40.000000 0.000000
658.000000 40.000000 0.000000
671.000000 40.000000 0.000000
532.000000 41.000000 0.000000
548.000000 41.000000 0.000000
609.000000 42.000000 0.000000
628.000000 42.000000 0.000000
811.000000 51.000000 0.000000
829.000000 52.000000 0.000000
1005.000000 52.000000 0.000000
1017.000000 52.000000 0.000000
845.000000 53.000000 0.000000
857.000000 54.000000 0.000000
876.000000 54.000000 0.000000
905.000000 54.000000 0.000000
994.000000 54.000000 0.000000
945.000000 55.000000 0.000000
961.000000 55.000000 0.000000
976.000000 55.000000 0.000000
931.000000 57.000000 0.000000
720.000000 58.000000 0.000000
516.000000 59.000000 0.000000
647.000000 59.000000 0.000000
735.000000 59.000000 0.000000
747.000000 59.000000 0.000000
481.000000 60.000000 0.000000
530.000000 60.000000 0.000000
544.000000 60.000000 0.000000
560.000000 60.000000 0.000000
615.000000 60.000000 0.000000
665.000000 60.000000 0.000000
706.000000 60.000000 0.000000
759.000000 60.000000 0.000000
388.000000 61.000000 0.000000
464.000000 61.000000 0.000000
500.000000 61.000000 0.000000
579.000000 61.000000 0.000000
593.000000 61.000000 0.000000
629.000000 61.000000 0.000000
694.000000 61.000000 0.000000
203.000000 62.000000 0.000000
249.000000 62.000000 0.000000
341.000000 62.000000 0.000000
351.000000 62.000000 0.000000
371.000000 62.000000 0.000000
447.000000 62.000000 0.000000
220.000000 63.000000 0.000000
266.000000 63.000000 0.000000
285.000000 63.000000 0.000000
319.000000 63.000000 0.000000
404.000000 63.000000 0.000000
185.000000 64.000000 0.000000
234.000000 64.000000 0.000000
303.000000 64.000000 0.000000
423.000000 64.000000 0.000000
777.000000 65.000000 0.000000
793.000000 65.000000 0.000000
167.000000 66.000000 0.000000
805.000000 66.000000 0.000000
823.000000 68.000000 0.000000
840.000000 69.000000 0.000000
857.000000 70.000000 0.000000
870.000000 71.000000 0.000000
892.000000 72.000000 0.000000
964.000000 72.000000 0.000000
910.000000 73.000000 0.000000
927.000000 74.000000 0.000000
942.000000 74.000000 0.000000
1084.000000 80.000000 0.000000
1098.000000 80.000000 0.000000
86.000000 89.000000 0.000000
121.000000 89.000000 0.000000
138.000000 89.000000 0.000000
152.000000 89.000000 0.000000
105.000000 90.000000 0.000000
92.000000 120.000000 0.000000
109.000000 120.000000 0.000000
52.000000 121.000000 0.000000
30.000000 122.000000 0.000000
73.000000 122.000000 0.000000
873.000000 122.000000 0.000000
129.000000 123.000000 0.000000
673.000000 124.000000 0.000000
694.000000 124.000000 0.000000
745.000000 124.000000 0.000000
843.000000 124.000000 0.000000
798.000000 125.000000 0.000000
828.000000 125.000000 0.000000
857.000000 125.000000 0.000000
904.000000 125.000000 0.000000
932.000000 125.000000 0.000000
960.000000 125.000000 0.000000
646.000000 126.000000 0.000000
720.000000 126.000000 0.000000
769.000000 126.000000 0.000000
1072.000000 126.000000 0.000000
1090.000000 126.000000 0.000000
469.000000 127.000000 0.000000
562.000000 127.000000 0.000000
587.000000 127.000000 0.000000
606.000000 127.000000 0.000000
622.000000 127.000000 0.000000
988.000000 127.000000 0.000000
1037.000000 127.000000 0.000000
1052.000000 127.000000 0.000000
1106.000000 127.000000 0.000000
365.000000 128.000000 0.000000
1011.000000 128.000000 0.000000
410.000000 129.000000 0.000000
442.000000 129.000000 0.000000
495.000000 129.000000 0.000000
520.000000 129.000000 0.000000
539.000000 129.000000 0.000000
387.000000 130.000000 0.000000
170.000000 131.000000 0.000000
340.000000 131.000000 0.000000
185.000000 132.000000 0.000000
210.000000 132.000000 0.000000
286.000000 132.000000 0.000000
261.000000 133.000000 0.000000
312.000000 133.000000 0.000000
237.000000 134.000000 0.000000
102.000000 138.000000 0.000000
120.000000 139.000000 0.000000
31.000000 141.000000 0.000000
44.000000 141.000000 0.000000
75.000000 141.000000 0.000000
59.000000 142.000000 0.000000
802.000000 158.000000 0.000000
844.000000 158.000000 0.000000
953.000000 158.000000 0.000000
975.000000 158.000000 0.000000
575.000000 159.000000 0.000000
599.000000 159.000000 0.000000
642.000000 159.000000 0.000000
657.000000 159.000000 0.000000
689.000000 159.000000 0.000000
721.000000 159.000000 0.000000
822.000000 159.000000 0.000000
884.000000 159.000000 0.000000
908.000000 159.000000 0.000000
929.000000 159.000000 0.000000
611.000000 160.000000 0.000000
750.000000 160.000000 0.000000
778.000000 160.000000 0.000000
862.000000 160.000000 0.000000
998.000000 160.000000 0.000000
1026.000000 160.000000 0.000000
1099.000000 160.000000 0.000000
493.000000 161.000000 0.000000
524.000000 161.000000 0.000000
552.000000 161.000000 0.000000
628.000000 161.000000 0.000000
1065.000000 161.000000 0.000000
313.000000 163.000000 0.000000
368.000000 163.000000 0.000000
400.000000 163.000000 0.000000
427.000000 163.000000 0.000000
469.000000 163.000000 0.000000
243.000000 164.000000 0.000000
267.000000 164.000000 0.000000
290.000000 164.000000 0.000000
332.000000 164.000000 0.000000
349.000000 164.000000 0.000000
454.000000 164.000000 0.000000
222.000000 165.000000 0.000000
170.000000 166.000000 0.000000
196.000000 166.000000 0.000000
1046.000000 188.000000 0.000000
733.000000 190.000000 0.000000
983.000000 190.000000 0.000000
492.000000 191.000000 0.000000
526.000000 191.000000 0.000000
549.000000 191.000000 0.000000
577.000000 191.000000 0.000000
679.000000 191.000000 0.000000
958.000000 191.000000 0.000000
1012.000000 191.000000 0.000000
1107.000000 191.000000 0.000000
700.000000 192.000000 0.000000
713.000000 192.000000 0.000000
878.000000 192.000000 0.000000
941.000000 192.000000 0.000000
334.000000 193.000000 0.000000
383.000000 193.000000 0.000000
416.000000 193.000000 0.000000
438.000000 193.000000 0.000000
463.000000 193.000000 0.000000
603.000000 193.000000 0.000000
632.000000 193.000000 0.000000
752.000000 193.000000 0.000000
777.000000 193.000000 0.000000
801.000000 193.000000 0.000000
856.000000 193.000000 0.000000
1072.000000 193.000000 0.000000
358.000000 194.000000 0.000000
657.000000 194.000000 0.000000
835.000000 194.000000 0.000000
903.000000 194.000000 0.000000
924.000000 194.000000 0.000000
196.000000 196.000000 0.000000
220.000000 196.000000 0.000000
243.000000 196.000000 0.000000
292.000000 196.000000 0.000000
313.000000 196.000000 0.000000
169.000000 197.000000 0.000000
266.000000 197.000000 0.000000
104.000000 216.000000 0.000000
80.000000 217.000000 0.000000
44.000000 218.000000 0.000000
62.000000 218.000000 0.000000
1181.000000 218.000000 0.000000
30.000000 219.000000 0.000000
1162.000000 219.000000 0.000000
841.000000 220.000000 0.000000
926.000000 220.000000 0.000000
1113.000000 220.000000 0.000000
635.000000 221.000000 0.000000
1025.000000 221.000000 0.000000
1073.000000 221.000000 0.000000
1098.000000 221.000000 0.000000
614.000000 222.000000 0.000000
784.000000 222.000000 0.000000
951.000000 222.000000 0.000000
1048.000000 222.000000 0.000000
426.000000 223.000000 0.000000
452.000000 223.000000 0.000000
564.000000 223.000000 0.000000
716.000000 223.000000 0.000000
807.000000 223.000000 0.000000
859.000000 223.000000 0.000000
884.000000 223.000000 0.000000
975.000000 223.000000 0.000000
999.000000 223.000000 0.000000
402.000000 224.000000 0.000000
588.000000 224.000000 0.000000
659.000000 224.000000 0.000000
697.000000 224.000000 0.000000
737.000000 224.000000 0.000000
909.000000 224.000000 0.000000
478.000000 225.000000 0.000000
514.000000 225.000000 0.000000
538.000000 225.000000 0.000000
678.000000 225.000000 0.000000
760.000000 225.000000 0.000000
355.000000 226.000000 0.000000
379.000000 226.000000 0.000000
338.000000 227.000000 0.000000
320.000000 228.000000 0.000000
235.000000 229.000000 0.000000
298.000000 229.000000 0.000000
165.000000 230.000000 0.000000
191.000000 230.000000 0.000000
217.000000 230.000000 0.000000
260.000000 230.000000 0.000000
279.000000 230.000000 0.000000
1089.000000 251.000000 0.000000
1109.000000 251.000000 0.000000
1004.000000 253.000000 0.000000
1062.000000 253.000000 0.000000
669.000000 254.000000 0.000000
686.000000 254.000000 0.000000
731.000000 254.000000 0.000000
821.000000 254.000000 0.000000
954.000000 254.000000 0.000000
977.000000 254.000000 0.000000
1034.000000 254.000000 0.000000
649.000000 255.000000 0.000000
699.000000 255.000000 0.000000
712.000000 255.000000 0.000000
754.000000 255.000000 0.000000
774.000000 255.000000 0.000000
840.000000 255.000000 0.000000
488.000000 256.000000 0.000000
598.000000 256.000000 0.000000
799.000000 256.000000 0.000000
862.000000 256.000000 0.000000
889.000000 256.000000 0.000000
920.000000 256.000000 0.000000
940.000000 256.000000 0.000000
432.000000 257.000000 0.000000
513.000000 257.000000 0.000000
560.000000 257.000000 0.000000
625.000000 257.000000 0.000000
408.000000 258.000000 0.000000
461.000000 258.000000 0.000000
580.000000 258.000000 0.000000
261.000000 259.000000 0.000000
364.000000 259.000000 0.000000
382.000000 259.000000 0.000000
538.000000 259.000000 0.000000
237.000000 260.000000 0.000000
288.000000 261.000000 0.000000
308.000000 261.000000 0.000000
339.000000 261.000000 0.000000
215.000000 262.000000 0.000000
165.000000 263.000000 0.000000
199.000000 265.000000 0.000000
1105.000000 281.000000 0.000000
1052.000000 283.000000 0.000000
978.000000 284.000000 0.000000
1026.000000 284.000000 0.000000
1077.000000 284.000000 0.000000
706.000000 285.000000 0.000000
838.000000 285.000000 0.000000
858.000000 285.000000 0.000000
1001.000000 285.000000 0.000000
672.000000 286.000000 0.000000
812.000000 286.000000 0.000000
926.000000 286.000000 0.000000
951.000000 286.000000 0.000000
627.000000 287.000000 0.000000
651.000000 287.000000 0.000000
689.000000 287.000000 0.000000
725.000000 287.000000 0.000000
890.000000 287.000000 0.000000
560.000000 288.000000 0.000000
605.000000 288.000000 0.000000
753.000000 288.000000 0.000000
443.000000 289.000000 0.000000
537.000000 289.000000 0.000000
584.000000 289.000000 0.000000
780.000000 289.000000 0.000000
422.000000 290.000000 0.000000
461.000000 290.000000 0.000000
505.000000 290.000000 0.000000
482.000000 291.000000 0.000000
329.000000 292.000000 0.000000
402.000000 292.000000 0.000000
357.000000 293.000000 0.000000
378.000000 293.000000 0.000000
164.000000 294.000000 0.000000
280.000000 294.000000 0.000000
297.000000 294.000000 0.000000
258.000000 295.000000 0.000000
310.000000 295.000000 0.000000
186.000000 296.000000 0.000000
207.000000 296.000000 0.000000
237.000000 296.000000 0.000000
1092.000000 314.000000 0.000000
1109.000000 314.000000 0.000000
1050.000000 315.000000 0.000000
1073.000000 316.000000 0.000000
981.000000 317.000000 0.000000
930.000000 318.000000 0.000000
960.000000 318.000000 0.000000
1003.000000 318.000000 0.000000
1025.000000 318.000000 0.000000
825.000000 319.000000 0.000000
804.000000 320.000000 0.000000
859.000000 320.000000 0.000000
879.000000 320.000000 0.000000
900.000000 320.000000 0.000000
643.000000 321.000000 0.000000
744.000000 321.000000 0.000000
581.000000 322.000000 0.000000
661.000000 322.000000 0.000000
681.000000 322.000000 0.000000
775.000000 322.000000 0.000000
554.000000 323.000000 0.000000
623.000000 323.000000 0.000000
161.000000 324.000000 0.000000
488.000000 324.000000 0.000000
603.000000 324.000000 0.000000
707.000000 324.000000 0.000000
191.000000 325.000000 0.000000
360.000000 325.000000 0.000000
411.000000 325.000000 0.000000
458.000000 325.000000 0.000000
472.000000 325.000000 0.000000
509.000000 325.000000 0.000000
529.000000 325.000000 0.000000
210.000000 326.000000 0.000000
252.000000 326.000000 0.000000
267.000000 326.000000 0.000000
434.000000 326.000000 0.000000
230.000000 327.000000 0.000000
293.000000 327.000000 0.000000
383.000000 327.000000 0.000000
324.000000 328.000000 0.000000
334.000000 328.000000 0.000000
113.000000 346.000000 0.000000
58.000000 347.000000 0.000000
80.000000 347.000000 0.000000
98.000000 347.000000 0.000000
131.000000 347.000000 0.000000
973.000000 349.000000 0.000000
39.000000 350.000000 0.000000
995.000000 350.000000 0.000000
1019.000000 350.000000 0.000000
1073.000000 350.000000 0.000000
1105.000000 350.000000 0.000000
804.000000 351.000000 0.000000
829.000000 351.000000 0.000000
909.000000 351.000000 0.000000
1045.000000 351.000000 0.000000
885.000000 352.000000 0.000000
929.000000 352.000000 0.000000
949.000000 352.000000 0.000000
755.000000 353.000000 0.000000
777.000000 354.000000 0.000000
857.000000 354.000000 0.000000
179.000000 355.000000 0.000000
537.000000 355.000000 0.000000
161.000000 356.000000 0.000000
200.000000 356.000000 0.000000
516.000000 356.000000 0.000000
650.000000 356.000000 0.000000
219.000000 357.000000 0.000000
667.000000 357.000000 0.000000
732.000000 357.000000 0.000000
424.000000 358.000000 0.000000
471.000000 358.000000 0.000000
491.000000 358.000000 0.000000
561.000000 358.000000 0.000000
582.000000 358.000000 0.000000
682.000000 358.000000 0.000000
403.000000 359.000000 0.000000
443.000000 359.000000 0.000000
617.000000 359.000000 0.000000
705.000000 359.000000 0.000000
268.000000 360.000000 0.000000
245.000000 361.000000 0.000000
288.000000 361.000000 0.000000
366.000000 361.000000 0.000000
384.000000 361.000000 0.000000
341.000000 363.000000 0.000000
316.000000 365.000000 0.000000
37.000000 367.000000 0.000000
78.000000 367.000000 0.000000
59.000000 368.000000 0.000000
1103.000000 398.000000 0.000000
1119.000000 398.000000 0.000000
939.000000 400.000000 0.000000
1085.000000 400.000000 0.000000
956.000000 401.000000 0.000000
1049.000000 401.000000 0.000000
1136.000000 401.000000 0.000000
972.000000 402.000000 0.000000
988.000000 402.000000 0.000000
1018.000000 402.000000 0.000000
1033.000000 402.000000 0.000000
1068.000000 402.000000 0.000000
920.000000 403.000000 0.000000
1002.000000 404.000000 0.000000
821.000000 405.000000 0.000000
854.000000 405.000000 0.000000
868.000000 405.000000 0.000000
882.000000 405.000000 0.000000
897.000000 405.000000 0.000000
838.000000 406.000000 0.000000
795.000000 409.000000 0.000000
780.000000 410.000000 0.000000
737.000000 412.000000 0.000000
752.000000 412.000000 0.000000
681.000000 413.000000 0.000000
601.000000 414.000000 0.000000
694.000000 414.000000 0.000000
616.000000 415.000000 0.000000
637.000000 415.000000 0.000000
649.000000 415.000000 0.000000
716.000000 415.000000 0.000000
584.000000 416.000000 0.000000
533.000000 417.000000 0.000000
548.000000 417.000000 0.000000
565.000000 417.000000 0.000000
520.000000 418.000000 0.000000
491.000000 419.000000 0.000000
509.000000 419.000000 0.000000
237.000000 420.000000 0.000000
319.000000 420.000000 0.000000
474.000000 420.000000 0.000000
215.000000 421.000000 0.000000
339.000000 421.000000 0.000000
390.000000 421.000000 0.000000
174.000000 422.000000 0.000000
196.000000 422.000000 0.000000
252.000000 422.000000 0.000000
268.000000 422.000000 0.000000
303.000000 422.000000 0.000000
362.000000 422.000000 0.000000
377.000000 422.000000 0.000000
406.000000 422.000000 0.000000
442.000000 422.000000 0.000000
459.000000 422.000000 0.000000
289.000000 423.000000 0.000000
427.000000 423.000000 0.000000
162.000000 424.000000 0.000000
1159.947500 398.057500 0.000000
1148.518750 400.913750 0.000000
25.661250 202.342500 0.000000
