0.251200 0.020800 0.000000
0.264800 0.020800 0.000000
0.274400 0.020800 0.000000
0.241600 0.021600 0.000000
0.285600 0.022400 0.000000
0.301600 0.023200 0.000000
0.320000 0.024000 0.000000
0.335200 0.024000 0.000000
0.346400 0.024000 0.000000
0.390400 0.024000 0.000000
0.376000 0.024800 0.000000
0.400000 0.025600 0.000000
0.416800 0.025600 0.000000
0.446400 0.025600 0.000000
0.472000 0.025600 0.000000
0.365600 0.026400 0.000000
0.429600 0.026400 0.000000
0.456800 0.026400 0.000000
0.482400 0.027200 0.000000
0.098400 0.046400 0.000000
0.126400 0.048000 0.000000
0.140800 0.048000 0.000000
0.112800 0.048800 0.000000
0.152000 0.048800 0.000000
0.858400 0.070400 0.000000
0.868000 0.071200 0.000000
0.827200 0.086400 0.000000
0.137600 0.093600 0.000000
0.156000 0.093600 0.000000
0.177600 0.094400 0.000000
0.196000 0.094400 0.000000
0.213600 0.094400 0.000000
0.234400 0.095200 0.000000
0.255200 0.095200 0.000000
0.316800 0.095200 0.000000
0.275200 0.096000 0.000000
0.300000 0.096000 0.000000
0.357600 0.096800 0.000000
0.339200 0.097600 0.000000
0.429600 0.097600 0.000000
0.440800 0.097600 0.000000
0.376800 0.098400 0.000000
0.419200 0.098400 0.000000
0.455200 0.098400 0.000000
0.474400 0.098400 0.000000
0.564000 0.098400 0.000000
0.074400 0.099200 0.000000
0.396800 0.099200 0.000000
0.491200 0.099200 0.000000
0.511200 0.099200 0.000000
0.589600 0.099200 0.000000
0.526400 0.100000 0.000000
0.534400 0.100000 0.000000
0.034400 0.100800 0.000000
0.044800 0.100800 0.000000
0.548000 0.100800 0.000000
0.057600 0.101600 0.000000
0.640800 0.102400 0.000000
0.660800 0.102400 0.000000
0.712000 0.102400 0.000000
0.840800 0.102400 0.000000
0.616800 0.103200 0.000000
0.681600 0.103200 0.000000
0.728800 0.103200 0.000000
0.756800 0.103200 0.000000
0.699200 0.104000 0.000000
0.744800 0.104000 0.000000
0.764800 0.104000 0.000000
0.822400 0.104000 0.000000
0.859200 0.104000 0.000000
0.878400 0.104000 0.000000
0.779200 0.104800 0.000000
0.796800 0.104800 0.000000
0.132000 0.114400 0.000000
0.145600 0.117600 0.000000
0.160000 0.118400 0.000000
0.184000 0.119200 0.000000
0.202400 0.119200 0.000000
0.222400 0.119200 0.000000
0.280800 0.119200 0.000000
0.264000 0.120000 0.000000
0.346400 0.120000 0.000000
0.369600 0.120000 0.000000
0.390400 0.120000 0.000000
0.244000 0.120800 0.000000
0.315200 0.120800 0.000000
0.448000 0.120800 0.000000
0.297600 0.121600 0.000000
0.329600 0.121600 0.000000
0.432000 0.121600 0.000000
0.464800 0.121600 0.000000
0.410400 0.122400 0.000000
0.483200 0.122400 0.000000
0.546400 0.123200 0.000000
0.566400 0.123200 0.000000
0.585600 0.123200 0.000000
0.512000 0.124000 0.000000
0.529600 0.124000 0.000000
0.758400 0.124000 0.000000
0.498400 0.124800 0.000000
0.602400 0.124800 0.000000
0.640000 0.124800 0.000000
0.655200 0.124800 0.000000
0.670400 0.124800 0.000000
0.705600 0.124800 0.000000
0.721600 0.124800 0.000000
0.738400 0.125600 0.000000
0.625600 0.126400 0.000000
0.685600 0.126400 0.000000
0.845600 0.126400 0.000000
0.773600 0.127200 0.000000
0.829600 0.127200 0.000000
0.790400 0.128000 0.000000
0.812800 0.128000 0.000000
0.871200 0.128800 0.000000
0.355200 0.131200 0.000000
0.079200 0.140000 0.000000
0.090400 0.140000 0.000000
0.044000 0.140800 0.000000
0.057600 0.140800 0.000000
0.100000 0.140800 0.000000
0.029600 0.141600 0.000000
0.152000 0.144000 0.000000
0.197600 0.144000 0.000000
0.134400 0.144800 0.000000
0.173600 0.144800 0.000000
0.216800 0.144800 0.000000
0.238400 0.145600 0.000000
0.272000 0.145600 0.000000
0.515200 0.145600 0.000000
0.255200 0.146400 0.000000
0.372800 0.146400 0.000000
0.389600 0.146400 0.000000
0.401600 0.146400 0.000000
0.447200 0.146400 0.000000
0.494400 0.146400 0.000000
0.533600 0.146400 0.000000
0.969600 0.146400 0.000000
0.282400 0.147200 0.000000
0.300800 0.147200 0.000000
0.320000 0.147200 0.000000
0.356800 0.147200 0.000000
0.430400 0.147200 0.000000
0.464000 0.147200 0.000000
0.651200 0.147200 0.000000
0.723200 0.147200 0.000000
0.925600 0.147200 0.000000
0.946400 0.147200 0.000000
0.958400 0.147200 0.000000
0.414400 0.148000 0.000000
0.478400 0.148000 0.000000
0.551200 0.148000 0.000000
0.569600 0.148000 0.000000
0.608800 0.148000 0.000000
0.900800 0.148000 0.000000
0.912800 0.148000 0.000000
0.937600 0.148000 0.000000
0.341600 0.148800 0.000000
0.589600 0.148800 0.000000
0.625600 0.148800 0.000000
0.683200 0.148800 0.000000
0.700800 0.148800 0.000000
0.733600 0.148800 0.000000
0.766400 0.148800 0.000000
0.749600 0.149600 0.000000
0.780800 0.149600 0.000000
0.840800 0.149600 0.000000
0.857600 0.149600 0.000000
0.872000 0.149600 0.000000
0.796000 0.150400 0.000000
0.818400 0.150400 0.000000
0.829600 0.150400 0.000000
0.884800 0.150400 0.000000
0.732000 0.161600 0.000000
0.903200 0.161600 0.000000
0.935200 0.161600 0.000000
0.948800 0.161600 0.000000
0.701600 0.162400 0.000000
0.712800 0.162400 0.000000
0.722400 0.162400 0.000000
0.918400 0.162400 0.000000
0.800000 0.163200 0.000000
0.964800 0.163200 0.000000
0.084000 0.164000 0.000000
0.098400 0.164000 0.000000
0.789600 0.164000 0.000000
0.028000 0.165600 0.000000
0.051200 0.165600 0.000000
0.059200 0.165600 0.000000
0.070400 0.165600 0.000000
0.150400 0.166400 0.000000
0.040000 0.167200 0.000000
0.135200 0.167200 0.000000
0.189600 0.167200 0.000000
0.168000 0.168000 0.000000
0.212800 0.168800 0.000000
0.235200 0.168800 0.000000
0.373600 0.169600 0.000000
0.253600 0.170400 0.000000
0.423200 0.170400 0.000000
0.271200 0.171200 0.000000
0.290400 0.171200 0.000000
0.332800 0.171200 0.000000
0.400000 0.171200 0.000000
0.312000 0.172000 0.000000
0.443200 0.172000 0.000000
0.502400 0.172000 0.000000
0.556000 0.172000 0.000000
0.349600 0.172800 0.000000
0.462400 0.172800 0.000000
0.609600 0.172800 0.000000
0.515200 0.173600 0.000000
0.574400 0.173600 0.000000
0.591200 0.173600 0.000000
0.629600 0.173600 0.000000
0.645600 0.173600 0.000000
0.672800 0.173600 0.000000
0.692800 0.173600 0.000000
0.856000 0.173600 0.000000
0.876800 0.173600 0.000000
0.903200 0.173600 0.000000
0.486400 0.174400 0.000000
0.916800 0.174400 0.000000
0.536000 0.175200 0.000000
0.711200 0.175200 0.000000
0.730400 0.175200 0.000000
0.752000 0.175200 0.000000
0.773600 0.175200 0.000000
0.819200 0.175200 0.000000
0.836800 0.175200 0.000000
0.928000 0.175200 0.000000
0.788800 0.176000 0.000000
0.801600 0.176000 0.000000
0.292000 0.184800 0.000000
0.301600 0.184800 0.000000
0.283200 0.185600 0.000000
0.113600 0.188000 0.000000
0.070400 0.188800 0.000000
0.085600 0.188800 0.000000
0.099200 0.188800 0.000000
0.028800 0.191200 0.000000
0.054400 0.191200 0.000000
0.135200 0.191200 0.000000
0.041600 0.192000 0.000000
0.152000 0.192000 0.000000
0.168800 0.192800 0.000000
0.192800 0.192800 0.000000
0.238400 0.194400 0.000000
0.436800 0.194400 0.000000
0.492000 0.194400 0.000000
0.214400 0.195200 0.000000
0.328000 0.195200 0.000000
0.397600 0.195200 0.000000
0.416000 0.195200 0.000000
0.253600 0.196000 0.000000
0.338400 0.196000 0.000000
0.356000 0.196000 0.000000
0.375200 0.196000 0.000000
0.454400 0.196000 0.000000
0.300000 0.196800 0.000000
0.532000 0.196800 0.000000
0.552800 0.196800 0.000000
0.284000 0.197600 0.000000
0.473600 0.197600 0.000000
0.269600 0.198400 0.000000
0.513600 0.198400 0.000000
0.580000 0.198400 0.000000
0.596800 0.198400 0.000000
0.619200 0.199200 0.000000
0.669600 0.199200 0.000000
0.682400 0.199200 0.000000
0.630400 0.200000 0.000000
0.652800 0.200000 0.000000
0.696000 0.200000 0.000000
0.758400 0.200000 0.000000
0.714400 0.200800 0.000000
0.733600 0.200800 0.000000
0.776000 0.201600 0.000000
0.790400 0.201600 0.000000
0.807200 0.202400 0.000000
0.828000 0.203200 0.000000
0.040800 0.204000 0.000000
0.840800 0.204000 0.000000
0.856000 0.204000 0.000000
0.028000 0.204800 0.000000
0.879200 0.205600 0.000000
0.120000 0.216800 0.000000
0.140000 0.218400 0.000000
0.056000 0.220800 0.000000
0.069600 0.220800 0.000000
0.086400 0.220800 0.000000
0.103200 0.220800 0.000000
0.160000 0.220800 0.000000
0.037600 0.221600 0.000000
0.330400 0.221600 0.000000
0.183200 0.222400 0.000000
0.234400 0.222400 0.000000
0.249600 0.222400 0.000000
0.312000 0.222400 0.000000
0.214400 0.223200 0.000000
0.268000 0.223200 0.000000
0.196800 0.224000 0.000000
0.346400 0.224000 0.000000
0.290400 0.224800 0.000000
0.359200 0.224800 0.000000
0.370400 0.224800 0.000000
0.409600 0.225600 0.000000
0.426400 0.225600 0.000000
0.439200 0.225600 0.000000
0.657600 0.225600 0.000000
0.392800 0.226400 0.000000
0.456000 0.226400 0.000000
0.496000 0.226400 0.000000
0.617600 0.226400 0.000000
0.636000 0.226400 0.000000
0.700000 0.226400 0.000000
0.476000 0.227200 0.000000
0.517600 0.227200 0.000000
0.539200 0.227200 0.000000
0.682400 0.227200 0.000000
0.721600 0.227200 0.000000
0.563200 0.228000 0.000000
0.602400 0.228000 0.000000
0.742400 0.228000 0.000000
0.579200 0.228800 0.000000
0.592000 0.228800 0.000000
0.760800 0.228800 0.000000
0.842400 0.228800 0.000000
0.779200 0.229600 0.000000
0.792800 0.229600 0.000000
0.811200 0.229600 0.000000
0.864000 0.229600 0.000000
0.880800 0.230400 0.000000
0.134400 0.234400 0.000000
0.101600 0.239200 0.000000
0.064800 0.240000 0.000000
0.112000 0.240000 0.000000
0.122400 0.240000 0.000000
0.032800 0.241600 0.000000
0.048800 0.241600 0.000000
0.085600 0.241600 0.000000
0.170400 0.247200 0.000000
0.145600 0.248000 0.000000
0.219200 0.248800 0.000000
0.236800 0.248800 0.000000
0.189600 0.249600 0.000000
0.280800 0.249600 0.000000
0.205600 0.250400 0.000000
0.254400 0.250400 0.000000
0.297600 0.250400 0.000000
0.313600 0.250400 0.000000
0.331200 0.250400 0.000000
0.352000 0.250400 0.000000
0.440000 0.251200 0.000000
0.460800 0.251200 0.000000
0.689600 0.251200 0.000000
0.372000 0.252000 0.000000
0.393600 0.252000 0.000000
0.416000 0.252000 0.000000
0.482400 0.252800 0.000000
0.500000 0.252800 0.000000
0.585600 0.252800 0.000000
0.645600 0.252800 0.000000
0.602400 0.253600 0.000000
0.517600 0.254400 0.000000
0.564800 0.254400 0.000000
0.626400 0.254400 0.000000
0.710400 0.254400 0.000000
0.745600 0.254400 0.000000
0.538400 0.255200 0.000000
0.667200 0.255200 0.000000
0.728800 0.255200 0.000000
0.796000 0.255200 0.000000
0.815200 0.255200 0.000000
0.763200 0.256000 0.000000
0.779200 0.256800 0.000000
0.832000 0.256800 0.000000
0.852800 0.256800 0.000000
0.878400 0.258400 0.000000
0.138400 0.271200 0.000000
0.156800 0.272800 0.000000
0.179200 0.274400 0.000000
0.197600 0.275200 0.000000
0.283200 0.275200 0.000000
0.301600 0.275200 0.000000
0.323200 0.276800 0.000000
0.368800 0.276800 0.000000
0.391200 0.276800 0.000000
0.413600 0.276800 0.000000
0.440800 0.276800 0.000000
0.215200 0.277600 0.000000
0.232800 0.277600 0.000000
0.258400 0.277600 0.000000
0.462400 0.277600 0.000000
0.644800 0.277600 0.000000
0.339200 0.278400 0.000000
0.497600 0.279200 0.000000
0.592800 0.279200 0.000000
0.618400 0.279200 0.000000
0.666400 0.279200 0.000000
0.484000 0.280000 0.000000
0.570400 0.280000 0.000000
0.685600 0.280000 0.000000
0.518400 0.280800 0.000000
0.535200 0.280800 0.000000
0.552000 0.281600 0.000000
0.700800 0.281600 0.000000
0.739200 0.281600 0.000000
0.754400 0.281600 0.000000
0.780000 0.281600 0.000000
0.828800 0.281600 0.000000
0.847200 0.281600 0.000000
0.720000 0.282400 0.000000
0.809600 0.282400 0.000000
0.861600 0.282400 0.000000
0.880000 0.284000 0.000000
0.908800 0.284000 0.000000
0.928000 0.284800 0.000000
0.944800 0.285600 0.000000
0.185600 0.316800 0.000000
0.219200 0.316800 0.000000
0.200800 0.317600 0.000000
0.237600 0.317600 0.000000
0.168800 0.318400 0.000000
0.141600 0.319200 0.000000
0.153600 0.319200 0.000000
0.252800 0.319200 0.000000
0.365600 0.320000 0.000000
0.376800 0.320000 0.000000
0.268000 0.320800 0.000000
0.285600 0.320800 0.000000
0.300000 0.320800 0.000000
0.313600 0.320800 0.000000
0.324800 0.320800 0.000000
0.336800 0.320800 0.000000
0.352000 0.320800 0.000000
0.390400 0.321600 0.000000
0.407200 0.323200 0.000000
0.743386 0.161303 0.000000
0.807386 0.162446 0.000000
0.328529 0.131017 0.000000
0.340529 0.131589 0.000000
0.315958 0.185303 0.000000
0.327386 0.183589 0.000000
