257.000000 82.000000 0.000000
226.000000 83.000000 0.000000
243.000000 83.000000 0.000000
183.000000 84.000000 0.000000
204.000000 84.000000 0.000000
1050.000000 108.000000 0.000000
299.000000 126.000000 0.000000
345.000000 126.000000 0.000000
368.000000 126.000000 0.000000
170.000000 127.000000 0.000000
274.000000 127.000000 0.000000
321.000000 127.000000 0.000000
463.000000 127.000000 0.000000
190.000000 128.000000 0.000000
210.000000 128.000000 0.000000
227.000000 128.000000 0.000000
247.000000 129.000000 0.000000
407.000000 129.000000 0.000000
435.000000 129.000000 0.000000
487.000000 129.000000 0.000000
507.000000 129.000000 0.000000
560.000000 129.000000 0.000000
539.000000 130.000000 0.000000
581.000000 131.000000 0.000000
596.000000 131.000000 0.000000
613.000000 131.000000 0.000000
632.000000 133.000000 0.000000
653.000000 134.000000 0.000000
808.000000 134.000000 0.000000
873.000000 134.000000 0.000000
668.000000 135.000000 0.000000
680.000000 135.000000 0.000000
698.000000 135.000000 0.000000
722.000000 135.000000 0.000000
748.000000 135.000000 0.000000
767.000000 135.000000 0.000000
786.000000 135.000000 0.000000
829.000000 135.000000 0.000000
851.000000 135.000000 0.000000
917.000000 135.000000 0.000000
895.000000 136.000000 0.000000
938.000000 136.000000 0.000000
960.000000 137.000000 0.000000
1059.000000 137.000000 0.000000
1087.000000 137.000000 0.000000
1108.000000 137.000000 0.000000
1016.000000 138.000000 0.000000
1040.000000 138.000000 0.000000
986.000000 139.000000 0.000000
600.000000 145.000000 0.000000
585.000000 148.000000 0.000000
1186.000000 162.000000 0.000000
169.000000 163.000000 0.000000
194.000000 163.000000 0.000000
1172.000000 163.000000 0.000000
1201.000000 163.000000 0.000000
1213.000000 163.000000 0.000000
355.000000 164.000000 0.000000
431.000000 164.000000 0.000000
1157.000000 164.000000 0.000000
217.000000 165.000000 0.000000
238.000000 165.000000 0.000000
253.000000 165.000000 0.000000
313.000000 165.000000 0.000000
333.000000 165.000000 0.000000
479.000000 165.000000 0.000000
496.000000 165.000000 0.000000
605.000000 165.000000 0.000000
299.000000 166.000000 0.000000
389.000000 166.000000 0.000000
453.000000 166.000000 0.000000
566.000000 166.000000 0.000000
590.000000 166.000000 0.000000
634.000000 166.000000 0.000000
660.000000 166.000000 0.000000
732.000000 166.000000 0.000000
755.000000 166.000000 0.000000
1131.000000 166.000000 0.000000
1144.000000 166.000000 0.000000
412.000000 167.000000 0.000000
517.000000 167.000000 0.000000
685.000000 167.000000 0.000000
712.000000 167.000000 0.000000
785.000000 168.000000 0.000000
806.000000 168.000000 0.000000
1072.000000 168.000000 0.000000
543.000000 169.000000 0.000000
826.000000 169.000000 0.000000
850.000000 169.000000 0.000000
1029.000000 169.000000 0.000000
1051.000000 169.000000 0.000000
878.000000 170.000000 0.000000
900.000000 170.000000 0.000000
1003.000000 170.000000 0.000000
1096.000000 170.000000 0.000000
922.000000 171.000000 0.000000
980.000000 172.000000 0.000000
952.000000 173.000000 0.000000
280.000000 198.000000 0.000000
235.000000 199.000000 0.000000
255.000000 199.000000 0.000000
306.000000 199.000000 0.000000
573.000000 199.000000 0.000000
172.000000 200.000000 0.000000
204.000000 200.000000 0.000000
405.000000 200.000000 0.000000
477.000000 200.000000 0.000000
342.000000 201.000000 0.000000
376.000000 201.000000 0.000000
426.000000 201.000000 0.000000
450.000000 201.000000 0.000000
507.000000 201.000000 0.000000
527.000000 201.000000 0.000000
555.000000 201.000000 0.000000
594.000000 201.000000 0.000000
767.000000 202.000000 0.000000
665.000000 203.000000 0.000000
698.000000 203.000000 0.000000
788.000000 203.000000 0.000000
1063.000000 203.000000 0.000000
718.000000 204.000000 0.000000
802.000000 204.000000 0.000000
1003.000000 204.000000 0.000000
1032.000000 204.000000 0.000000
1094.000000 204.000000 0.000000
620.000000 205.000000 0.000000
645.000000 205.000000 0.000000
741.000000 205.000000 0.000000
821.000000 205.000000 0.000000
877.000000 205.000000 0.000000
840.000000 206.000000 0.000000
920.000000 206.000000 0.000000
943.000000 206.000000 0.000000
972.000000 206.000000 0.000000
858.000000 207.000000 0.000000
899.000000 208.000000 0.000000
171.000000 234.000000 0.000000
192.000000 234.000000 0.000000
627.000000 234.000000 0.000000
236.000000 235.000000 0.000000
265.000000 235.000000 0.000000
311.000000 235.000000 0.000000
329.000000 235.000000 0.000000
466.000000 235.000000 0.000000
556.000000 235.000000 0.000000
216.000000 236.000000 0.000000
283.000000 236.000000 0.000000
532.000000 236.000000 0.000000
605.000000 236.000000 0.000000
655.000000 236.000000 0.000000
297.000000 237.000000 0.000000
353.000000 237.000000 0.000000
381.000000 237.000000 0.000000
403.000000 237.000000 0.000000
422.000000 237.000000 0.000000
441.000000 237.000000 0.000000
487.000000 237.000000 0.000000
508.000000 237.000000 0.000000
582.000000 237.000000 0.000000
809.000000 237.000000 0.000000
676.000000 238.000000 0.000000
705.000000 238.000000 0.000000
729.000000 238.000000 0.000000
692.000000 239.000000 0.000000
840.000000 239.000000 0.000000
782.000000 240.000000 0.000000
869.000000 240.000000 0.000000
893.000000 240.000000 0.000000
1042.000000 240.000000 0.000000
1082.000000 240.000000 0.000000
754.000000 241.000000 0.000000
909.000000 241.000000 0.000000
988.000000 241.000000 0.000000
1018.000000 241.000000 0.000000
1059.000000 241.000000 0.000000
1105.000000 241.000000 0.000000
937.000000 242.000000 0.000000
959.000000 242.000000 0.000000
801.000000 258.000000 0.000000
209.000000 267.000000 0.000000
232.000000 268.000000 0.000000
258.000000 268.000000 0.000000
190.000000 269.000000 0.000000
284.000000 269.000000 0.000000
344.000000 269.000000 0.000000
366.000000 269.000000 0.000000
382.000000 269.000000 0.000000
403.000000 269.000000 0.000000
425.000000 269.000000 0.000000
170.000000 270.000000 0.000000
316.000000 270.000000 0.000000
525.000000 270.000000 0.000000
145.000000 271.000000 0.000000
459.000000 271.000000 0.000000
480.000000 271.000000 0.000000
501.000000 271.000000 0.000000
548.000000 271.000000 0.000000
573.000000 271.000000 0.000000
597.000000 271.000000 0.000000
715.000000 271.000000 0.000000
654.000000 272.000000 0.000000
128.000000 273.000000 0.000000
627.000000 273.000000 0.000000
687.000000 273.000000 0.000000
735.000000 273.000000 0.000000
786.000000 275.000000 0.000000
818.000000 275.000000 0.000000
758.000000 276.000000 0.000000
844.000000 276.000000 0.000000
975.000000 276.000000 0.000000
950.000000 277.000000 0.000000
999.000000 277.000000 0.000000
1052.000000 277.000000 0.000000
1075.000000 277.000000 0.000000
870.000000 278.000000 0.000000
928.000000 278.000000 0.000000
1026.000000 278.000000 0.000000
896.000000 279.000000 0.000000
1097.000000 279.000000 0.000000
193.000000 306.000000 0.000000
265.000000 306.000000 0.000000
220.000000 307.000000 0.000000
243.000000 307.000000 0.000000
286.000000 307.000000 0.000000
313.000000 307.000000 0.000000
335.000000 307.000000 0.000000
361.000000 307.000000 0.000000
385.000000 307.000000 0.000000
601.000000 307.000000 0.000000
771.000000 307.000000 0.000000
170.000000 308.000000 0.000000
413.000000 308.000000 0.000000
426.000000 308.000000 0.000000
657.000000 308.000000 0.000000
944.000000 308.000000 0.000000
466.000000 309.000000 0.000000
486.000000 309.000000 0.000000
549.000000 309.000000 0.000000
576.000000 309.000000 0.000000
629.000000 309.000000 0.000000
711.000000 309.000000 0.000000
1104.000000 309.000000 0.000000
446.000000 310.000000 0.000000
525.000000 310.000000 0.000000
742.000000 310.000000 0.000000
795.000000 310.000000 0.000000
505.000000 311.000000 0.000000
833.000000 311.000000 0.000000
861.000000 311.000000 0.000000
912.000000 311.000000 0.000000
971.000000 311.000000 0.000000
991.000000 311.000000 0.000000
1017.000000 311.000000 0.000000
1085.000000 311.000000 0.000000
1061.000000 312.000000 0.000000
680.000000 313.000000 0.000000
889.000000 314.000000 0.000000
1039.000000 314.000000 0.000000
171.000000 339.000000 0.000000
196.000000 340.000000 0.000000
332.000000 340.000000 0.000000
501.000000 340.000000 0.000000
222.000000 341.000000 0.000000
248.000000 341.000000 0.000000
301.000000 341.000000 0.000000
275.000000 342.000000 0.000000
358.000000 342.000000 0.000000
380.000000 342.000000 0.000000
477.000000 342.000000 0.000000
411.000000 343.000000 0.000000
455.000000 343.000000 0.000000
528.000000 343.000000 0.000000
667.000000 343.000000 0.000000
703.000000 343.000000 0.000000
724.000000 343.000000 0.000000
397.000000 344.000000 0.000000
432.000000 344.000000 0.000000
560.000000 344.000000 0.000000
584.000000 344.000000 0.000000
637.000000 344.000000 0.000000
684.000000 344.000000 0.000000
749.000000 344.000000 0.000000
855.000000 344.000000 0.000000
886.000000 344.000000 0.000000
771.000000 345.000000 0.000000
798.000000 345.000000 0.000000
828.000000 345.000000 0.000000
612.000000 346.000000 0.000000
918.000000 348.000000 0.000000
941.000000 348.000000 0.000000
957.000000 349.000000 0.000000
1020.000000 349.000000 0.000000
972.000000 350.000000 0.000000
993.000000 350.000000 0.000000
1044.000000 350.000000 0.000000
1063.000000 350.000000 0.000000
1075.000000 350.000000 0.000000
1092.000000 351.000000 0.000000
1110.000000 352.000000 0.000000
1044.000000 416.000000 0.000000
1057.000000 416.000000 0.000000
1190.000000 416.000000 0.000000
1204.000000 416.000000 0.000000
1072.000000 417.000000 0.000000
1086.000000 417.000000 0.000000
1128.000000 417.000000 0.000000
1173.000000 417.000000 0.000000
953.000000 418.000000 0.000000
965.000000 418.000000 0.000000
984.000000 418.000000 0.000000
1004.000000 418.000000 0.000000
1115.000000 418.000000 0.000000
1155.000000 418.000000 0.000000
1028.000000 419.000000 0.000000
1179.000000 434.000000 0.000000
1159.000000 435.000000 0.000000
1195.952500 432.936250 0.000000
