206 217
388 392
99 100
247 273
347 360
8 9
151 155
192 193
240 242
41 42
73 74
44 47
133 134
305 326
173 179
376 377
384 390
225 226
74 75
66 71
106 107
373 380
409 410
47 48
258 259
107 108
318 319
250 264
350 351
228 236
48 49
80 81
259 260
221 233
292 293
384 385
22 23
225 239
357 358
166 171
266 267
247 272
398 404
339 354
10 26
232 237
181 182
254 270
365 366
127 147
214 215
206 211
276 285
306 307
120 126
128 139
6 24
21 22
180 195
69 89
132 145
54 55
331 354
62 68
205 224
183 196
165 169
87 88
302 323
394 397
179 180
379 381
29 30
257 275
153 154
2 3
213 214
383 387
94 95
3 4
305 324
202 213
187 188
327 329
248 274
300 321
128 138
371 372
101 102
312 313
161 162
31 34
290 294
313 314
102 112
32 35
43 44
286 287
116 123
135 136
208 215
176 192
76 77
256 273
117 124
319 320
238 243
260 261
352 353
330 353
333 358
131 143
385 386
345 359
5 12
386 387
138 142
167 187
300 320
93 408
241 243
268 269
289 301
119 137
134 135
255 272
115 121
16 17
116 122
296 327
49 50
157 159
389 393
19 27
348 364
50 51
71 83
271 284
175 185
56 57
388 396
67 72
57 58
149 150
197 199
200 201
330 338
200 210
333 334
274 275
255 271
174 184
307 308
245 253
229 236
167 172
340 341
389 392
189 190
400 401
100 109
281 282
299 318
399 405
222 223
152 155
314 315
374 375
252 269
407 408
63 64
399 400
381 382
4 5
81 90
144 146
181 195
103 114
37 38
373 374
166 170
78 84
298 316
92 95
291 304
251 268
132 140
262 277
163 164
162 168
133 141
265 278
317 325
96 97
229 230
18 28
280 281
129 130
80 88
129 139
262 263
169 175
391 395
343 355
383 391
203 204
261 276
295 296
376 379
125 141
103 113
85 86
7 14
55 63
118 119
298 315
306 328
77 78
280 285
140 143
291 303
10 15
110 111
321 322
332 340
51 52
346 360
158 160
347 361
21 29
61 65
228 242
328 329
62 75
361 362
202 207
14 25
17 18
176 191
36 40
279 283
335 345
390 397
220 233
69 82
331 338
124 130
246 254
227 240
68 76
209 210
58 59
249 264
150 151
101 109
142 147
393 394
334 335
183 184
235 239
216 235
297 309
157 158
6 7
117 131
348 363
98 99
42 46
309 310
201 219
341 342
190 191
349 364
401 402
182 196
342 343
205 216
293 301
223 224
13 24
72 73
283 284
164 165
294 302
65 70
316 317
9 26
186 198
257 258
289 290
249 263
349 350
231 232
94 105
212 237
344 365
38 39
297 308
97 106
356 357
178 189
356 366
8 25
79 85
82 90
31 35
104 105
123 127
303 323
45 46
13 23
56 64
396 398
304 324
344 369
359 367
378 380
126 137
19 20
186 197
230 231
170 198
171 172
163 168
52 53
20 30
211 226
112 113
212 218
53 54
145 146
336 351
86 87
248 256
337 352
27 28
0 11
178 188
251 267
148 156
79 84
299 325
362 363
203 208
60 61
152 153
1 2
292 322
115 122
1 11
204 209
355 369
173 194
174 177
336 337
108 110
266 278
159 161
70 83
310 311
370 371
402 403
41 43
219 220
12 16
311 312
222 234
403 404
252 253
114 121
193 194
59 60
185 199
277 282
250 265
377 378
118 136
92 93
218 241
270 279
221 234
33 34
332 339
125 144
66 67
217 227
37 40
346 368
