0.644893 0.070071 0.005938
0.666271 0.070071 0.007126
0.719715 0.070071 0.005938
0.731591 0.070071 0.011876
0.777910 0.070071 0.008314
0.789786 0.070071 0.008314
0.809976 0.070071 0.005938
0.833729 0.070071 0.008314
0.877672 0.070071 0.011876
0.615202 0.071259 0.008314
0.655582 0.071259 0.007126
0.676960 0.071259 0.007126
0.695962 0.071259 0.005938
0.707838 0.071259 0.008314
0.739905 0.071259 0.007126
0.750594 0.071259 0.005938
0.758907 0.071259 0.004751
0.766033 0.071259 0.004751
0.799287 0.071259 0.007126
0.819477 0.071259 0.007126
0.844418 0.071259 0.007126
0.858670 0.071259 0.008314
0.870546 0.071259 0.004751
0.585511 0.072447 0.007126
0.595012 0.072447 0.004751
0.605701 0.072447 0.008314
0.625891 0.072447 0.005938
0.635392 0.072447 0.007126
0.686461 0.072447 0.008314
0.558195 0.073634 0.008314
0.568884 0.073634 0.010689
0.509501 0.074822 0.008314
0.519002 0.074822 0.004751
0.527316 0.074822 0.005938
0.538005 0.074822 0.008314
0.547506 0.074822 0.007126
0.574822 0.074822 0.004751
0.419240 0.076010 0.004751
0.457245 0.076010 0.008314
0.467933 0.076010 0.011876
0.484561 0.076010 0.005938
0.495249 0.076010 0.008314
0.385986 0.077197 0.008314
0.396675 0.077197 0.008314
0.425178 0.077197 0.009501
0.439430 0.077197 0.008314
0.476247 0.077197 0.013064
0.346793 0.078385 0.008314
0.377672 0.078385 0.008314
0.406176 0.078385 0.008314
0.325416 0.079572 0.007126
0.336105 0.079572 0.004751
0.356295 0.079572 0.007126
0.365796 0.079572 0.004751
0.281473 0.080760 0.005938
0.290974 0.080760 0.008314
0.301663 0.080760 0.005938
0.270784 0.081948 0.008314
0.313539 0.081948 0.007126
0.205463 0.083135 0.010689
0.212589 0.083135 0.004751
0.219715 0.083135 0.008314
0.230404 0.083135 0.008314
0.239905 0.083135 0.008314
0.250594 0.084323 0.008314
0.692399 0.084323 0.007126
0.718527 0.084323 0.008314
0.777910 0.084323 0.004751
0.834917 0.084323 0.008314
0.179335 0.085511 0.004751
0.186461 0.085511 0.010689
0.705463 0.085511 0.008314
0.728029 0.085511 0.007126
0.749406 0.085511 0.007126
0.760095 0.085511 0.004751
0.768409 0.085511 0.005938
0.785036 0.085511 0.004751
0.795724 0.085511 0.007126
0.847981 0.085511 0.005938
0.858670 0.085511 0.007126
0.872922 0.085511 0.007126
0.882423 0.085511 0.005938
0.150831 0.086698 0.005938
0.171021 0.086698 0.004751
0.624703 0.086698 0.008314
0.631829 0.086698 0.004751
0.641330 0.086698 0.005938
0.662708 0.086698 0.007126
0.672209 0.086698 0.005938
0.738717 0.086698 0.005938
0.805226 0.086698 0.007126
0.817102 0.086698 0.008314
0.138955 0.087886 0.005938
0.160333 0.087886 0.007126
0.596200 0.087886 0.008314
0.604513 0.087886 0.007126
0.615202 0.087886 0.008314
0.652019 0.087886 0.007126
0.128266 0.089074 0.007126
0.554632 0.089074 0.005938
0.562945 0.089074 0.004751
0.570071 0.089074 0.004751
0.579572 0.089074 0.008314
0.119952 0.090261 0.008314
0.534442 0.090261 0.005938
0.543943 0.090261 0.007126
0.437055 0.091449 0.005938
0.446556 0.091449 0.004751
0.456057 0.091449 0.008314
0.467933 0.091449 0.007126
0.476247 0.091449 0.004751
0.483373 0.091449 0.008314
0.516627 0.091449 0.005938
0.524941 0.091449 0.005938
0.377672 0.092637 0.008314
0.384798 0.092637 0.004751
0.393112 0.092637 0.005938
0.415677 0.092637 0.007126
0.426366 0.092637 0.005938
0.496437 0.092637 0.007126
0.507126 0.092637 0.007126
0.324228 0.093824 0.004751
0.334917 0.093824 0.007126
0.343230 0.093824 0.005938
0.353919 0.093824 0.005938
0.364608 0.093824 0.005938
0.402613 0.093824 0.008314
0.305226 0.095012 0.005938
0.314727 0.095012 0.005938
0.283848 0.096200 0.007126
0.295724 0.096200 0.005938
0.271971 0.097387 0.008314
0.857482 0.097387 0.007126
0.865796 0.097387 0.004751
0.877672 0.097387 0.004751
0.885986 0.097387 0.010689
0.210214 0.098575 0.005938
0.222090 0.098575 0.008314
0.239905 0.098575 0.004751
0.256532 0.098575 0.005938
0.693587 0.098575 0.008314
0.703088 0.098575 0.004751
0.735154 0.098575 0.005938
0.756532 0.098575 0.007126
0.773159 0.098575 0.004751
0.783848 0.098575 0.007126
0.812352 0.098575 0.005938
0.827791 0.098575 0.004751
0.834917 0.098575 0.004751
0.843230 0.098575 0.007126
0.179335 0.099762 0.007126
0.191211 0.099762 0.007126
0.199525 0.099762 0.008314
0.230404 0.099762 0.008314
0.711401 0.099762 0.004751
0.720903 0.099762 0.007126
0.743468 0.099762 0.004751
0.766033 0.099762 0.004751
0.795724 0.099762 0.005938
0.804038 0.099762 0.004751
0.820665 0.099762 0.004751
0.167458 0.100950 0.007126
0.640143 0.100950 0.008314
0.661520 0.100950 0.004751
0.671021 0.100950 0.007126
0.680523 0.100950 0.005938
0.138955 0.102138 0.008314
0.149644 0.102138 0.004751
0.157957 0.102138 0.004751
0.627078 0.102138 0.008314
0.652019 0.102138 0.007126
0.129454 0.103325 0.008314
0.559382 0.103325 0.007126
0.570071 0.103325 0.007126
0.581948 0.103325 0.008314
0.593824 0.103325 0.007126
0.604513 0.103325 0.007126
0.616390 0.103325 0.005938
0.119952 0.104513 0.007126
0.530879 0.104513 0.007126
0.539192 0.104513 0.005938
0.547506 0.104513 0.008314
0.502375 0.105701 0.007126
0.511876 0.105701 0.005938
0.521378 0.105701 0.005938
0.400238 0.106888 0.005938
0.410926 0.106888 0.005938
0.422803 0.106888 0.007126
0.442993 0.106888 0.008314
0.453682 0.106888 0.005938
0.463183 0.106888 0.004751
0.470309 0.106888 0.004751
0.480998 0.106888 0.008314
0.488124 0.106888 0.008314
0.317102 0.108076 0.005938
0.339667 0.108076 0.005938
0.347981 0.108076 0.004751
0.433492 0.108076 0.005938
0.292162 0.109264 0.007126
0.305226 0.109264 0.007126
0.327791 0.109264 0.008314
0.358670 0.109264 0.008314
0.370546 0.109264 0.007126
0.381235 0.109264 0.007126
0.389549 0.109264 0.007126
0.273159 0.110451 0.007126
0.281473 0.110451 0.005938
0.214964 0.111639 0.007126
0.226841 0.111639 0.007126
0.237530 0.111639 0.004751
0.244656 0.111639 0.007126
0.858670 0.111639 0.007126
0.868171 0.111639 0.004751
0.877672 0.111639 0.005938
0.884798 0.111639 0.008314
0.205463 0.112827 0.004751
0.255344 0.112827 0.007126
0.781473 0.112827 0.005938
0.820665 0.112827 0.007126
0.830166 0.112827 0.004751
0.838480 0.112827 0.004751
0.184086 0.114014 0.008314
0.197150 0.114014 0.005938
0.760095 0.114014 0.005938
0.771971 0.114014 0.008314
0.789786 0.114014 0.004751
0.798100 0.114014 0.005938
0.808789 0.114014 0.007126
0.849169 0.114014 0.007126
0.149644 0.115202 0.005938
0.160333 0.115202 0.007126
0.172209 0.115202 0.007126
0.665083 0.115202 0.011876
0.739905 0.115202 0.007126
0.750594 0.115202 0.008314
0.130641 0.116390 0.005938
0.140143 0.116390 0.004751
0.621140 0.116390 0.005938
0.655582 0.116390 0.005938
0.711401 0.116390 0.007126
0.720903 0.116390 0.004751
0.562945 0.117577 0.008314
0.592637 0.117577 0.008314
0.602138 0.117577 0.008314
0.610451 0.117577 0.004751
0.630641 0.117577 0.004751
0.638955 0.117577 0.005938
0.647268 0.117577 0.004751
0.729216 0.117577 0.008314
0.118765 0.118765 0.007126
0.572447 0.118765 0.011876
0.580760 0.118765 0.004751
0.480998 0.119952 0.008314
0.509501 0.119952 0.008314
0.523753 0.119952 0.009501
0.530879 0.119952 0.004751
0.541568 0.119952 0.007126
0.553444 0.119952 0.007126
0.418052 0.121140 0.005938
0.427553 0.121140 0.004751
0.435867 0.121140 0.005938
0.446556 0.121140 0.005938
0.458432 0.121140 0.008314
0.472684 0.121140 0.007126
0.492874 0.121140 0.007126
0.501188 0.121140 0.004751
0.385986 0.122328 0.005938
0.397862 0.122328 0.007126
0.407363 0.122328 0.004751
0.285036 0.123515 0.007126
0.330166 0.123515 0.007126
0.340855 0.123515 0.008314
0.351544 0.123515 0.004751
0.375297 0.123515 0.005938
0.222090 0.124703 0.004751
0.231591 0.124703 0.007126
0.275534 0.124703 0.007126
0.366983 0.124703 0.008314
0.206651 0.125891 0.004751
0.213777 0.125891 0.004751
0.243468 0.125891 0.005938
0.251781 0.125891 0.005938
0.175772 0.127078 0.004751
0.185273 0.127078 0.005938
0.197150 0.127078 0.007126
0.869359 0.127078 0.010689
0.877672 0.127078 0.010689
0.150831 0.128266 0.007126
0.165083 0.128266 0.007126
0.261283 0.128266 0.005938
0.805226 0.128266 0.004751
0.852732 0.128266 0.008314
0.140143 0.129454 0.005938
0.773159 0.129454 0.004751
0.785036 0.129454 0.008314
0.796912 0.129454 0.008314
0.838480 0.129454 0.008314
0.122328 0.130641 0.005938
0.130641 0.130641 0.004751
0.764846 0.130641 0.008314
0.812352 0.130641 0.010689
0.820665 0.130641 0.013064
0.827791 0.130641 0.010689
0.733967 0.131829 0.007126
0.743468 0.131829 0.005938
0.754157 0.131829 0.004751
0.609264 0.133017 0.005938
0.617577 0.133017 0.005938
0.625891 0.133017 0.011876
0.636580 0.133017 0.005938
0.646081 0.133017 0.004751
0.654394 0.133017 0.011876
0.723278 0.133017 0.008314
0.472684 0.134204 0.004751
0.480998 0.134204 0.005938
0.491686 0.134204 0.008314
0.555819 0.134204 0.004751
0.568884 0.134204 0.004751
0.579572 0.134204 0.007126
0.590261 0.134204 0.007126
0.387173 0.135392 0.010689
0.395487 0.135392 0.007126
0.408551 0.135392 0.007126
0.446556 0.135392 0.007126
0.457245 0.135392 0.008314
0.464371 0.135392 0.004751
0.508314 0.135392 0.008314
0.521378 0.135392 0.008314
0.530879 0.135392 0.004751
0.540380 0.135392 0.005938
0.548694 0.135392 0.004751
0.599762 0.135392 0.007126
0.366983 0.136580 0.007126
0.377672 0.136580 0.005938
0.423990 0.136580 0.010689
0.434679 0.136580 0.007126
0.281473 0.137767 0.008314
0.292162 0.137767 0.007126
0.334917 0.137767 0.007126
0.344418 0.137767 0.004751
0.352732 0.137767 0.008314
0.244656 0.138955 0.005938
0.270784 0.138955 0.004751
0.194774 0.140143 0.005938
0.226841 0.140143 0.008314
0.236342 0.140143 0.004751
0.252969 0.140143 0.004751
0.260095 0.140143 0.008314
0.167458 0.141330 0.004751
0.176960 0.141330 0.005938
0.185273 0.141330 0.004751
0.204276 0.141330 0.005938
0.212589 0.141330 0.008314
0.883610 0.141330 0.008314
0.144893 0.142518 0.008314
0.157957 0.142518 0.007126
0.121140 0.143705 0.007126
0.133017 0.143705 0.007126
0.834917 0.143705 0.007126
0.844418 0.143705 0.005938
0.872922 0.143705 0.005938
0.853919 0.144893 0.004751
0.863420 0.144893 0.008314
0.770784 0.146081 0.008314
0.786223 0.146081 0.008314
0.794537 0.146081 0.004751
0.804038 0.146081 0.007126
0.817102 0.146081 0.007126
0.825416 0.146081 0.007126
0.731591 0.147268 0.008314
0.752969 0.147268 0.004751
0.760095 0.147268 0.011876
0.561758 0.148456 0.009501
0.628266 0.148456 0.005938
0.648456 0.148456 0.004751
0.657957 0.148456 0.008314
0.714964 0.148456 0.008314
0.724466 0.148456 0.004751
0.743468 0.148456 0.008314
0.465558 0.149644 0.005938
0.473872 0.149644 0.004751
0.482185 0.149644 0.005938
0.595012 0.149644 0.005938
0.605701 0.149644 0.007126
0.616390 0.149644 0.008314
0.640143 0.149644 0.004751
0.445368 0.150831 0.007126
0.457245 0.150831 0.007126
0.495249 0.150831 0.008314
0.503563 0.150831 0.005938
0.539192 0.150831 0.005938
0.548694 0.150831 0.004751
0.572447 0.150831 0.007126
0.583135 0.150831 0.007126
0.378860 0.152019 0.007126
0.409739 0.152019 0.008314
0.511876 0.152019 0.004751
0.520190 0.152019 0.004751
0.528504 0.152019 0.007126
0.277910 0.153207 0.009501
0.285036 0.153207 0.005938
0.343230 0.153207 0.008314
0.355107 0.153207 0.004751
0.365796 0.153207 0.008314
0.388361 0.153207 0.007126
0.397862 0.153207 0.008314
0.422803 0.153207 0.008314
0.248219 0.154394 0.004751
0.334917 0.154394 0.004751
0.198337 0.155582 0.007126
0.209026 0.155582 0.007126
0.222090 0.155582 0.008314
0.231591 0.155582 0.005938
0.239905 0.155582 0.005938
0.257720 0.155582 0.005938
0.264846 0.155582 0.010689
0.117577 0.156770 0.005938
0.162708 0.156770 0.007126
0.172209 0.156770 0.005938
0.182898 0.156770 0.010689
0.188836 0.156770 0.004751
0.125891 0.157957 0.005938
0.134204 0.157957 0.004751
0.143705 0.157957 0.005938
0.889549 0.157957 0.010689
0.869359 0.159145 0.008314
0.843230 0.160333 0.008314
0.805226 0.161520 0.010689
0.824228 0.161520 0.007126
0.833729 0.161520 0.005938
0.857482 0.161520 0.008314
0.643705 0.162708 0.010689
0.736342 0.162708 0.008314
0.781473 0.162708 0.004751
0.813539 0.162708 0.005938
0.589074 0.163895 0.007126
0.748219 0.163895 0.008314
0.763658 0.163895 0.004751
0.773159 0.163895 0.004751
0.560570 0.165083 0.009501
0.570071 0.165083 0.005938
0.578385 0.165083 0.004751
0.597387 0.165083 0.004751
0.621140 0.165083 0.007126
0.631829 0.165083 0.004751
0.722090 0.165083 0.007126
0.756532 0.165083 0.004751
0.483373 0.166271 0.007126
0.545131 0.166271 0.008314
0.608076 0.166271 0.007126
0.661520 0.166271 0.005938
0.711401 0.166271 0.007126
0.340855 0.167458 0.013064
0.445368 0.167458 0.005938
0.456057 0.167458 0.005938
0.465558 0.167458 0.004751
0.472684 0.167458 0.010689
0.492874 0.167458 0.005938
0.503563 0.167458 0.005938
0.511876 0.167458 0.005938
0.523753 0.167458 0.007126
0.533254 0.167458 0.008314
0.362233 0.168646 0.007126
0.371734 0.168646 0.004751
0.404988 0.168646 0.005938
0.414489 0.168646 0.005938
0.427553 0.168646 0.008314
0.435867 0.168646 0.005938
0.274347 0.169834 0.005938
0.283848 0.169834 0.008314
0.351544 0.169834 0.008314
0.382423 0.169834 0.008314
0.394299 0.169834 0.007126
0.228029 0.171021 0.007126
0.239905 0.171021 0.007126
0.264846 0.171021 0.005938
0.133017 0.172209 0.004751
0.206651 0.172209 0.008314
0.218527 0.172209 0.005938
0.249406 0.172209 0.004751
0.256532 0.172209 0.004751
0.116390 0.173397 0.005938
0.127078 0.173397 0.008314
0.150831 0.173397 0.004751
0.161520 0.173397 0.005938
0.171021 0.173397 0.005938
0.179335 0.173397 0.004751
0.186461 0.173397 0.004751
0.195962 0.173397 0.005938
0.863420 0.175772 0.008314
0.872922 0.175772 0.005938
0.881235 0.175772 0.008314
0.764846 0.176960 0.008314
0.850356 0.176960 0.004751
0.597387 0.178147 0.008314
0.622328 0.178147 0.005938
0.749406 0.178147 0.009501
0.775534 0.178147 0.008314
0.782660 0.178147 0.004751
0.792162 0.178147 0.005938
0.802850 0.178147 0.008314
0.815914 0.178147 0.004751
0.823040 0.178147 0.004751
0.830166 0.178147 0.004751
0.584323 0.179335 0.008314
0.610451 0.179335 0.007126
0.631829 0.179335 0.004751
0.653207 0.179335 0.008314
0.660333 0.179335 0.004751
0.667458 0.179335 0.009501
0.704276 0.179335 0.008314
0.756532 0.179335 0.009501
0.573634 0.180523 0.004751
0.641330 0.180523 0.005938
0.714964 0.180523 0.005938
0.732779 0.180523 0.008314
0.408551 0.181710 0.004751
0.416865 0.181710 0.005938
0.444181 0.181710 0.008314
0.507126 0.181710 0.004751
0.524941 0.181710 0.007126
0.548694 0.181710 0.008314
0.560570 0.181710 0.008314
0.384798 0.182898 0.005938
0.395487 0.182898 0.007126
0.426366 0.182898 0.005938
0.434679 0.182898 0.004751
0.453682 0.182898 0.007126
0.465558 0.182898 0.008314
0.477435 0.182898 0.005938
0.495249 0.182898 0.008314
0.536817 0.182898 0.008314
0.250594 0.184086 0.004751
0.275534 0.184086 0.008314
0.285036 0.184086 0.007126
0.349169 0.184086 0.004751
0.357482 0.184086 0.005938
0.365796 0.184086 0.004751
0.374109 0.184086 0.010689
0.486936 0.184086 0.005938
0.257720 0.185273 0.004751
0.263658 0.185273 0.004751
0.339667 0.185273 0.007126
0.237530 0.186461 0.008314
0.184086 0.187648 0.008314
0.878860 0.187648 0.007126
0.888361 0.187648 0.005938
0.115202 0.188836 0.010689
0.130641 0.188836 0.008314
0.173397 0.188836 0.010689
0.194774 0.188836 0.008314
0.211401 0.188836 0.007126
0.220903 0.188836 0.010689
0.505938 0.188836 0.004751
0.143705 0.190024 0.008314
0.155582 0.190024 0.008314
0.857482 0.190024 0.005938
0.866983 0.190024 0.004751
0.659145 0.191211 0.005938
0.834917 0.191211 0.008314
0.844418 0.191211 0.005938
0.604513 0.192399 0.007126
0.627078 0.192399 0.009501
0.640143 0.192399 0.007126
0.649644 0.192399 0.005938
0.668646 0.192399 0.005938
0.789786 0.192399 0.004751
0.799287 0.192399 0.007126
0.809976 0.192399 0.004751
0.821853 0.192399 0.008314
0.591449 0.193587 0.007126
0.614014 0.193587 0.004751
0.678147 0.193587 0.004751
0.690024 0.193587 0.008314
0.723278 0.193587 0.007126
0.733967 0.193587 0.007126
0.741093 0.193587 0.004751
0.749406 0.193587 0.008314
0.762470 0.193587 0.007126
0.770784 0.193587 0.005938
0.781473 0.193587 0.005938
0.578385 0.194774 0.005938
0.703088 0.194774 0.005938
0.713777 0.194774 0.004751
0.402613 0.195962 0.008314
0.413302 0.195962 0.008314
0.426366 0.195962 0.004751
0.435867 0.195962 0.007126
0.570071 0.195962 0.005938
0.299287 0.197150 0.010689
0.390736 0.197150 0.004751
0.448931 0.197150 0.004751
0.457245 0.197150 0.004751
0.465558 0.197150 0.005938
0.476247 0.197150 0.005938
0.484561 0.197150 0.005938
0.530879 0.197150 0.005938
0.559382 0.197150 0.005938
0.308789 0.198337 0.008314
0.340855 0.198337 0.005938
0.350356 0.198337 0.004751
0.361045 0.198337 0.007126
0.369359 0.198337 0.005938
0.381235 0.198337 0.005938
0.496437 0.198337 0.007126
0.522565 0.198337 0.005938
0.250594 0.199525 0.005938
0.258907 0.199525 0.008314
0.277910 0.199525 0.009501
0.285036 0.199525 0.004751
0.323040 0.199525 0.008314
0.504751 0.199525 0.004751
0.513064 0.199525 0.004751
0.546318 0.199525 0.008314
0.884798 0.199525 0.005938
0.330166 0.200713 0.008314
0.874109 0.200713 0.007126
0.194774 0.201900 0.008314
0.204276 0.201900 0.005938
0.239905 0.201900 0.005938
0.214964 0.203088 0.005938
0.226841 0.203088 0.008314
0.847981 0.203088 0.007126
0.858670 0.203088 0.008314
0.135392 0.204276 0.009501
0.150831 0.204276 0.004751
0.162708 0.204276 0.004751
0.171021 0.204276 0.004751
0.179335 0.204276 0.007126
0.793349 0.204276 0.008314
0.828979 0.204276 0.004751
0.836105 0.204276 0.005938
0.642518 0.205463 0.005938
0.652019 0.205463 0.004751
0.671021 0.205463 0.005938
0.680523 0.205463 0.004751
0.813539 0.205463 0.004751
0.820665 0.205463 0.004751
0.116390 0.206651 0.005938
0.586698 0.206651 0.008314
0.600950 0.206651 0.007126
0.634204 0.206651 0.004751
0.659145 0.206651 0.008314
0.687648 0.206651 0.008314
0.699525 0.206651 0.007126
0.712589 0.206651 0.005938
0.731591 0.206651 0.005938
0.739905 0.206651 0.004751
0.757720 0.206651 0.005938
0.767221 0.206651 0.005938
0.775534 0.206651 0.004751
0.804038 0.206651 0.007126
0.624703 0.207838 0.007126
0.720903 0.207838 0.004751
0.483373 0.209026 0.005938
0.558195 0.209026 0.008314
0.567696 0.209026 0.005938
0.576010 0.209026 0.004751
0.349169 0.210214 0.004751
0.406176 0.210214 0.005938
0.435867 0.210214 0.005938
0.457245 0.210214 0.004751
0.464371 0.210214 0.010689
0.547506 0.210214 0.004751
0.357482 0.211401 0.010689
0.387173 0.211401 0.005938
0.395487 0.211401 0.005938
0.416865 0.211401 0.004751
0.446556 0.211401 0.007126
0.492874 0.211401 0.008314
0.526128 0.211401 0.007126
0.538005 0.211401 0.007126
0.885986 0.211401 0.008314
0.298100 0.212589 0.005938
0.307601 0.212589 0.007126
0.427553 0.212589 0.013064
0.505938 0.212589 0.008314
0.517815 0.212589 0.004751
0.880048 0.212589 0.008314
0.263658 0.213777 0.008314
0.275534 0.213777 0.008314
0.283848 0.213777 0.009501
0.319477 0.213777 0.007126
0.870546 0.213777 0.011876
0.243468 0.214964 0.007126
0.328979 0.214964 0.008314
0.226841 0.216152 0.005938
0.236342 0.216152 0.004751
0.252969 0.216152 0.004751
0.851544 0.216152 0.007126
0.862233 0.216152 0.005938
0.144893 0.217340 0.004751
0.154394 0.217340 0.008314
0.161520 0.217340 0.004751
0.171021 0.217340 0.007126
0.205463 0.217340 0.007126
0.216152 0.217340 0.007126
0.826603 0.217340 0.008314
0.843230 0.217340 0.005938
0.115202 0.218527 0.008314
0.128266 0.218527 0.004751
0.137767 0.218527 0.005938
0.184086 0.218527 0.008314
0.194774 0.218527 0.004751
0.786223 0.218527 0.008314
0.796912 0.218527 0.007126
0.833729 0.218527 0.004751
0.671021 0.219715 0.010689
0.679335 0.219715 0.005938
0.687648 0.219715 0.005938
0.697150 0.219715 0.004751
0.704276 0.219715 0.009501
0.720903 0.219715 0.007126
0.730404 0.219715 0.007126
0.756532 0.219715 0.008314
0.764846 0.219715 0.004751
0.809976 0.219715 0.010689
0.618765 0.220903 0.008314
0.648456 0.220903 0.011876
0.656770 0.220903 0.004751
0.742280 0.220903 0.008314
0.774347 0.220903 0.005938
0.597387 0.222090 0.007126
0.606888 0.222090 0.004751
0.571259 0.223278 0.007126
0.584323 0.223278 0.008314
0.634204 0.223278 0.010689
0.560570 0.224466 0.008314
0.479810 0.225653 0.004751
0.496437 0.225653 0.004751
0.534442 0.225653 0.007126
0.548694 0.225653 0.008314
0.299287 0.226841 0.007126
0.372922 0.226841 0.008314
0.383610 0.226841 0.008314
0.394299 0.226841 0.007126
0.404988 0.226841 0.013064
0.439430 0.226841 0.007126
0.450119 0.226841 0.005938
0.459620 0.226841 0.007126
0.515439 0.226841 0.008314
0.524941 0.226841 0.005938
0.288599 0.228029 0.008314
0.318290 0.228029 0.010689
0.337292 0.228029 0.008314
0.347981 0.228029 0.005938
0.242280 0.229216 0.007126
0.261283 0.229216 0.005938
0.270784 0.229216 0.008314
0.470309 0.229216 0.007126
0.222090 0.230404 0.007126
0.252969 0.230404 0.007126
0.144893 0.231591 0.004751
0.152019 0.231591 0.010689
0.161520 0.231591 0.005938
0.172209 0.231591 0.005938
0.181710 0.231591 0.004751
0.191211 0.231591 0.011876
0.232779 0.231591 0.008314
0.504751 0.231591 0.005938
0.112827 0.232779 0.008314
0.137767 0.232779 0.004751
0.207838 0.232779 0.010689
0.125891 0.233967 0.008314
