0.942993 0.002375 0.034442
0.783848 0.007126 0.024941
0.851544 0.007126 0.022565
0.767221 0.008314 0.026128
0.755344 0.009501 0.016627
0.818290 0.010689 0.011876
0.880048 0.010689 0.013064
0.638955 0.038005 0.010689
0.551069 0.039192 0.005938
0.559382 0.039192 0.004751
0.567696 0.039192 0.010689
0.631829 0.039192 0.004751
0.663895 0.039192 0.008314
0.692399 0.039192 0.010689
0.511876 0.040380 0.005938
0.579572 0.040380 0.007126
0.589074 0.040380 0.007126
0.600950 0.040380 0.007126
0.621140 0.040380 0.007126
0.650831 0.040380 0.008314
0.675772 0.040380 0.008314
0.686461 0.040380 0.004751
0.707838 0.040380 0.008314
0.718527 0.040380 0.004751
0.735154 0.040380 0.004751
0.743468 0.040380 0.005938
0.756532 0.040380 0.008314
0.769596 0.040380 0.008314
0.777910 0.040380 0.007126
0.503563 0.041568 0.005938
0.522565 0.041568 0.005938
0.540380 0.041568 0.005938
0.609264 0.041568 0.005938
0.726841 0.041568 0.011876
0.788599 0.041568 0.008314
0.800475 0.041568 0.005938
0.809976 0.041568 0.004751
0.852732 0.041568 0.007126
0.257720 0.042755 0.004751
0.263658 0.042755 0.004751
0.390736 0.042755 0.007126
0.401425 0.042755 0.008314
0.413302 0.042755 0.007126
0.440618 0.042755 0.005938
0.450119 0.042755 0.004751
0.461995 0.042755 0.008314
0.472684 0.042755 0.007126
0.482185 0.042755 0.005938
0.492874 0.042755 0.007126
0.529691 0.042755 0.008314
0.818290 0.042755 0.008314
0.830166 0.042755 0.007126
0.840855 0.042755 0.008314
0.862233 0.042755 0.005938
0.871734 0.042755 0.005938
0.881235 0.042755 0.007126
0.219715 0.043943 0.005938
0.231591 0.043943 0.007126
0.275534 0.043943 0.008314
0.288599 0.043943 0.007126
0.300475 0.043943 0.008314
0.366983 0.043943 0.008314
0.380048 0.043943 0.005938
0.428741 0.043943 0.007126
0.200713 0.045131 0.007126
0.211401 0.045131 0.005938
0.242280 0.045131 0.007126
0.307601 0.045131 0.008314
0.320665 0.045131 0.005938
0.339667 0.045131 0.008314
0.350356 0.045131 0.011876
0.357482 0.045131 0.008314
0.169834 0.046318 0.005938
0.182898 0.046318 0.010689
0.191211 0.046318 0.004751
0.330166 0.046318 0.008314
0.160333 0.047506 0.007126
0.133017 0.048694 0.005938
0.141330 0.048694 0.008314
0.152019 0.048694 0.008314
0.122328 0.049881 0.008314
0.568884 0.054632 0.005938
0.578385 0.054632 0.004751
0.618765 0.054632 0.004751
0.628266 0.054632 0.007126
0.641330 0.054632 0.008314
0.652019 0.054632 0.004751
0.678147 0.054632 0.004751
0.749406 0.054632 0.009501
0.476247 0.055819 0.007126
0.486936 0.055819 0.004751
0.496437 0.055819 0.005938
0.519002 0.055819 0.008314
0.540380 0.055819 0.005938
0.549881 0.055819 0.005938
0.558195 0.055819 0.005938
0.587886 0.055819 0.008314
0.598575 0.055819 0.005938
0.609264 0.055819 0.005938
0.669834 0.055819 0.010689
0.686461 0.055819 0.010689
0.714964 0.055819 0.005938
0.735154 0.055819 0.008314
0.761283 0.055819 0.007126
0.770784 0.055819 0.005938
0.789786 0.055819 0.008314
0.821853 0.055819 0.004751
0.828979 0.055819 0.004751
0.838480 0.055819 0.008314
0.853919 0.055819 0.005938
0.438242 0.057007 0.005938
0.448931 0.057007 0.008314
0.465558 0.057007 0.005938
0.507126 0.057007 0.007126
0.528504 0.057007 0.008314
0.704276 0.057007 0.008314
0.723278 0.057007 0.004751
0.780285 0.057007 0.004751
0.801663 0.057007 0.007126
0.812352 0.057007 0.007126
0.844418 0.057007 0.008314
0.862233 0.057007 0.008314
0.872922 0.057007 0.008314
0.881235 0.057007 0.005938
0.239905 0.058195 0.005938
0.250594 0.058195 0.004751
0.258907 0.058195 0.007126
0.270784 0.058195 0.008314
0.391924 0.058195 0.004751
0.423990 0.058195 0.010689
0.456057 0.058195 0.005938
0.207838 0.059382 0.007126
0.217340 0.059382 0.007126
0.228029 0.059382 0.008314
0.283848 0.059382 0.008314
0.293349 0.059382 0.005938
0.306413 0.059382 0.008314
0.328979 0.059382 0.005938
0.338480 0.059382 0.004751
0.345606 0.059382 0.004751
0.375297 0.059382 0.005938
0.384798 0.059382 0.005938
0.400238 0.059382 0.008314
0.410926 0.059382 0.009501
0.168646 0.060570 0.008314
0.197150 0.060570 0.005938
0.318290 0.060570 0.004751
0.353919 0.060570 0.005938
0.363420 0.060570 0.007126
0.154394 0.061758 0.005938
0.178147 0.061758 0.005938
0.186461 0.061758 0.007126
0.130641 0.064133 0.005938
0.140143 0.064133 0.008314
0.146081 0.064133 0.008314
0.119952 0.065321 0.007126
0.615202 0.068884 0.007126
0.636580 0.068884 0.007126
0.624703 0.070071 0.005938
0.648456 0.070071 0.008314
0.656770 0.070071 0.004751
0.671021 0.070071 0.003563
0.694774 0.070071 0.005938
0.770784 0.070071 0.004751
0.818290 0.070071 0.007126
0.827791 0.070071 0.008314
0.838480 0.070071 0.008314
0.852732 0.070071 0.007126
0.864608 0.070071 0.005938
0.872922 0.070071 0.004751
0.882423 0.070071 0.007126
0.309976 0.071259 0.007126
0.604513 0.071259 0.004751
0.685273 0.071259 0.005938
0.718527 0.071259 0.007126
0.737530 0.071259 0.010689
0.763658 0.071259 0.005938
0.776722 0.071259 0.008314
0.795724 0.071259 0.005938
0.807601 0.071259 0.007126
0.280285 0.072447 0.004751
0.287411 0.072447 0.008314
0.295724 0.072447 0.007126
0.333729 0.072447 0.008314
0.342043 0.072447 0.005938
0.445368 0.072447 0.010689
0.458432 0.072447 0.007126
0.471496 0.072447 0.007126
0.495249 0.072447 0.008314
0.504751 0.072447 0.007126
0.515439 0.072447 0.007126
0.528504 0.072447 0.007126
0.539192 0.072447 0.004751
0.548694 0.072447 0.008314
0.559382 0.072447 0.005938
0.568884 0.072447 0.004751
0.577197 0.072447 0.008314
0.593824 0.072447 0.008314
0.710214 0.072447 0.008314
0.729216 0.072447 0.005938
0.754157 0.072447 0.008314
0.787411 0.072447 0.005938
0.244656 0.073634 0.008314
0.254157 0.073634 0.010689
0.269596 0.073634 0.008314
0.321853 0.073634 0.008314
0.351544 0.073634 0.008314
0.362233 0.073634 0.005938
0.372922 0.073634 0.007126
0.393112 0.073634 0.007126
0.404988 0.073634 0.007126
0.414489 0.073634 0.008314
0.426366 0.073634 0.007126
0.437055 0.073634 0.005938
0.483373 0.073634 0.008314
0.199525 0.074822 0.007126
0.210214 0.074822 0.005938
0.220903 0.074822 0.005938
0.230404 0.074822 0.007126
0.167458 0.077197 0.004751
0.175772 0.077197 0.007126
0.137767 0.078385 0.005938
0.148456 0.078385 0.005938
0.159145 0.078385 0.008314
0.187648 0.078385 0.008314
0.118765 0.079572 0.005938
0.127078 0.079572 0.008314
0.882423 0.083135 0.008314
0.652019 0.084323 0.010689
0.712589 0.084323 0.005938
0.824228 0.084323 0.008314
0.832542 0.084323 0.005938
0.843230 0.084323 0.007126
0.857482 0.084323 0.008314
0.871734 0.084323 0.010689
0.577197 0.085511 0.008314
0.641330 0.085511 0.007126
0.666271 0.085511 0.008314
0.723278 0.085511 0.007126
0.732779 0.085511 0.007126
0.751781 0.085511 0.004751
0.775534 0.085511 0.007126
0.786223 0.085511 0.005938
0.794537 0.085511 0.004751
0.815914 0.085511 0.005938
0.564133 0.086698 0.008314
0.590261 0.086698 0.005938
0.598575 0.086698 0.004751
0.629454 0.086698 0.007126
0.744656 0.086698 0.004751
0.766033 0.086698 0.004751
0.801663 0.086698 0.010689
0.273159 0.087886 0.005938
0.282660 0.087886 0.004751
0.292162 0.087886 0.010689
0.331354 0.087886 0.005938
0.397862 0.087886 0.008314
0.496437 0.087886 0.004751
0.507126 0.087886 0.007126
0.520190 0.087886 0.008314
0.529691 0.087886 0.004751
0.538005 0.087886 0.004751
0.546318 0.087886 0.007126
0.608076 0.087886 0.005938
0.617577 0.087886 0.007126
0.233967 0.089074 0.008314
0.261283 0.089074 0.007126
0.340855 0.089074 0.011876
0.347981 0.089074 0.004751
0.356295 0.089074 0.005938
0.365796 0.089074 0.008314
0.378860 0.089074 0.004751
0.385986 0.089074 0.008314
0.412114 0.089074 0.004751
0.429929 0.089074 0.007126
0.446556 0.089074 0.010689
0.456057 0.089074 0.007126
0.476247 0.089074 0.007126
0.486936 0.089074 0.007126
0.209026 0.090261 0.008314
0.222090 0.090261 0.007126
0.241093 0.090261 0.007126
0.250594 0.090261 0.005938
0.419240 0.090261 0.008314
0.465558 0.090261 0.008314
0.187648 0.091449 0.007126
0.198337 0.091449 0.007126
0.176960 0.092637 0.007126
0.136580 0.093824 0.005938
0.157957 0.093824 0.004751
0.167458 0.093824 0.007126
0.117577 0.095012 0.008314
0.125891 0.095012 0.005938
0.148456 0.095012 0.005938
0.638955 0.099762 0.007126
0.657957 0.099762 0.005938
0.839667 0.099762 0.004751
0.849169 0.099762 0.008314
0.859857 0.099762 0.005938
0.876485 0.099762 0.004751
0.606888 0.100950 0.007126
0.629454 0.100950 0.007126
0.649644 0.100950 0.005938
0.733967 0.100950 0.008314
0.755344 0.100950 0.005938
0.764846 0.100950 0.005938
0.777910 0.100950 0.008314
0.806413 0.100950 0.011876
0.823040 0.100950 0.005938
0.832542 0.100950 0.004751
0.869359 0.100950 0.004751
0.585511 0.102138 0.008314
0.596200 0.102138 0.005938
0.617577 0.102138 0.007126
0.712589 0.102138 0.008314
0.723278 0.102138 0.005938
0.745843 0.102138 0.005938
0.789786 0.102138 0.007126
0.798100 0.102138 0.004751
0.249406 0.103325 0.008314
0.269596 0.103325 0.007126
0.288599 0.103325 0.010689
0.394299 0.103325 0.004751
0.401425 0.103325 0.010689
0.557007 0.103325 0.008314
0.566508 0.103325 0.007126
0.576010 0.103325 0.005938
0.230404 0.104513 0.005938
0.238717 0.104513 0.005938
0.258907 0.104513 0.005938
0.281473 0.104513 0.008314
0.334917 0.104513 0.005938
0.357482 0.104513 0.007126
0.375297 0.104513 0.004751
0.384798 0.104513 0.007126
0.413302 0.104513 0.008314
0.423990 0.104513 0.007126
0.434679 0.104513 0.008314
0.445368 0.104513 0.004751
0.463183 0.104513 0.004751
0.471496 0.104513 0.004751
0.480998 0.104513 0.005938
0.489311 0.104513 0.007126
0.503563 0.104513 0.008314
0.514252 0.104513 0.005938
0.523753 0.104513 0.004751
0.532067 0.104513 0.005938
0.541568 0.104513 0.004751
0.548694 0.104513 0.004751
0.200713 0.105701 0.005938
0.213777 0.105701 0.008314
0.222090 0.105701 0.004751
0.345606 0.105701 0.008314
0.366983 0.105701 0.008314
0.453682 0.105701 0.011876
0.184086 0.106888 0.005938
0.129454 0.108076 0.008314
0.138955 0.108076 0.004751
0.174584 0.108076 0.004751
0.191211 0.108076 0.008314
0.117577 0.109264 0.008314
0.147268 0.109264 0.004751
0.156770 0.109264 0.007126
0.167458 0.109264 0.008314
0.881235 0.114014 0.007126
0.861045 0.115202 0.007126
0.871734 0.115202 0.008314
0.636580 0.116390 0.004751
0.659145 0.116390 0.008314
0.758907 0.116390 0.007126
0.774347 0.116390 0.008314
0.786223 0.116390 0.005938
0.795724 0.116390 0.008314
0.804038 0.116390 0.007126
0.814727 0.116390 0.008314
0.827791 0.116390 0.007126
0.836105 0.116390 0.005938
0.851544 0.116390 0.004751
0.271971 0.117577 0.008314
0.595012 0.117577 0.008314
0.627078 0.117577 0.005938
0.728029 0.117577 0.005938
0.737530 0.117577 0.007126
0.748219 0.117577 0.005938
0.844418 0.117577 0.004751
0.264846 0.118765 0.009501
0.281473 0.118765 0.007126
0.292162 0.118765 0.008314
0.519002 0.118765 0.008314
0.529691 0.118765 0.007126
0.541568 0.118765 0.007126
0.551069 0.118765 0.008314
0.562945 0.118765 0.008314
0.585511 0.118765 0.007126
0.605701 0.118765 0.005938
0.615202 0.118765 0.007126
0.718527 0.118765 0.008314
0.242280 0.119952 0.007126
0.252969 0.119952 0.007126
0.435867 0.119952 0.004751
0.573634 0.119952 0.005938
0.232779 0.121140 0.007126
0.337292 0.121140 0.008314
0.346793 0.121140 0.004751
0.368171 0.121140 0.007126
0.380048 0.121140 0.005938
0.389549 0.121140 0.008314
0.403800 0.121140 0.008314
0.416865 0.121140 0.008314
0.427553 0.121140 0.005938
0.464371 0.121140 0.010689
0.470309 0.121140 0.004751
0.479810 0.121140 0.005938
0.505938 0.121140 0.008314
0.209026 0.122328 0.007126
0.220903 0.122328 0.008314
0.355107 0.122328 0.010689
0.442993 0.122328 0.011876
0.453682 0.122328 0.007126
0.489311 0.122328 0.013064
0.495249 0.122328 0.013064
0.176960 0.123515 0.005938
0.197150 0.123515 0.007126
0.115202 0.124703 0.008314
0.156770 0.124703 0.007126
0.167458 0.124703 0.005938
0.184086 0.124703 0.010689
0.131829 0.125891 0.008314
0.144893 0.125891 0.005938
0.881235 0.131829 0.008314
0.643705 0.133017 0.004751
0.652019 0.133017 0.004751
0.657957 0.133017 0.010689
0.779097 0.133017 0.008314
0.794537 0.133017 0.008314
0.806413 0.133017 0.008314
0.850356 0.133017 0.005938
0.861045 0.133017 0.005938
0.871734 0.133017 0.008314
0.635392 0.134204 0.008314
0.717340 0.134204 0.008314
0.729216 0.134204 0.008314
0.738717 0.134204 0.005938
0.748219 0.134204 0.004751
0.756532 0.134204 0.008314
0.767221 0.134204 0.008314
0.818290 0.134204 0.007126
0.624703 0.135392 0.008314
0.830166 0.135392 0.008314
0.840855 0.135392 0.008314
0.565321 0.136580 0.004751
0.572447 0.136580 0.011876
0.592637 0.136580 0.008314
0.603325 0.136580 0.008314
0.615202 0.136580 0.005938
0.472684 0.137767 0.008314
0.538005 0.137767 0.008314
0.548694 0.137767 0.005938
0.558195 0.137767 0.004751
0.580760 0.137767 0.008314
0.245843 0.138955 0.005938
0.255344 0.138955 0.005938
0.264846 0.138955 0.004751
0.273159 0.138955 0.008314
0.333729 0.138955 0.004751
0.390736 0.138955 0.007126
0.409739 0.138955 0.004751
0.423990 0.138955 0.011876
0.434679 0.138955 0.005938
0.448931 0.138955 0.008314
0.461995 0.138955 0.008314
0.516627 0.138955 0.005938
0.529691 0.138955 0.013064
0.115202 0.140143 0.007126
0.127078 0.140143 0.005938
0.136580 0.140143 0.004751
0.180523 0.140143 0.004751
0.206651 0.140143 0.008314
0.229216 0.140143 0.011876
0.287411 0.140143 0.008314
0.351544 0.140143 0.008314
0.400238 0.140143 0.008314
0.484561 0.140143 0.005938
0.494062 0.140143 0.005938
0.503563 0.140143 0.007126
0.143705 0.141330 0.004751
0.152019 0.141330 0.005938
0.161520 0.141330 0.007126
0.172209 0.141330 0.008314
0.188836 0.141330 0.004751
0.198337 0.141330 0.005938
0.217340 0.141330 0.008314
0.366983 0.141330 0.007126
0.888361 0.147268 0.009501
0.812352 0.149644 0.007126
0.866983 0.149644 0.004751
0.788599 0.150831 0.007126
0.800475 0.150831 0.008314
0.820665 0.150831 0.005938
0.847981 0.150831 0.005938
0.857482 0.150831 0.005938
0.729216 0.152019 0.008314
0.762470 0.152019 0.008314
0.831354 0.152019 0.008314
0.694774 0.153207 0.008314
0.705463 0.153207 0.005938
0.719715 0.153207 0.004751
0.742280 0.153207 0.005938
0.751781 0.153207 0.005938
0.777910 0.153207 0.007126
0.642518 0.154394 0.005938
0.650831 0.154394 0.007126
0.660333 0.154394 0.008314
0.671021 0.154394 0.007126
0.682898 0.154394 0.008314
0.115202 0.155582 0.008314
0.612827 0.155582 0.007126
0.623515 0.155582 0.005938
0.633017 0.155582 0.005938
0.125891 0.156770 0.005938
0.146081 0.156770 0.008314
0.248219 0.156770 0.008314
0.261283 0.156770 0.007126
0.271971 0.156770 0.008314
0.282660 0.156770 0.007126
0.292162 0.156770 0.005938
0.528504 0.156770 0.004751
0.570071 0.156770 0.007126
0.583135 0.156770 0.008314
0.592637 0.156770 0.005938
0.603325 0.156770 0.007126
0.135392 0.157957 0.007126
0.167458 0.157957 0.004751
0.182898 0.157957 0.004751
0.214964 0.157957 0.008314
0.224466 0.157957 0.005938
0.235154 0.157957 0.008314
0.301663 0.157957 0.005938
0.311164 0.157957 0.008314
0.321853 0.157957 0.005938
0.350356 0.157957 0.004751
0.396675 0.157957 0.008314
0.403800 0.157957 0.009501
0.419240 0.157957 0.007126
0.429929 0.157957 0.007126
0.444181 0.157957 0.008314
0.464371 0.157957 0.005938
0.473872 0.157957 0.007126
0.495249 0.157957 0.005938
0.508314 0.157957 0.008314
0.520190 0.157957 0.004751
0.543943 0.157957 0.007126
0.559382 0.157957 0.008314
0.157957 0.159145 0.007126
0.174584 0.159145 0.010689
0.193587 0.159145 0.007126
0.203088 0.159145 0.005938
0.330166 0.159145 0.004751
0.340855 0.159145 0.007126
0.368171 0.159145 0.007126
0.381235 0.159145 0.008314
0.457245 0.159145 0.005938
0.483373 0.159145 0.007126
0.880048 0.162708 0.005938
0.888361 0.162708 0.011876
0.896675 0.162708 0.005938
0.872922 0.163895 0.008314
0.859857 0.165083 0.007126
0.832542 0.166271 0.008314
0.801663 0.167458 0.004751
0.811164 0.167458 0.005938
0.821853 0.167458 0.005938
0.847981 0.167458 0.007126
0.762470 0.168646 0.004751
0.773159 0.168646 0.008314
0.750594 0.169834 0.008314
0.792162 0.169834 0.008314
0.648456 0.171021 0.005938
0.667458 0.171021 0.007126
0.718527 0.171021 0.011876
0.733967 0.171021 0.004751
0.743468 0.171021 0.008314
0.542755 0.172209 0.010689
0.629454 0.172209 0.008314
0.638955 0.172209 0.007126
0.657957 0.172209 0.007126
0.698337 0.172209 0.007126
0.711401 0.172209 0.009501
0.112827 0.173397 0.007126
0.124703 0.173397 0.007126
0.135392 0.173397 0.007126
0.146081 0.173397 0.008314
0.159145 0.173397 0.005938
0.175772 0.173397 0.005938
0.186461 0.173397 0.008314
0.195962 0.173397 0.005938
0.245843 0.173397 0.005938
0.255344 0.173397 0.005938
0.432304 0.173397 0.007126
0.442993 0.173397 0.005938
0.453682 0.173397 0.007126
0.463183 0.173397 0.008314
0.473872 0.173397 0.005938
0.496437 0.173397 0.007126
0.528504 0.173397 0.004751
0.549881 0.173397 0.008314
0.562945 0.173397 0.008314
0.576010 0.173397 0.007126
0.585511 0.173397 0.007126
0.595012 0.173397 0.007126
0.604513 0.173397 0.005938
0.615202 0.173397 0.008314
0.678147 0.173397 0.007126
0.685273 0.173397 0.008314
0.166271 0.174584 0.004751
0.205463 0.174584 0.007126
0.213777 0.174584 0.005938
0.224466 0.174584 0.008314
0.236342 0.174584 0.005938
0.274347 0.174584 0.010689
0.288599 0.174584 0.007126
0.298100 0.174584 0.011876
0.306413 0.174584 0.005938
0.314727 0.174584 0.005938
0.406176 0.174584 0.011876
0.421615 0.174584 0.005938
0.484561 0.174584 0.007126
0.507126 0.174584 0.007126
0.515439 0.174584 0.004751
0.327791 0.175772 0.008314
0.339667 0.175772 0.008314
0.352732 0.175772 0.008314
0.361045 0.175772 0.005938
0.371734 0.175772 0.005938
0.383610 0.175772 0.008314
0.396675 0.175772 0.007126
0.866983 0.180523 0.005938
0.858670 0.181710 0.004751
0.876485 0.181710 0.014252
0.839667 0.182898 0.008314
0.850356 0.182898 0.005938
0.827791 0.184086 0.008314
0.115202 0.185273 0.007126
0.813539 0.185273 0.010689
0.806413 0.186461 0.004751
0.124703 0.187648 0.005938
0.776722 0.187648 0.010689
0.785036 0.187648 0.008314
0.798100 0.187648 0.011876
0.135392 0.188836 0.008314
0.146081 0.188836 0.005938
0.166271 0.188836 0.007126
0.175772 0.188836 0.005938
0.185273 0.188836 0.005938
0.197150 0.188836 0.008314
0.207838 0.188836 0.005938
0.217340 0.188836 0.005938
0.716152 0.188836 0.008314
0.729216 0.188836 0.008314
0.738717 0.188836 0.011876
0.751781 0.188836 0.008314
0.762470 0.188836 0.008314
0.155582 0.190024 0.008314
0.228029 0.190024 0.005938
0.237530 0.190024 0.004751
0.256532 0.190024 0.008314
0.266033 0.190024 0.005938
0.545131 0.190024 0.008314
0.558195 0.190024 0.008314
0.572447 0.190024 0.005938
0.583135 0.190024 0.005938
0.247031 0.191211 0.007126
0.274347 0.191211 0.013064
0.286223 0.191211 0.007126
0.307601 0.191211 0.010689
0.359857 0.191211 0.005938
0.371734 0.191211 0.005938
0.378860 0.191211 0.004751
0.448931 0.191211 0.008314
0.503563 0.191211 0.013064
0.513064 0.191211 0.007126
0.524941 0.191211 0.007126
0.533254 0.191211 0.008314
0.590261 0.191211 0.013064
0.694774 0.191211 0.013064
0.298100 0.192399 0.007126
0.321853 0.192399 0.007126
0.331354 0.192399 0.007126
0.349169 0.192399 0.010689
0.388361 0.192399 0.005938
0.399050 0.192399 0.008314
0.426366 0.192399 0.005938
0.438242 0.192399 0.007126
0.457245 0.192399 0.005938
0.469121 0.192399 0.008314
0.486936 0.192399 0.005938
0.496437 0.192399 0.004751
0.600950 0.192399 0.008314
0.614014 0.192399 0.008314
0.624703 0.192399 0.007126
0.635392 0.192399 0.014252
0.643705 0.192399 0.005938
0.676960 0.192399 0.005938
0.686461 0.192399 0.005938
0.703088 0.192399 0.011876
0.407363 0.193587 0.004751
0.415677 0.193587 0.005938
0.477435 0.193587 0.005938
0.656770 0.193587 0.008314
0.666271 0.193587 0.008314
