0.682898 0.073634 0.007126
0.519002 0.074822 0.008314
0.528504 0.074822 0.007126
0.539192 0.074822 0.005938
0.560570 0.074822 0.005938
0.578385 0.074822 0.004751
0.598575 0.074822 0.008314
0.610451 0.074822 0.007126
0.619952 0.074822 0.005938
0.649644 0.074822 0.004751
0.657957 0.074822 0.007126
0.671021 0.074822 0.008314
0.694774 0.074822 0.008314
0.705463 0.074822 0.007126
0.719715 0.074822 0.011876
0.729216 0.074822 0.007126
0.738717 0.074822 0.007126
0.749406 0.074822 0.005938
0.760095 0.074822 0.008314
0.773159 0.074822 0.008314
0.490499 0.076010 0.005938
0.500000 0.076010 0.004751
0.508314 0.076010 0.005938
0.551069 0.076010 0.007126
0.570071 0.076010 0.007126
0.585511 0.076010 0.009501
0.630641 0.076010 0.008314
0.640143 0.076010 0.007126
0.786223 0.076010 0.008314
0.813539 0.076010 0.008314
0.824228 0.076010 0.007126
0.461995 0.077197 0.005938
0.480998 0.077197 0.005938
0.800475 0.077197 0.008314
0.843230 0.077197 0.008314
0.454869 0.078385 0.004751
0.471496 0.078385 0.005938
0.832542 0.078385 0.007126
0.852732 0.078385 0.005938
0.876485 0.078385 0.008314
0.864608 0.079572 0.008314
0.404988 0.080760 0.009501
0.416865 0.080760 0.015439
0.435867 0.080760 0.004751
0.445368 0.080760 0.005938
0.380048 0.081948 0.010689
0.394299 0.081948 0.008314
0.427553 0.081948 0.005938
0.369359 0.083135 0.005938
0.305226 0.084323 0.008314
0.317102 0.084323 0.008314
0.330166 0.084323 0.005938
0.339667 0.084323 0.005938
0.349169 0.084323 0.004751
0.285036 0.086698 0.008314
0.269596 0.087886 0.007126
0.622328 0.087886 0.007126
0.648456 0.087886 0.004751
0.258907 0.089074 0.008314
0.578385 0.089074 0.007126
0.609264 0.089074 0.007126
0.631829 0.089074 0.005938
0.657957 0.089074 0.007126
0.685273 0.089074 0.005938
0.705463 0.089074 0.005938
0.250594 0.090261 0.005938
0.535629 0.090261 0.008314
0.546318 0.090261 0.005938
0.567696 0.090261 0.007126
0.640143 0.090261 0.004751
0.668646 0.090261 0.005938
0.695962 0.090261 0.007126
0.714964 0.090261 0.004751
0.724466 0.090261 0.008314
0.738717 0.090261 0.009501
0.762470 0.090261 0.005938
0.771971 0.090261 0.005938
0.228029 0.091449 0.008314
0.238717 0.091449 0.007126
0.497625 0.091449 0.005938
0.522565 0.091449 0.008314
0.557007 0.091449 0.008314
0.750594 0.091449 0.008314
0.782660 0.091449 0.008314
0.795724 0.091449 0.007126
0.806413 0.091449 0.005938
0.828979 0.091449 0.007126
0.843230 0.091449 0.008314
0.211401 0.092637 0.004751
0.217340 0.092637 0.008314
0.469121 0.092637 0.008314
0.507126 0.092637 0.008314
0.815914 0.092637 0.008314
0.875297 0.092637 0.005938
0.173397 0.093824 0.007126
0.185273 0.093824 0.007126
0.195962 0.093824 0.004751
0.203088 0.093824 0.005938
0.444181 0.093824 0.007126
0.458432 0.093824 0.008314
0.486936 0.093824 0.008314
0.862233 0.093824 0.007126
0.137767 0.095012 0.004751
0.146081 0.095012 0.004751
0.162708 0.095012 0.005938
0.425178 0.095012 0.005938
0.435867 0.095012 0.004751
0.127078 0.096200 0.007126
0.414489 0.096200 0.008314
0.331354 0.097387 0.008314
0.344418 0.097387 0.007126
0.369359 0.097387 0.007126
0.397862 0.097387 0.004751
0.311164 0.098575 0.007126
0.319477 0.098575 0.004751
0.353919 0.098575 0.008314
0.378860 0.098575 0.005938
0.388361 0.098575 0.005938
0.285036 0.099762 0.004751
0.299287 0.099762 0.005938
0.274347 0.100950 0.008314
0.267221 0.102138 0.004751
0.258907 0.103325 0.004751
0.584323 0.103325 0.008314
0.629454 0.103325 0.008314
0.663895 0.103325 0.007126
0.250594 0.104513 0.007126
0.564133 0.104513 0.004751
0.573634 0.104513 0.007126
0.595012 0.104513 0.008314
0.608076 0.104513 0.005938
0.617577 0.104513 0.005938
0.641330 0.104513 0.007126
0.652019 0.104513 0.007126
0.672209 0.104513 0.010689
0.687648 0.104513 0.007126
0.212589 0.105701 0.004751
0.557007 0.105701 0.004751
0.700713 0.105701 0.008314
0.709026 0.105701 0.004751
0.169834 0.106888 0.005938
0.178147 0.106888 0.008314
0.190024 0.106888 0.008314
0.204276 0.106888 0.005938
0.222090 0.106888 0.007126
0.236342 0.106888 0.008314
0.488124 0.106888 0.005938
0.496437 0.106888 0.004751
0.508314 0.106888 0.008314
0.521378 0.106888 0.007126
0.534442 0.106888 0.008314
0.547506 0.106888 0.005938
0.720903 0.106888 0.008314
0.748219 0.106888 0.008314
0.761283 0.106888 0.008314
0.852732 0.106888 0.004751
0.868171 0.106888 0.004751
0.143705 0.108076 0.008314
0.149644 0.108076 0.004751
0.437055 0.108076 0.008314
0.453682 0.108076 0.004751
0.461995 0.108076 0.007126
0.732779 0.108076 0.008314
0.776722 0.108076 0.008314
0.804038 0.108076 0.008314
0.813539 0.108076 0.004751
0.834917 0.108076 0.008314
0.844418 0.108076 0.005938
0.130641 0.109264 0.004751
0.159145 0.109264 0.005938
0.423990 0.109264 0.007126
0.446556 0.109264 0.004751
0.473872 0.109264 0.007126
0.788599 0.109264 0.008314
0.824228 0.109264 0.008314
0.399050 0.110451 0.005938
0.353919 0.111639 0.005938
0.368171 0.111639 0.008314
0.389549 0.111639 0.005938
0.409739 0.111639 0.008314
0.295724 0.112827 0.005938
0.307601 0.112827 0.008314
0.325416 0.112827 0.005938
0.333729 0.112827 0.008314
0.344418 0.112827 0.007126
0.378860 0.112827 0.008314
0.280285 0.114014 0.005938
0.270784 0.115202 0.005938
0.248219 0.116390 0.005938
0.255344 0.116390 0.004751
0.228029 0.118765 0.005938
0.567696 0.118765 0.008314
0.580760 0.118765 0.007126
0.590261 0.118765 0.005938
0.610451 0.118765 0.005938
0.713777 0.118765 0.007126
0.176960 0.119952 0.008314
0.187648 0.119952 0.005938
0.197150 0.119952 0.004751
0.206651 0.119952 0.005938
0.218527 0.119952 0.005938
0.236342 0.119952 0.005938
0.559382 0.119952 0.005938
0.600950 0.119952 0.007126
0.627078 0.119952 0.010689
0.638955 0.119952 0.008314
0.660333 0.119952 0.008314
0.538005 0.121140 0.008314
0.548694 0.121140 0.008314
0.621140 0.121140 0.010689
0.650831 0.121140 0.008314
0.763658 0.121140 0.005938
0.149644 0.122328 0.008314
0.159145 0.122328 0.005938
0.167458 0.122328 0.004751
0.486936 0.122328 0.005938
0.496437 0.122328 0.013064
0.504751 0.122328 0.005938
0.515439 0.122328 0.007126
0.526128 0.122328 0.005938
0.724466 0.122328 0.007126
0.733967 0.122328 0.007126
0.745843 0.122328 0.005938
0.752969 0.122328 0.008314
0.868171 0.122328 0.009501
0.128266 0.123515 0.008314
0.136580 0.123515 0.005938
0.774347 0.123515 0.007126
0.787411 0.123515 0.007126
0.796912 0.123515 0.007126
0.809976 0.123515 0.008314
0.823040 0.123515 0.005938
0.856295 0.123515 0.008314
0.874109 0.123515 0.010689
0.433492 0.124703 0.005938
0.445368 0.124703 0.005938
0.453682 0.124703 0.005938
0.464371 0.124703 0.007126
0.476247 0.124703 0.007126
0.845606 0.124703 0.008314
0.422803 0.125891 0.004751
0.832542 0.125891 0.008314
0.415677 0.127078 0.010689
0.381235 0.128266 0.008314
0.389549 0.129454 0.005938
0.285036 0.130641 0.008314
0.267221 0.131829 0.007126
0.276722 0.131829 0.007126
0.248219 0.133017 0.008314
0.256532 0.133017 0.005938
0.224466 0.134204 0.005938
0.235154 0.134204 0.007126
0.197150 0.135392 0.005938
0.206651 0.135392 0.005938
0.214964 0.135392 0.008314
0.578385 0.135392 0.010689
0.589074 0.135392 0.005938
0.611639 0.135392 0.007126
0.622328 0.135392 0.007126
0.631829 0.135392 0.005938
0.641330 0.135392 0.005938
0.650831 0.135392 0.005938
0.660333 0.135392 0.007126
0.711401 0.135392 0.009501
0.168646 0.136580 0.005938
0.178147 0.136580 0.005938
0.186461 0.136580 0.005938
0.571259 0.136580 0.004751
0.599762 0.136580 0.007126
0.156770 0.137767 0.008314
0.464371 0.137767 0.005938
0.520190 0.137767 0.007126
0.564133 0.137767 0.004751
0.720903 0.137767 0.005938
0.730404 0.137767 0.004751
0.737530 0.137767 0.011876
0.747031 0.137767 0.005938
0.755344 0.137767 0.008314
0.767221 0.137767 0.009501
0.124703 0.138955 0.009501
0.131829 0.138955 0.004751
0.140143 0.138955 0.008314
0.473872 0.138955 0.008314
0.488124 0.138955 0.007126
0.510689 0.138955 0.007126
0.530879 0.138955 0.007126
0.542755 0.138955 0.008314
0.553444 0.138955 0.008314
0.774347 0.138955 0.005938
0.795724 0.138955 0.008314
0.805226 0.138955 0.007126
0.876485 0.138955 0.005938
0.431116 0.140143 0.013064
0.440618 0.140143 0.007126
0.452494 0.140143 0.008314
0.498812 0.140143 0.007126
0.785036 0.140143 0.008314
0.820665 0.140143 0.008314
0.849169 0.140143 0.005938
0.858670 0.140143 0.004751
0.865796 0.140143 0.004751
0.831354 0.141330 0.008314
0.842043 0.141330 0.005938
0.422803 0.142518 0.004751
0.410926 0.143705 0.007126
0.269596 0.147268 0.005938
0.281473 0.147268 0.008314
0.256532 0.148456 0.009501
0.186461 0.149644 0.007126
0.244656 0.149644 0.008314
0.662708 0.149644 0.008314
0.168646 0.150831 0.005938
0.176960 0.150831 0.005938
0.197150 0.150831 0.007126
0.230404 0.150831 0.007126
0.606888 0.150831 0.008314
0.619952 0.150831 0.007126
0.634204 0.150831 0.008314
0.644893 0.150831 0.005938
0.138955 0.152019 0.005938
0.159145 0.152019 0.007126
0.209026 0.152019 0.008314
0.219715 0.152019 0.007126
0.578385 0.152019 0.007126
0.587886 0.152019 0.005938
0.596200 0.152019 0.005938
0.711401 0.152019 0.008314
0.718527 0.152019 0.008314
0.129454 0.153207 0.004751
0.148456 0.153207 0.007126
0.730404 0.153207 0.004751
0.738717 0.153207 0.004751
0.122328 0.154394 0.004751
0.473872 0.154394 0.008314
0.494062 0.154394 0.007126
0.503563 0.154394 0.007126
0.533254 0.154394 0.004751
0.558195 0.154394 0.005938
0.566508 0.154394 0.007126
0.749406 0.154394 0.007126
0.866983 0.154394 0.008314
0.483373 0.155582 0.007126
0.514252 0.155582 0.005938
0.523753 0.155582 0.005938
0.543943 0.155582 0.008314
0.760095 0.155582 0.007126
0.769596 0.155582 0.004751
0.780285 0.155582 0.008314
0.847981 0.155582 0.004751
0.875297 0.155582 0.010689
0.448931 0.156770 0.007126
0.460808 0.156770 0.007126
0.787411 0.156770 0.004751
0.802850 0.156770 0.005938
0.812352 0.156770 0.004751
0.820665 0.156770 0.005938
0.853919 0.156770 0.010689
0.438242 0.157957 0.005938
0.830166 0.157957 0.004751
0.838480 0.157957 0.005938
0.428741 0.159145 0.005938
0.403800 0.160333 0.004751
0.414489 0.160333 0.007126
0.368171 0.161520 0.005938
0.378860 0.161520 0.007126
0.388361 0.161520 0.004751
0.396675 0.161520 0.005938
0.340855 0.162708 0.013064
0.264846 0.163895 0.005938
0.274347 0.163895 0.008314
0.334917 0.163895 0.004751
0.349169 0.163895 0.005938
0.358670 0.163895 0.004751
0.190024 0.165083 0.008314
0.201900 0.165083 0.004751
0.219715 0.165083 0.004751
0.237530 0.165083 0.008314
0.245843 0.165083 0.005938
0.254157 0.165083 0.005938
0.133017 0.166271 0.007126
0.143705 0.166271 0.005938
0.153207 0.166271 0.005938
0.162708 0.166271 0.005938
0.173397 0.166271 0.008314
0.210214 0.166271 0.005938
0.642518 0.166271 0.008314
0.654394 0.166271 0.007126
0.662708 0.166271 0.013064
0.122328 0.167458 0.007126
0.592637 0.167458 0.005938
0.600950 0.167458 0.005938
0.610451 0.167458 0.005938
0.621140 0.167458 0.007126
0.630641 0.167458 0.007126
0.552257 0.168646 0.008314
0.574822 0.168646 0.008314
0.584323 0.168646 0.004751
0.709026 0.168646 0.008314
0.719715 0.168646 0.005938
0.728029 0.168646 0.004751
0.535629 0.169834 0.008314
0.564133 0.169834 0.007126
0.752969 0.169834 0.007126
0.776722 0.169834 0.008314
0.856295 0.169834 0.004751
0.871734 0.169834 0.004751
0.508314 0.171021 0.007126
0.517815 0.171021 0.005938
0.526128 0.171021 0.005938
0.739905 0.171021 0.009501
0.798100 0.171021 0.004751
0.807601 0.171021 0.007126
0.817102 0.171021 0.005938
0.833729 0.171021 0.004751
0.845606 0.171021 0.008314
0.469121 0.172209 0.008314
0.478622 0.172209 0.005938
0.488124 0.172209 0.008314
0.498812 0.172209 0.007126
0.764846 0.172209 0.008314
0.788599 0.172209 0.007126
0.825416 0.172209 0.005938
0.444181 0.174584 0.007126
0.433492 0.175772 0.008314
0.456057 0.175772 0.007126
0.415677 0.176960 0.007126
0.426366 0.176960 0.004751
0.258907 0.178147 0.005938
0.267221 0.178147 0.004751
0.276722 0.178147 0.008314
0.395487 0.178147 0.004751
0.403800 0.178147 0.005938
0.122328 0.179335 0.008314
0.129454 0.179335 0.008314
0.141330 0.179335 0.004751
0.148456 0.179335 0.004751
0.156770 0.179335 0.007126
0.167458 0.179335 0.007126
0.176960 0.179335 0.004751
0.217340 0.179335 0.004751
0.225653 0.179335 0.004751
0.232779 0.179335 0.004751
0.241093 0.179335 0.004751
0.248219 0.179335 0.005938
0.332542 0.179335 0.007126
0.364608 0.179335 0.005938
0.185273 0.180523 0.009501
0.199525 0.180523 0.007126
0.210214 0.180523 0.007126
0.342043 0.180523 0.005938
0.355107 0.180523 0.008314
0.654394 0.182898 0.004751
0.859857 0.182898 0.005938
0.868171 0.182898 0.004751
0.874109 0.182898 0.004751
0.882423 0.182898 0.008314
0.634204 0.184086 0.007126
0.671021 0.184086 0.007126
0.701900 0.184086 0.004751
0.718527 0.184086 0.008314
0.730404 0.184086 0.007126
0.761283 0.184086 0.007126
0.805226 0.184086 0.005938
0.814727 0.184086 0.007126
0.832542 0.184086 0.004751
0.844418 0.184086 0.008314
0.851544 0.184086 0.005938
0.539192 0.185273 0.005938
0.591449 0.185273 0.007126
0.602138 0.185273 0.007126
0.624703 0.185273 0.008314
0.646081 0.185273 0.005938
0.679335 0.185273 0.008314
0.695962 0.185273 0.009501
0.739905 0.185273 0.005938
0.796912 0.185273 0.005938
0.825416 0.185273 0.004751
0.529691 0.186461 0.008314
0.549881 0.186461 0.008314
0.562945 0.186461 0.008314
0.571259 0.186461 0.005938
0.583135 0.186461 0.008314
0.749406 0.186461 0.004751
0.774347 0.186461 0.008314
0.787411 0.186461 0.005938
0.497625 0.188836 0.011876
0.504751 0.188836 0.008314
0.516627 0.188836 0.007126
0.418052 0.190024 0.007126
0.489311 0.190024 0.005938
0.288599 0.191211 0.005938
0.394299 0.191211 0.007126
0.432304 0.191211 0.008314
0.445368 0.191211 0.007126
0.471496 0.191211 0.008314
0.479810 0.191211 0.005938
0.241093 0.192399 0.007126
0.254157 0.192399 0.007126
0.267221 0.192399 0.007126
0.277910 0.192399 0.005938
0.298100 0.192399 0.004751
0.352732 0.192399 0.008314
0.364608 0.192399 0.005938
0.404988 0.192399 0.007126
0.457245 0.192399 0.007126
0.133017 0.193587 0.007126
0.144893 0.193587 0.007126
0.154394 0.193587 0.005938
0.210214 0.193587 0.004751
0.218527 0.193587 0.004751
0.323040 0.193587 0.007126
0.334917 0.193587 0.005938
0.344418 0.193587 0.005938
0.376485 0.193587 0.008314
0.162708 0.194774 0.004751
0.172209 0.194774 0.005938
0.182898 0.194774 0.007126
0.201900 0.194774 0.005938
0.121140 0.195962 0.008314
0.193587 0.195962 0.005938
0.885986 0.197150 0.007126
0.657957 0.198337 0.004751
0.866983 0.198337 0.007126
0.875297 0.198337 0.004751
0.623515 0.199525 0.004751
0.631829 0.199525 0.008314
0.643705 0.199525 0.005938
0.652019 0.199525 0.013064
0.667458 0.199525 0.008314
0.819477 0.199525 0.005938
0.827791 0.199525 0.005938
0.837292 0.199525 0.004751
0.853919 0.199525 0.008314
0.583135 0.200713 0.008314
0.616390 0.200713 0.010689
0.678147 0.200713 0.004751
0.724466 0.200713 0.007126
0.747031 0.200713 0.008314
0.779097 0.200713 0.007126
0.806413 0.200713 0.008314
0.559382 0.201900 0.007126
0.572447 0.201900 0.007126
0.600950 0.201900 0.009501
0.688836 0.201900 0.008314
0.703088 0.201900 0.007126
0.712589 0.201900 0.005938
0.735154 0.201900 0.008314
0.757720 0.201900 0.004751
0.768409 0.201900 0.008314
0.789786 0.201900 0.008314
0.519002 0.203088 0.008314
0.530879 0.203088 0.008314
0.542755 0.203088 0.008314
0.551069 0.203088 0.005938
0.286223 0.204276 0.007126
0.497625 0.204276 0.008314
0.505938 0.204276 0.007126
0.252969 0.205463 0.005938
0.263658 0.205463 0.007126
0.442993 0.205463 0.005938
0.472684 0.205463 0.010689
0.479810 0.205463 0.004751
0.488124 0.205463 0.005938
0.219715 0.206651 0.007126
0.231591 0.206651 0.005938
0.241093 0.206651 0.008314
0.274347 0.206651 0.008314
0.296912 0.206651 0.008314
0.308789 0.206651 0.008314
0.328979 0.206651 0.004751
0.338480 0.206651 0.005938
0.346793 0.206651 0.004751
0.355107 0.206651 0.005938
0.363420 0.206651 0.005938
0.385986 0.206651 0.005938
0.426366 0.206651 0.011876
0.433492 0.206651 0.004751
0.150831 0.207838 0.007126
0.180523 0.207838 0.004751
0.192399 0.207838 0.008314
0.200713 0.207838 0.005938
0.210214 0.207838 0.007126
0.375297 0.207838 0.005938
0.394299 0.207838 0.007126
0.406176 0.207838 0.007126
0.416865 0.207838 0.005938
0.452494 0.207838 0.010689
0.128266 0.209026 0.005938
0.138955 0.209026 0.007126
0.160333 0.209026 0.005938
0.171021 0.209026 0.005938
0.320665 0.209026 0.007126
0.121140 0.210214 0.004751
0.865796 0.213777 0.005938
0.875297 0.213777 0.004751
0.856295 0.214964 0.005938
0.883610 0.214964 0.011876
0.847981 0.216152 0.007126
0.789786 0.217340 0.004751
0.826603 0.217340 0.007126
0.718527 0.218527 0.008314
0.730404 0.218527 0.004751
0.747031 0.218527 0.004751
0.754157 0.218527 0.004751
0.762470 0.218527 0.005938
0.782660 0.218527 0.004751
0.798100 0.218527 0.004751
0.806413 0.218527 0.005938
0.815914 0.218527 0.008314
0.838480 0.218527 0.008314
0.542755 0.219715 0.004751
0.552257 0.219715 0.008314
0.595012 0.219715 0.008314
0.603325 0.219715 0.005938
0.614014 0.219715 0.010689
0.621140 0.219715 0.004751
0.628266 0.219715 0.004751
0.650831 0.219715 0.004751
0.660333 0.219715 0.008314
0.672209 0.219715 0.008314
0.707838 0.219715 0.008314
0.773159 0.219715 0.008314
0.368171 0.220903 0.011876
0.532067 0.220903 0.007126
0.583135 0.220903 0.008314
0.640143 0.220903 0.008314
0.682898 0.220903 0.013064
0.699525 0.220903 0.014252
0.736342 0.220903 0.010689
0.404988 0.222090 0.011876
0.507126 0.222090 0.010689
0.521378 0.222090 0.007126
0.570071 0.222090 0.010689
0.133017 0.223278 0.007126
0.385986 0.223278 0.007126
0.414489 0.223278 0.010689
0.458432 0.223278 0.007126
0.469121 0.223278 0.007126
0.482185 0.223278 0.008314
0.494062 0.223278 0.008314
0.121140 0.224466 0.008314
0.144893 0.224466 0.010689
0.192399 0.224466 0.004751
0.224466 0.224466 0.005938
0.264846 0.224466 0.007126
0.293349 0.224466 0.007126
0.336105 0.224466 0.008314
0.439430 0.224466 0.007126
0.448931 0.224466 0.005938
0.173397 0.225653 0.008314
0.185273 0.225653 0.004751
0.233967 0.225653 0.007126
0.244656 0.225653 0.007126
0.255344 0.225653 0.007126
0.302850 0.225653 0.014252
0.321853 0.225653 0.009501
0.428741 0.225653 0.007126
0.207838 0.226841 0.004751
0.214964 0.226841 0.013064
0.273159 0.226841 0.013064
0.282660 0.226841 0.007126
