0.809976 0.064133 0.004751
0.828979 0.064133 0.007126
0.865796 0.064133 0.008314
0.742280 0.065321 0.007126
0.802850 0.065321 0.004751
0.818290 0.065321 0.005938
0.846793 0.065321 0.004751
0.858670 0.065321 0.008314
0.687648 0.066508 0.004751
0.697150 0.066508 0.008314
0.705463 0.066508 0.004751
0.714964 0.066508 0.007126
0.723278 0.066508 0.004751
0.731591 0.066508 0.011876
0.763658 0.066508 0.007126
0.785036 0.066508 0.004751
0.793349 0.066508 0.008314
0.837292 0.066508 0.008314
0.877672 0.066508 0.008314
0.642518 0.067696 0.008314
0.653207 0.067696 0.005938
0.661520 0.067696 0.004751
0.669834 0.067696 0.011876
0.678147 0.067696 0.005938
0.752969 0.067696 0.007126
0.775534 0.067696 0.008314
0.564133 0.068884 0.008314
0.595012 0.068884 0.004751
0.615202 0.068884 0.008314
0.625891 0.068884 0.005938
0.633017 0.068884 0.004751
0.572447 0.070071 0.004751
0.585511 0.070071 0.008314
0.605701 0.070071 0.004751
0.519002 0.071259 0.005938
0.529691 0.071259 0.010689
0.545131 0.071259 0.004751
0.553444 0.071259 0.007126
0.441805 0.072447 0.010689
0.511876 0.072447 0.004751
0.450119 0.073634 0.004751
0.458432 0.073634 0.007126
0.476247 0.073634 0.005938
0.485748 0.073634 0.004751
0.491686 0.073634 0.008314
0.502375 0.073634 0.007126
0.406176 0.074822 0.004751
0.422803 0.074822 0.008314
0.429929 0.074822 0.004751
0.467933 0.074822 0.004751
0.390736 0.076010 0.004751
0.399050 0.076010 0.004751
0.413302 0.076010 0.004751
0.363420 0.077197 0.008314
0.374109 0.077197 0.008314
0.382423 0.077197 0.005938
0.843230 0.078385 0.004751
0.853919 0.078385 0.004751
0.332542 0.079572 0.008314
0.343230 0.079572 0.007126
0.353919 0.079572 0.007126
0.695962 0.079572 0.005938
0.706651 0.079572 0.005938
0.714964 0.079572 0.004751
0.722090 0.079572 0.009501
0.807601 0.079572 0.005938
0.815914 0.079572 0.008314
0.825416 0.079572 0.004751
0.834917 0.079572 0.005938
0.861045 0.079572 0.004751
0.877672 0.079572 0.005938
0.309976 0.080760 0.008314
0.321853 0.080760 0.007126
0.682898 0.080760 0.008314
0.738717 0.080760 0.007126
0.776722 0.080760 0.004751
0.785036 0.080760 0.004751
0.798100 0.080760 0.008314
0.868171 0.080760 0.004751
0.271971 0.081948 0.007126
0.282660 0.081948 0.005938
0.660333 0.081948 0.004751
0.747031 0.081948 0.004751
0.577197 0.083135 0.004751
0.630641 0.083135 0.007126
0.641330 0.083135 0.007126
0.649644 0.083135 0.007126
0.668646 0.083135 0.007126
0.756532 0.083135 0.007126
0.768409 0.083135 0.005938
0.566508 0.084323 0.008314
0.591449 0.084323 0.005938
0.610451 0.084323 0.005938
0.618765 0.084323 0.008314
0.511876 0.085511 0.007126
0.521378 0.085511 0.004751
0.529691 0.085511 0.005938
0.539192 0.085511 0.005938
0.549881 0.085511 0.005938
0.558195 0.085511 0.004751
0.484561 0.086698 0.008314
0.491686 0.086698 0.005938
0.501188 0.086698 0.004751
0.153207 0.087886 0.005938
0.423990 0.087886 0.005938
0.457245 0.087886 0.004751
0.464371 0.087886 0.004751
0.475059 0.087886 0.005938
0.413302 0.089074 0.005938
0.432304 0.089074 0.004751
0.439430 0.089074 0.004751
0.451306 0.089074 0.008314
0.115202 0.090261 0.008314
0.404988 0.090261 0.004751
0.393112 0.091449 0.008314
0.692399 0.091449 0.008314
0.362233 0.092637 0.005938
0.371734 0.092637 0.007126
0.383610 0.092637 0.007126
0.824228 0.092637 0.004751
0.836105 0.092637 0.008314
0.847981 0.092637 0.007126
0.871734 0.092637 0.007126
0.880048 0.092637 0.004751
0.279097 0.093824 0.008314
0.302850 0.093824 0.007126
0.313539 0.093824 0.004751
0.334917 0.093824 0.008314
0.351544 0.093824 0.007126
0.720903 0.093824 0.005938
0.857482 0.093824 0.008314
0.256532 0.095012 0.007126
0.270784 0.095012 0.005938
0.292162 0.095012 0.005938
0.325416 0.095012 0.007126
0.699525 0.095012 0.009501
0.711401 0.095012 0.004751
0.787411 0.095012 0.004751
0.795724 0.095012 0.004751
0.802850 0.095012 0.008314
0.814727 0.095012 0.008314
0.206651 0.096200 0.005938
0.214964 0.096200 0.005938
0.649644 0.096200 0.007126
0.660333 0.096200 0.005938
0.672209 0.096200 0.005938
0.729216 0.096200 0.008314
0.741093 0.096200 0.005938
0.750594 0.096200 0.005938
0.773159 0.096200 0.008314
0.197150 0.097387 0.005938
0.583135 0.097387 0.008314
0.596200 0.097387 0.007126
0.623515 0.097387 0.005938
0.635392 0.097387 0.007126
0.760095 0.097387 0.007126
0.178147 0.098575 0.007126
0.188836 0.098575 0.004751
0.547506 0.098575 0.005938
0.606888 0.098575 0.007126
0.615202 0.098575 0.004751
0.148456 0.099762 0.005938
0.157957 0.099762 0.007126
0.166271 0.099762 0.007126
0.536817 0.099762 0.007126
0.557007 0.099762 0.007126
0.566508 0.099762 0.008314
0.140143 0.100950 0.008314
0.447743 0.102138 0.007126
0.457245 0.102138 0.008314
0.484561 0.102138 0.005938
0.494062 0.102138 0.007126
0.515439 0.102138 0.007126
0.524941 0.102138 0.008314
0.115202 0.103325 0.007126
0.475059 0.103325 0.008314
0.505938 0.103325 0.007126
0.412114 0.104513 0.005938
0.421615 0.104513 0.007126
0.432304 0.104513 0.008314
0.387173 0.105701 0.007126
0.401425 0.105701 0.008314
0.365796 0.106888 0.007126
0.376485 0.106888 0.004751
0.881235 0.106888 0.008314
0.302850 0.108076 0.005938
0.313539 0.108076 0.005938
0.356295 0.108076 0.005938
0.792162 0.108076 0.008314
0.834917 0.108076 0.007126
0.851544 0.108076 0.008314
0.861045 0.108076 0.007126
0.872922 0.108076 0.007126
0.273159 0.109264 0.008314
0.293349 0.109264 0.005938
0.324228 0.109264 0.008314
0.337292 0.109264 0.004751
0.345606 0.109264 0.005938
0.723278 0.109264 0.005938
0.806413 0.109264 0.007126
0.815914 0.109264 0.005938
0.825416 0.109264 0.004751
0.204276 0.110451 0.007126
0.213777 0.110451 0.004751
0.285036 0.110451 0.008314
0.736342 0.110451 0.007126
0.745843 0.110451 0.007126
0.756532 0.110451 0.007126
0.768409 0.110451 0.005938
0.777910 0.110451 0.007126
0.178147 0.111639 0.005938
0.248219 0.111639 0.007126
0.611639 0.111639 0.004751
0.619952 0.111639 0.008314
0.631829 0.111639 0.007126
0.659145 0.111639 0.007126
0.668646 0.111639 0.013064
0.144893 0.112827 0.005938
0.155582 0.112827 0.005938
0.165083 0.112827 0.004751
0.190024 0.112827 0.008314
0.591449 0.112827 0.007126
0.603325 0.112827 0.008314
0.648456 0.112827 0.008314
0.570071 0.114014 0.005938
0.580760 0.114014 0.007126
0.134204 0.115202 0.005938
0.559382 0.115202 0.008314
0.115202 0.116390 0.005938
0.124703 0.116390 0.005938
0.545131 0.116390 0.008314
0.312352 0.117577 0.004751
0.428741 0.118765 0.007126
0.516627 0.118765 0.007126
0.346793 0.119952 0.005938
0.369359 0.119952 0.008314
0.387173 0.119952 0.005938
0.410926 0.119952 0.005938
0.419240 0.119952 0.005938
0.467933 0.119952 0.007126
0.478622 0.119952 0.008314
0.490499 0.119952 0.008314
0.504751 0.119952 0.008314
0.532067 0.119952 0.009501
0.333729 0.121140 0.007126
0.356295 0.121140 0.008314
0.377672 0.121140 0.008314
0.400238 0.121140 0.008314
0.440618 0.121140 0.010689
0.456057 0.121140 0.010689
0.800475 0.122328 0.008314
0.850356 0.122328 0.007126
0.861045 0.122328 0.008314
0.200713 0.123515 0.009501
0.224466 0.123515 0.011876
0.782660 0.123515 0.004751
0.807601 0.123515 0.004751
0.825416 0.123515 0.008314
0.838480 0.123515 0.008314
0.788599 0.124703 0.004751
0.179335 0.125891 0.007126
0.188836 0.125891 0.007126
0.206651 0.125891 0.010689
0.750594 0.125891 0.008314
0.762470 0.125891 0.007126
0.771971 0.125891 0.007126
0.871734 0.125891 0.007126
0.160333 0.127078 0.005938
0.169834 0.127078 0.007126
0.657957 0.127078 0.004751
0.738717 0.127078 0.008314
0.148456 0.128266 0.008314
0.638955 0.128266 0.008314
0.649644 0.128266 0.005938
0.135392 0.129454 0.008314
0.616390 0.129454 0.007126
0.627078 0.129454 0.007126
0.119952 0.130641 0.010689
0.565321 0.130641 0.008314
0.603325 0.130641 0.008314
0.573634 0.131829 0.011876
0.554632 0.133017 0.007126
0.587886 0.133017 0.009501
0.475059 0.134204 0.007126
0.522565 0.134204 0.007126
0.545131 0.134204 0.005938
0.412114 0.135392 0.007126
0.433492 0.135392 0.005938
0.441805 0.135392 0.005938
0.463183 0.135392 0.005938
0.492874 0.135392 0.008314
0.502375 0.135392 0.007126
0.513064 0.135392 0.005938
0.534442 0.135392 0.005938
0.401425 0.136580 0.008314
0.422803 0.136580 0.008314
0.453682 0.136580 0.005938
0.346793 0.137767 0.008314
0.368171 0.137767 0.005938
0.381235 0.137767 0.008314
0.391924 0.137767 0.005938
0.838480 0.137767 0.004751
0.868171 0.137767 0.004751
0.880048 0.137767 0.008314
0.257720 0.138955 0.008314
0.358670 0.138955 0.008314
0.846793 0.138955 0.005938
0.855107 0.138955 0.010689
0.230404 0.140143 0.007126
0.239905 0.140143 0.004751
0.247031 0.140143 0.004751
0.800475 0.140143 0.005938
0.820665 0.140143 0.008314
0.831354 0.140143 0.004751
0.194774 0.141330 0.007126
0.767221 0.141330 0.010689
0.781473 0.141330 0.008314
0.789786 0.141330 0.007126
0.809976 0.141330 0.007126
0.150831 0.142518 0.007126
0.163895 0.142518 0.008314
0.175772 0.142518 0.008314
0.185273 0.142518 0.004751
0.713777 0.142518 0.010689
0.725653 0.142518 0.007126
0.737530 0.142518 0.008314
0.750594 0.142518 0.007126
0.761283 0.142518 0.008314
0.133017 0.144893 0.004751
0.609264 0.144893 0.008314
0.622328 0.144893 0.008314
0.633017 0.144893 0.007126
0.124703 0.146081 0.004751
0.641330 0.146081 0.008314
0.115202 0.147268 0.007126
0.437055 0.147268 0.007126
0.447743 0.148456 0.007126
0.489311 0.149644 0.005938
0.562945 0.149644 0.008314
0.574822 0.149644 0.007126
0.596200 0.149644 0.008314
0.457245 0.150831 0.007126
0.469121 0.150831 0.007126
0.479810 0.150831 0.007126
0.498812 0.150831 0.005938
0.508314 0.150831 0.007126
0.517815 0.150831 0.005938
0.528504 0.150831 0.007126
0.538005 0.150831 0.007126
0.549881 0.150831 0.008314
0.584323 0.150831 0.008314
0.395487 0.152019 0.008314
0.408551 0.152019 0.008314
0.421615 0.152019 0.007126
0.383610 0.153207 0.008314
0.345606 0.154394 0.005938
0.834917 0.154394 0.008314
0.887173 0.154394 0.008314
0.267221 0.155582 0.007126
0.279097 0.155582 0.005938
0.287411 0.155582 0.013064
0.336105 0.155582 0.013064
0.356295 0.155582 0.007126
0.366983 0.155582 0.008314
0.847981 0.155582 0.007126
0.875297 0.155582 0.008314
0.229216 0.156770 0.008314
0.244656 0.156770 0.005938
0.255344 0.156770 0.007126
0.745843 0.156770 0.010689
0.820665 0.156770 0.008314
0.859857 0.156770 0.005938
0.868171 0.156770 0.004751
0.173397 0.157957 0.008314
0.186461 0.157957 0.005938
0.768409 0.157957 0.009501
0.781473 0.157957 0.008314
0.792162 0.157957 0.008314
0.162708 0.159145 0.008314
0.219715 0.159145 0.007126
0.755344 0.159145 0.004751
0.801663 0.159145 0.011876
0.147268 0.160333 0.008314
0.653207 0.160333 0.005938
0.711401 0.160333 0.008314
0.732779 0.160333 0.004751
0.644893 0.161520 0.004751
0.723278 0.161520 0.008314
0.598575 0.162708 0.004751
0.605701 0.162708 0.004751
0.614014 0.162708 0.005938
0.622328 0.162708 0.008314
0.744656 0.162708 0.007126
0.498812 0.163895 0.004751
0.564133 0.163895 0.004751
0.571259 0.163895 0.004751
0.586698 0.163895 0.005938
0.633017 0.163895 0.008314
0.446556 0.165083 0.004751
0.454869 0.165083 0.007126
0.480998 0.165083 0.004751
0.489311 0.165083 0.005938
0.523753 0.165083 0.005938
0.533254 0.165083 0.005938
0.545131 0.165083 0.008314
0.554632 0.165083 0.005938
0.423990 0.166271 0.005938
0.433492 0.166271 0.013064
0.464371 0.166271 0.005938
0.472684 0.166271 0.004751
0.514252 0.166271 0.005938
0.393112 0.167458 0.007126
0.406176 0.167458 0.007126
0.416865 0.167458 0.004751
0.372922 0.168646 0.007126
0.383610 0.168646 0.004751
0.882423 0.168646 0.008314
0.245843 0.169834 0.004751
0.277910 0.169834 0.008314
0.356295 0.169834 0.004751
0.862233 0.169834 0.008314
0.870546 0.169834 0.007126
0.342043 0.171021 0.008314
0.363420 0.171021 0.005938
0.850356 0.171021 0.008314
0.214964 0.172209 0.007126
0.254157 0.172209 0.008314
0.332542 0.172209 0.005938
0.820665 0.172209 0.004751
0.828979 0.172209 0.007126
0.839667 0.172209 0.007126
0.804038 0.173397 0.004751
0.811164 0.173397 0.004751
0.149644 0.174584 0.008314
0.157957 0.174584 0.008314
0.171021 0.174584 0.010689
0.179335 0.174584 0.008314
0.794537 0.174584 0.005938
0.747031 0.175772 0.007126
0.756532 0.175772 0.004751
0.774347 0.175772 0.008314
0.787411 0.175772 0.008314
0.114014 0.176960 0.008314
0.125891 0.176960 0.007126
0.137767 0.176960 0.005938
0.580760 0.176960 0.008314
0.733967 0.176960 0.007126
0.621140 0.178147 0.005938
0.630641 0.178147 0.005938
0.642518 0.178147 0.008314
0.653207 0.178147 0.005938
0.667458 0.178147 0.010689
0.675772 0.178147 0.004751
0.700713 0.178147 0.008314
0.711401 0.178147 0.008314
0.723278 0.178147 0.007126
0.471496 0.179335 0.007126
0.552257 0.179335 0.004751
0.560570 0.179335 0.011876
0.592637 0.179335 0.005938
0.602138 0.179335 0.007126
0.612827 0.179335 0.005938
0.486936 0.180523 0.007126
0.495249 0.180523 0.008314
0.515439 0.180523 0.007126
0.542755 0.180523 0.005938
0.415677 0.181710 0.011876
0.533254 0.181710 0.004751
0.382423 0.182898 0.005938
0.423990 0.182898 0.008314
0.461995 0.182898 0.005938
0.523753 0.182898 0.007126
0.247031 0.184086 0.004751
0.397862 0.184086 0.010689
0.406176 0.184086 0.004751
0.439430 0.184086 0.007126
0.448931 0.184086 0.007126
0.239905 0.185273 0.011876
0.266033 0.185273 0.007126
0.275534 0.185273 0.007126
0.372922 0.185273 0.005938
0.872922 0.185273 0.008314
0.880048 0.185273 0.004751
0.254157 0.186461 0.007126
0.283848 0.186461 0.007126
0.343230 0.186461 0.004751
0.358670 0.186461 0.007126
0.861045 0.186461 0.005938
0.193587 0.187648 0.008314
0.223278 0.187648 0.008314
0.231591 0.187648 0.005938
0.326603 0.187648 0.005938
0.336105 0.187648 0.005938
0.809976 0.187648 0.004751
0.832542 0.187648 0.004751
0.840855 0.187648 0.007126
0.851544 0.187648 0.005938
0.798100 0.188836 0.007126
0.821853 0.188836 0.008314
0.149644 0.190024 0.007126
0.161520 0.190024 0.005938
0.745843 0.190024 0.008314
0.773159 0.190024 0.004751
0.783848 0.190024 0.007126
0.140143 0.191211 0.004751
0.171021 0.191211 0.005938
0.180523 0.191211 0.011876
0.714964 0.191211 0.004751
0.732779 0.191211 0.005938
0.758907 0.191211 0.007126
0.131829 0.192399 0.010689
0.648456 0.192399 0.007126
0.667458 0.192399 0.009501
0.674584 0.192399 0.004751
0.709026 0.192399 0.004751
0.723278 0.192399 0.004751
0.114014 0.193587 0.007126
0.609264 0.193587 0.008314
0.622328 0.193587 0.005938
0.692399 0.193587 0.007126
0.701900 0.193587 0.005938
0.515439 0.194774 0.005938
0.524941 0.194774 0.004751
0.532067 0.194774 0.008314
0.541568 0.194774 0.007126
0.552257 0.194774 0.004751
0.559382 0.194774 0.004751
0.568884 0.194774 0.005938
0.596200 0.194774 0.007126
0.638955 0.194774 0.004751
0.496437 0.195962 0.008314
0.507126 0.195962 0.005938
0.580760 0.195962 0.008314
0.629454 0.195962 0.005938
0.882423 0.195962 0.004751
0.448931 0.197150 0.008314
0.460808 0.197150 0.008314
0.472684 0.197150 0.004751
0.863420 0.197150 0.005938
0.872922 0.197150 0.005938
0.432304 0.198337 0.005938
0.441805 0.198337 0.004751
0.853919 0.198337 0.005938
0.302850 0.199525 0.013064
0.390736 0.199525 0.005938
0.401425 0.199525 0.005938
0.422803 0.199525 0.005938
0.836105 0.199525 0.004751
0.223278 0.200713 0.005938
0.238717 0.200713 0.005938
0.251781 0.200713 0.005938
0.260095 0.200713 0.004751
0.269596 0.200713 0.005938
0.279097 0.200713 0.004751
0.353919 0.200713 0.007126
0.371734 0.200713 0.005938
0.381235 0.200713 0.004751
0.773159 0.200713 0.005938
0.792162 0.200713 0.005938
0.802850 0.200713 0.005938
0.815914 0.200713 0.008314
0.826603 0.200713 0.005938
0.843230 0.200713 0.007126
0.230404 0.201900 0.004751
0.294537 0.201900 0.007126
0.412114 0.201900 0.007126
0.782660 0.201900 0.004751
0.166271 0.203088 0.005938
0.211401 0.203088 0.007126
0.726841 0.203088 0.008314
0.742280 0.203088 0.007126
0.760095 0.203088 0.010689
0.147268 0.204276 0.007126
0.157957 0.204276 0.005938
0.718527 0.204276 0.005938
0.752969 0.204276 0.004751
0.135392 0.205463 0.007126
0.685273 0.205463 0.005938
0.694774 0.205463 0.005938
0.114014 0.206651 0.008314
0.125891 0.206651 0.008314
0.543943 0.206651 0.007126
0.606888 0.206651 0.004751
0.616390 0.206651 0.005938
0.627078 0.206651 0.005938
0.635392 0.206651 0.007126
0.646081 0.206651 0.007126
0.674584 0.206651 0.005938
0.706651 0.206651 0.007126
0.566508 0.207838 0.008314
0.598575 0.207838 0.005938
0.665083 0.207838 0.008314
0.883610 0.207838 0.007126
0.532067 0.209026 0.007126
0.555819 0.209026 0.007126
0.578385 0.209026 0.004751
0.586698 0.209026 0.008314
0.456057 0.210214 0.007126
0.465558 0.210214 0.008314
0.483373 0.210214 0.007126
0.495249 0.210214 0.008314
0.511876 0.210214 0.008314
0.521378 0.210214 0.004751
0.874109 0.210214 0.005938
0.410926 0.211401 0.005938
0.422803 0.211401 0.005938
0.437055 0.211401 0.008314
0.445368 0.211401 0.005938
0.503563 0.211401 0.004751
0.853919 0.211401 0.004751
0.863420 0.211401 0.007126
0.391924 0.212589 0.005938
0.847981 0.212589 0.004751
0.382423 0.213777 0.005938
0.401425 0.213777 0.005938
0.839667 0.213777 0.008314
0.359857 0.214964 0.008314
0.780285 0.214964 0.008314
0.809976 0.214964 0.007126
0.817102 0.214964 0.005938
0.188836 0.216152 0.007126
0.201900 0.216152 0.005938
0.213777 0.216152 0.008314
0.233967 0.216152 0.004751
0.254157 0.216152 0.009501
0.277910 0.216152 0.008314
0.296912 0.216152 0.007126
0.309976 0.216152 0.008314
0.321853 0.216152 0.004751
0.331354 0.216152 0.007126
0.766033 0.216152 0.008314
0.796912 0.216152 0.008314
0.827791 0.216152 0.008314
0.169834 0.217340 0.008314
0.266033 0.217340 0.007126
0.286223 0.217340 0.008314
0.743468 0.217340 0.004751
0.752969 0.217340 0.007126
0.141330 0.218527 0.008314
0.150831 0.218527 0.005938
0.160333 0.218527 0.005938
0.725653 0.218527 0.008314
0.735154 0.218527 0.005938
0.114014 0.219715 0.007126
0.681710 0.219715 0.007126
0.701900 0.219715 0.005938
0.128266 0.220903 0.005938
0.623515 0.220903 0.005938
0.631829 0.220903 0.005938
0.641330 0.220903 0.005938
0.649644 0.220903 0.007126
0.660333 0.220903 0.004751
0.671021 0.220903 0.008314
0.693587 0.220903 0.005938
0.710214 0.220903 0.008314
0.600950 0.222090 0.004751
0.614014 0.222090 0.004751
0.545131 0.223278 0.005938
0.554632 0.223278 0.005938
0.564133 0.223278 0.007126
0.494062 0.224466 0.007126
0.590261 0.224466 0.008314
0.427553 0.225653 0.008314
0.437055 0.225653 0.008314
0.447743 0.225653 0.005938
0.457245 0.225653 0.004751
0.472684 0.225653 0.013064
0.483373 0.225653 0.008314
0.505938 0.225653 0.007126
0.516627 0.225653 0.008314
0.535629 0.225653 0.008314
0.578385 0.225653 0.008314
0.393112 0.226841 0.007126
0.414489 0.226841 0.007126
0.280285 0.228029 0.005938
0.363420 0.228029 0.009501
0.369359 0.228029 0.008314
0.381235 0.228029 0.005938
0.403800 0.228029 0.007126
0.263658 0.229216 0.005938
0.271971 0.229216 0.004751
0.290974 0.229216 0.007126
0.301663 0.229216 0.004751
0.319477 0.229216 0.008314
0.166271 0.230404 0.007126
0.176960 0.230404 0.008314
0.187648 0.230404 0.005938
0.207838 0.230404 0.007126
0.222090 0.230404 0.008314
0.230404 0.230404 0.010689
0.248219 0.230404 0.009501
0.330166 0.230404 0.005938
0.340855 0.230404 0.007126
0.129454 0.231591 0.007126
0.140143 0.231591 0.005938
0.154394 0.231591 0.008314
0.198337 0.231591 0.005938
0.351544 0.232779 0.007126
0.114014 0.233967 0.010689
