0.941805 0.003563 0.020190
0.218527 0.021378 0.020190
0.148456 0.022565 0.022565
0.185273 0.023753 0.013064
0.247031 0.023753 0.013064
0.657957 0.038005 0.004751
0.678147 0.038005 0.008314
0.716152 0.038005 0.005938
0.723278 0.038005 0.004751
0.730404 0.038005 0.008314
0.739905 0.038005 0.004751
0.760095 0.038005 0.005938
0.769596 0.038005 0.005938
0.777910 0.038005 0.005938
0.786223 0.038005 0.005938
0.799287 0.038005 0.007126
0.809976 0.038005 0.005938
0.818290 0.038005 0.004751
0.833729 0.038005 0.004751
0.840855 0.038005 0.005938
0.861045 0.038005 0.005938
0.579572 0.039192 0.005938
0.641330 0.039192 0.007126
0.650831 0.039192 0.004751
0.665083 0.039192 0.004751
0.686461 0.039192 0.005938
0.698337 0.039192 0.007126
0.750594 0.039192 0.008314
0.824228 0.039192 0.008314
0.851544 0.039192 0.005938
0.869359 0.039192 0.004751
0.877672 0.039192 0.004751
0.570071 0.040380 0.004751
0.591449 0.040380 0.007126
0.600950 0.040380 0.004751
0.609264 0.040380 0.004751
0.619952 0.040380 0.007126
0.630641 0.040380 0.007126
0.709026 0.040380 0.004751
0.524941 0.041568 0.004751
0.534442 0.041568 0.007126
0.552257 0.041568 0.005938
0.560570 0.041568 0.005938
0.444181 0.042755 0.007126
0.457245 0.042755 0.008314
0.505938 0.042755 0.005938
0.516627 0.042755 0.008314
0.542755 0.042755 0.005938
0.433492 0.043943 0.004751
0.473872 0.043943 0.008314
0.484561 0.043943 0.007126
0.394299 0.045131 0.004751
0.401425 0.045131 0.004751
0.414489 0.045131 0.004751
0.496437 0.045131 0.007126
0.268409 0.047506 0.004751
0.279097 0.047506 0.007126
0.307601 0.047506 0.008314
0.345606 0.047506 0.004751
0.387173 0.047506 0.004751
0.252969 0.048694 0.011876
0.288599 0.048694 0.004751
0.334917 0.048694 0.007126
0.199525 0.049881 0.008314
0.212589 0.049881 0.005938
0.220903 0.049881 0.005938
0.229216 0.049881 0.011876
0.260095 0.049881 0.013064
0.323040 0.049881 0.007126
0.779097 0.049881 0.004751
0.787411 0.049881 0.004751
0.800475 0.049881 0.008314
0.808789 0.049881 0.004751
0.174584 0.051069 0.005938
0.184086 0.051069 0.008314
0.191211 0.051069 0.004751
0.692399 0.051069 0.011876
0.722090 0.051069 0.008314
0.770784 0.051069 0.004751
0.818290 0.051069 0.007126
0.832542 0.051069 0.005938
0.839667 0.051069 0.004751
0.868171 0.051069 0.004751
0.877672 0.051069 0.007126
0.147268 0.052257 0.005938
0.155582 0.052257 0.004751
0.163895 0.052257 0.005938
0.606888 0.052257 0.004751
0.655582 0.052257 0.005938
0.676960 0.052257 0.008314
0.684086 0.052257 0.005938
0.709026 0.052257 0.005938
0.728029 0.052257 0.008314
0.736342 0.052257 0.005938
0.744656 0.052257 0.004751
0.762470 0.052257 0.005938
0.847981 0.052257 0.007126
0.859857 0.052257 0.005938
0.581948 0.053444 0.004751
0.589074 0.053444 0.004751
0.635392 0.053444 0.004751
0.666271 0.053444 0.005938
0.752969 0.053444 0.005938
0.124703 0.054632 0.005938
0.552257 0.054632 0.005938
0.560570 0.054632 0.004751
0.571259 0.054632 0.007126
0.615202 0.054632 0.005938
0.699525 0.054632 0.005938
0.135392 0.055819 0.007126
0.540380 0.055819 0.005938
0.520190 0.057007 0.005938
0.529691 0.057007 0.005938
0.438242 0.058195 0.007126
0.448931 0.058195 0.008314
0.461995 0.058195 0.008314
0.496437 0.058195 0.004751
0.510689 0.058195 0.005938
0.390736 0.059382 0.008314
0.401425 0.059382 0.005938
0.409739 0.059382 0.010689
0.416865 0.059382 0.005938
0.503563 0.059382 0.004751
0.473872 0.060570 0.007126
0.485748 0.060570 0.007126
0.298100 0.061758 0.004751
0.323040 0.061758 0.007126
0.333729 0.061758 0.007126
0.426366 0.061758 0.007126
0.250594 0.062945 0.005938
0.802850 0.064133 0.004751
0.837292 0.064133 0.007126
0.846793 0.064133 0.004751
0.185273 0.065321 0.005938
0.194774 0.065321 0.004751
0.206651 0.065321 0.008314
0.214964 0.065321 0.004751
0.224466 0.065321 0.005938
0.769596 0.065321 0.007126
0.781473 0.065321 0.009501
0.795724 0.065321 0.004751
0.811164 0.065321 0.005938
0.820665 0.065321 0.004751
0.826603 0.065321 0.008314
0.853919 0.065321 0.004751
0.862233 0.065321 0.005938
0.870546 0.065321 0.004751
0.156770 0.066508 0.005938
0.167458 0.066508 0.005938
0.176960 0.066508 0.005938
0.672209 0.066508 0.008314
0.700713 0.066508 0.007126
0.722090 0.066508 0.005938
0.731591 0.066508 0.005938
0.739905 0.066508 0.005938
0.761283 0.066508 0.007126
0.876485 0.066508 0.009501
0.148456 0.067696 0.004751
0.642518 0.067696 0.004751
0.710214 0.067696 0.007126
0.140143 0.068884 0.004751
0.578385 0.068884 0.005938
0.606888 0.068884 0.005938
0.633017 0.068884 0.007126
0.650831 0.068884 0.007126
0.749406 0.068884 0.005938
0.125891 0.070071 0.010689
0.131829 0.070071 0.013064
0.538005 0.070071 0.005938
0.548694 0.070071 0.008314
0.561758 0.070071 0.005938
0.570071 0.070071 0.004751
0.434679 0.071259 0.008314
0.510689 0.071259 0.004751
0.517815 0.071259 0.005938
0.527316 0.071259 0.007126
0.445368 0.072447 0.008314
0.456057 0.072447 0.004751
0.466746 0.073634 0.008314
0.475059 0.073634 0.004751
0.483373 0.073634 0.004751
0.491686 0.073634 0.004751
0.498812 0.073634 0.004751
0.289786 0.074822 0.005938
0.299287 0.074822 0.005938
0.330166 0.074822 0.005938
0.362233 0.074822 0.007126
0.372922 0.074822 0.004751
0.380048 0.074822 0.008314
0.391924 0.074822 0.005938
0.401425 0.074822 0.007126
0.413302 0.074822 0.005938
0.421615 0.074822 0.008314
0.190024 0.076010 0.004751
0.308789 0.076010 0.008314
0.320665 0.076010 0.005938
0.197150 0.077197 0.004751
0.213777 0.077197 0.004751
0.220903 0.077197 0.004751
0.826603 0.077197 0.007126
0.834917 0.077197 0.004751
0.842043 0.077197 0.005938
0.804038 0.078385 0.005938
0.814727 0.078385 0.005938
0.851544 0.078385 0.004751
0.857482 0.078385 0.004751
0.875297 0.078385 0.008314
0.181710 0.079572 0.007126
0.748219 0.079572 0.004751
0.775534 0.079572 0.005938
0.785036 0.079572 0.004751
0.792162 0.079572 0.008314
0.866983 0.079572 0.005938
0.756532 0.080760 0.007126
0.766033 0.080760 0.004751
0.712589 0.081948 0.007126
0.724466 0.081948 0.005938
0.733967 0.081948 0.005938
0.578385 0.083135 0.004751
0.604513 0.083135 0.005938
0.615202 0.083135 0.005938
0.623515 0.083135 0.008314
0.557007 0.084323 0.008314
0.586698 0.084323 0.008314
0.596200 0.084323 0.005938
0.490499 0.085511 0.007126
0.528504 0.085511 0.004751
0.538005 0.085511 0.005938
0.547506 0.085511 0.005938
0.451306 0.086698 0.005938
0.498812 0.086698 0.008314
0.510689 0.086698 0.004751
0.520190 0.086698 0.005938
0.397862 0.087886 0.004751
0.459620 0.087886 0.007126
0.471496 0.087886 0.004751
0.351544 0.089074 0.005938
0.359857 0.089074 0.004751
0.366983 0.089074 0.010689
0.380048 0.089074 0.005938
0.389549 0.089074 0.004751
0.409739 0.089074 0.004751
0.419240 0.089074 0.005938
0.429929 0.089074 0.005938
0.439430 0.089074 0.005938
0.478622 0.089074 0.005938
0.273159 0.090261 0.005938
0.281473 0.090261 0.005938
0.290974 0.090261 0.008314
0.248219 0.091449 0.005938
0.256532 0.091449 0.004751
0.263658 0.091449 0.004751
0.330166 0.091449 0.005938
0.338480 0.091449 0.016627
0.858670 0.091449 0.008314
0.868171 0.091449 0.004751
0.216152 0.092637 0.007126
0.229216 0.092637 0.008314
0.239905 0.092637 0.004751
0.846793 0.092637 0.004751
0.804038 0.093824 0.005938
0.813539 0.093824 0.005938
0.824228 0.093824 0.008314
0.834917 0.093824 0.008314
0.160333 0.095012 0.004751
0.794537 0.095012 0.005938
0.152019 0.096200 0.005938
0.167458 0.096200 0.010689
0.716152 0.096200 0.008314
0.726841 0.096200 0.005938
0.776722 0.096200 0.005938
0.786223 0.096200 0.005938
0.615202 0.097387 0.005938
0.625891 0.097387 0.009501
0.738717 0.097387 0.008314
0.747031 0.097387 0.004751
0.755344 0.097387 0.005938
0.766033 0.097387 0.007126
0.584323 0.098575 0.007126
0.595012 0.098575 0.007126
0.605701 0.098575 0.005938
0.640143 0.098575 0.004751
0.649644 0.098575 0.005938
0.470309 0.099762 0.004751
0.546318 0.099762 0.010689
0.562945 0.099762 0.007126
0.573634 0.099762 0.008314
0.464371 0.100950 0.004751
0.522565 0.100950 0.005938
0.420428 0.102138 0.008314
0.498812 0.102138 0.005938
0.511876 0.102138 0.008314
0.532067 0.102138 0.008314
0.428741 0.103325 0.004751
0.435867 0.103325 0.004751
0.445368 0.103325 0.005938
0.454869 0.103325 0.005938
0.478622 0.103325 0.007126
0.489311 0.103325 0.007126
0.238717 0.104513 0.005938
0.263658 0.104513 0.005938
0.399050 0.104513 0.005938
0.408551 0.104513 0.007126
0.251781 0.105701 0.005938
0.273159 0.105701 0.005938
0.287411 0.105701 0.010689
0.295724 0.105701 0.010689
0.871734 0.105701 0.008314
0.343230 0.106888 0.010689
0.844418 0.106888 0.008314
0.851544 0.106888 0.004751
0.858670 0.106888 0.005938
0.805226 0.108076 0.008314
0.832542 0.108076 0.007126
0.130641 0.109264 0.010689
0.161520 0.109264 0.008314
0.815914 0.109264 0.005938
0.824228 0.109264 0.004751
0.742280 0.110451 0.004751
0.790974 0.110451 0.008314
0.123515 0.111639 0.004751
0.640143 0.111639 0.005938
0.714964 0.111639 0.008314
0.723278 0.111639 0.004751
0.731591 0.111639 0.007126
0.750594 0.111639 0.007126
0.763658 0.111639 0.007126
0.775534 0.111639 0.008314
0.623515 0.112827 0.004751
0.650831 0.112827 0.005938
0.616390 0.114014 0.004751
0.560570 0.115202 0.009501
0.567696 0.115202 0.008314
0.579572 0.115202 0.007126
0.599762 0.115202 0.007126
0.608076 0.115202 0.004751
0.494062 0.116390 0.005938
0.546318 0.116390 0.007126
0.414489 0.117577 0.007126
0.477435 0.117577 0.004751
0.504751 0.117577 0.005938
0.533254 0.117577 0.007126
0.589074 0.117577 0.007126
0.876485 0.117577 0.007126
0.425178 0.118765 0.007126
0.439430 0.118765 0.007126
0.448931 0.118765 0.005938
0.458432 0.118765 0.005938
0.467933 0.118765 0.005938
0.513064 0.118765 0.004751
0.521378 0.118765 0.007126
0.866983 0.118765 0.008314
0.261283 0.119952 0.005938
0.270784 0.119952 0.004751
0.280285 0.119952 0.005938
0.288599 0.119952 0.007126
0.859857 0.119952 0.004751
0.852732 0.121140 0.008314
0.207838 0.122328 0.005938
0.217340 0.122328 0.004751
0.252969 0.122328 0.005938
0.802850 0.122328 0.008314
0.813539 0.122328 0.008314
0.819477 0.122328 0.010689
0.827791 0.122328 0.008314
0.834917 0.122328 0.005938
0.843230 0.122328 0.007126
0.225653 0.123515 0.005938
0.747031 0.123515 0.010689
0.789786 0.123515 0.008314
0.733967 0.124703 0.004751
0.752969 0.124703 0.007126
0.761283 0.124703 0.004751
0.769596 0.124703 0.004751
0.777910 0.124703 0.004751
0.123515 0.125891 0.007126
0.713777 0.125891 0.005938
0.724466 0.125891 0.007126
0.633017 0.127078 0.007126
0.642518 0.127078 0.004751
0.649644 0.127078 0.010689
0.623515 0.128266 0.005938
0.597387 0.129454 0.004751
0.614014 0.129454 0.005938
0.590261 0.130641 0.004751
0.604513 0.130641 0.004751
0.096200 0.131829 0.015439
0.560570 0.131829 0.007126
0.570071 0.131829 0.007126
0.581948 0.131829 0.005938
0.520190 0.133017 0.007126
0.532067 0.133017 0.005938
0.541568 0.133017 0.007126
0.551069 0.133017 0.005938
0.461995 0.134204 0.008314
0.490499 0.134204 0.005938
0.500000 0.134204 0.007126
0.510689 0.134204 0.005938
0.863420 0.134204 0.008314
0.872922 0.134204 0.010689
0.279097 0.135392 0.005938
0.286223 0.135392 0.008314
0.357482 0.135392 0.007126
0.414489 0.135392 0.005938
0.441805 0.135392 0.004751
0.450119 0.135392 0.010689
0.471496 0.135392 0.005938
0.480998 0.135392 0.005938
0.843230 0.135392 0.004751
0.850356 0.135392 0.010689
0.247031 0.136580 0.008314
0.256532 0.136580 0.008314
0.268409 0.136580 0.005938
0.338480 0.136580 0.007126
0.370546 0.136580 0.007126
0.422803 0.136580 0.011876
0.433492 0.136580 0.005938
0.176960 0.137767 0.010689
0.182898 0.137767 0.008314
0.191211 0.137767 0.005938
0.201900 0.137767 0.005938
0.222090 0.137767 0.009501
0.236342 0.137767 0.005938
0.801663 0.137767 0.004751
0.807601 0.137767 0.008314
0.818290 0.137767 0.004751
0.825416 0.137767 0.004751
0.833729 0.137767 0.005938
0.125891 0.138955 0.009501
0.157957 0.138955 0.005938
0.168646 0.138955 0.005938
0.794537 0.138955 0.004751
0.140143 0.140143 0.005938
0.149644 0.140143 0.005938
0.787411 0.140143 0.008314
0.735154 0.141330 0.005938
0.757720 0.141330 0.008314
0.766033 0.141330 0.004751
0.774347 0.141330 0.008314
0.747031 0.142518 0.008314
0.621140 0.143705 0.011876
0.657957 0.143705 0.007126
0.666271 0.143705 0.004751
0.612827 0.144893 0.004751
0.628266 0.144893 0.013064
0.637767 0.144893 0.005938
0.646081 0.144893 0.004751
0.602138 0.146081 0.008314
0.546318 0.147268 0.007126
0.572447 0.147268 0.005938
0.580760 0.147268 0.007126
0.592637 0.147268 0.007126
0.507126 0.148456 0.008314
0.514252 0.148456 0.008314
0.554632 0.148456 0.004751
0.561758 0.148456 0.008314
0.276722 0.149644 0.007126
0.330166 0.149644 0.007126
0.368171 0.149644 0.008314
0.496437 0.149644 0.007126
0.524941 0.149644 0.007126
0.534442 0.149644 0.007126
0.266033 0.150831 0.005938
0.340855 0.150831 0.008314
0.353919 0.150831 0.010689
0.389549 0.150831 0.008314
0.406176 0.150831 0.004751
0.438242 0.150831 0.007126
0.457245 0.150831 0.008314
0.469121 0.150831 0.008314
0.485748 0.150831 0.008314
0.874109 0.150831 0.005938
0.197150 0.152019 0.008314
0.209026 0.152019 0.005938
0.218527 0.152019 0.010689
0.232779 0.152019 0.005938
0.241093 0.152019 0.005938
0.252969 0.152019 0.007126
0.397862 0.152019 0.005938
0.413302 0.152019 0.008314
0.426366 0.152019 0.007126
0.448931 0.152019 0.005938
0.851544 0.152019 0.008314
0.865796 0.152019 0.011876
0.176960 0.153207 0.007126
0.186461 0.153207 0.005938
0.767221 0.153207 0.008314
0.794537 0.153207 0.005938
0.812352 0.153207 0.007126
0.823040 0.153207 0.007126
0.831354 0.153207 0.004751
0.840855 0.153207 0.007126
0.122328 0.154394 0.009501
0.129454 0.154394 0.008314
0.141330 0.154394 0.008314
0.154394 0.154394 0.004751
0.165083 0.154394 0.008314
0.785036 0.154394 0.004751
0.775534 0.155582 0.005938
0.801663 0.155582 0.008314
0.743468 0.156770 0.007126
0.714964 0.157957 0.004751
0.726841 0.157957 0.004751
0.732779 0.157957 0.004751
0.706651 0.159145 0.005938
0.697150 0.160333 0.007126
0.642518 0.161520 0.005938
0.650831 0.161520 0.004751
0.659145 0.161520 0.004751
0.676960 0.161520 0.005938
0.686461 0.161520 0.005938
0.578385 0.162708 0.008314
0.589074 0.162708 0.005938
0.598575 0.162708 0.008314
0.614014 0.162708 0.010689
0.623515 0.162708 0.005938
0.665083 0.162708 0.009501
0.539192 0.163895 0.005938
0.548694 0.163895 0.007126
0.633017 0.163895 0.005938
0.874109 0.163895 0.007126
0.470309 0.165083 0.008314
0.488124 0.165083 0.005938
0.561758 0.165083 0.008314
0.862233 0.165083 0.005938
0.204276 0.166271 0.008314
0.219715 0.166271 0.008314
0.232779 0.166271 0.005938
0.241093 0.166271 0.004751
0.248219 0.166271 0.010689
0.309976 0.166271 0.011876
0.327791 0.166271 0.004751
0.338480 0.166271 0.008314
0.358670 0.166271 0.008314
0.364608 0.166271 0.010689
0.374109 0.166271 0.005938
0.382423 0.166271 0.005938
0.391924 0.166271 0.005938
0.413302 0.166271 0.009501
0.423990 0.166271 0.007126
0.434679 0.166271 0.007126
0.445368 0.166271 0.008314
0.458432 0.166271 0.008314
0.478622 0.166271 0.005938
0.496437 0.166271 0.008314
0.508314 0.166271 0.008314
0.514252 0.166271 0.008314
0.523753 0.166271 0.004751
0.530879 0.166271 0.004751
0.851544 0.166271 0.007126
0.277910 0.167458 0.010689
0.318290 0.167458 0.005938
0.349169 0.167458 0.007126
0.839667 0.167458 0.005938
0.123515 0.168646 0.009501
0.148456 0.168646 0.008314
0.160333 0.168646 0.004751
0.171021 0.168646 0.008314
0.184086 0.168646 0.005938
0.193587 0.168646 0.007126
0.812352 0.168646 0.008314
0.821853 0.168646 0.011876
0.830166 0.168646 0.004751
0.136580 0.169834 0.007126
0.770784 0.171021 0.005938
0.789786 0.171021 0.005938
0.799287 0.171021 0.008314
0.750594 0.172209 0.007126
0.779097 0.172209 0.007126
0.712589 0.173397 0.007126
0.738717 0.173397 0.007126
0.761283 0.173397 0.005938
0.725653 0.174584 0.007126
0.653207 0.175772 0.005938
0.701900 0.175772 0.005938
0.559382 0.176960 0.004751
0.606888 0.176960 0.005938
0.635392 0.176960 0.004751
0.643705 0.176960 0.005938
0.662708 0.176960 0.005938
0.692399 0.176960 0.005938
0.864608 0.176960 0.004751
0.871734 0.176960 0.010689
0.541568 0.178147 0.007126
0.551069 0.178147 0.004751
0.589074 0.178147 0.007126
0.597387 0.178147 0.005938
0.616390 0.178147 0.004751
0.624703 0.178147 0.005938
0.673397 0.178147 0.005938
0.507126 0.179335 0.005938
0.517815 0.179335 0.007126
0.529691 0.179335 0.007126
0.566508 0.179335 0.008314
0.578385 0.179335 0.007126
0.336105 0.180523 0.004751
0.450119 0.180523 0.008314
0.470309 0.180523 0.005938
0.482185 0.180523 0.008314
0.492874 0.180523 0.008314
0.186461 0.181710 0.007126
0.258907 0.181710 0.005938
0.317102 0.181710 0.008314
0.361045 0.181710 0.004751
0.372922 0.181710 0.008314
0.384798 0.181710 0.005938
0.393112 0.181710 0.004751
0.403800 0.181710 0.007126
0.413302 0.181710 0.008314
0.425178 0.181710 0.005938
0.435867 0.181710 0.007126
0.459620 0.181710 0.005938
0.844418 0.181710 0.008314
0.853919 0.181710 0.005938
0.149644 0.182898 0.008314
0.209026 0.182898 0.008314
0.242280 0.182898 0.004751
0.250594 0.182898 0.004751
0.279097 0.182898 0.008314
0.292162 0.182898 0.005938
0.301663 0.182898 0.004751
0.326603 0.182898 0.005938
0.824228 0.182898 0.005938
0.833729 0.182898 0.004751
0.130641 0.184086 0.007126
0.161520 0.184086 0.005938
0.169834 0.184086 0.004751
0.178147 0.184086 0.004751
0.199525 0.184086 0.007126
0.799287 0.184086 0.005938
0.813539 0.184086 0.008314
0.138955 0.185273 0.004751
0.786223 0.185273 0.010689
0.121140 0.186461 0.008314
0.735154 0.186461 0.005938
0.763658 0.186461 0.005938
0.771971 0.186461 0.004751
0.718527 0.187648 0.004751
0.725653 0.187648 0.004751
0.743468 0.187648 0.004751
0.751781 0.187648 0.005938
0.693587 0.190024 0.007126
0.705463 0.190024 0.008314
0.643705 0.191211 0.005938
0.653207 0.191211 0.005938
0.662708 0.191211 0.007126
0.672209 0.191211 0.005938
0.466746 0.192399 0.004751
0.595012 0.192399 0.008314
0.624703 0.192399 0.008314
0.634204 0.192399 0.005938
0.684086 0.192399 0.007126
0.532067 0.193587 0.007126
0.541568 0.193587 0.007126
0.564133 0.193587 0.005938
0.573634 0.193587 0.007126
0.584323 0.193587 0.007126
0.612827 0.193587 0.010689
0.473872 0.194774 0.009501
0.511876 0.194774 0.007126
0.521378 0.194774 0.005938
0.553444 0.194774 0.008314
0.421615 0.195962 0.007126
0.431116 0.195962 0.007126
0.440618 0.195962 0.007126
0.451306 0.195962 0.007126
0.486936 0.195962 0.004751
0.494062 0.195962 0.004751
0.502375 0.195962 0.005938
0.178147 0.197150 0.005938
0.187648 0.197150 0.005938
0.209026 0.197150 0.009501
0.247031 0.197150 0.007126
0.281473 0.197150 0.008314
0.290974 0.197150 0.004751
0.300475 0.197150 0.008314
0.326603 0.197150 0.007126
0.336105 0.197150 0.008314
0.350356 0.197150 0.007126
0.363420 0.197150 0.005938
0.390736 0.197150 0.007126
0.401425 0.197150 0.013064
0.122328 0.198337 0.008314
0.137767 0.198337 0.008314
0.150831 0.198337 0.005938
0.162708 0.198337 0.010689
0.169834 0.198337 0.004751
0.195962 0.198337 0.010689
0.317102 0.198337 0.007126
0.375297 0.198337 0.008314
0.409739 0.198337 0.008314
