0.941805 0.002375 0.019002
0.849169 0.008314 0.021378
0.755344 0.010689 0.016627
0.771971 0.010689 0.021378
0.818290 0.011876 0.013064
0.880048 0.011876 0.013064
0.223278 0.021378 0.019002
0.184086 0.023753 0.014252
0.247031 0.023753 0.015439
0.762470 0.038005 0.005938
0.783848 0.038005 0.007126
0.793349 0.038005 0.008314
0.807601 0.038005 0.008314
0.685273 0.039192 0.008314
0.754157 0.039192 0.004751
0.771971 0.039192 0.007126
0.820665 0.039192 0.008314
0.830166 0.039192 0.007126
0.625891 0.040380 0.007126
0.650831 0.040380 0.005938
0.659145 0.040380 0.005938
0.668646 0.040380 0.011876
0.676960 0.040380 0.004751
0.703088 0.040380 0.008314
0.714964 0.040380 0.005938
0.744656 0.040380 0.008314
0.842043 0.040380 0.007126
0.857482 0.040380 0.010689
0.865796 0.040380 0.004751
0.576010 0.041568 0.005938
0.583135 0.041568 0.004751
0.592637 0.041568 0.007126
0.604513 0.041568 0.008314
0.615202 0.041568 0.007126
0.638955 0.041568 0.008314
0.731591 0.041568 0.010689
0.872922 0.041568 0.004751
0.477435 0.042755 0.005938
0.529691 0.042755 0.005938
0.543943 0.042755 0.008314
0.554632 0.042755 0.005938
0.566508 0.042755 0.008314
0.459620 0.043943 0.004751
0.465558 0.043943 0.008314
0.486936 0.043943 0.004751
0.495249 0.043943 0.005938
0.503563 0.043943 0.004751
0.513064 0.043943 0.011876
0.437055 0.045131 0.009501
0.448931 0.045131 0.007126
0.519002 0.045131 0.007126
0.416865 0.046318 0.005938
0.425178 0.046318 0.008314
0.243468 0.047506 0.008314
0.267221 0.047506 0.004751
0.276722 0.047506 0.007126
0.292162 0.047506 0.008314
0.305226 0.047506 0.008314
0.321853 0.047506 0.010689
0.330166 0.047506 0.005938
0.362233 0.047506 0.008314
0.377672 0.047506 0.008314
0.387173 0.047506 0.011876
0.406176 0.047506 0.008314
0.255344 0.048694 0.008314
0.340855 0.048694 0.005938
0.350356 0.048694 0.007126
0.216152 0.049881 0.008314
0.226841 0.049881 0.004751
0.203088 0.051069 0.007126
0.163895 0.052257 0.008314
0.191211 0.052257 0.007126
0.785036 0.052257 0.005938
0.794537 0.052257 0.007126
0.153207 0.053444 0.008314
0.178147 0.053444 0.008314
0.775534 0.053444 0.008314
0.806413 0.053444 0.008314
0.141330 0.054632 0.005938
0.685273 0.054632 0.008314
0.720903 0.054632 0.003563
0.751781 0.054632 0.004751
0.763658 0.054632 0.008314
0.818290 0.054632 0.008314
0.831354 0.054632 0.007126
0.843230 0.054632 0.007126
0.855107 0.054632 0.005938
0.123515 0.055819 0.010689
0.617577 0.055819 0.005938
0.675772 0.055819 0.007126
0.701900 0.055819 0.008314
0.712589 0.055819 0.007126
0.741093 0.055819 0.008314
0.864608 0.055819 0.005938
0.872922 0.055819 0.010689
0.579572 0.057007 0.007126
0.589074 0.057007 0.004751
0.608076 0.057007 0.005938
0.647268 0.057007 0.008314
0.657957 0.057007 0.011876
0.663895 0.057007 0.010689
0.488124 0.058195 0.008314
0.566508 0.058195 0.005938
0.598575 0.058195 0.007126
0.633017 0.058195 0.009501
0.475059 0.059382 0.008314
0.497625 0.059382 0.004751
0.504751 0.059382 0.011876
0.514252 0.059382 0.007126
0.527316 0.059382 0.008314
0.539192 0.059382 0.007126
0.547506 0.059382 0.007126
0.557007 0.059382 0.007126
0.445368 0.060570 0.008314
0.458432 0.060570 0.008314
0.239905 0.061758 0.008314
0.250594 0.061758 0.008314
0.263658 0.061758 0.007126
0.274347 0.061758 0.004751
0.282660 0.061758 0.008314
0.293349 0.061758 0.004751
0.300475 0.061758 0.004751
0.362233 0.061758 0.007126
0.400238 0.061758 0.008314
0.413302 0.061758 0.008314
0.433492 0.061758 0.007126
0.342043 0.062945 0.007126
0.351544 0.062945 0.007126
0.374109 0.062945 0.007126
0.388361 0.062945 0.008314
0.199525 0.064133 0.007126
0.210214 0.064133 0.007126
0.222090 0.064133 0.005938
0.231591 0.064133 0.005938
0.319477 0.064133 0.008314
0.331354 0.064133 0.007126
0.187648 0.065321 0.007126
0.152019 0.067696 0.005938
0.171021 0.067696 0.004751
0.176960 0.067696 0.004751
0.783848 0.067696 0.005938
0.792162 0.067696 0.004751
0.805226 0.067696 0.007126
0.814727 0.067696 0.004751
0.832542 0.067696 0.005938
0.140143 0.068884 0.007126
0.161520 0.068884 0.005938
0.774347 0.068884 0.007126
0.823040 0.068884 0.005938
0.844418 0.068884 0.007126
0.852732 0.068884 0.005938
0.863420 0.068884 0.004751
0.875297 0.068884 0.007126
0.119952 0.070071 0.007126
0.129454 0.070071 0.007126
0.703088 0.070071 0.007126
0.719715 0.070071 0.004751
0.739905 0.070071 0.007126
0.754157 0.070071 0.008314
0.766033 0.070071 0.005938
0.623515 0.071259 0.007126
0.636580 0.071259 0.007126
0.662708 0.071259 0.007126
0.680523 0.071259 0.008314
0.691211 0.071259 0.007126
0.711401 0.071259 0.005938
0.728029 0.071259 0.005938
0.589074 0.072447 0.008314
0.610451 0.072447 0.007126
0.650831 0.072447 0.007126
0.498812 0.073634 0.005938
0.539192 0.073634 0.005938
0.549881 0.073634 0.005938
0.559382 0.073634 0.005938
0.567696 0.073634 0.005938
0.576010 0.073634 0.008314
0.600950 0.073634 0.005938
0.488124 0.074822 0.005938
0.509501 0.074822 0.005938
0.517815 0.074822 0.007126
0.527316 0.074822 0.008314
0.296912 0.076010 0.004751
0.305226 0.076010 0.010689
0.423990 0.076010 0.004751
0.433492 0.076010 0.007126
0.442993 0.076010 0.004751
0.451306 0.076010 0.007126
0.463183 0.076010 0.008314
0.477435 0.076010 0.007126
0.248219 0.077197 0.005938
0.256532 0.077197 0.007126
0.267221 0.077197 0.005938
0.276722 0.077197 0.004751
0.286223 0.077197 0.007126
0.336105 0.077197 0.004751
0.343230 0.077197 0.004751
0.352732 0.077197 0.005938
0.363420 0.077197 0.007126
0.374109 0.077197 0.007126
0.394299 0.077197 0.005938
0.402613 0.077197 0.004751
0.413302 0.077197 0.007126
0.206651 0.078385 0.007126
0.217340 0.078385 0.008314
0.229216 0.078385 0.007126
0.238717 0.078385 0.005938
0.324228 0.078385 0.008314
0.175772 0.079572 0.005938
0.188836 0.079572 0.008314
0.195962 0.079572 0.008314
0.166271 0.080760 0.005938
0.869359 0.080760 0.005938
0.144893 0.081948 0.007126
0.155582 0.081948 0.007126
0.790974 0.081948 0.008314
0.804038 0.081948 0.008314
0.815914 0.081948 0.007126
0.825416 0.081948 0.009501
0.847981 0.081948 0.008314
0.878860 0.081948 0.005938
0.770784 0.083135 0.005938
0.779097 0.083135 0.010689
0.859857 0.083135 0.007126
0.131829 0.084323 0.007126
0.667458 0.084323 0.005938
0.710214 0.084323 0.008314
0.761283 0.084323 0.007126
0.118765 0.085511 0.007126
0.584323 0.085511 0.007126
0.610451 0.085511 0.008314
0.618765 0.085511 0.005938
0.629454 0.085511 0.007126
0.644893 0.085511 0.008314
0.657957 0.085511 0.007126
0.722090 0.085511 0.008314
0.733967 0.085511 0.008314
0.748219 0.085511 0.009501
0.571259 0.086698 0.005938
0.597387 0.086698 0.008314
0.484561 0.087886 0.004751
0.492874 0.087886 0.004751
0.501188 0.087886 0.005938
0.509501 0.087886 0.008314
0.521378 0.087886 0.005938
0.530879 0.087886 0.004751
0.538005 0.087886 0.008314
0.549881 0.087886 0.007126
0.560570 0.087886 0.005938
0.409739 0.089074 0.004751
0.419240 0.089074 0.005938
0.427553 0.089074 0.004751
0.435867 0.089074 0.004751
0.463183 0.089074 0.008314
0.254157 0.090261 0.004751
0.280285 0.090261 0.007126
0.288599 0.090261 0.004751
0.332542 0.090261 0.007126
0.343230 0.090261 0.007126
0.368171 0.090261 0.007126
0.401425 0.090261 0.005938
0.445368 0.090261 0.007126
0.456057 0.090261 0.004751
0.476247 0.090261 0.005938
0.241093 0.091449 0.008314
0.266033 0.091449 0.008314
0.357482 0.091449 0.008314
0.378860 0.091449 0.007126
0.391924 0.091449 0.005938
0.220903 0.092637 0.005938
0.186461 0.093824 0.007126
0.231591 0.093824 0.007126
0.199525 0.095012 0.008314
0.210214 0.095012 0.007126
0.176960 0.096200 0.008314
0.868171 0.096200 0.010689
0.875297 0.096200 0.004751
0.149644 0.097387 0.004751
0.157957 0.097387 0.008314
0.167458 0.097387 0.004751
0.838480 0.097387 0.005938
0.846793 0.097387 0.004751
0.856295 0.097387 0.007126
0.131829 0.098575 0.004751
0.140143 0.098575 0.005938
0.795724 0.098575 0.007126
0.807601 0.098575 0.007126
0.819477 0.098575 0.005938
0.828979 0.098575 0.005938
0.119952 0.099762 0.008314
0.657957 0.099762 0.005938
0.666271 0.099762 0.005938
0.774347 0.099762 0.008314
0.785036 0.099762 0.007126
0.574822 0.100950 0.005938
0.615202 0.100950 0.008314
0.627078 0.100950 0.005938
0.636580 0.100950 0.007126
0.712589 0.100950 0.008314
0.723278 0.100950 0.007126
0.732779 0.100950 0.005938
0.743468 0.100950 0.005938
0.763658 0.100950 0.008314
0.389549 0.102138 0.007126
0.479810 0.102138 0.004751
0.560570 0.102138 0.008314
0.583135 0.102138 0.005938
0.593824 0.102138 0.005938
0.603325 0.102138 0.008314
0.647268 0.102138 0.007126
0.751781 0.102138 0.007126
0.426366 0.103325 0.008314
0.435867 0.103325 0.005938
0.445368 0.103325 0.005938
0.457245 0.103325 0.008314
0.470309 0.103325 0.008314
0.488124 0.103325 0.007126
0.498812 0.103325 0.007126
0.507126 0.103325 0.005938
0.519002 0.103325 0.008314
0.529691 0.103325 0.005938
0.538005 0.103325 0.005938
0.548694 0.103325 0.008314
0.279097 0.105701 0.005938
0.401425 0.105701 0.007126
0.412114 0.105701 0.007126
0.250594 0.106888 0.008314
0.258907 0.106888 0.007126
0.269596 0.106888 0.005938
0.288599 0.106888 0.007126
0.345606 0.106888 0.008314
0.352732 0.106888 0.004751
0.359857 0.106888 0.009501
0.371734 0.106888 0.008314
0.228029 0.108076 0.007126
0.239905 0.108076 0.007126
0.336105 0.108076 0.007126
0.207838 0.109264 0.008314
0.218527 0.109264 0.005938
0.162708 0.110451 0.005938
0.172209 0.110451 0.004751
0.182898 0.110451 0.008314
0.193587 0.110451 0.008314
0.154394 0.111639 0.005938
0.136580 0.112827 0.004751
0.143705 0.112827 0.008314
0.129454 0.114014 0.008314
0.852732 0.114014 0.007126
0.863420 0.114014 0.004751
0.871734 0.114014 0.008314
0.117577 0.115202 0.008314
0.782660 0.115202 0.004751
0.820665 0.115202 0.007126
0.831354 0.115202 0.008314
0.843230 0.115202 0.007126
0.616390 0.116390 0.007126
0.629454 0.116390 0.007126
0.638955 0.116390 0.007126
0.650831 0.116390 0.007126
0.661520 0.116390 0.008314
0.714964 0.116390 0.008314
0.726841 0.116390 0.008314
0.737530 0.116390 0.008314
0.751781 0.116390 0.008314
0.762470 0.116390 0.007126
0.774347 0.116390 0.008314
0.794537 0.116390 0.007126
0.805226 0.116390 0.008314
0.587886 0.117577 0.008314
0.606888 0.117577 0.005938
0.471496 0.118765 0.005938
0.482185 0.118765 0.004751
0.492874 0.118765 0.008314
0.505938 0.118765 0.008314
0.519002 0.118765 0.007126
0.530879 0.118765 0.007126
0.574822 0.118765 0.008314
0.597387 0.118765 0.007126
0.450119 0.119952 0.005938
0.460808 0.119952 0.005938
0.540380 0.119952 0.004751
0.561758 0.119952 0.007126
0.289786 0.121140 0.013064
0.401425 0.121140 0.008314
0.412114 0.121140 0.008314
0.422803 0.121140 0.008314
0.429929 0.121140 0.010689
0.549881 0.121140 0.008314
0.279097 0.122328 0.009501
0.337292 0.122328 0.008314
0.365796 0.122328 0.005938
0.375297 0.122328 0.008314
0.388361 0.122328 0.005938
0.255344 0.123515 0.005938
0.263658 0.123515 0.007126
0.347981 0.123515 0.005938
0.356295 0.123515 0.013064
0.229216 0.124703 0.004751
0.244656 0.124703 0.007126
0.219715 0.125891 0.007126
0.198337 0.127078 0.007126
0.207838 0.127078 0.008314
0.850356 0.127078 0.009501
0.157957 0.128266 0.004751
0.165083 0.128266 0.011876
0.175772 0.128266 0.008314
0.186461 0.128266 0.008314
0.857482 0.128266 0.004751
0.866983 0.128266 0.008314
0.877672 0.128266 0.008314
0.149644 0.129454 0.013064
0.128266 0.130641 0.008314
0.138955 0.130641 0.007126
0.826603 0.130641 0.005938
0.834917 0.130641 0.008314
0.629454 0.131829 0.005938
0.755344 0.131829 0.005938
0.766033 0.131829 0.007126
0.774347 0.131829 0.005938
0.783848 0.131829 0.005938
0.792162 0.131829 0.004751
0.805226 0.131829 0.008314
0.815914 0.131829 0.008314
0.117577 0.133017 0.007126
0.610451 0.133017 0.005938
0.618765 0.133017 0.005938
0.638955 0.133017 0.005938
0.647268 0.133017 0.004751
0.654394 0.133017 0.004751
0.662708 0.133017 0.011876
0.724466 0.133017 0.008314
0.733967 0.133017 0.004751
0.744656 0.133017 0.007126
0.471496 0.134204 0.010689
0.712589 0.134204 0.008314
0.459620 0.135392 0.008314
0.479810 0.135392 0.013064
0.488124 0.135392 0.007126
0.534442 0.135392 0.007126
0.543943 0.135392 0.005938
0.552257 0.135392 0.004751
0.577197 0.135392 0.008314
0.586698 0.135392 0.004751
0.593824 0.135392 0.004751
0.448931 0.136580 0.005938
0.498812 0.136580 0.007126
0.508314 0.136580 0.005938
0.515439 0.136580 0.004751
0.524941 0.136580 0.005938
0.565321 0.136580 0.009501
0.440618 0.137767 0.004751
0.409739 0.138955 0.008314
0.419240 0.138955 0.008314
0.429929 0.138955 0.008314
0.391924 0.140143 0.004751
0.401425 0.140143 0.007126
0.280285 0.141330 0.004751
0.286223 0.141330 0.003563
0.343230 0.141330 0.007126
0.352732 0.141330 0.007126
0.362233 0.141330 0.005938
0.371734 0.141330 0.008314
0.248219 0.142518 0.008314
0.260095 0.142518 0.005938
0.268409 0.142518 0.008314
0.332542 0.143705 0.008314
0.214964 0.144893 0.007126
0.224466 0.144893 0.005938
0.233967 0.144893 0.013064
0.839667 0.144893 0.005938
0.851544 0.144893 0.008314
0.876485 0.144893 0.004751
0.190024 0.146081 0.008314
0.830166 0.146081 0.005938
0.861045 0.146081 0.008314
0.869359 0.146081 0.011876
0.883610 0.146081 0.009501
0.149644 0.147268 0.007126
0.161520 0.147268 0.008314
0.173397 0.147268 0.010689
0.203088 0.147268 0.008314
0.750594 0.147268 0.008314
0.821853 0.147268 0.004751
0.119952 0.149644 0.008314
0.129454 0.149644 0.005938
0.138955 0.149644 0.008314
0.736342 0.149644 0.010689
0.623515 0.150831 0.008314
0.635392 0.150831 0.008314
0.646081 0.150831 0.007126
0.679335 0.150831 0.004751
0.719715 0.150831 0.005938
0.760095 0.150831 0.009501
0.775534 0.150831 0.008314
0.802850 0.150831 0.005938
0.530879 0.152019 0.004751
0.539192 0.152019 0.008314
0.552257 0.152019 0.008314
0.610451 0.152019 0.008314
0.656770 0.152019 0.007126
0.688836 0.152019 0.007126
0.699525 0.152019 0.007126
0.710214 0.152019 0.005938
0.793349 0.152019 0.005938
0.509501 0.153207 0.008314
0.523753 0.153207 0.004751
0.561758 0.153207 0.004751
0.599762 0.153207 0.007126
0.668646 0.153207 0.008314
0.783848 0.153207 0.005938
0.442993 0.154394 0.011876
0.459620 0.154394 0.005938
0.488124 0.154394 0.007126
0.497625 0.154394 0.007126
0.574822 0.154394 0.008314
0.587886 0.154394 0.008314
0.432304 0.155582 0.005938
0.448931 0.155582 0.011876
0.467933 0.155582 0.004751
0.476247 0.155582 0.011876
0.414489 0.156770 0.004751
0.422803 0.156770 0.005938
0.394299 0.157957 0.008314
0.406176 0.157957 0.007126
0.370546 0.159145 0.007126
0.382423 0.159145 0.008314
0.880048 0.160333 0.010689
0.279097 0.161520 0.007126
0.319477 0.161520 0.005938
0.359857 0.161520 0.008314
0.871734 0.161520 0.005938
0.257720 0.162708 0.004751
0.267221 0.162708 0.007126
0.289786 0.162708 0.005938
0.309976 0.162708 0.005938
0.330166 0.162708 0.005938
0.340855 0.162708 0.005938
0.350356 0.162708 0.007126
0.850356 0.162708 0.004751
0.229216 0.163895 0.007126
0.238717 0.163895 0.005938
0.247031 0.163895 0.013064
0.299287 0.163895 0.007126
0.837292 0.163895 0.004751
0.844418 0.163895 0.004751
0.858670 0.163895 0.010689
0.144893 0.165083 0.005938
0.175772 0.165083 0.005938
0.185273 0.165083 0.005938
0.194774 0.165083 0.005938
0.205463 0.165083 0.007126
0.217340 0.165083 0.008314
0.733967 0.165083 0.007126
0.804038 0.165083 0.005938
0.813539 0.165083 0.005938
0.125891 0.166271 0.005938
0.134204 0.166271 0.005938
0.154394 0.166271 0.005938
0.165083 0.166271 0.008314
0.636580 0.166271 0.007126
0.659145 0.166271 0.007126
0.714964 0.166271 0.008314
0.723278 0.166271 0.007126
0.743468 0.166271 0.005938
0.776722 0.166271 0.007126
0.794537 0.166271 0.004751
0.116390 0.167458 0.008314
0.648456 0.167458 0.007126
0.672209 0.167458 0.007126
0.703088 0.167458 0.007126
0.752969 0.167458 0.010689
0.764846 0.167458 0.008314
0.786223 0.167458 0.005938
0.530879 0.168646 0.004751
0.541568 0.168646 0.008314
0.551069 0.168646 0.004751
0.560570 0.168646 0.007126
0.574822 0.168646 0.008314
0.598575 0.168646 0.007126
0.612827 0.168646 0.008314
0.623515 0.168646 0.008314
0.681710 0.168646 0.005938
0.688836 0.168646 0.008314
0.508314 0.169834 0.007126
0.520190 0.169834 0.008314
0.587886 0.169834 0.007126
0.482185 0.171021 0.007126
0.491686 0.171021 0.005938
0.498812 0.171021 0.005938
0.452494 0.172209 0.008314
0.463183 0.172209 0.007126
0.472684 0.172209 0.004751
0.421615 0.173397 0.004751
0.431116 0.173397 0.008314
0.441805 0.173397 0.007126
0.390736 0.174584 0.008314
0.401425 0.174584 0.008314
0.414489 0.174584 0.010689
0.371734 0.175772 0.010689
0.378860 0.175772 0.004751
0.321853 0.176960 0.005938
0.882423 0.176960 0.004751
0.313539 0.178147 0.007126
0.349169 0.178147 0.005938
0.359857 0.178147 0.005938
0.864608 0.178147 0.004751
0.236342 0.179335 0.007126
0.248219 0.179335 0.005938
0.257720 0.179335 0.007126
0.270784 0.179335 0.010689
0.277910 0.179335 0.008314
0.287411 0.179335 0.007126
0.301663 0.179335 0.008314
0.330166 0.179335 0.007126
0.339667 0.179335 0.005938
0.154394 0.180523 0.005938
0.185273 0.180523 0.007126
0.209026 0.180523 0.005938
0.130641 0.181710 0.008314
0.142518 0.181710 0.008314
0.162708 0.181710 0.004751
0.173397 0.181710 0.008314
0.195962 0.181710 0.008314
0.218527 0.181710 0.005938
0.226841 0.181710 0.004751
0.795724 0.181710 0.008314
0.807601 0.181710 0.007126
0.824228 0.181710 0.010689
0.851544 0.181710 0.004751
0.716152 0.182898 0.007126
0.786223 0.182898 0.011876
0.116390 0.184086 0.008314
0.706651 0.184086 0.003563
0.725653 0.184086 0.004751
0.750594 0.184086 0.005938
0.757720 0.184086 0.004751
0.763658 0.184086 0.004751
0.770784 0.184086 0.004751
0.688836 0.185273 0.010689
0.700713 0.185273 0.008314
0.741093 0.185273 0.004751
0.562945 0.187648 0.005938
0.573634 0.187648 0.005938
0.604513 0.187648 0.004751
0.614014 0.187648 0.005938
0.622328 0.187648 0.004751
0.637767 0.187648 0.008314
0.649644 0.187648 0.005938
0.659145 0.187648 0.005938
0.679335 0.187648 0.008314
0.543943 0.188836 0.005938
0.553444 0.188836 0.014252
0.596200 0.188836 0.007126
0.500000 0.190024 0.008314
0.513064 0.190024 0.007126
0.521378 0.190024 0.004751
0.489311 0.191211 0.005938
0.530879 0.191211 0.015439
0.420428 0.192399 0.004751
0.439430 0.192399 0.008314
0.447743 0.192399 0.005938
0.460808 0.192399 0.013064
0.478622 0.192399 0.007126
0.349169 0.193587 0.008314
0.375297 0.193587 0.007126
0.385986 0.193587 0.005938
0.394299 0.193587 0.004751
0.412114 0.193587 0.004751
0.427553 0.193587 0.011876
0.466746 0.193587 0.008314
0.248219 0.194774 0.007126
0.262470 0.194774 0.008314
0.275534 0.194774 0.008314
0.283848 0.194774 0.004751
0.323040 0.194774 0.005938
0.358670 0.194774 0.011876
0.402613 0.194774 0.013064
0.204276 0.195962 0.008314
0.333729 0.195962 0.008314
0.116390 0.197150 0.007126
0.130641 0.197150 0.010689
0.159145 0.197150 0.010689
0.174584 0.197150 0.008314
0.186461 0.197150 0.007126
0.194774 0.197150 0.005938
0.217340 0.197150 0.005938
0.226841 0.197150 0.005938
0.237530 0.197150 0.005938
0.313539 0.197150 0.008314
0.149644 0.198337 0.007126
0.300475 0.198337 0.011876
