0.616390 0.070071 0.004751
0.738717 0.070071 0.005938
0.785036 0.070071 0.008314
0.796912 0.070071 0.008314
0.597387 0.071259 0.007126
0.608076 0.071259 0.005938
0.636580 0.071259 0.008314
0.647268 0.071259 0.005938
0.660333 0.071259 0.013064
0.668646 0.071259 0.008314
0.680523 0.071259 0.007126
0.690024 0.071259 0.005938
0.700713 0.071259 0.007126
0.711401 0.071259 0.005938
0.719715 0.071259 0.004751
0.728029 0.071259 0.005938
0.748219 0.071259 0.004751
0.756532 0.071259 0.005938
0.767221 0.071259 0.005938
0.776722 0.071259 0.007126
0.807601 0.071259 0.007126
0.818290 0.071259 0.007126
0.827791 0.071259 0.008314
0.834917 0.071259 0.004751
0.869359 0.071259 0.004751
0.542755 0.072447 0.008314
0.551069 0.072447 0.005938
0.562945 0.072447 0.008314
0.585511 0.072447 0.008314
0.623515 0.072447 0.008314
0.844418 0.072447 0.005938
0.853919 0.072447 0.005938
0.862233 0.072447 0.004751
0.876485 0.072447 0.004751
0.464371 0.073634 0.005938
0.483373 0.073634 0.008314
0.519002 0.073634 0.007126
0.529691 0.073634 0.007126
0.574822 0.073634 0.008314
0.454869 0.074822 0.007126
0.473872 0.074822 0.007126
0.497625 0.074822 0.008314
0.510689 0.074822 0.007126
0.362233 0.076010 0.005938
0.394299 0.076010 0.004751
0.406176 0.076010 0.008314
0.413302 0.076010 0.005938
0.423990 0.076010 0.005938
0.433492 0.076010 0.004751
0.444181 0.076010 0.007126
0.336105 0.077197 0.008314
0.350356 0.077197 0.008314
0.385986 0.077197 0.011876
0.305226 0.078385 0.007126
0.318290 0.078385 0.008314
0.326603 0.078385 0.004751
0.266033 0.079572 0.007126
0.275534 0.079572 0.007126
0.286223 0.079572 0.007126
0.295724 0.079572 0.005938
0.229216 0.080760 0.007126
0.239905 0.080760 0.010689
0.255344 0.080760 0.007126
0.209026 0.081948 0.008314
0.217340 0.081948 0.008314
0.195962 0.083135 0.008314
0.180523 0.084323 0.008314
0.692399 0.084323 0.007126
0.701900 0.084323 0.005938
0.789786 0.084323 0.004751
0.149644 0.085511 0.013064
0.160333 0.085511 0.005938
0.169834 0.085511 0.007126
0.679335 0.085511 0.007126
0.710214 0.085511 0.004751
0.728029 0.085511 0.007126
0.737530 0.085511 0.005938
0.763658 0.085511 0.007126
0.771971 0.085511 0.004751
0.781473 0.085511 0.007126
0.800475 0.085511 0.007126
0.811164 0.085511 0.005938
0.608076 0.086698 0.008314
0.641330 0.086698 0.007126
0.661520 0.086698 0.004751
0.718527 0.086698 0.011876
0.820665 0.086698 0.007126
0.831354 0.086698 0.007126
0.141330 0.087886 0.004751
0.561758 0.087886 0.004751
0.573634 0.087886 0.003563
0.619952 0.087886 0.007126
0.629454 0.087886 0.007126
0.652019 0.087886 0.008314
0.668646 0.087886 0.010689
0.840855 0.087886 0.004751
0.849169 0.087886 0.008314
0.862233 0.087886 0.007126
0.874109 0.087886 0.008314
0.133017 0.089074 0.004751
0.504751 0.089074 0.005938
0.513064 0.089074 0.005938
0.524941 0.089074 0.007126
0.535629 0.089074 0.005938
0.546318 0.089074 0.008314
0.554632 0.089074 0.004751
0.580760 0.089074 0.008314
0.750594 0.089074 0.008314
0.122328 0.090261 0.013064
0.494062 0.090261 0.007126
0.116390 0.091449 0.008314
0.395487 0.091449 0.004751
0.404988 0.091449 0.008314
0.415677 0.091449 0.008314
0.440618 0.091449 0.007126
0.450119 0.091449 0.004751
0.460808 0.091449 0.008314
0.483373 0.091449 0.007126
0.592637 0.091449 0.008314
0.338480 0.092637 0.007126
0.378860 0.092637 0.008314
0.388361 0.092637 0.004751
0.427553 0.092637 0.008314
0.472684 0.092637 0.008314
0.281473 0.093824 0.008314
0.298100 0.093824 0.005938
0.306413 0.093824 0.008314
0.317102 0.093824 0.005938
0.328979 0.093824 0.008314
0.270784 0.095012 0.008314
0.349169 0.095012 0.008314
0.256532 0.096200 0.008314
0.288599 0.096200 0.008314
0.364608 0.096200 0.009501
0.245843 0.097387 0.004751
0.187648 0.098575 0.007126
0.200713 0.098575 0.008314
0.226841 0.098575 0.007126
0.237530 0.098575 0.005938
0.175772 0.099762 0.004751
0.213777 0.099762 0.008314
0.795724 0.099762 0.007126
0.806413 0.099762 0.007126
0.819477 0.099762 0.008314
0.830166 0.099762 0.004751
0.167458 0.100950 0.005938
0.687648 0.100950 0.008314
0.743468 0.100950 0.008314
0.752969 0.100950 0.007126
0.762470 0.100950 0.004751
0.774347 0.100950 0.007126
0.876485 0.100950 0.008314
0.157957 0.102138 0.007126
0.662708 0.102138 0.004751
0.679335 0.102138 0.004751
0.699525 0.102138 0.008314
0.712589 0.102138 0.008314
0.722090 0.102138 0.004751
0.733967 0.102138 0.008314
0.786223 0.102138 0.007126
0.838480 0.102138 0.008314
0.850356 0.102138 0.007126
0.865796 0.102138 0.008314
0.138955 0.103325 0.004751
0.147268 0.103325 0.007126
0.549881 0.103325 0.007126
0.593824 0.103325 0.008314
0.600950 0.103325 0.004751
0.610451 0.103325 0.005938
0.621140 0.103325 0.007126
0.633017 0.103325 0.007126
0.642518 0.103325 0.007126
0.652019 0.103325 0.005938
0.669834 0.103325 0.011876
0.130641 0.104513 0.011876
0.528504 0.104513 0.008314
0.538005 0.104513 0.008314
0.559382 0.104513 0.008314
0.571259 0.104513 0.008314
0.581948 0.104513 0.007126
0.511876 0.105701 0.005938
0.118765 0.106888 0.008314
0.502375 0.106888 0.008314
0.446556 0.108076 0.005938
0.463183 0.108076 0.005938
0.471496 0.108076 0.005938
0.482185 0.108076 0.007126
0.492874 0.108076 0.007126
0.434679 0.109264 0.005938
0.293349 0.110451 0.010689
0.311164 0.110451 0.008314
0.324228 0.110451 0.008314
0.355107 0.110451 0.005938
0.372922 0.110451 0.007126
0.382423 0.110451 0.011876
0.399050 0.110451 0.008314
0.412114 0.110451 0.005938
0.270784 0.111639 0.007126
0.281473 0.111639 0.008314
0.336105 0.111639 0.007126
0.345606 0.111639 0.005938
0.363420 0.111639 0.008314
0.423990 0.111639 0.008314
0.248219 0.112827 0.005938
0.260095 0.112827 0.007126
0.237530 0.114014 0.007126
0.793349 0.114014 0.007126
0.806413 0.114014 0.008314
0.817102 0.114014 0.007126
0.201900 0.115202 0.007126
0.212589 0.115202 0.008314
0.766033 0.115202 0.009501
0.782660 0.115202 0.008314
0.827791 0.115202 0.005938
0.868171 0.115202 0.004751
0.173397 0.116390 0.007126
0.184086 0.116390 0.005938
0.192399 0.116390 0.008314
0.758907 0.116390 0.004751
0.837292 0.116390 0.004751
0.844418 0.116390 0.004751
0.852732 0.116390 0.004751
0.862233 0.116390 0.008314
0.586698 0.117577 0.007126
0.160333 0.118765 0.010689
0.564133 0.118765 0.007126
0.573634 0.118765 0.004751
0.722090 0.118765 0.008314
0.730404 0.118765 0.007126
0.750594 0.118765 0.005938
0.131829 0.119952 0.005938
0.143705 0.119952 0.007126
0.153207 0.119952 0.004751
0.542755 0.119952 0.008314
0.552257 0.119952 0.007126
0.596200 0.119952 0.005938
0.605701 0.119952 0.004751
0.614014 0.119952 0.008314
0.628266 0.119952 0.008314
0.640143 0.119952 0.005938
0.654394 0.119952 0.010689
0.661520 0.119952 0.010689
0.706651 0.119952 0.009501
0.741093 0.119952 0.008314
0.122328 0.121140 0.004751
0.511876 0.121140 0.007126
0.115202 0.122328 0.009501
0.471496 0.122328 0.004751
0.479810 0.122328 0.004751
0.498812 0.122328 0.007126
0.529691 0.122328 0.010689
0.461995 0.123515 0.005938
0.488124 0.123515 0.005938
0.415677 0.124703 0.005938
0.423990 0.124703 0.005938
0.434679 0.124703 0.005938
0.451306 0.124703 0.008314
0.372922 0.125891 0.005938
0.382423 0.125891 0.005938
0.390736 0.125891 0.010689
0.404988 0.125891 0.007126
0.274347 0.127078 0.008314
0.282660 0.127078 0.005938
0.333729 0.127078 0.007126
0.344418 0.127078 0.008314
0.352732 0.127078 0.005938
0.362233 0.127078 0.007126
0.251781 0.128266 0.008314
0.262470 0.128266 0.005938
0.238717 0.129454 0.008314
0.200713 0.130641 0.004751
0.210214 0.130641 0.005938
0.219715 0.130641 0.005938
0.228029 0.130641 0.005938
0.825416 0.130641 0.011876
0.870546 0.130641 0.004751
0.173397 0.131829 0.004751
0.181710 0.131829 0.005938
0.191211 0.131829 0.005938
0.839667 0.131829 0.004751
0.847981 0.131829 0.010689
0.853919 0.131829 0.010689
0.863420 0.131829 0.010689
0.148456 0.133017 0.005938
0.157957 0.133017 0.004751
0.166271 0.133017 0.004751
0.782660 0.133017 0.005938
0.809976 0.133017 0.004751
0.761283 0.134204 0.005938
0.773159 0.134204 0.008314
0.800475 0.134204 0.007126
0.137767 0.135392 0.005938
0.587886 0.135392 0.005938
0.606888 0.135392 0.004751
0.617577 0.135392 0.005938
0.627078 0.135392 0.004751
0.635392 0.135392 0.005938
0.789786 0.135392 0.008314
0.114014 0.136580 0.008314
0.129454 0.136580 0.004751
0.577197 0.136580 0.011876
0.598575 0.136580 0.005938
0.648456 0.136580 0.007126
0.657957 0.136580 0.007126
0.728029 0.136580 0.010689
0.750594 0.136580 0.008314
0.122328 0.137767 0.004751
0.403800 0.137767 0.005938
0.560570 0.137767 0.005938
0.570071 0.137767 0.004751
0.707838 0.137767 0.010689
0.736342 0.137767 0.007126
0.395487 0.138955 0.004751
0.483373 0.138955 0.008314
0.510689 0.138955 0.008314
0.522565 0.138955 0.008314
0.534442 0.138955 0.008314
0.547506 0.138955 0.008314
0.440618 0.140143 0.011876
0.460808 0.140143 0.008314
0.496437 0.140143 0.009501
0.387173 0.141330 0.005938
0.414489 0.141330 0.008314
0.427553 0.141330 0.008314
0.448931 0.141330 0.005938
0.471496 0.141330 0.007126
0.268409 0.143705 0.007126
0.277910 0.143705 0.004751
0.344418 0.143705 0.007126
0.355107 0.143705 0.008314
0.256532 0.144893 0.004751
0.334917 0.144893 0.008314
0.248219 0.146081 0.005938
0.193587 0.147268 0.008314
0.206651 0.147268 0.007126
0.216152 0.147268 0.008314
0.226841 0.147268 0.008314
0.166271 0.148456 0.010689
0.181710 0.148456 0.008314
0.238717 0.148456 0.008314
0.877672 0.148456 0.005938
0.156770 0.149644 0.005938
0.173397 0.149644 0.004751
0.788599 0.149644 0.004751
0.798100 0.149644 0.005938
0.820665 0.149644 0.013064
0.838480 0.149644 0.008314
0.849169 0.149644 0.007126
0.857482 0.149644 0.008314
0.866983 0.149644 0.008314
0.146081 0.150831 0.008314
0.662708 0.150831 0.010689
0.768409 0.150831 0.008314
0.781473 0.150831 0.010689
0.809976 0.150831 0.007126
0.137767 0.152019 0.004751
0.641330 0.152019 0.004751
0.649644 0.152019 0.004751
0.827791 0.152019 0.007126
0.129454 0.153207 0.005938
0.610451 0.153207 0.007126
0.631829 0.153207 0.007126
0.728029 0.153207 0.005938
0.736342 0.153207 0.004751
0.743468 0.153207 0.010689
0.752969 0.153207 0.008314
0.112827 0.154394 0.011876
0.121140 0.154394 0.004751
0.578385 0.154394 0.007126
0.598575 0.154394 0.013064
0.621140 0.154394 0.008314
0.706651 0.154394 0.008314
0.718527 0.154394 0.007126
0.566508 0.155582 0.008314
0.590261 0.155582 0.007126
0.514252 0.157957 0.009501
0.524941 0.157957 0.007126
0.536817 0.157957 0.008314
0.545131 0.157957 0.004751
0.553444 0.157957 0.011876
0.470309 0.159145 0.007126
0.479810 0.159145 0.007126
0.490499 0.159145 0.005938
0.500000 0.159145 0.005938
0.339667 0.160333 0.005938
0.364608 0.160333 0.005938
0.391924 0.160333 0.007126
0.412114 0.160333 0.005938
0.420428 0.160333 0.007126
0.431116 0.160333 0.005938
0.440618 0.160333 0.008314
0.452494 0.160333 0.008314
0.461995 0.160333 0.007126
0.276722 0.161520 0.008314
0.353919 0.161520 0.007126
0.372922 0.161520 0.008314
0.382423 0.161520 0.004751
0.403800 0.161520 0.007126
0.288599 0.162708 0.008314
0.331354 0.162708 0.005938
0.264846 0.163895 0.008314
0.882423 0.163895 0.008314
0.243468 0.165083 0.007126
0.252969 0.165083 0.007126
0.862233 0.165083 0.004751
0.870546 0.165083 0.005938
0.213777 0.166271 0.011876
0.220903 0.166271 0.011876
0.232779 0.166271 0.008314
0.798100 0.166271 0.005938
0.806413 0.166271 0.005938
0.819477 0.166271 0.008314
0.833729 0.166271 0.005938
0.844418 0.166271 0.007126
0.855107 0.166271 0.008314
0.779097 0.167458 0.005938
0.788599 0.167458 0.007126
0.157957 0.168646 0.005938
0.166271 0.168646 0.004751
0.175772 0.168646 0.007126
0.191211 0.168646 0.010689
0.201900 0.168646 0.008314
0.717340 0.168646 0.004751
0.762470 0.168646 0.004751
0.769596 0.168646 0.004751
0.134204 0.169834 0.008314
0.637767 0.169834 0.007126
0.657957 0.169834 0.004751
0.725653 0.169834 0.010689
0.732779 0.169834 0.004751
0.739905 0.169834 0.010689
0.751781 0.169834 0.007126
0.111639 0.171021 0.007126
0.123515 0.171021 0.007126
0.144893 0.171021 0.008314
0.598575 0.171021 0.007126
0.610451 0.171021 0.008314
0.627078 0.171021 0.008314
0.649644 0.171021 0.005938
0.618765 0.172209 0.004751
0.520190 0.173397 0.004751
0.528504 0.173397 0.004751
0.536817 0.173397 0.005938
0.557007 0.173397 0.007126
0.574822 0.173397 0.007126
0.584323 0.173397 0.008314
0.466746 0.174584 0.004751
0.475059 0.174584 0.007126
0.486936 0.174584 0.007126
0.500000 0.174584 0.007126
0.511876 0.174584 0.007126
0.547506 0.174584 0.008314
0.566508 0.174584 0.005938
0.401425 0.175772 0.008314
0.412114 0.175772 0.008314
0.456057 0.175772 0.007126
0.371734 0.176960 0.008314
0.385986 0.176960 0.008314
0.426366 0.176960 0.007126
0.445368 0.176960 0.005938
0.338480 0.178147 0.004751
0.347981 0.178147 0.007126
0.357482 0.178147 0.010689
0.437055 0.178147 0.008314
0.287411 0.179335 0.008314
0.328979 0.179335 0.007126
0.884798 0.179335 0.008314
0.249406 0.180523 0.007126
0.258907 0.180523 0.005938
0.268409 0.180523 0.004751
0.277910 0.180523 0.005938
0.865796 0.180523 0.004751
0.875297 0.180523 0.008314
0.217340 0.181710 0.005938
0.228029 0.181710 0.007126
0.239905 0.181710 0.007126
0.206651 0.182898 0.007126
0.815914 0.182898 0.008314
0.830166 0.182898 0.008314
0.839667 0.182898 0.007126
0.849169 0.182898 0.005938
0.857482 0.182898 0.010689
0.197150 0.184086 0.004751
0.804038 0.184086 0.007126
0.121140 0.185273 0.007126
0.131829 0.185273 0.004751
0.148456 0.185273 0.008314
0.173397 0.185273 0.008314
0.744656 0.185273 0.008314
0.756532 0.185273 0.008314
0.766033 0.185273 0.004751
0.777910 0.185273 0.008314
0.792162 0.185273 0.008314
0.109264 0.186461 0.007126
0.163895 0.186461 0.007126
0.186461 0.186461 0.008314
0.652019 0.187648 0.007126
0.672209 0.187648 0.008314
0.681710 0.187648 0.007126
0.714964 0.187648 0.008314
0.724466 0.187648 0.005938
0.733967 0.187648 0.004751
0.605701 0.188836 0.008314
0.616390 0.188836 0.007126
0.638955 0.188836 0.005938
0.662708 0.188836 0.005938
0.704276 0.188836 0.008314
0.500000 0.190024 0.008314
0.510689 0.190024 0.007126
0.590261 0.190024 0.004751
0.629454 0.190024 0.008314
0.693587 0.190024 0.007126
0.490499 0.191211 0.004751
0.523753 0.191211 0.008314
0.534442 0.191211 0.007126
0.543943 0.191211 0.007126
0.557007 0.191211 0.007126
0.568884 0.191211 0.008314
0.580760 0.191211 0.008314
0.457245 0.192399 0.007126
0.467933 0.192399 0.008314
0.479810 0.192399 0.008314
0.346793 0.193587 0.010689
0.410926 0.193587 0.005938
0.421615 0.193587 0.007126
0.445368 0.193587 0.007126
0.352732 0.194774 0.008314
0.363420 0.194774 0.005938
0.385986 0.194774 0.008314
0.401425 0.194774 0.008314
0.434679 0.194774 0.007126
0.321853 0.195962 0.008314
0.333729 0.195962 0.008314
0.372922 0.195962 0.004751
0.875297 0.195962 0.004751
0.890736 0.195962 0.008314
0.239905 0.197150 0.004751
0.250594 0.197150 0.005938
0.260095 0.197150 0.004751
0.281473 0.197150 0.007126
0.292162 0.197150 0.007126
0.301663 0.197150 0.004751
0.212589 0.198337 0.005938
0.220903 0.198337 0.004751
0.269596 0.198337 0.007126
0.815914 0.198337 0.004751
0.824228 0.198337 0.007126
0.836105 0.198337 0.007126
0.849169 0.198337 0.008314
0.857482 0.198337 0.004751
0.865796 0.198337 0.008314
0.192399 0.199525 0.004751
0.808789 0.199525 0.010689
0.119952 0.200713 0.008314
0.131829 0.200713 0.005938
0.150831 0.200713 0.007126
0.173397 0.200713 0.007126
0.184086 0.200713 0.005938
0.201900 0.200713 0.005938
0.775534 0.200713 0.004751
0.782660 0.200713 0.010689
0.796912 0.200713 0.008314
0.108076 0.201900 0.007126
0.138955 0.201900 0.005938
0.161520 0.201900 0.007126
0.756532 0.201900 0.004751
0.766033 0.201900 0.005938
0.678147 0.203088 0.008314
0.693587 0.203088 0.007126
0.738717 0.203088 0.005938
0.747031 0.203088 0.005938
0.625891 0.204276 0.005938
0.636580 0.204276 0.007126
0.647268 0.204276 0.007126
0.668646 0.204276 0.007126
0.704276 0.204276 0.004751
0.711401 0.204276 0.008314
0.720903 0.204276 0.004751
0.730404 0.204276 0.007126
0.527316 0.205463 0.005938
0.545131 0.205463 0.004751
0.584323 0.205463 0.007126
0.615202 0.205463 0.008314
0.659145 0.205463 0.008314
0.494062 0.206651 0.007126
0.505938 0.206651 0.007126
0.517815 0.206651 0.005938
0.535629 0.206651 0.007126
0.552257 0.206651 0.004751
0.560570 0.206651 0.008314
0.572447 0.206651 0.007126
0.596200 0.206651 0.007126
0.605701 0.206651 0.005938
0.349169 0.207838 0.004751
0.388361 0.207838 0.010689
0.395487 0.207838 0.005938
0.453682 0.207838 0.005938
0.473872 0.207838 0.004751
0.482185 0.207838 0.005938
0.887173 0.207838 0.008314
0.342043 0.209026 0.004751
0.365796 0.209026 0.004751
0.372922 0.209026 0.004751
0.381235 0.209026 0.004751
0.403800 0.209026 0.005938
0.413302 0.209026 0.005938
0.423990 0.209026 0.007126
0.434679 0.209026 0.005938
0.444181 0.209026 0.007126
0.461995 0.209026 0.008314
0.323040 0.210214 0.007126
0.332542 0.210214 0.007126
0.356295 0.210214 0.005938
0.236342 0.211401 0.007126
0.248219 0.211401 0.008314
0.261283 0.211401 0.007126
0.273159 0.211401 0.005938
0.282660 0.211401 0.004751
0.289786 0.211401 0.004751
0.299287 0.211401 0.007126
0.308789 0.211401 0.005938
0.875297 0.211401 0.008314
0.224466 0.212589 0.007126
0.163895 0.213777 0.005938
0.173397 0.213777 0.004751
0.213777 0.213777 0.007126
0.847981 0.213777 0.004751
0.863420 0.213777 0.004751
0.146081 0.214964 0.005938
0.154394 0.214964 0.005938
0.181710 0.214964 0.007126
0.193587 0.214964 0.005938
0.201900 0.214964 0.005938
0.825416 0.214964 0.004751
0.840855 0.214964 0.010689
0.853919 0.214964 0.008314
0.808789 0.216152 0.004751
0.815914 0.216152 0.011876
0.136580 0.217340 0.011876
0.119952 0.218527 0.005938
0.129454 0.218527 0.005938
0.789786 0.218527 0.004751
0.796912 0.218527 0.004751
0.109264 0.219715 0.005938
0.780285 0.219715 0.005938
0.731591 0.220903 0.007126
0.741093 0.220903 0.004751
0.768409 0.220903 0.008314
0.435867 0.222090 0.007126
0.612827 0.222090 0.005938
0.622328 0.222090 0.008314
0.631829 0.222090 0.005938
0.660333 0.222090 0.008314
0.671021 0.222090 0.008314
0.719715 0.222090 0.013064
0.748219 0.222090 0.004751
0.302850 0.223278 0.004751
0.420428 0.223278 0.010689
0.458432 0.223278 0.005938
0.467933 0.223278 0.005938
0.491686 0.223278 0.008314
0.504751 0.223278 0.008314
0.526128 0.223278 0.004751
0.533254 0.223278 0.011876
0.541568 0.223278 0.004751
0.548694 0.223278 0.004751
0.557007 0.223278 0.004751
0.598575 0.223278 0.008314
0.641330 0.223278 0.005938
0.652019 0.223278 0.008314
0.678147 0.223278 0.004751
0.686461 0.223278 0.011876
0.701900 0.223278 0.008314
0.712589 0.223278 0.014252
0.296912 0.224466 0.008314
0.336105 0.224466 0.005938
0.343230 0.224466 0.010689
0.355107 0.224466 0.007126
0.383610 0.224466 0.007126
0.407363 0.224466 0.008314
0.427553 0.224466 0.004751
0.448931 0.224466 0.007126
0.480998 0.224466 0.007126
0.516627 0.224466 0.008314
0.580760 0.224466 0.005938
0.589074 0.224466 0.013064
0.286223 0.225653 0.004751
0.309976 0.225653 0.009501
0.394299 0.225653 0.008314
0.570071 0.225653 0.015439
0.178147 0.226841 0.008314
0.209026 0.226841 0.005938
0.231591 0.226841 0.005938
0.242280 0.226841 0.005938
0.250594 0.226841 0.004751
0.260095 0.226841 0.005938
0.371734 0.226841 0.010689
0.153207 0.228029 0.007126
0.163895 0.228029 0.008314
0.190024 0.228029 0.005938
0.219715 0.228029 0.008314
0.269596 0.228029 0.005938
0.277910 0.228029 0.005938
0.324228 0.228029 0.008314
0.198337 0.229216 0.013064
0.109264 0.231591 0.007126
0.130641 0.231591 0.007126
0.121140 0.232779 0.007126
0.141330 0.232779 0.008314
