0.941805 0.000000 0.020190
0.781473 0.007126 0.023753
0.846793 0.007126 0.023753
0.755344 0.010689 0.019002
0.764846 0.010689 0.020190
0.817102 0.011876 0.013064
0.880048 0.011876 0.013064
0.625891 0.035629 0.007126
0.652019 0.035629 0.004751
0.657957 0.035629 0.004751
0.548694 0.036817 0.005938
0.579572 0.036817 0.005938
0.590261 0.036817 0.005938
0.598575 0.036817 0.004751
0.605701 0.036817 0.004751
0.615202 0.036817 0.005938
0.635392 0.036817 0.004751
0.642518 0.036817 0.005938
0.668646 0.036817 0.005938
0.678147 0.036817 0.004751
0.718527 0.036817 0.007126
0.461995 0.038005 0.004751
0.522565 0.038005 0.005938
0.530879 0.038005 0.004751
0.538005 0.038005 0.004751
0.558195 0.038005 0.008314
0.571259 0.038005 0.004751
0.699525 0.038005 0.008314
0.706651 0.038005 0.004751
0.730404 0.038005 0.008314
0.738717 0.038005 0.004751
0.758907 0.038005 0.008314
0.796912 0.038005 0.008314
0.807601 0.038005 0.005938
0.817102 0.038005 0.004751
0.353919 0.039192 0.010689
0.413302 0.039192 0.007126
0.423990 0.039192 0.007126
0.434679 0.039192 0.007126
0.444181 0.039192 0.005938
0.453682 0.039192 0.005938
0.470309 0.039192 0.011876
0.478622 0.039192 0.004751
0.486936 0.039192 0.005938
0.495249 0.039192 0.005938
0.504751 0.039192 0.005938
0.514252 0.039192 0.004751
0.748219 0.039192 0.008314
0.771971 0.039192 0.008314
0.781473 0.039192 0.008314
0.824228 0.039192 0.011876
0.832542 0.039192 0.011876
0.842043 0.039192 0.004751
0.850356 0.039192 0.005938
0.857482 0.039192 0.005938
0.866983 0.039192 0.005938
0.311164 0.040380 0.005938
0.366983 0.040380 0.008314
0.380048 0.040380 0.007126
0.391924 0.040380 0.007126
0.403800 0.040380 0.007126
0.877672 0.040380 0.008314
0.231591 0.041568 0.011876
0.282660 0.041568 0.007126
0.292162 0.041568 0.004751
0.301663 0.041568 0.005938
0.339667 0.041568 0.005938
0.239905 0.042755 0.010689
0.273159 0.042755 0.005938
0.327791 0.042755 0.007126
0.224466 0.043943 0.004751
0.217340 0.045131 0.004751
0.254157 0.045131 0.007126
0.264846 0.045131 0.005938
0.207838 0.046318 0.005938
0.157957 0.047506 0.010689
0.171021 0.047506 0.004751
0.179335 0.047506 0.005938
0.188836 0.047506 0.005938
0.198337 0.047506 0.007126
0.150831 0.048694 0.008314
0.657957 0.048694 0.008314
0.676960 0.048694 0.010689
0.684086 0.048694 0.004751
0.123515 0.049881 0.007126
0.133017 0.049881 0.007126
0.643705 0.049881 0.007126
0.668646 0.049881 0.007126
0.691211 0.049881 0.007126
0.885986 0.049881 0.007126
0.547506 0.051069 0.008314
0.565321 0.051069 0.005938
0.573634 0.051069 0.004751
0.595012 0.051069 0.008314
0.605701 0.051069 0.007126
0.619952 0.051069 0.008314
0.629454 0.051069 0.008314
0.701900 0.051069 0.007126
0.485748 0.052257 0.007126
0.504751 0.052257 0.005938
0.511876 0.052257 0.008314
0.523753 0.052257 0.008314
0.555819 0.052257 0.005938
0.581948 0.052257 0.008314
0.709026 0.052257 0.004751
0.719715 0.052257 0.007126
0.728029 0.052257 0.004751
0.768409 0.052257 0.008314
0.301663 0.053444 0.008314
0.309976 0.053444 0.004751
0.369359 0.053444 0.005938
0.378860 0.053444 0.005938
0.401425 0.053444 0.005938
0.418052 0.053444 0.004751
0.427553 0.053444 0.005938
0.458432 0.053444 0.004751
0.473872 0.053444 0.004751
0.495249 0.053444 0.005938
0.538005 0.053444 0.007126
0.289786 0.054632 0.007126
0.343230 0.054632 0.004751
0.350356 0.054632 0.008314
0.359857 0.054632 0.005938
0.389549 0.054632 0.007126
0.410926 0.054632 0.004751
0.438242 0.054632 0.007126
0.448931 0.054632 0.005938
0.736342 0.054632 0.008314
0.748219 0.054632 0.005938
0.756532 0.054632 0.004751
0.777910 0.054632 0.004751
0.786223 0.054632 0.010689
0.792162 0.054632 0.004751
0.802850 0.054632 0.007126
0.823040 0.054632 0.008314
0.831354 0.054632 0.004751
0.838480 0.054632 0.005938
0.847981 0.054632 0.008314
0.871734 0.054632 0.008314
0.280285 0.055819 0.005938
0.325416 0.055819 0.005938
0.333729 0.055819 0.005938
0.813539 0.055819 0.005938
0.242280 0.057007 0.008314
0.249406 0.057007 0.004751
0.261283 0.057007 0.007126
0.269596 0.057007 0.007126
0.218527 0.058195 0.007126
0.198337 0.059382 0.005938
0.210214 0.059382 0.005938
0.230404 0.059382 0.005938
0.188836 0.060570 0.005938
0.160333 0.062945 0.008314
0.174584 0.062945 0.008314
0.149644 0.064133 0.007126
0.638955 0.064133 0.010689
0.660333 0.064133 0.004751
0.668646 0.064133 0.005938
0.678147 0.064133 0.005938
0.687648 0.064133 0.005938
0.123515 0.065321 0.007126
0.134204 0.065321 0.005938
0.631829 0.065321 0.004751
0.646081 0.065321 0.004751
0.698337 0.065321 0.007126
0.415677 0.066508 0.007126
0.511876 0.066508 0.005938
0.520190 0.066508 0.008314
0.534442 0.066508 0.007126
0.546318 0.066508 0.005938
0.555819 0.066508 0.007126
0.570071 0.066508 0.008314
0.602138 0.066508 0.008314
0.612827 0.066508 0.005938
0.622328 0.066508 0.005938
0.709026 0.066508 0.008314
0.425178 0.067696 0.005938
0.476247 0.067696 0.008314
0.488124 0.067696 0.008314
0.501188 0.067696 0.007126
0.584323 0.067696 0.007126
0.593824 0.067696 0.005938
0.722090 0.067696 0.007126
0.742280 0.067696 0.004751
0.763658 0.067696 0.005938
0.776722 0.067696 0.008314
0.868171 0.067696 0.008314
0.875297 0.067696 0.004751
0.336105 0.068884 0.004751
0.342043 0.068884 0.008314
0.356295 0.068884 0.005938
0.375297 0.068884 0.005938
0.383610 0.068884 0.004751
0.391924 0.068884 0.008314
0.403800 0.068884 0.007126
0.440618 0.068884 0.008314
0.452494 0.068884 0.005938
0.463183 0.068884 0.008314
0.733967 0.068884 0.005938
0.752969 0.068884 0.007126
0.785036 0.068884 0.004751
0.793349 0.068884 0.005938
0.805226 0.068884 0.008314
0.855107 0.068884 0.009501
0.309976 0.070071 0.007126
0.364608 0.070071 0.008314
0.814727 0.070071 0.007126
0.824228 0.070071 0.005938
0.832542 0.070071 0.010689
0.275534 0.071259 0.008314
0.285036 0.071259 0.007126
0.299287 0.071259 0.008314
0.324228 0.071259 0.008314
0.231591 0.072447 0.004751
0.255344 0.072447 0.008314
0.267221 0.072447 0.005938
0.220903 0.073634 0.008314
0.200713 0.074822 0.007126
0.210214 0.074822 0.004751
0.174584 0.076010 0.010689
0.188836 0.076010 0.007126
0.166271 0.077197 0.005938
0.147268 0.078385 0.004751
0.155582 0.078385 0.005938
0.138955 0.079572 0.005938
0.122328 0.080760 0.008314
0.131829 0.080760 0.005938
0.562945 0.080760 0.007126
0.574822 0.080760 0.008314
0.585511 0.080760 0.005938
0.609264 0.080760 0.010689
0.617577 0.080760 0.008314
0.631829 0.080760 0.008314
0.646081 0.080760 0.007126
0.655582 0.080760 0.004751
0.662708 0.080760 0.010689
0.747031 0.080760 0.007126
0.380048 0.081948 0.007126
0.400238 0.081948 0.007126
0.530879 0.081948 0.008314
0.542755 0.081948 0.007126
0.552257 0.081948 0.007126
0.595012 0.081948 0.007126
0.714964 0.081948 0.008314
0.736342 0.081948 0.005938
0.757720 0.081948 0.007126
0.880048 0.081948 0.005938
0.388361 0.083135 0.008314
0.412114 0.083135 0.005938
0.422803 0.083135 0.008314
0.432304 0.083135 0.005938
0.444181 0.083135 0.007126
0.456057 0.083135 0.005938
0.465558 0.083135 0.004751
0.495249 0.083135 0.007126
0.505938 0.083135 0.007126
0.517815 0.083135 0.007126
0.726841 0.083135 0.005938
0.768409 0.083135 0.008314
0.850356 0.083135 0.004751
0.859857 0.083135 0.005938
0.869359 0.083135 0.005938
0.338480 0.084323 0.008314
0.350356 0.084323 0.005938
0.358670 0.084323 0.005938
0.368171 0.084323 0.007126
0.475059 0.084323 0.008314
0.485748 0.084323 0.005938
0.782660 0.084323 0.008314
0.808789 0.084323 0.005938
0.819477 0.084323 0.005938
0.831354 0.084323 0.007126
0.842043 0.084323 0.005938
0.795724 0.085511 0.008314
0.287411 0.086698 0.007126
0.276722 0.087886 0.008314
0.229216 0.089074 0.007126
0.238717 0.089074 0.008314
0.262470 0.089074 0.008314
0.219715 0.090261 0.008314
0.249406 0.090261 0.008314
0.194774 0.091449 0.007126
0.206651 0.091449 0.007126
0.182898 0.092637 0.008314
0.160333 0.095012 0.008314
0.172209 0.095012 0.007126
0.880048 0.095012 0.004751
0.578385 0.096200 0.004751
0.586698 0.096200 0.005938
0.597387 0.096200 0.005938
0.606888 0.096200 0.004751
0.614014 0.096200 0.005938
0.872922 0.096200 0.004751
0.125891 0.097387 0.010689
0.135392 0.097387 0.008314
0.527316 0.097387 0.010689
0.559382 0.097387 0.004751
0.567696 0.097387 0.008314
0.622328 0.097387 0.008314
0.634204 0.097387 0.004751
0.653207 0.097387 0.004751
0.661520 0.097387 0.011876
0.714964 0.097387 0.008314
0.728029 0.097387 0.008314
0.739905 0.097387 0.008314
0.815914 0.097387 0.004751
0.843230 0.097387 0.004751
0.864608 0.097387 0.007126
0.428741 0.098575 0.007126
0.440618 0.098575 0.008314
0.496437 0.098575 0.004751
0.504751 0.098575 0.005938
0.515439 0.098575 0.007126
0.534442 0.098575 0.004751
0.541568 0.098575 0.004751
0.549881 0.098575 0.005938
0.643705 0.098575 0.008314
0.752969 0.098575 0.008314
0.766033 0.098575 0.008314
0.787411 0.098575 0.004751
0.808789 0.098575 0.004751
0.823040 0.098575 0.008314
0.833729 0.098575 0.005938
0.853919 0.098575 0.008314
0.391924 0.099762 0.005938
0.401425 0.099762 0.004751
0.408551 0.099762 0.004751
0.416865 0.099762 0.011876
0.452494 0.099762 0.008314
0.463183 0.099762 0.007126
0.475059 0.099762 0.007126
0.485748 0.099762 0.007126
0.776722 0.099762 0.007126
0.796912 0.099762 0.007126
0.350356 0.100950 0.008314
0.370546 0.100950 0.005938
0.380048 0.100950 0.007126
0.359857 0.102138 0.007126
0.338480 0.103325 0.005938
0.273159 0.104513 0.008314
0.287411 0.104513 0.008314
0.250594 0.105701 0.005938
0.262470 0.105701 0.007126
0.213777 0.106888 0.008314
0.222090 0.106888 0.005938
0.230404 0.106888 0.005938
0.239905 0.106888 0.005938
0.188836 0.109264 0.008314
0.201900 0.109264 0.008314
0.152019 0.110451 0.004751
0.159145 0.110451 0.005938
0.178147 0.110451 0.007126
0.619952 0.110451 0.008314
0.884798 0.110451 0.004751
0.136580 0.111639 0.004751
0.144893 0.111639 0.004751
0.167458 0.111639 0.005938
0.611639 0.111639 0.004751
0.629454 0.111639 0.008314
0.643705 0.111639 0.005938
0.868171 0.111639 0.004751
0.876485 0.111639 0.005938
0.129454 0.112827 0.011876
0.479810 0.112827 0.005938
0.542755 0.112827 0.007126
0.585511 0.112827 0.008314
0.597387 0.112827 0.009501
0.716152 0.112827 0.007126
0.724466 0.112827 0.004751
0.732779 0.112827 0.004751
0.738717 0.112827 0.004751
0.832542 0.112827 0.004751
0.844418 0.112827 0.008314
0.859857 0.112827 0.005938
0.425178 0.114014 0.010689
0.469121 0.114014 0.008314
0.489311 0.114014 0.007126
0.532067 0.114014 0.007126
0.553444 0.114014 0.005938
0.561758 0.114014 0.004751
0.573634 0.114014 0.008314
0.748219 0.114014 0.007126
0.757720 0.114014 0.005938
0.779097 0.114014 0.008314
0.813539 0.114014 0.005938
0.821853 0.114014 0.005938
0.852732 0.114014 0.004751
0.119952 0.115202 0.007126
0.416865 0.115202 0.004751
0.460808 0.115202 0.005938
0.501188 0.115202 0.007126
0.510689 0.115202 0.008314
0.522565 0.115202 0.007126
0.767221 0.115202 0.008314
0.794537 0.115202 0.008314
0.802850 0.115202 0.007126
0.366983 0.116390 0.005938
0.376485 0.116390 0.007126
0.400238 0.116390 0.008314
0.408551 0.116390 0.005938
0.437055 0.116390 0.009501
0.451306 0.116390 0.007126
0.090261 0.117577 0.007126
0.347981 0.118765 0.005938
0.357482 0.118765 0.007126
0.339667 0.119952 0.011876
0.274347 0.122328 0.004751
0.226841 0.123515 0.011876
0.235154 0.123515 0.004751
0.243468 0.123515 0.005938
0.254157 0.123515 0.008314
0.264846 0.123515 0.007126
0.281473 0.123515 0.011876
0.125891 0.124703 0.004751
0.216152 0.124703 0.013064
0.883610 0.124703 0.007126
0.197150 0.125891 0.007126
0.207838 0.125891 0.004751
0.153207 0.127078 0.005938
0.162708 0.127078 0.005938
0.173397 0.127078 0.004751
0.186461 0.127078 0.008314
0.874109 0.127078 0.008314
0.134204 0.128266 0.005938
0.143705 0.128266 0.007126
0.655582 0.128266 0.005938
0.663895 0.128266 0.013064
0.718527 0.128266 0.013064
0.864608 0.128266 0.005938
0.643705 0.129454 0.008314
0.739905 0.129454 0.011876
0.748219 0.129454 0.007126
0.836105 0.129454 0.005938
0.851544 0.129454 0.010689
0.118765 0.130641 0.007126
0.520190 0.130641 0.007126
0.534442 0.130641 0.008314
0.591449 0.130641 0.013064
0.728029 0.130641 0.008314
0.760095 0.130641 0.008314
0.770784 0.130641 0.005938
0.780285 0.130641 0.004751
0.788599 0.130641 0.005938
0.799287 0.130641 0.007126
0.811164 0.130641 0.007126
0.824228 0.130641 0.008314
0.470309 0.131829 0.007126
0.490499 0.131829 0.007126
0.510689 0.131829 0.007126
0.545131 0.131829 0.008314
0.558195 0.131829 0.008314
0.583135 0.131829 0.011876
0.602138 0.131829 0.007126
0.624703 0.131829 0.007126
0.635392 0.131829 0.005938
0.396675 0.133017 0.007126
0.408551 0.133017 0.008314
0.420428 0.133017 0.008314
0.432304 0.133017 0.007126
0.441805 0.133017 0.005938
0.457245 0.133017 0.010689
0.479810 0.133017 0.008314
0.498812 0.133017 0.008314
0.570071 0.133017 0.008314
0.612827 0.133017 0.008314
0.374109 0.134204 0.008314
0.384798 0.134204 0.007126
0.283848 0.136580 0.007126
0.337292 0.136580 0.008314
0.346793 0.136580 0.007126
0.357482 0.136580 0.008314
0.271971 0.137767 0.004751
0.222090 0.138955 0.005938
0.232779 0.138955 0.005938
0.241093 0.138955 0.004751
0.249406 0.138955 0.005938
0.260095 0.138955 0.008314
0.211401 0.140143 0.005938
0.180523 0.141330 0.005938
0.191211 0.141330 0.007126
0.201900 0.141330 0.005938
0.160333 0.142518 0.008314
0.172209 0.142518 0.004751
0.885986 0.142518 0.007126
0.144893 0.143705 0.004751
0.871734 0.143705 0.004751
0.137767 0.144893 0.005938
0.859857 0.144893 0.008314
0.129454 0.146081 0.004751
0.790974 0.146081 0.008314
0.830166 0.146081 0.008314
0.116390 0.147268 0.009501
0.589074 0.147268 0.010689
0.773159 0.147268 0.005938
0.781473 0.147268 0.004751
0.799287 0.147268 0.008314
0.808789 0.147268 0.005938
0.818290 0.147268 0.007126
0.850356 0.147268 0.008314
0.530879 0.148456 0.008314
0.541568 0.148456 0.007126
0.565321 0.148456 0.005938
0.598575 0.148456 0.004751
0.608076 0.148456 0.007126
0.625891 0.148456 0.005938
0.638955 0.148456 0.008314
0.648456 0.148456 0.005938
0.710214 0.148456 0.007126
0.742280 0.148456 0.005938
0.511876 0.149644 0.004751
0.520190 0.149644 0.008314
0.553444 0.149644 0.007126
0.574822 0.149644 0.007126
0.616390 0.149644 0.004751
0.657957 0.149644 0.008314
0.668646 0.149644 0.004751
0.676960 0.149644 0.007126
0.699525 0.149644 0.016627
0.722090 0.149644 0.007126
0.752969 0.149644 0.007126
0.763658 0.149644 0.005938
0.390736 0.150831 0.007126
0.401425 0.150831 0.007126
0.413302 0.150831 0.008314
0.425178 0.150831 0.008314
0.437055 0.150831 0.008314
0.461995 0.150831 0.008314
0.486936 0.150831 0.005938
0.495249 0.150831 0.004751
0.502375 0.150831 0.008314
0.730404 0.150831 0.016627
0.447743 0.152019 0.008314
0.475059 0.152019 0.008314
0.688836 0.152019 0.007126
0.364608 0.153207 0.004751
0.376485 0.153207 0.008314
0.271971 0.154394 0.007126
0.290974 0.154394 0.005938
0.301663 0.154394 0.005938
0.356295 0.154394 0.008314
0.242280 0.155582 0.007126
0.262470 0.155582 0.005938
0.282660 0.155582 0.007126
0.312352 0.155582 0.005938
0.321853 0.155582 0.007126
0.333729 0.155582 0.007126
0.345606 0.155582 0.008314
0.887173 0.155582 0.008314
0.193587 0.156770 0.008314
0.251781 0.156770 0.007126
0.876485 0.156770 0.007126
0.161520 0.157957 0.005938
0.152019 0.159145 0.007126
0.861045 0.159145 0.008314
0.866983 0.159145 0.004751
0.838480 0.160333 0.005938
0.849169 0.160333 0.007126
0.117577 0.161520 0.008314
0.129454 0.161520 0.005938
0.141330 0.161520 0.007126
0.814727 0.161520 0.007126
0.826603 0.161520 0.007126
0.214964 0.162708 0.017815
0.781473 0.162708 0.007126
0.804038 0.162708 0.004751
0.585511 0.163895 0.008314
0.624703 0.163895 0.007126
0.636580 0.163895 0.007126
0.666271 0.163895 0.008314
0.757720 0.163895 0.008314
0.769596 0.163895 0.005938
0.793349 0.163895 0.008314
0.552257 0.165083 0.007126
0.561758 0.165083 0.005938
0.576010 0.165083 0.008314
0.597387 0.165083 0.005938
0.614014 0.165083 0.011876
0.679335 0.165083 0.008314
0.688836 0.165083 0.008314
0.703088 0.165083 0.007126
0.713777 0.165083 0.007126
0.724466 0.165083 0.004751
0.745843 0.165083 0.005938
0.540380 0.166271 0.008314
0.605701 0.166271 0.005938
0.647268 0.166271 0.008314
0.511876 0.167458 0.008314
0.523753 0.167458 0.010689
0.425178 0.168646 0.004751
0.442993 0.168646 0.008314
0.452494 0.168646 0.008314
0.465558 0.168646 0.007126
0.476247 0.168646 0.008314
0.488124 0.168646 0.007126
0.498812 0.168646 0.008314
0.382423 0.169834 0.007126
0.402613 0.169834 0.007126
0.233967 0.171021 0.007126
0.287411 0.171021 0.007126
0.309976 0.171021 0.007126
0.391924 0.171021 0.007126
0.414489 0.171021 0.008314
0.243468 0.172209 0.007126
0.274347 0.172209 0.008314
0.300475 0.172209 0.008314
0.320665 0.172209 0.007126
0.334917 0.172209 0.007126
0.344418 0.172209 0.004751
0.369359 0.172209 0.008314
0.884798 0.172209 0.007126
0.214964 0.173397 0.005938
0.224466 0.173397 0.005938
0.254157 0.173397 0.004751
0.262470 0.173397 0.005938
0.355107 0.173397 0.008314
0.858670 0.173397 0.004751
0.865796 0.173397 0.004751
0.874109 0.173397 0.008314
0.181710 0.174584 0.005938
0.850356 0.174584 0.008314
0.140143 0.175772 0.008314
0.147268 0.175772 0.008314
0.157957 0.175772 0.008314
0.188836 0.175772 0.004751
0.195962 0.175772 0.004751
0.204276 0.175772 0.004751
0.812352 0.175772 0.007126
0.824228 0.175772 0.008314
0.837292 0.175772 0.008314
0.115202 0.176960 0.008314
0.128266 0.176960 0.007126
0.801663 0.178147 0.007126
0.764846 0.179335 0.009501
0.790974 0.179335 0.008314
0.681710 0.180523 0.004751
0.736342 0.180523 0.013064
0.744656 0.180523 0.007126
0.643705 0.181710 0.008314
0.655582 0.181710 0.007126
0.666271 0.181710 0.013064
0.673397 0.181710 0.005938
0.711401 0.181710 0.007126
0.724466 0.181710 0.008314
0.603325 0.182898 0.007126
0.616390 0.182898 0.008314
0.630641 0.182898 0.008314
0.555819 0.184086 0.008314
0.578385 0.184086 0.008314
0.591449 0.184086 0.008314
0.352732 0.185273 0.008314
0.382423 0.185273 0.008314
0.396675 0.185273 0.005938
0.406176 0.185273 0.005938
0.543943 0.185273 0.007126
0.567696 0.185273 0.008314
0.340855 0.186461 0.004751
0.362233 0.186461 0.005938
0.370546 0.186461 0.005938
0.416865 0.186461 0.008314
0.428741 0.186461 0.007126
0.439430 0.186461 0.008314
0.450119 0.186461 0.007126
0.485748 0.186461 0.005938
0.520190 0.186461 0.007126
0.195962 0.187648 0.007126
0.298100 0.187648 0.005938
0.317102 0.187648 0.008314
0.330166 0.187648 0.008314
0.476247 0.187648 0.008314
0.497625 0.187648 0.005938
0.509501 0.187648 0.008314
0.533254 0.187648 0.008314
0.127078 0.188836 0.008314
0.141330 0.188836 0.007126
0.152019 0.188836 0.005938
0.160333 0.188836 0.011876
0.216152 0.188836 0.004751
0.233967 0.188836 0.007126
0.258907 0.188836 0.007126
0.270784 0.188836 0.008314
0.282660 0.188836 0.008314
0.115202 0.190024 0.007126
0.184086 0.190024 0.009501
0.206651 0.190024 0.005938
0.248219 0.190024 0.008314
0.305226 0.190024 0.013064
0.464371 0.190024 0.009501
