0.782660 0.007126 0.024941
0.662708 0.008314 0.023753
0.849169 0.008314 0.020190
0.754157 0.010689 0.013064
0.818290 0.010689 0.013064
0.880048 0.013064 0.013064
0.692399 0.015439 0.011876
0.147268 0.026128 0.020190
0.122328 0.027316 0.011876
0.843230 0.038005 0.011876
0.851544 0.039192 0.004751
0.869359 0.039192 0.004751
0.878860 0.039192 0.007126
0.755344 0.040380 0.013064
0.763658 0.040380 0.004751
0.771971 0.040380 0.010689
0.814727 0.040380 0.007126
0.825416 0.040380 0.007126
0.834917 0.040380 0.004751
0.861045 0.040380 0.005938
0.743468 0.041568 0.009501
0.795724 0.041568 0.004751
0.804038 0.041568 0.005938
0.630641 0.042755 0.010689
0.640143 0.042755 0.007126
0.650831 0.042755 0.004751
0.681710 0.042755 0.005938
0.688836 0.042755 0.010689
0.701900 0.042755 0.010689
0.709026 0.042755 0.004751
0.718527 0.042755 0.007126
0.729216 0.042755 0.007126
0.783848 0.042755 0.008314
0.530879 0.043943 0.005938
0.539192 0.043943 0.013064
0.587886 0.043943 0.004751
0.597387 0.043943 0.007126
0.606888 0.043943 0.007126
0.616390 0.043943 0.008314
0.659145 0.043943 0.007126
0.671021 0.043943 0.008314
0.413302 0.045131 0.008314
0.450119 0.045131 0.005938
0.500000 0.045131 0.007126
0.509501 0.045131 0.008314
0.520190 0.045131 0.007126
0.549881 0.045131 0.007126
0.560570 0.045131 0.008314
0.571259 0.045131 0.004751
0.578385 0.045131 0.011876
0.308789 0.046318 0.008314
0.368171 0.046318 0.008314
0.378860 0.046318 0.005938
0.391924 0.046318 0.008314
0.402613 0.046318 0.007126
0.421615 0.046318 0.004751
0.428741 0.046318 0.004751
0.439430 0.046318 0.007126
0.458432 0.046318 0.008314
0.469121 0.046318 0.004751
0.477435 0.046318 0.005938
0.486936 0.046318 0.007126
0.282660 0.047506 0.011876
0.293349 0.047506 0.010689
0.323040 0.047506 0.008314
0.353919 0.047506 0.008314
0.261283 0.048694 0.004751
0.269596 0.048694 0.004751
0.339667 0.048694 0.008314
0.230404 0.049881 0.004751
0.239905 0.049881 0.007126
0.250594 0.049881 0.007126
0.213777 0.051069 0.007126
0.222090 0.051069 0.004751
0.884798 0.051069 0.007126
0.182898 0.052257 0.004751
0.191211 0.052257 0.005938
0.200713 0.052257 0.007126
0.876485 0.052257 0.004751
0.166271 0.053444 0.007126
0.174584 0.053444 0.004751
0.831354 0.053444 0.005938
0.866983 0.053444 0.008314
0.136580 0.054632 0.005938
0.144893 0.054632 0.005938
0.154394 0.054632 0.005938
0.811164 0.054632 0.007126
0.820665 0.054632 0.007126
0.856295 0.054632 0.007126
0.124703 0.055819 0.008314
0.798100 0.055819 0.008314
0.844418 0.055819 0.008314
0.733967 0.057007 0.004751
0.754157 0.057007 0.005938
0.762470 0.057007 0.005938
0.775534 0.057007 0.007126
0.788599 0.057007 0.005938
0.638955 0.058195 0.005938
0.647268 0.058195 0.004751
0.678147 0.058195 0.008314
0.725653 0.058195 0.008314
0.743468 0.058195 0.005938
0.523753 0.059382 0.007126
0.587886 0.059382 0.004751
0.599762 0.059382 0.008314
0.610451 0.059382 0.005938
0.629454 0.059382 0.005938
0.656770 0.059382 0.007126
0.666271 0.059382 0.004751
0.687648 0.059382 0.008314
0.701900 0.059382 0.007126
0.711401 0.059382 0.007126
0.478622 0.060570 0.007126
0.489311 0.060570 0.007126
0.501188 0.060570 0.008314
0.510689 0.060570 0.005938
0.534442 0.060570 0.007126
0.543943 0.060570 0.008314
0.554632 0.060570 0.004751
0.567696 0.060570 0.008314
0.579572 0.060570 0.008314
0.619952 0.060570 0.005938
0.307601 0.061758 0.008314
0.334917 0.061758 0.007126
0.344418 0.061758 0.005938
0.361045 0.061758 0.004751
0.380048 0.061758 0.004751
0.391924 0.061758 0.008314
0.404988 0.061758 0.007126
0.415677 0.061758 0.004751
0.423990 0.061758 0.004751
0.432304 0.061758 0.005938
0.440618 0.061758 0.004751
0.453682 0.061758 0.008314
0.299287 0.062945 0.005938
0.324228 0.062945 0.008314
0.352732 0.062945 0.004751
0.371734 0.062945 0.007126
0.254157 0.064133 0.007126
0.268409 0.064133 0.005938
0.277910 0.064133 0.005938
0.289786 0.064133 0.007126
0.238717 0.065321 0.008314
0.198337 0.066508 0.007126
0.229216 0.066508 0.005938
0.868171 0.066508 0.004751
0.181710 0.067696 0.004751
0.190024 0.067696 0.007126
0.209026 0.067696 0.004751
0.217340 0.067696 0.008314
0.876485 0.067696 0.005938
0.884798 0.067696 0.011876
0.161520 0.068884 0.008314
0.171021 0.068884 0.008314
0.856295 0.068884 0.004751
0.147268 0.070071 0.008314
0.836105 0.070071 0.008314
0.846793 0.070071 0.007126
0.135392 0.071259 0.005938
0.758907 0.071259 0.004751
0.776722 0.071259 0.004751
0.793349 0.071259 0.008314
0.800475 0.071259 0.008314
0.813539 0.071259 0.007126
0.824228 0.071259 0.008314
0.125891 0.072447 0.005938
0.663895 0.072447 0.007126
0.674584 0.072447 0.005938
0.686461 0.072447 0.007126
0.717340 0.072447 0.007126
0.728029 0.072447 0.005938
0.737530 0.072447 0.007126
0.751781 0.072447 0.008314
0.766033 0.072447 0.009501
0.428741 0.073634 0.004751
0.439430 0.073634 0.004751
0.447743 0.073634 0.004751
0.485748 0.073634 0.007126
0.509501 0.073634 0.005938
0.517815 0.073634 0.004751
0.548694 0.073634 0.005938
0.561758 0.073634 0.008314
0.570071 0.073634 0.004751
0.579572 0.073634 0.005938
0.591449 0.073634 0.005938
0.599762 0.073634 0.004751
0.609264 0.073634 0.005938
0.619952 0.073634 0.007126
0.636580 0.073634 0.004751
0.654394 0.073634 0.007126
0.706651 0.073634 0.007126
0.295724 0.074822 0.004751
0.312352 0.074822 0.008314
0.375297 0.074822 0.005938
0.410926 0.074822 0.005938
0.477435 0.074822 0.008314
0.501188 0.074822 0.008314
0.526128 0.074822 0.005938
0.535629 0.074822 0.005938
0.628266 0.074822 0.005938
0.268409 0.076010 0.008314
0.286223 0.076010 0.007126
0.304038 0.076010 0.010689
0.330166 0.076010 0.005938
0.338480 0.076010 0.010689
0.353919 0.076010 0.005938
0.363420 0.076010 0.008314
0.402613 0.076010 0.005938
0.419240 0.076010 0.005938
0.465558 0.076010 0.005938
0.257720 0.077197 0.007126
0.275534 0.077197 0.008314
0.244656 0.078385 0.007126
0.185273 0.079572 0.004751
0.154394 0.080760 0.005938
0.175772 0.080760 0.005938
0.204276 0.080760 0.007126
0.216152 0.080760 0.007126
0.165083 0.081948 0.005938
0.192399 0.081948 0.009501
0.125891 0.083135 0.005938
0.134204 0.083135 0.005938
0.143705 0.083135 0.005938
0.874109 0.083135 0.004751
0.881235 0.083135 0.009501
0.858670 0.084323 0.005938
0.866983 0.084323 0.004751
0.505938 0.085511 0.007126
0.840855 0.085511 0.007126
0.849169 0.085511 0.005938
0.423990 0.086698 0.004751
0.529691 0.086698 0.007126
0.576010 0.086698 0.007126
0.584323 0.086698 0.005938
0.600950 0.086698 0.004751
0.641330 0.086698 0.008314
0.656770 0.086698 0.004751
0.830166 0.086698 0.004751
0.472684 0.087886 0.007126
0.489311 0.087886 0.004751
0.516627 0.087886 0.008314
0.539192 0.087886 0.004751
0.549881 0.087886 0.007126
0.559382 0.087886 0.004751
0.566508 0.087886 0.004751
0.592637 0.087886 0.004751
0.610451 0.087886 0.007126
0.648456 0.087886 0.004751
0.671021 0.087886 0.011876
0.716152 0.087886 0.009501
0.722090 0.087886 0.010689
0.776722 0.087886 0.007126
0.790974 0.087886 0.008314
0.799287 0.087886 0.004751
0.809976 0.087886 0.007126
0.821853 0.087886 0.005938
0.432304 0.089074 0.008314
0.444181 0.089074 0.007126
0.454869 0.089074 0.011876
0.482185 0.089074 0.004751
0.709026 0.089074 0.010689
0.731591 0.089074 0.008314
0.739905 0.089074 0.005938
0.748219 0.089074 0.004751
0.767221 0.089074 0.005938
0.388361 0.090261 0.004751
0.628266 0.090261 0.008314
0.756532 0.090261 0.008314
0.243468 0.091449 0.005938
0.274347 0.091449 0.004751
0.295724 0.091449 0.011876
0.334917 0.091449 0.005938
0.381235 0.091449 0.007126
0.402613 0.091449 0.005938
0.410926 0.091449 0.010689
0.233967 0.092637 0.007126
0.254157 0.092637 0.007126
0.264846 0.092637 0.007126
0.287411 0.092637 0.005938
0.361045 0.092637 0.010689
0.216152 0.093824 0.005938
0.225653 0.093824 0.004751
0.343230 0.093824 0.007126
0.199525 0.095012 0.008314
0.122328 0.096200 0.009501
0.205463 0.096200 0.008314
0.137767 0.097387 0.007126
0.149644 0.097387 0.007126
0.161520 0.097387 0.007126
0.175772 0.097387 0.007126
0.186461 0.097387 0.005938
0.874109 0.097387 0.004751
0.882423 0.097387 0.004751
0.853919 0.098575 0.008314
0.866983 0.098575 0.010689
0.830166 0.099762 0.008314
0.839667 0.099762 0.005938
0.847981 0.099762 0.004751
0.577197 0.102138 0.007126
0.591449 0.102138 0.007126
0.638955 0.102138 0.008314
0.754157 0.102138 0.005938
0.773159 0.102138 0.007126
0.799287 0.102138 0.008314
0.820665 0.102138 0.004751
0.534442 0.103325 0.008314
0.542755 0.103325 0.004751
0.552257 0.103325 0.010689
0.559382 0.103325 0.004751
0.566508 0.103325 0.010689
0.599762 0.103325 0.004751
0.611639 0.103325 0.007126
0.622328 0.103325 0.005938
0.630641 0.103325 0.004751
0.659145 0.103325 0.008314
0.665083 0.103325 0.008314
0.741093 0.103325 0.008314
0.763658 0.103325 0.004751
0.785036 0.103325 0.007126
0.812352 0.103325 0.008314
0.476247 0.104513 0.004751
0.494062 0.104513 0.005938
0.504751 0.104513 0.007126
0.514252 0.104513 0.004751
0.523753 0.104513 0.008314
0.713777 0.104513 0.004751
0.730404 0.104513 0.007126
0.408551 0.105701 0.005938
0.429929 0.105701 0.011876
0.438242 0.105701 0.004751
0.445368 0.105701 0.010689
0.457245 0.105701 0.004751
0.464371 0.105701 0.008314
0.720903 0.105701 0.010689
0.250594 0.106888 0.008314
0.256532 0.106888 0.004751
0.369359 0.106888 0.004751
0.377672 0.106888 0.005938
0.399050 0.106888 0.008314
0.415677 0.106888 0.004751
0.229216 0.108076 0.008314
0.238717 0.108076 0.004751
0.266033 0.108076 0.007126
0.277910 0.108076 0.004751
0.285036 0.108076 0.010689
0.343230 0.108076 0.010689
0.184086 0.109264 0.005938
0.217340 0.109264 0.008314
0.359857 0.109264 0.005938
0.153207 0.110451 0.007126
0.163895 0.110451 0.004751
0.173397 0.110451 0.007126
0.192399 0.110451 0.004751
0.204276 0.110451 0.008314
0.121140 0.111639 0.008314
0.134204 0.111639 0.008314
0.146081 0.111639 0.004751
0.882423 0.112827 0.004751
0.843230 0.114014 0.004751
0.851544 0.114014 0.005938
0.866983 0.114014 0.008314
0.875297 0.114014 0.004751
0.821853 0.115202 0.004751
0.828979 0.115202 0.004751
0.836105 0.115202 0.004751
0.811164 0.116390 0.007126
0.583135 0.117577 0.008314
0.595012 0.117577 0.008314
0.605701 0.117577 0.004751
0.614014 0.117577 0.005938
0.625891 0.117577 0.008314
0.634204 0.117577 0.008314
0.648456 0.117577 0.008314
0.666271 0.117577 0.008314
0.757720 0.117577 0.008314
0.769596 0.117577 0.004751
0.779097 0.117577 0.004751
0.787411 0.117577 0.005938
0.799287 0.117577 0.007126
0.465558 0.118765 0.007126
0.557007 0.118765 0.005938
0.570071 0.118765 0.008314
0.657957 0.118765 0.007126
0.738717 0.118765 0.005938
0.748219 0.118765 0.005938
0.473872 0.119952 0.004751
0.534442 0.119952 0.007126
0.546318 0.119952 0.007126
0.728029 0.119952 0.007126
0.429929 0.121140 0.007126
0.453682 0.121140 0.005938
0.482185 0.121140 0.005938
0.514252 0.121140 0.008314
0.524941 0.121140 0.007126
0.719715 0.121140 0.008314
0.490499 0.122328 0.004751
0.255344 0.123515 0.008314
0.266033 0.123515 0.008314
0.277910 0.123515 0.005938
0.344418 0.123515 0.008314
0.500000 0.123515 0.008314
0.211401 0.124703 0.005938
0.231591 0.124703 0.004751
0.241093 0.124703 0.010689
0.286223 0.124703 0.007126
0.363420 0.124703 0.004751
0.771971 0.124703 0.003563
0.149644 0.125891 0.008314
0.160333 0.125891 0.004751
0.168646 0.125891 0.005938
0.179335 0.125891 0.004751
0.186461 0.125891 0.010689
0.199525 0.125891 0.008314
0.220903 0.125891 0.007126
0.884798 0.125891 0.008314
0.141330 0.127078 0.004751
0.124703 0.128266 0.008314
0.131829 0.128266 0.008314
0.847981 0.128266 0.005938
0.857482 0.128266 0.004751
0.865796 0.128266 0.004751
0.874109 0.128266 0.004751
0.831354 0.129454 0.005938
0.840855 0.129454 0.004751
0.742280 0.131829 0.010689
0.775534 0.131829 0.004751
0.811164 0.131829 0.004751
0.820665 0.131829 0.007126
0.757720 0.133017 0.008314
0.766033 0.133017 0.005938
0.785036 0.133017 0.005938
0.794537 0.133017 0.004751
0.802850 0.133017 0.011876
0.612827 0.134204 0.008314
0.631829 0.134204 0.004751
0.659145 0.134204 0.005938
0.667458 0.134204 0.011876
0.735154 0.134204 0.010689
0.604513 0.135392 0.004751
0.622328 0.135392 0.008314
0.637767 0.135392 0.009501
0.649644 0.135392 0.007126
0.720903 0.135392 0.008314
0.561758 0.136580 0.004751
0.571259 0.136580 0.005938
0.596200 0.136580 0.011876
0.459620 0.137767 0.008314
0.471496 0.137767 0.007126
0.484561 0.137767 0.008314
0.538005 0.137767 0.008314
0.552257 0.137767 0.005938
0.581948 0.137767 0.008314
0.495249 0.138955 0.005938
0.509501 0.138955 0.008314
0.521378 0.138955 0.010689
0.217340 0.140143 0.007126
0.225653 0.140143 0.005938
0.434679 0.140143 0.007126
0.446556 0.140143 0.007126
0.184086 0.141330 0.007126
0.194774 0.141330 0.007126
0.206651 0.141330 0.008314
0.238717 0.141330 0.008314
0.263658 0.141330 0.005938
0.273159 0.141330 0.008314
0.403800 0.141330 0.007126
0.416865 0.141330 0.005938
0.425178 0.141330 0.004751
0.148456 0.142518 0.008314
0.156770 0.142518 0.005938
0.166271 0.142518 0.005938
0.175772 0.142518 0.005938
0.252969 0.142518 0.008314
0.338480 0.142518 0.008314
0.349169 0.142518 0.005938
0.357482 0.142518 0.011876
0.121140 0.143705 0.009501
0.135392 0.143705 0.007126
0.371734 0.143705 0.005938
0.393112 0.143705 0.005938
0.870546 0.144893 0.008314
0.839667 0.146081 0.008314
0.850356 0.146081 0.005938
0.859857 0.146081 0.007126
0.781473 0.147268 0.007126
0.814727 0.147268 0.008314
0.826603 0.147268 0.007126
0.789786 0.148456 0.004751
0.799287 0.148456 0.007126
0.736342 0.149644 0.005938
0.747031 0.149644 0.008314
0.757720 0.149644 0.007126
0.768409 0.149644 0.008314
0.718527 0.150831 0.008314
0.726841 0.150831 0.005938
0.610451 0.152019 0.008314
0.629454 0.152019 0.008314
0.641330 0.152019 0.004751
0.707838 0.152019 0.007126
0.619952 0.153207 0.004751
0.648456 0.153207 0.004751
0.655582 0.153207 0.004751
0.665083 0.153207 0.013064
0.672209 0.153207 0.004751
0.680523 0.153207 0.011876
0.562945 0.154394 0.004751
0.571259 0.154394 0.004751
0.598575 0.154394 0.004751
0.442993 0.155582 0.008314
0.589074 0.155582 0.008314
0.206651 0.156770 0.005938
0.218527 0.156770 0.007126
0.454869 0.156770 0.005938
0.466746 0.156770 0.008314
0.477435 0.156770 0.004751
0.486936 0.156770 0.005938
0.500000 0.156770 0.008314
0.510689 0.156770 0.005938
0.519002 0.156770 0.005938
0.530879 0.156770 0.008314
0.541568 0.156770 0.008314
0.552257 0.156770 0.008314
0.185273 0.157957 0.005938
0.197150 0.157957 0.007126
0.232779 0.157957 0.007126
0.254157 0.157957 0.007126
0.266033 0.157957 0.007126
0.287411 0.157957 0.005938
0.140143 0.159145 0.008314
0.165083 0.159145 0.007126
0.176960 0.159145 0.005938
0.244656 0.159145 0.007126
0.277910 0.159145 0.008314
0.296912 0.159145 0.004751
0.425178 0.159145 0.011876
0.887173 0.159145 0.008314
0.119952 0.160333 0.008314
0.131829 0.160333 0.004751
0.152019 0.160333 0.008314
0.312352 0.160333 0.004751
0.320665 0.160333 0.008314
0.345606 0.160333 0.008314
0.370546 0.160333 0.007126
0.394299 0.160333 0.010689
0.403800 0.160333 0.008314
0.415677 0.160333 0.004751
0.866983 0.160333 0.008314
0.876485 0.160333 0.007126
0.332542 0.161520 0.007126
0.381235 0.161520 0.004751
0.359857 0.162708 0.007126
0.844418 0.162708 0.008314
0.852732 0.162708 0.005938
0.833729 0.163895 0.007126
0.790974 0.165083 0.004751
0.801663 0.165083 0.008314
0.814727 0.165083 0.008314
0.824228 0.165083 0.005938
0.761283 0.166271 0.004751
0.782660 0.166271 0.008314
0.752969 0.167458 0.004751
0.771971 0.167458 0.008314
0.625891 0.168646 0.008314
0.718527 0.168646 0.004751
0.725653 0.168646 0.004751
0.744656 0.168646 0.007126
0.635392 0.169834 0.013064
0.643705 0.169834 0.004751
0.650831 0.169834 0.004751
0.659145 0.169834 0.005938
0.669834 0.169834 0.007126
0.680523 0.169834 0.005938
0.688836 0.169834 0.004751
0.699525 0.169834 0.007126
0.710214 0.169834 0.005938
0.602138 0.171021 0.007126
0.614014 0.171021 0.008314
0.557007 0.172209 0.007126
0.566508 0.172209 0.007126
0.578385 0.172209 0.008314
0.590261 0.172209 0.007126
0.192399 0.173397 0.007126
0.201900 0.173397 0.004751
0.218527 0.173397 0.008314
0.242280 0.173397 0.007126
0.447743 0.173397 0.008314
0.514252 0.173397 0.004751
0.520190 0.173397 0.004751
0.532067 0.173397 0.008314
0.546318 0.173397 0.007126
0.172209 0.174584 0.007126
0.182898 0.174584 0.008314
0.230404 0.174584 0.008314
0.251781 0.174584 0.004751
0.372922 0.174584 0.004751
0.486936 0.174584 0.008314
0.498812 0.174584 0.008314
0.877672 0.174584 0.004751
0.119952 0.175772 0.007126
0.133017 0.175772 0.008314
0.146081 0.175772 0.007126
0.159145 0.175772 0.008314
0.263658 0.175772 0.008314
0.275534 0.175772 0.008314
0.331354 0.175772 0.005938
0.340855 0.175772 0.005938
0.359857 0.175772 0.008314
0.388361 0.175772 0.005938
0.413302 0.175772 0.004751
0.423990 0.175772 0.007126
0.434679 0.175772 0.007126
0.475059 0.175772 0.007126
0.884798 0.175772 0.011876
0.294537 0.176960 0.008314
0.306413 0.176960 0.005938
0.319477 0.176960 0.008314
0.350356 0.176960 0.008314
0.461995 0.176960 0.008314
0.869359 0.176960 0.005938
0.397862 0.178147 0.007126
0.859857 0.178147 0.008314
0.818290 0.180523 0.008314
0.847981 0.180523 0.007126
0.838480 0.181710 0.007126
0.828979 0.182898 0.008314
0.776722 0.184086 0.007126
0.789786 0.184086 0.008314
0.802850 0.184086 0.008314
0.743468 0.185273 0.008314
0.767221 0.185273 0.004751
0.707838 0.186461 0.008314
0.719715 0.186461 0.008314
0.731591 0.186461 0.005938
0.756532 0.186461 0.008314
0.674584 0.187648 0.007126
0.698337 0.187648 0.005938
0.923990 0.187648 0.010689
0.654394 0.188836 0.005938
0.663895 0.188836 0.008314
0.687648 0.188836 0.008314
0.409739 0.190024 0.007126
0.533254 0.190024 0.005938
0.542755 0.190024 0.005938
0.551069 0.190024 0.008314
0.561758 0.190024 0.008314
0.571259 0.190024 0.004751
0.579572 0.190024 0.013064
0.589074 0.190024 0.008314
0.600950 0.190024 0.008314
0.611639 0.190024 0.005938
0.622328 0.190024 0.008314
0.635392 0.190024 0.008314
0.646081 0.190024 0.005938
0.118765 0.191211 0.008314
0.129454 0.191211 0.008314
0.149644 0.191211 0.013064
0.190024 0.191211 0.008314
0.231591 0.191211 0.008314
0.263658 0.191211 0.008314
0.274347 0.191211 0.007126
0.458432 0.191211 0.005938
0.497625 0.191211 0.005938
0.524941 0.191211 0.005938
0.143705 0.192399 0.009501
0.169834 0.192399 0.007126
0.179335 0.192399 0.007126
0.204276 0.192399 0.005938
0.214964 0.192399 0.008314
0.222090 0.192399 0.004751
0.243468 0.192399 0.005938
0.252969 0.192399 0.008314
0.342043 0.192399 0.004751
0.397862 0.192399 0.005938
0.420428 0.192399 0.007126
0.439430 0.192399 0.005938
0.448931 0.192399 0.005938
0.467933 0.192399 0.007126
0.478622 0.192399 0.007126
0.488124 0.192399 0.005938
0.514252 0.192399 0.007126
0.157957 0.193587 0.008314
0.286223 0.193587 0.008314
0.321853 0.193587 0.008314
0.333729 0.193587 0.004751
0.352732 0.193587 0.013064
0.372922 0.193587 0.008314
0.429929 0.193587 0.008314
0.301663 0.194774 0.008314
0.312352 0.194774 0.005938
0.383610 0.194774 0.009501
