0.730404 0.072447 0.004751
0.648456 0.073634 0.008314
0.656770 0.073634 0.011876
0.673397 0.073634 0.007126
0.684086 0.073634 0.005938
0.693587 0.073634 0.005938
0.704276 0.073634 0.005938
0.713777 0.073634 0.004751
0.723278 0.073634 0.005938
0.737530 0.073634 0.008314
0.751781 0.073634 0.009501
0.768409 0.073634 0.005938
0.775534 0.073634 0.008314
0.785036 0.073634 0.005938
0.794537 0.073634 0.007126
0.805226 0.073634 0.005938
0.815914 0.073634 0.008314
0.882423 0.073634 0.008314
0.596200 0.074822 0.007126
0.608076 0.074822 0.005938
0.616390 0.074822 0.005938
0.627078 0.074822 0.007126
0.636580 0.074822 0.007126
0.828979 0.074822 0.008314
0.840855 0.074822 0.005938
0.849169 0.074822 0.008314
0.858670 0.074822 0.008314
0.869359 0.074822 0.008314
0.503563 0.076010 0.007126
0.532067 0.076010 0.005938
0.548694 0.076010 0.011876
0.567696 0.076010 0.007126
0.584323 0.076010 0.008314
0.400238 0.077197 0.007126
0.427553 0.077197 0.008314
0.479810 0.077197 0.007126
0.491686 0.077197 0.005938
0.520190 0.077197 0.009501
0.541568 0.077197 0.011876
0.558195 0.077197 0.005938
0.262470 0.078385 0.005938
0.271971 0.078385 0.004751
0.280285 0.078385 0.005938
0.318290 0.078385 0.007126
0.340855 0.078385 0.008314
0.381235 0.078385 0.005938
0.390736 0.078385 0.005938
0.415677 0.078385 0.008314
0.435867 0.078385 0.004751
0.442993 0.078385 0.004751
0.451306 0.078385 0.007126
0.461995 0.078385 0.005938
0.470309 0.078385 0.005938
0.217340 0.079572 0.007126
0.228029 0.079572 0.008314
0.244656 0.079572 0.010689
0.254157 0.079572 0.007126
0.290974 0.079572 0.008314
0.306413 0.079572 0.007126
0.328979 0.079572 0.007126
0.355107 0.079572 0.005938
0.363420 0.079572 0.007126
0.372922 0.079572 0.005938
0.203088 0.080760 0.008314
0.173397 0.081948 0.008314
0.184086 0.081948 0.004751
0.193587 0.081948 0.008314
0.154394 0.083135 0.004751
0.161520 0.083135 0.008314
0.144893 0.084323 0.007126
0.134204 0.085511 0.008314
0.682898 0.086698 0.005938
0.628266 0.087886 0.005938
0.638955 0.087886 0.007126
0.656770 0.087886 0.007126
0.665083 0.087886 0.007126
0.674584 0.087886 0.005938
0.693587 0.087886 0.004751
0.703088 0.087886 0.007126
0.730404 0.087886 0.004751
0.737530 0.087886 0.008314
0.749406 0.087886 0.005938
0.775534 0.087886 0.007126
0.786223 0.087886 0.004751
0.793349 0.087886 0.004751
0.802850 0.087886 0.007126
0.882423 0.087886 0.008314
0.122328 0.089074 0.008314
0.564133 0.089074 0.005938
0.573634 0.089074 0.004751
0.581948 0.089074 0.005938
0.592637 0.089074 0.007126
0.603325 0.089074 0.005938
0.615202 0.089074 0.007126
0.713777 0.089074 0.005938
0.723278 0.089074 0.005938
0.761283 0.089074 0.008314
0.814727 0.089074 0.005938
0.825416 0.089074 0.005938
0.834917 0.089074 0.005938
0.843230 0.089074 0.005938
0.852732 0.089074 0.005938
0.862233 0.089074 0.005938
0.870546 0.089074 0.005938
0.488124 0.090261 0.007126
0.517815 0.090261 0.007126
0.528504 0.090261 0.007126
0.542755 0.090261 0.007126
0.553444 0.090261 0.005938
0.406176 0.091449 0.008314
0.419240 0.091449 0.007126
0.429929 0.091449 0.007126
0.442993 0.091449 0.008314
0.456057 0.091449 0.007126
0.469121 0.091449 0.005938
0.478622 0.091449 0.005938
0.495249 0.091449 0.007126
0.258907 0.092637 0.005938
0.286223 0.092637 0.005938
0.323040 0.092637 0.005938
0.336105 0.092637 0.007126
0.359857 0.092637 0.008314
0.384798 0.092637 0.007126
0.507126 0.092637 0.008314
0.268409 0.093824 0.005938
0.276722 0.093824 0.007126
0.347981 0.093824 0.005938
0.372922 0.093824 0.007126
0.205463 0.095012 0.004751
0.212589 0.095012 0.008314
0.224466 0.095012 0.007126
0.235154 0.095012 0.008314
0.249406 0.095012 0.007126
0.302850 0.095012 0.005938
0.311164 0.095012 0.008314
0.156770 0.097387 0.005938
0.173397 0.097387 0.005938
0.184086 0.097387 0.007126
0.194774 0.097387 0.007126
0.146081 0.098575 0.005938
0.165083 0.098575 0.005938
0.667458 0.099762 0.005938
0.679335 0.099762 0.008314
0.878860 0.099762 0.004751
0.136580 0.100950 0.005938
0.647268 0.100950 0.007126
0.656770 0.100950 0.005938
0.736342 0.100950 0.008314
0.862233 0.100950 0.004751
0.887173 0.100950 0.004751
0.634204 0.102138 0.008314
0.687648 0.102138 0.010689
0.701900 0.102138 0.007126
0.713777 0.102138 0.007126
0.724466 0.102138 0.007126
0.749406 0.102138 0.008314
0.767221 0.102138 0.004751
0.774347 0.102138 0.004751
0.815914 0.102138 0.005938
0.827791 0.102138 0.004751
0.834917 0.102138 0.004751
0.842043 0.102138 0.005938
0.852732 0.102138 0.005938
0.868171 0.102138 0.007126
0.118765 0.103325 0.007126
0.127078 0.103325 0.005938
0.577197 0.103325 0.008314
0.591449 0.103325 0.008314
0.604513 0.103325 0.007126
0.616390 0.103325 0.008314
0.786223 0.103325 0.008314
0.796912 0.103325 0.005938
0.806413 0.103325 0.004751
0.534442 0.104513 0.007126
0.545131 0.104513 0.005938
0.554632 0.104513 0.007126
0.418052 0.105701 0.008314
0.429929 0.105701 0.007126
0.441805 0.105701 0.007126
0.461995 0.105701 0.007126
0.472684 0.105701 0.007126
0.494062 0.105701 0.008314
0.505938 0.105701 0.005938
0.515439 0.105701 0.005938
0.524941 0.105701 0.004751
0.566508 0.105701 0.007126
0.255344 0.106888 0.004751
0.331354 0.106888 0.008314
0.345606 0.106888 0.007126
0.378860 0.106888 0.005938
0.404988 0.106888 0.005938
0.452494 0.106888 0.005938
0.485748 0.106888 0.008314
0.238717 0.108076 0.005938
0.248219 0.108076 0.008314
0.298100 0.108076 0.005938
0.321853 0.108076 0.005938
0.356295 0.108076 0.007126
0.368171 0.108076 0.008314
0.391924 0.108076 0.008314
0.192399 0.109264 0.007126
0.204276 0.109264 0.005938
0.212589 0.109264 0.005938
0.262470 0.109264 0.005938
0.274347 0.109264 0.007126
0.286223 0.109264 0.007126
0.172209 0.110451 0.005938
0.184086 0.110451 0.005938
0.162708 0.112827 0.007126
0.877672 0.112827 0.007126
0.888361 0.112827 0.007126
0.143705 0.114014 0.007126
0.150831 0.114014 0.007126
0.856295 0.114014 0.004751
0.864608 0.114014 0.005938
0.134204 0.115202 0.005938
0.807601 0.115202 0.005938
0.826603 0.115202 0.007126
0.837292 0.115202 0.005938
0.847981 0.115202 0.005938
0.119952 0.116390 0.008314
0.635392 0.116390 0.005938
0.644893 0.116390 0.005938
0.653207 0.116390 0.005938
0.707838 0.116390 0.008314
0.719715 0.116390 0.008314
0.739905 0.116390 0.004751
0.748219 0.116390 0.008314
0.758907 0.116390 0.004751
0.771971 0.116390 0.004751
0.779097 0.116390 0.004751
0.798100 0.116390 0.005938
0.817102 0.116390 0.005938
0.574822 0.117577 0.008314
0.589074 0.117577 0.007126
0.599762 0.117577 0.007126
0.610451 0.117577 0.005938
0.622328 0.117577 0.007126
0.661520 0.117577 0.010689
0.731591 0.117577 0.008314
0.787411 0.117577 0.008314
0.552257 0.118765 0.008314
0.562945 0.118765 0.005938
0.431116 0.119952 0.004751
0.492874 0.119952 0.005938
0.515439 0.119952 0.008314
0.527316 0.119952 0.007126
0.538005 0.119952 0.005938
0.280285 0.121140 0.005938
0.389549 0.121140 0.007126
0.399050 0.121140 0.005938
0.408551 0.121140 0.005938
0.422803 0.121140 0.008314
0.440618 0.121140 0.008314
0.452494 0.121140 0.007126
0.463183 0.121140 0.005938
0.472684 0.121140 0.005938
0.483373 0.121140 0.005938
0.503563 0.121140 0.008314
0.237530 0.122328 0.005938
0.245843 0.122328 0.004751
0.254157 0.122328 0.005938
0.264846 0.122328 0.004751
0.273159 0.122328 0.004751
0.340855 0.122328 0.007126
0.377672 0.122328 0.008314
0.900238 0.122328 0.009501
0.181710 0.123515 0.004751
0.191211 0.123515 0.007126
0.203088 0.123515 0.008314
0.216152 0.123515 0.008314
0.228029 0.123515 0.007126
0.356295 0.123515 0.005938
0.365796 0.123515 0.007126
0.171021 0.124703 0.005938
0.161520 0.127078 0.005938
0.871734 0.127078 0.008314
0.884798 0.127078 0.008314
0.142518 0.128266 0.005938
0.150831 0.128266 0.005938
0.850356 0.128266 0.007126
0.861045 0.128266 0.005938
0.133017 0.129454 0.005938
0.838480 0.129454 0.007126
0.118765 0.130641 0.008314
0.638955 0.130641 0.008314
0.649644 0.130641 0.007126
0.725653 0.130641 0.008314
0.733967 0.130641 0.005938
0.811164 0.130641 0.009501
0.818290 0.130641 0.004751
0.827791 0.130641 0.007126
0.590261 0.131829 0.005938
0.599762 0.131829 0.005938
0.625891 0.131829 0.008314
0.659145 0.131829 0.007126
0.711401 0.131829 0.008314
0.744656 0.131829 0.005938
0.755344 0.131829 0.008314
0.767221 0.131829 0.008314
0.781473 0.131829 0.007126
0.796912 0.131829 0.009501
0.568884 0.133017 0.007126
0.580760 0.133017 0.008314
0.615202 0.133017 0.010689
0.497625 0.134204 0.007126
0.545131 0.134204 0.005938
0.553444 0.134204 0.010689
0.475059 0.135392 0.008314
0.485748 0.135392 0.007126
0.509501 0.135392 0.008314
0.524941 0.135392 0.008314
0.535629 0.135392 0.007126
0.249406 0.136580 0.008314
0.260095 0.136580 0.007126
0.273159 0.136580 0.007126
0.399050 0.136580 0.008314
0.413302 0.136580 0.008314
0.425178 0.136580 0.008314
0.438242 0.136580 0.008314
0.451306 0.136580 0.008314
0.463183 0.136580 0.008314
0.224466 0.137767 0.008314
0.237530 0.137767 0.009501
0.361045 0.137767 0.007126
0.375297 0.137767 0.008314
0.387173 0.137767 0.007126
0.201900 0.138955 0.007126
0.214964 0.138955 0.005938
0.163895 0.140143 0.007126
0.174584 0.140143 0.005938
0.186461 0.140143 0.008314
0.128266 0.142518 0.005938
0.149644 0.142518 0.008314
0.876485 0.142518 0.007126
0.884798 0.142518 0.004751
0.891924 0.142518 0.010689
0.117577 0.143705 0.007126
0.137767 0.143705 0.005938
0.866983 0.143705 0.008314
0.843230 0.144893 0.007126
0.852732 0.144893 0.007126
0.640143 0.146081 0.008314
0.739905 0.146081 0.008314
0.807601 0.146081 0.004751
0.814727 0.146081 0.004751
0.830166 0.146081 0.007126
0.592637 0.147268 0.008314
0.628266 0.147268 0.005938
0.646081 0.147268 0.008314
0.656770 0.147268 0.007126
0.729216 0.147268 0.008314
0.750594 0.147268 0.005938
0.758907 0.147268 0.007126
0.770784 0.147268 0.007126
0.780285 0.147268 0.007126
0.790974 0.147268 0.005938
0.799287 0.147268 0.004751
0.564133 0.148456 0.008314
0.573634 0.148456 0.007126
0.584323 0.148456 0.005938
0.606888 0.148456 0.008314
0.618765 0.148456 0.008314
0.717340 0.148456 0.008314
0.524941 0.149644 0.004751
0.533254 0.149644 0.004751
0.549881 0.149644 0.007126
0.268409 0.150831 0.008314
0.514252 0.150831 0.007126
0.252969 0.152019 0.008314
0.282660 0.152019 0.007126
0.216152 0.153207 0.007126
0.237530 0.153207 0.008314
0.437055 0.153207 0.008314
0.463183 0.153207 0.007126
0.476247 0.153207 0.008314
0.488124 0.153207 0.008314
0.501188 0.153207 0.008314
0.205463 0.154394 0.004751
0.226841 0.154394 0.005938
0.332542 0.154394 0.004751
0.357482 0.154394 0.008314
0.407363 0.154394 0.008314
0.416865 0.154394 0.008314
0.450119 0.154394 0.008314
0.187648 0.155582 0.008314
0.197150 0.155582 0.005938
0.347981 0.155582 0.005938
0.371734 0.155582 0.007126
0.166271 0.156770 0.008314
0.175772 0.156770 0.005938
0.127078 0.157957 0.007126
0.136580 0.157957 0.007126
0.148456 0.157957 0.008314
0.156770 0.157957 0.005938
0.875297 0.157957 0.008314
0.885986 0.157957 0.008314
0.117577 0.159145 0.005938
0.861045 0.159145 0.004751
0.866983 0.159145 0.010689
0.823040 0.160333 0.008314
0.832542 0.160333 0.005938
0.842043 0.160333 0.004751
0.812352 0.161520 0.008314
0.850356 0.161520 0.008314
0.777910 0.162708 0.005938
0.787411 0.162708 0.004751
0.796912 0.162708 0.008314
0.585511 0.163895 0.008314
0.599762 0.163895 0.007126
0.615202 0.163895 0.008314
0.625891 0.163895 0.008314
0.749406 0.163895 0.008314
0.766033 0.163895 0.008314
0.561758 0.165083 0.008314
0.574822 0.165083 0.008314
0.633017 0.165083 0.011876
0.738717 0.165083 0.007126
0.529691 0.166271 0.008314
0.546318 0.166271 0.009501
0.642518 0.166271 0.007126
0.717340 0.166271 0.010689
0.728029 0.166271 0.008314
0.516627 0.167458 0.008314
0.358670 0.168646 0.007126
0.368171 0.168646 0.007126
0.381235 0.168646 0.008314
0.461995 0.168646 0.005938
0.503563 0.168646 0.008314
0.248219 0.169834 0.008314
0.268409 0.169834 0.008314
0.280285 0.169834 0.008314
0.349169 0.169834 0.007126
0.387173 0.169834 0.007126
0.397862 0.169834 0.005938
0.431116 0.169834 0.008314
0.451306 0.169834 0.008314
0.471496 0.169834 0.007126
0.482185 0.169834 0.008314
0.492874 0.169834 0.007126
0.201900 0.171021 0.007126
0.223278 0.171021 0.005938
0.231591 0.171021 0.011876
0.256532 0.171021 0.007126
0.336105 0.171021 0.008314
0.408551 0.171021 0.005938
0.418052 0.171021 0.005938
0.440618 0.171021 0.005938
0.890736 0.171021 0.008314
0.191211 0.172209 0.008314
0.212589 0.172209 0.008314
0.178147 0.173397 0.008314
0.136580 0.174584 0.008314
0.149644 0.174584 0.007126
0.115202 0.175772 0.008314
0.125891 0.175772 0.007126
0.160333 0.175772 0.005938
0.872922 0.175772 0.008314
0.840855 0.176960 0.007126
0.863420 0.176960 0.005938
0.782660 0.178147 0.009501
0.793349 0.178147 0.004751
0.828979 0.178147 0.008314
0.852732 0.178147 0.007126
0.650831 0.179335 0.007126
0.660333 0.179335 0.013064
0.747031 0.179335 0.007126
0.757720 0.179335 0.005938
0.767221 0.179335 0.007126
0.802850 0.179335 0.008314
0.815914 0.179335 0.005938
0.593824 0.180523 0.008314
0.637767 0.180523 0.008314
0.668646 0.180523 0.005938
0.706651 0.180523 0.009501
0.719715 0.180523 0.005938
0.737530 0.180523 0.004751
0.562945 0.181710 0.007126
0.623515 0.181710 0.008314
0.729216 0.181710 0.005938
0.500000 0.182898 0.007126
0.539192 0.182898 0.008314
0.552257 0.182898 0.007126
0.573634 0.182898 0.007126
0.581948 0.182898 0.007126
0.610451 0.182898 0.008314
0.384798 0.184086 0.005938
0.394299 0.184086 0.007126
0.425178 0.184086 0.008314
0.438242 0.184086 0.007126
0.463183 0.184086 0.007126
0.475059 0.184086 0.007126
0.490499 0.184086 0.007126
0.510689 0.184086 0.007126
0.521378 0.184086 0.005938
0.529691 0.184086 0.007126
0.339667 0.185273 0.008314
0.347981 0.185273 0.005938
0.357482 0.185273 0.005938
0.366983 0.185273 0.007126
0.376485 0.185273 0.005938
0.407363 0.185273 0.008314
0.416865 0.185273 0.005938
0.450119 0.185273 0.007126
0.890736 0.186461 0.010689
0.883610 0.187648 0.004751
0.277910 0.188836 0.005938
0.876485 0.188836 0.004751
0.861045 0.190024 0.005938
0.870546 0.190024 0.004751
0.156770 0.191211 0.007126
0.169834 0.191211 0.007126
0.222090 0.191211 0.005938
0.851544 0.191211 0.004751
0.231591 0.192399 0.008314
0.758907 0.192399 0.008314
0.831354 0.192399 0.004751
0.843230 0.192399 0.008314
0.138955 0.193587 0.004751
0.147268 0.193587 0.008314
0.719715 0.193587 0.008314
0.769596 0.193587 0.005938
0.789786 0.193587 0.004751
0.799287 0.193587 0.005938
0.811164 0.193587 0.005938
0.821853 0.193587 0.007126
0.116390 0.194774 0.010689
0.129454 0.194774 0.005938
0.629454 0.194774 0.008314
0.698337 0.194774 0.010689
0.728029 0.194774 0.005938
0.736342 0.194774 0.004751
0.780285 0.194774 0.007126
0.642518 0.195962 0.004751
0.674584 0.195962 0.004751
0.681710 0.195962 0.008314
0.706651 0.195962 0.005938
0.745843 0.195962 0.005938
0.549881 0.197150 0.008314
0.559382 0.197150 0.007126
0.580760 0.197150 0.004751
0.590261 0.197150 0.005938
0.599762 0.197150 0.007126
0.617577 0.197150 0.009501
0.652019 0.197150 0.007126
0.663895 0.197150 0.007126
0.542755 0.198337 0.004751
0.571259 0.198337 0.005938
0.611639 0.198337 0.010689
0.381235 0.199525 0.007126
0.390736 0.199525 0.008314
0.406176 0.199525 0.008314
0.426366 0.199525 0.005938
0.434679 0.199525 0.005938
0.466746 0.199525 0.009501
0.483373 0.199525 0.005938
0.491686 0.199525 0.008314
0.503563 0.199525 0.007126
0.514252 0.199525 0.005938
0.523753 0.199525 0.007126
0.534442 0.199525 0.004751
0.887173 0.199525 0.004751
0.366983 0.200713 0.005938
0.448931 0.200713 0.008314
0.314727 0.201900 0.007126
0.334917 0.201900 0.007126
0.349169 0.201900 0.007126
0.357482 0.201900 0.004751
0.862233 0.201900 0.007126
0.871734 0.201900 0.004751
0.324228 0.203088 0.007126
0.414489 0.203088 0.007126
0.261283 0.204276 0.005938
0.269596 0.204276 0.005938
0.281473 0.204276 0.007126
0.290974 0.204276 0.004751
0.214964 0.205463 0.007126
0.224466 0.205463 0.005938
0.235154 0.205463 0.008314
0.242280 0.205463 0.004751
0.820665 0.205463 0.005938
0.830166 0.205463 0.004751
0.840855 0.205463 0.007126
0.849169 0.205463 0.005938
0.180523 0.206651 0.005938
0.190024 0.206651 0.005938
0.788599 0.206651 0.005938
0.801663 0.206651 0.008314
0.809976 0.206651 0.008314
0.163895 0.207838 0.008314
0.201900 0.207838 0.007126
0.719715 0.207838 0.005938
0.728029 0.207838 0.004751
0.736342 0.207838 0.005938
0.749406 0.207838 0.008314
0.760095 0.207838 0.005938
0.768409 0.207838 0.007126
0.779097 0.207838 0.004751
0.116390 0.209026 0.005938
0.129454 0.209026 0.008314
0.141330 0.209026 0.007126
0.153207 0.209026 0.007126
0.681710 0.209026 0.004751
0.695962 0.209026 0.005938
0.705463 0.209026 0.008314
0.644893 0.210214 0.005938
0.654394 0.210214 0.004751
0.674584 0.210214 0.004751
0.522565 0.211401 0.007126
0.533254 0.211401 0.005938
0.573634 0.211401 0.007126
0.585511 0.211401 0.008314
0.599762 0.211401 0.008314
0.628266 0.211401 0.008314
0.666271 0.211401 0.008314
0.437055 0.212589 0.007126
0.446556 0.212589 0.004751
0.453682 0.212589 0.004751
0.466746 0.212589 0.008314
0.473872 0.212589 0.005938
0.484561 0.212589 0.007126
0.511876 0.212589 0.005938
0.617577 0.212589 0.007126
0.340855 0.213777 0.005938
0.350356 0.213777 0.008314
0.374109 0.213777 0.008314
0.382423 0.213777 0.005938
0.391924 0.213777 0.005938
0.402613 0.213777 0.008314
0.425178 0.213777 0.005938
0.500000 0.213777 0.008314
0.547506 0.213777 0.008314
0.558195 0.213777 0.008314
0.883610 0.213777 0.004751
0.893112 0.213777 0.005938
0.281473 0.214964 0.007126
0.364608 0.214964 0.007126
0.414489 0.214964 0.004751
0.305226 0.216152 0.009501
0.320665 0.217340 0.005938
0.875297 0.217340 0.008314
0.186461 0.218527 0.007126
0.214964 0.218527 0.008314
0.144893 0.219715 0.004751
0.174584 0.219715 0.007126
0.198337 0.219715 0.007126
0.230404 0.219715 0.007126
0.255344 0.219715 0.007126
0.264846 0.219715 0.005938
0.819477 0.219715 0.008314
0.828979 0.219715 0.008314
0.837292 0.219715 0.004751
0.845606 0.219715 0.004751
0.853919 0.219715 0.004751
0.116390 0.220903 0.004751
0.123515 0.220903 0.004751
0.134204 0.220903 0.005938
0.242280 0.220903 0.007126
0.789786 0.220903 0.007126
0.798100 0.220903 0.004751
0.806413 0.220903 0.005938
0.861045 0.220903 0.010689
0.157957 0.222090 0.008314
0.779097 0.222090 0.008314
0.730404 0.223278 0.005938
0.743468 0.223278 0.008314
0.756532 0.223278 0.009501
0.769596 0.223278 0.007126
0.713777 0.224466 0.005938
0.447743 0.225653 0.007126
0.593824 0.225653 0.005938
0.638955 0.225653 0.008314
0.705463 0.225653 0.010689
0.423990 0.226841 0.007126
0.435867 0.226841 0.007126
0.542755 0.226841 0.007126
0.574822 0.226841 0.005938
0.583135 0.226841 0.004751
0.603325 0.226841 0.008314
0.615202 0.226841 0.008314
0.628266 0.226841 0.007126
0.649644 0.226841 0.008314
0.659145 0.226841 0.011876
0.667458 0.226841 0.004751
0.676960 0.226841 0.008314
0.686461 0.226841 0.014252
0.413302 0.228029 0.007126
0.458432 0.228029 0.007126
0.486936 0.228029 0.007126
0.496437 0.228029 0.007126
0.520190 0.228029 0.008314
0.553444 0.228029 0.007126
0.564133 0.228029 0.007126
0.213777 0.229216 0.008314
0.224466 0.229216 0.005938
0.387173 0.229216 0.004751
0.397862 0.229216 0.008314
0.467933 0.229216 0.007126
0.476247 0.229216 0.004751
0.509501 0.229216 0.008314
0.533254 0.229216 0.008314
0.137767 0.230404 0.004751
0.144893 0.230404 0.008314
0.156770 0.230404 0.007126
0.191211 0.230404 0.005938
0.369359 0.230404 0.007126
0.378860 0.230404 0.005938
0.115202 0.231591 0.008314
0.127078 0.231591 0.008314
0.168646 0.231591 0.005938
0.178147 0.231591 0.007126
0.200713 0.231591 0.008314
0.233967 0.231591 0.005938
0.243468 0.231591 0.004751
0.263658 0.231591 0.005938
0.274347 0.231591 0.008314
