0.637767 0.073634 0.008314
0.647268 0.073634 0.008314
0.676960 0.073634 0.004751
0.686461 0.073634 0.008314
0.700713 0.073634 0.004751
0.555819 0.074822 0.010689
0.579572 0.074822 0.007126
0.599762 0.074822 0.005938
0.609264 0.074822 0.005938
0.617577 0.074822 0.004751
0.625891 0.074822 0.005938
0.661520 0.074822 0.005938
0.669834 0.074822 0.004751
0.692399 0.074822 0.004751
0.711401 0.074822 0.007126
0.723278 0.074822 0.007126
0.747031 0.074822 0.007126
0.761283 0.074822 0.008314
0.839667 0.074822 0.008314
0.523753 0.076010 0.008314
0.538005 0.076010 0.008314
0.547506 0.076010 0.008314
0.570071 0.076010 0.005938
0.590261 0.076010 0.005938
0.735154 0.076010 0.008314
0.773159 0.076010 0.008314
0.786223 0.076010 0.005938
0.794537 0.076010 0.011876
0.811164 0.076010 0.005938
0.819477 0.076010 0.004751
0.828979 0.076010 0.005938
0.849169 0.076010 0.005938
0.857482 0.076010 0.004751
0.864608 0.076010 0.010689
0.874109 0.076010 0.005938
0.496437 0.077197 0.007126
0.505938 0.077197 0.004751
0.514252 0.077197 0.005938
0.476247 0.078385 0.004751
0.485748 0.078385 0.007126
0.399050 0.079572 0.005938
0.407363 0.079572 0.005938
0.442993 0.079572 0.005938
0.453682 0.079572 0.007126
0.464371 0.079572 0.008314
0.369359 0.080760 0.007126
0.382423 0.080760 0.011876
0.389549 0.080760 0.005938
0.415677 0.080760 0.005938
0.425178 0.080760 0.007126
0.434679 0.080760 0.005938
0.359857 0.081948 0.005938
0.339667 0.083135 0.013064
0.349169 0.083135 0.005938
0.257720 0.084323 0.008314
0.268409 0.084323 0.007126
0.277910 0.084323 0.007126
0.288599 0.084323 0.007126
0.298100 0.084323 0.005938
0.307601 0.084323 0.008314
0.320665 0.084323 0.007126
0.332542 0.084323 0.005938
0.231591 0.085511 0.008314
0.244656 0.085511 0.007126
0.192399 0.086698 0.008314
0.213777 0.086698 0.008314
0.203088 0.087886 0.005938
0.621140 0.087886 0.004751
0.631829 0.087886 0.008314
0.668646 0.087886 0.007126
0.678147 0.087886 0.007126
0.688836 0.087886 0.005938
0.698337 0.087886 0.005938
0.178147 0.089074 0.005938
0.600950 0.089074 0.005938
0.612827 0.089074 0.008314
0.638955 0.089074 0.010689
0.656770 0.089074 0.007126
0.707838 0.089074 0.005938
0.716152 0.089074 0.005938
0.748219 0.089074 0.005938
0.757720 0.089074 0.004751
0.874109 0.089074 0.008314
0.147268 0.090261 0.005938
0.167458 0.090261 0.005938
0.570071 0.090261 0.004751
0.578385 0.090261 0.005938
0.590261 0.090261 0.007126
0.729216 0.090261 0.008314
0.738717 0.090261 0.005938
0.766033 0.090261 0.005938
0.776722 0.090261 0.004751
0.783848 0.090261 0.004751
0.792162 0.090261 0.004751
0.839667 0.090261 0.005938
0.849169 0.090261 0.005938
0.858670 0.090261 0.005938
0.866983 0.090261 0.005938
0.157957 0.091449 0.007126
0.517815 0.091449 0.008314
0.528504 0.091449 0.007126
0.538005 0.091449 0.004751
0.549881 0.091449 0.007126
0.558195 0.091449 0.004751
0.799287 0.091449 0.010689
0.818290 0.091449 0.009501
0.831354 0.091449 0.011876
0.138955 0.092637 0.005938
0.496437 0.092637 0.004751
0.505938 0.092637 0.007126
0.129454 0.093824 0.005938
0.473872 0.093824 0.008314
0.486936 0.093824 0.008314
0.119952 0.095012 0.005938
0.403800 0.095012 0.008314
0.461995 0.095012 0.008314
0.362233 0.096200 0.005938
0.371734 0.096200 0.005938
0.381235 0.096200 0.005938
0.414489 0.096200 0.005938
0.426366 0.096200 0.008314
0.438242 0.096200 0.008314
0.451306 0.096200 0.007126
0.314727 0.097387 0.005938
0.325416 0.097387 0.005938
0.334917 0.097387 0.004751
0.345606 0.097387 0.007126
0.355107 0.097387 0.005938
0.391924 0.097387 0.007126
0.306413 0.098575 0.004751
0.269596 0.099762 0.005938
0.276722 0.099762 0.007126
0.287411 0.099762 0.007126
0.248219 0.100950 0.004751
0.260095 0.100950 0.004751
0.296912 0.100950 0.008314
0.195962 0.102138 0.008314
0.225653 0.102138 0.010689
0.238717 0.102138 0.007126
0.179335 0.103325 0.005938
0.187648 0.103325 0.004751
0.210214 0.103325 0.008314
0.635392 0.103325 0.010689
0.648456 0.103325 0.004751
0.671021 0.103325 0.007126
0.698337 0.103325 0.005938
0.875297 0.103325 0.008314
0.167458 0.104513 0.007126
0.585511 0.104513 0.007126
0.600950 0.104513 0.008314
0.610451 0.104513 0.005938
0.618765 0.104513 0.005938
0.628266 0.104513 0.004751
0.680523 0.104513 0.005938
0.690024 0.104513 0.004751
0.707838 0.104513 0.005938
0.742280 0.104513 0.011876
0.751781 0.104513 0.004751
0.760095 0.104513 0.005938
0.863420 0.104513 0.008314
0.148456 0.105701 0.005938
0.156770 0.105701 0.007126
0.533254 0.105701 0.008314
0.552257 0.105701 0.004751
0.561758 0.105701 0.005938
0.568884 0.105701 0.004751
0.576010 0.105701 0.008314
0.717340 0.105701 0.004751
0.725653 0.105701 0.005938
0.735154 0.105701 0.004751
0.770784 0.105701 0.007126
0.782660 0.105701 0.007126
0.792162 0.105701 0.004751
0.809976 0.105701 0.004751
0.119952 0.106888 0.008314
0.129454 0.106888 0.005938
0.138955 0.106888 0.005938
0.511876 0.106888 0.008314
0.521378 0.106888 0.007126
0.543943 0.106888 0.007126
0.800475 0.106888 0.008314
0.817102 0.106888 0.008314
0.827791 0.106888 0.004751
0.845606 0.106888 0.010689
0.851544 0.106888 0.008314
0.501188 0.108076 0.005938
0.480998 0.109264 0.008314
0.491686 0.109264 0.007126
0.346793 0.110451 0.007126
0.467933 0.110451 0.008314
0.358670 0.111639 0.007126
0.369359 0.111639 0.004751
0.380048 0.111639 0.007126
0.388361 0.111639 0.005938
0.397862 0.111639 0.005938
0.404988 0.111639 0.004751
0.423990 0.111639 0.008314
0.460808 0.111639 0.004751
0.311164 0.112827 0.008314
0.435867 0.112827 0.007126
0.450119 0.112827 0.007126
0.287411 0.114014 0.007126
0.299287 0.114014 0.007126
0.333729 0.114014 0.008314
0.254157 0.115202 0.008314
0.263658 0.115202 0.005938
0.276722 0.115202 0.008314
0.219715 0.116390 0.005938
0.245843 0.116390 0.004751
0.211401 0.117577 0.005938
0.229216 0.117577 0.004751
0.236342 0.117577 0.008314
0.154394 0.118765 0.007126
0.165083 0.118765 0.004751
0.178147 0.118765 0.008314
0.188836 0.118765 0.005938
0.200713 0.118765 0.007126
0.134204 0.119952 0.004751
0.143705 0.119952 0.005938
0.612827 0.119952 0.005938
0.623515 0.119952 0.007126
0.631829 0.119952 0.004751
0.657957 0.119952 0.008314
0.125891 0.121140 0.005938
0.580760 0.121140 0.005938
0.592637 0.121140 0.007126
0.602138 0.121140 0.005938
0.637767 0.121140 0.009501
0.649644 0.121140 0.008314
0.667458 0.121140 0.008314
0.705463 0.121140 0.007126
0.718527 0.121140 0.008314
0.792162 0.121140 0.005938
0.820665 0.121140 0.007126
0.830166 0.121140 0.008314
0.856295 0.121140 0.008314
0.530879 0.122328 0.004751
0.561758 0.122328 0.004751
0.570071 0.122328 0.008314
0.729216 0.122328 0.005938
0.738717 0.122328 0.004751
0.748219 0.122328 0.007126
0.785036 0.122328 0.007126
0.801663 0.122328 0.004751
0.809976 0.122328 0.008314
0.847981 0.122328 0.007126
0.871734 0.122328 0.010689
0.881235 0.122328 0.005938
0.116390 0.123515 0.005938
0.538005 0.123515 0.004751
0.545131 0.123515 0.004751
0.554632 0.123515 0.004751
0.774347 0.123515 0.007126
0.837292 0.123515 0.008314
0.502375 0.124703 0.007126
0.515439 0.124703 0.008314
0.376485 0.125891 0.007126
0.403800 0.125891 0.005938
0.426366 0.125891 0.007126
0.435867 0.125891 0.004751
0.452494 0.125891 0.004751
0.459620 0.125891 0.004751
0.473872 0.125891 0.008314
0.485748 0.125891 0.005938
0.494062 0.125891 0.005938
0.763658 0.125891 0.008314
0.385986 0.127078 0.004751
0.393112 0.127078 0.010689
0.414489 0.127078 0.007126
0.442993 0.127078 0.010689
0.350356 0.128266 0.004751
0.333729 0.129454 0.007126
0.342043 0.129454 0.005938
0.357482 0.129454 0.010689
0.275534 0.130641 0.005938
0.283848 0.130641 0.004751
0.203088 0.131829 0.005938
0.233967 0.131829 0.007126
0.256532 0.131829 0.007126
0.264846 0.131829 0.004751
0.178147 0.133017 0.004751
0.188836 0.133017 0.008314
0.213777 0.133017 0.008314
0.220903 0.133017 0.008314
0.244656 0.133017 0.008314
0.162708 0.134204 0.004751
0.136580 0.135392 0.004751
0.144893 0.135392 0.004751
0.154394 0.135392 0.005938
0.169834 0.135392 0.005938
0.116390 0.136580 0.007126
0.127078 0.136580 0.008314
0.629454 0.136580 0.008314
0.640143 0.136580 0.005938
0.648456 0.136580 0.004751
0.750594 0.136580 0.007126
0.760095 0.136580 0.004751
0.820665 0.136580 0.007126
0.832542 0.136580 0.007126
0.847981 0.136580 0.008314
0.856295 0.136580 0.005938
0.533254 0.137767 0.008314
0.547506 0.137767 0.009501
0.561758 0.137767 0.007126
0.570071 0.137767 0.004751
0.590261 0.137767 0.007126
0.603325 0.137767 0.008314
0.616390 0.137767 0.008314
0.657957 0.137767 0.008314
0.711401 0.137767 0.008314
0.724466 0.137767 0.005938
0.787411 0.137767 0.008314
0.799287 0.137767 0.005938
0.865796 0.137767 0.005938
0.874109 0.137767 0.004751
0.880048 0.137767 0.008314
0.457245 0.138955 0.004751
0.501188 0.138955 0.007126
0.513064 0.138955 0.005938
0.522565 0.138955 0.007126
0.579572 0.138955 0.008314
0.738717 0.138955 0.009501
0.768409 0.138955 0.008314
0.777910 0.138955 0.005938
0.808789 0.138955 0.007126
0.395487 0.140143 0.004751
0.447743 0.140143 0.005938
0.472684 0.140143 0.007126
0.483373 0.140143 0.007126
0.492874 0.140143 0.004751
0.357482 0.141330 0.004751
0.365796 0.141330 0.004751
0.385986 0.141330 0.008314
0.416865 0.141330 0.007126
0.428741 0.141330 0.005938
0.438242 0.141330 0.008314
0.336105 0.142518 0.005938
0.345606 0.142518 0.009501
0.406176 0.142518 0.008314
0.244656 0.146081 0.004751
0.254157 0.146081 0.005938
0.264846 0.146081 0.005938
0.273159 0.146081 0.013064
0.185273 0.147268 0.005938
0.195962 0.147268 0.007126
0.205463 0.147268 0.008314
0.216152 0.147268 0.005938
0.226841 0.147268 0.005938
0.235154 0.147268 0.005938
0.174584 0.148456 0.007126
0.156770 0.149644 0.005938
0.166271 0.149644 0.004751
0.881235 0.150831 0.007126
0.146081 0.152019 0.007126
0.798100 0.152019 0.008314
0.805226 0.152019 0.005938
0.855107 0.152019 0.007126
0.863420 0.152019 0.004751
0.557007 0.153207 0.004751
0.591449 0.153207 0.004751
0.603325 0.153207 0.007126
0.641330 0.153207 0.004751
0.649644 0.153207 0.010689
0.718527 0.153207 0.004751
0.725653 0.153207 0.004751
0.760095 0.153207 0.008314
0.814727 0.153207 0.004751
0.823040 0.153207 0.008314
0.833729 0.153207 0.007126
0.844418 0.153207 0.007126
0.116390 0.154394 0.005938
0.124703 0.154394 0.004751
0.134204 0.154394 0.008314
0.546318 0.154394 0.008314
0.614014 0.154394 0.005938
0.623515 0.154394 0.004751
0.631829 0.154394 0.005938
0.662708 0.154394 0.009501
0.711401 0.154394 0.009501
0.744656 0.154394 0.011876
0.751781 0.154394 0.004751
0.786223 0.154394 0.005938
0.510689 0.155582 0.007126
0.520190 0.155582 0.005938
0.534442 0.155582 0.008314
0.568884 0.155582 0.008314
0.581948 0.155582 0.007126
0.733967 0.155582 0.007126
0.775534 0.155582 0.008314
0.451306 0.156770 0.007126
0.460808 0.156770 0.005938
0.483373 0.156770 0.004751
0.500000 0.156770 0.004751
0.389549 0.157957 0.007126
0.402613 0.157957 0.008314
0.412114 0.157957 0.004751
0.419240 0.157957 0.004751
0.429929 0.157957 0.008314
0.472684 0.157957 0.008314
0.490499 0.157957 0.011876
0.338480 0.159145 0.010689
0.352732 0.159145 0.008314
0.364608 0.159145 0.007126
0.374109 0.159145 0.011876
0.381235 0.159145 0.004751
0.167458 0.165083 0.008314
0.178147 0.165083 0.005938
0.186461 0.165083 0.004751
0.214964 0.165083 0.004751
0.241093 0.165083 0.007126
0.252969 0.165083 0.008314
0.264846 0.165083 0.008314
0.205463 0.166271 0.005938
0.229216 0.166271 0.010689
0.131829 0.167458 0.005938
0.156770 0.167458 0.005938
0.194774 0.167458 0.007126
0.844418 0.167458 0.004751
0.114014 0.168646 0.007126
0.124703 0.168646 0.010689
0.146081 0.168646 0.008314
0.609264 0.168646 0.010689
0.617577 0.168646 0.005938
0.625891 0.168646 0.004751
0.709026 0.168646 0.013064
0.716152 0.168646 0.005938
0.819477 0.168646 0.008314
0.830166 0.168646 0.005938
0.837292 0.168646 0.004751
0.851544 0.168646 0.007126
0.862233 0.168646 0.007126
0.596200 0.169834 0.008314
0.636580 0.169834 0.008314
0.656770 0.169834 0.008314
0.725653 0.169834 0.004751
0.733967 0.169834 0.005938
0.529691 0.171021 0.007126
0.560570 0.171021 0.007126
0.585511 0.171021 0.007126
0.647268 0.171021 0.007126
0.743468 0.171021 0.005938
0.754157 0.171021 0.007126
0.764846 0.171021 0.008314
0.775534 0.171021 0.005938
0.785036 0.171021 0.008314
0.794537 0.171021 0.007126
0.806413 0.171021 0.008314
0.519002 0.172209 0.007126
0.541568 0.172209 0.008314
0.551069 0.172209 0.005938
0.572447 0.172209 0.008314
0.460808 0.173397 0.004751
0.483373 0.173397 0.008314
0.496437 0.173397 0.005938
0.507126 0.173397 0.005938
0.439430 0.174584 0.007126
0.451306 0.174584 0.007126
0.467933 0.174584 0.010689
0.406176 0.175772 0.005938
0.428741 0.175772 0.005938
0.396675 0.176960 0.005938
0.416865 0.176960 0.008314
0.363420 0.178147 0.005938
0.372922 0.178147 0.004751
0.381235 0.178147 0.004751
0.389549 0.178147 0.004751
0.172209 0.179335 0.010689
0.355107 0.179335 0.005938
0.179335 0.180523 0.004751
0.257720 0.180523 0.008314
0.266033 0.180523 0.005938
0.328979 0.180523 0.011876
0.345606 0.180523 0.005938
0.161520 0.181710 0.007126
0.190024 0.181710 0.007126
0.198337 0.181710 0.004751
0.205463 0.181710 0.004751
0.212589 0.181710 0.005938
0.223278 0.181710 0.007126
0.233967 0.181710 0.005938
0.247031 0.181710 0.008314
0.275534 0.181710 0.004751
0.336105 0.181710 0.004751
0.123515 0.182898 0.004751
0.149644 0.182898 0.008314
0.283848 0.182898 0.004751
0.290974 0.182898 0.010689
0.112827 0.184086 0.007126
0.868171 0.184086 0.007126
0.877672 0.184086 0.007126
0.134204 0.185273 0.008314
0.845606 0.185273 0.008314
0.855107 0.185273 0.010689
0.742280 0.186461 0.004751
0.612827 0.187648 0.007126
0.622328 0.187648 0.008314
0.633017 0.187648 0.005938
0.643705 0.187648 0.008314
0.671021 0.187648 0.008314
0.726841 0.187648 0.011876
0.774347 0.187648 0.008314
0.786223 0.187648 0.010689
0.794537 0.187648 0.004751
0.801663 0.187648 0.004751
0.824228 0.187648 0.008314
0.833729 0.187648 0.005938
0.500000 0.188836 0.010689
0.522565 0.188836 0.004751
0.530879 0.188836 0.007126
0.586698 0.188836 0.005938
0.597387 0.188836 0.008314
0.659145 0.188836 0.008314
0.699525 0.188836 0.008314
0.710214 0.188836 0.007126
0.719715 0.188836 0.004751
0.751781 0.188836 0.008314
0.763658 0.188836 0.005938
0.811164 0.188836 0.008314
0.492874 0.190024 0.004751
0.509501 0.190024 0.010689
0.540380 0.190024 0.007126
0.549881 0.190024 0.005938
0.560570 0.190024 0.007126
0.570071 0.190024 0.004751
0.577197 0.190024 0.011876
0.685273 0.190024 0.009501
0.450119 0.191211 0.011876
0.485748 0.191211 0.008314
0.441805 0.192399 0.004751
0.466746 0.192399 0.005938
0.476247 0.192399 0.005938
0.394299 0.193587 0.005938
0.420428 0.193587 0.008314
0.385986 0.194774 0.005938
0.403800 0.194774 0.007126
0.431116 0.194774 0.007126
0.225653 0.195962 0.005938
0.355107 0.195962 0.007126
0.366983 0.195962 0.008314
0.377672 0.195962 0.008314
0.412114 0.195962 0.005938
0.178147 0.197150 0.005938
0.187648 0.197150 0.005938
0.212589 0.197150 0.008314
0.236342 0.197150 0.008314
0.244656 0.197150 0.008314
0.279097 0.197150 0.008314
0.339667 0.197150 0.004751
0.110451 0.198337 0.007126
0.144893 0.198337 0.007126
0.159145 0.198337 0.008314
0.169834 0.198337 0.008314
0.200713 0.198337 0.008314
0.254157 0.198337 0.008314
0.268409 0.198337 0.005938
0.301663 0.198337 0.005938
0.309976 0.198337 0.005938
0.332542 0.198337 0.004751
0.874109 0.198337 0.007126
0.883610 0.198337 0.008314
0.136580 0.199525 0.008314
0.290974 0.199525 0.008314
0.319477 0.199525 0.007126
0.864608 0.199525 0.004751
0.118765 0.201900 0.011876
0.857482 0.201900 0.004751
0.730404 0.203088 0.013064
0.814727 0.203088 0.007126
0.826603 0.203088 0.004751
0.847981 0.203088 0.008314
0.711401 0.204276 0.008314
0.738717 0.204276 0.008314
0.781473 0.204276 0.007126
0.804038 0.204276 0.007126
0.622328 0.205463 0.007126
0.633017 0.205463 0.008314
0.722090 0.205463 0.005938
0.757720 0.205463 0.007126
0.768409 0.205463 0.007126
0.793349 0.205463 0.007126
0.456057 0.206651 0.011876
0.611639 0.206651 0.008314
0.642518 0.206651 0.005938
0.652019 0.206651 0.007126
0.661520 0.206651 0.004751
0.671021 0.206651 0.005938
0.681710 0.206651 0.007126
0.748219 0.206651 0.005938
0.492874 0.207838 0.005938
0.501188 0.207838 0.005938
0.539192 0.207838 0.005938
0.561758 0.207838 0.007126
0.572447 0.207838 0.005938
0.581948 0.207838 0.008314
0.599762 0.207838 0.008314
0.698337 0.207838 0.008314
0.440618 0.209026 0.008314
0.447743 0.209026 0.004751
0.464371 0.209026 0.005938
0.483373 0.209026 0.008314
0.510689 0.209026 0.004751
0.529691 0.209026 0.007126
0.548694 0.209026 0.010689
0.473872 0.210214 0.005938
0.374109 0.211401 0.005938
0.383610 0.211401 0.004751
0.391924 0.211401 0.005938
0.401425 0.211401 0.005938
0.410926 0.211401 0.007126
0.420428 0.211401 0.008314
0.243468 0.212589 0.007126
0.254157 0.212589 0.008314
0.268409 0.212589 0.007126
0.279097 0.212589 0.004751
0.332542 0.212589 0.008314
0.344418 0.212589 0.005938
0.365796 0.212589 0.005938
0.205463 0.213777 0.008314
0.214964 0.213777 0.005938
0.224466 0.213777 0.004751
0.233967 0.213777 0.005938
0.307601 0.213777 0.008314
0.321853 0.213777 0.007126
0.355107 0.213777 0.007126
0.110451 0.214964 0.005938
0.119952 0.214964 0.007126
0.141330 0.214964 0.005938
0.162708 0.214964 0.007126
0.176960 0.214964 0.008314
0.192399 0.214964 0.008314
0.295724 0.214964 0.008314
0.877672 0.214964 0.004751
0.885986 0.214964 0.004751
0.893112 0.214964 0.011876
0.131829 0.216152 0.007126
0.150831 0.216152 0.008314
0.843230 0.217340 0.004751
0.869359 0.217340 0.008314
0.800475 0.218527 0.004751
0.793349 0.219715 0.008314
0.815914 0.219715 0.004751
0.834917 0.219715 0.007126
0.856295 0.219715 0.009501
0.649644 0.220903 0.008314
0.686461 0.220903 0.010689
0.807601 0.220903 0.010689
0.824228 0.220903 0.005938
0.605701 0.222090 0.008314
0.616390 0.222090 0.007126
0.629454 0.222090 0.007126
0.637767 0.222090 0.005938
0.657957 0.222090 0.008314
0.669834 0.222090 0.008314
0.679335 0.222090 0.004751
0.700713 0.222090 0.007126
0.726841 0.222090 0.008314
0.736342 0.222090 0.008314
0.749406 0.222090 0.013064
0.757720 0.222090 0.007126
0.769596 0.222090 0.008314
0.780285 0.222090 0.008314
0.450119 0.223278 0.005938
0.578385 0.223278 0.004751
0.714964 0.223278 0.008314
0.467933 0.224466 0.013064
0.504751 0.224466 0.008314
0.516627 0.224466 0.005938
0.567696 0.224466 0.008314
0.593824 0.224466 0.010689
0.438242 0.225653 0.008314
0.461995 0.225653 0.010689
0.477435 0.225653 0.007126
0.490499 0.225653 0.008314
0.528504 0.225653 0.008314
0.543943 0.225653 0.008314
0.554632 0.225653 0.007126
0.241093 0.226841 0.004751
0.394299 0.226841 0.007126
0.403800 0.226841 0.005938
0.233967 0.228029 0.004751
0.247031 0.228029 0.004751
0.266033 0.228029 0.013064
0.383610 0.228029 0.008314
0.412114 0.228029 0.008314
0.423990 0.228029 0.008314
0.137767 0.229216 0.008314
0.180523 0.229216 0.007126
0.197150 0.229216 0.008314
0.207838 0.229216 0.004751
0.225653 0.229216 0.008314
0.276722 0.229216 0.008314
0.286223 0.229216 0.005938
0.294537 0.229216 0.004751
0.330166 0.229216 0.004751
0.337292 0.229216 0.013064
0.346793 0.229216 0.005938
0.356295 0.229216 0.005938
0.374109 0.229216 0.013064
0.110451 0.230404 0.007126
0.149644 0.230404 0.005938
0.159145 0.230404 0.005938
0.167458 0.230404 0.008314
0.257720 0.230404 0.013064
0.305226 0.230404 0.008314
0.321853 0.230404 0.008314
0.124703 0.231591 0.009501
