0.722090 0.072447 0.008314
0.733967 0.072447 0.005938
0.744656 0.072447 0.008314
0.758907 0.072447 0.008314
0.769596 0.072447 0.007126
0.780285 0.072447 0.008314
0.788599 0.072447 0.004751
0.796912 0.072447 0.005938
0.808789 0.072447 0.008314
0.819477 0.072447 0.004751
0.828979 0.072447 0.007126
0.838480 0.072447 0.007126
0.845606 0.072447 0.004751
0.857482 0.072447 0.011876
0.875297 0.072447 0.004751
0.882423 0.072447 0.008314
0.663895 0.073634 0.004751
0.682898 0.073634 0.005938
0.700713 0.073634 0.005938
0.710214 0.073634 0.005938
0.865796 0.073634 0.004751
0.567696 0.074822 0.007126
0.578385 0.074822 0.008314
0.597387 0.074822 0.005938
0.623515 0.074822 0.008314
0.634204 0.074822 0.007126
0.644893 0.074822 0.007126
0.655582 0.074822 0.005938
0.673397 0.074822 0.007126
0.692399 0.074822 0.005938
0.509501 0.076010 0.008314
0.523753 0.076010 0.005938
0.532067 0.076010 0.011876
0.547506 0.076010 0.005938
0.558195 0.076010 0.007126
0.587886 0.076010 0.005938
0.606888 0.076010 0.008314
0.472684 0.077197 0.007126
0.483373 0.077197 0.004751
0.498812 0.077197 0.007126
0.420428 0.078385 0.007126
0.432304 0.078385 0.005938
0.441805 0.078385 0.004751
0.452494 0.078385 0.007126
0.461995 0.078385 0.004751
0.410926 0.079572 0.005938
0.393112 0.080760 0.008314
0.400238 0.080760 0.004751
0.315914 0.081948 0.007126
0.346793 0.081948 0.007126
0.355107 0.081948 0.008314
0.369359 0.081948 0.008314
0.380048 0.081948 0.007126
0.228029 0.083135 0.008314
0.254157 0.083135 0.008314
0.267221 0.083135 0.005938
0.276722 0.083135 0.005938
0.289786 0.083135 0.008314
0.304038 0.083135 0.005938
0.326603 0.083135 0.005938
0.336105 0.083135 0.007126
0.207838 0.084323 0.008314
0.244656 0.084323 0.007126
0.875297 0.084323 0.005938
0.194774 0.085511 0.008314
0.216152 0.085511 0.007126
0.882423 0.085511 0.004751
0.157957 0.086698 0.004751
0.179335 0.086698 0.008314
0.790974 0.086698 0.005938
0.799287 0.086698 0.004751
0.831354 0.086698 0.004751
0.865796 0.086698 0.005938
0.127078 0.087886 0.008314
0.136580 0.087886 0.005938
0.147268 0.087886 0.007126
0.167458 0.087886 0.007126
0.684086 0.087886 0.004751
0.690024 0.087886 0.004751
0.749406 0.087886 0.005938
0.762470 0.087886 0.007126
0.771971 0.087886 0.005938
0.780285 0.087886 0.004751
0.812352 0.087886 0.008314
0.821853 0.087886 0.005938
0.842043 0.087886 0.007126
0.855107 0.087886 0.007126
0.117577 0.089074 0.007126
0.585511 0.089074 0.008314
0.604513 0.089074 0.005938
0.646081 0.089074 0.007126
0.656770 0.089074 0.004751
0.665083 0.089074 0.007126
0.675772 0.089074 0.005938
0.710214 0.089074 0.005938
0.718527 0.089074 0.005938
0.729216 0.089074 0.007126
0.741093 0.089074 0.007126
0.477435 0.090261 0.004751
0.488124 0.090261 0.008314
0.496437 0.090261 0.005938
0.548694 0.090261 0.005938
0.558195 0.090261 0.005938
0.571259 0.090261 0.008314
0.595012 0.090261 0.007126
0.614014 0.090261 0.007126
0.623515 0.090261 0.005938
0.634204 0.090261 0.007126
0.700713 0.090261 0.008314
0.447743 0.091449 0.008314
0.459620 0.091449 0.008314
0.469121 0.091449 0.005938
0.507126 0.091449 0.005938
0.528504 0.091449 0.008314
0.539192 0.091449 0.007126
0.439430 0.092637 0.005938
0.516627 0.092637 0.007126
0.394299 0.093824 0.007126
0.408551 0.093824 0.008314
0.416865 0.093824 0.008314
0.428741 0.093824 0.007126
0.349169 0.095012 0.005938
0.361045 0.095012 0.007126
0.372922 0.095012 0.005938
0.384798 0.095012 0.007126
0.307601 0.096200 0.008314
0.877672 0.096200 0.005938
0.249406 0.097387 0.005938
0.257720 0.097387 0.004751
0.286223 0.097387 0.005938
0.296912 0.097387 0.007126
0.319477 0.097387 0.005938
0.330166 0.097387 0.007126
0.339667 0.097387 0.005938
0.826603 0.097387 0.007126
0.836105 0.097387 0.005938
0.868171 0.097387 0.005938
0.238717 0.098575 0.008314
0.267221 0.098575 0.005938
0.276722 0.098575 0.007126
0.844418 0.098575 0.004751
0.856295 0.098575 0.007126
0.173397 0.099762 0.007126
0.195962 0.099762 0.005938
0.204276 0.099762 0.005938
0.213777 0.099762 0.005938
0.814727 0.099762 0.005938
0.143705 0.100950 0.005938
0.154394 0.100950 0.008314
0.182898 0.100950 0.008314
0.228029 0.100950 0.008314
0.764846 0.100950 0.005938
0.774347 0.100950 0.004751
0.795724 0.100950 0.007126
0.805226 0.100950 0.004751
0.117577 0.102138 0.005938
0.127078 0.102138 0.004751
0.135392 0.102138 0.005938
0.756532 0.102138 0.004751
0.782660 0.102138 0.005938
0.710214 0.103325 0.007126
0.719715 0.103325 0.004751
0.731591 0.103325 0.007126
0.742280 0.103325 0.004751
0.581948 0.104513 0.007126
0.623515 0.104513 0.005938
0.630641 0.104513 0.004751
0.640143 0.104513 0.007126
0.650831 0.104513 0.008314
0.657957 0.104513 0.008314
0.685273 0.104513 0.010689
0.700713 0.104513 0.004751
0.458432 0.105701 0.007126
0.486936 0.105701 0.004751
0.540380 0.105701 0.007126
0.552257 0.105701 0.005938
0.561758 0.105701 0.005938
0.571259 0.105701 0.007126
0.591449 0.105701 0.004751
0.600950 0.105701 0.005938
0.612827 0.105701 0.005938
0.672209 0.105701 0.009501
0.426366 0.106888 0.004751
0.445368 0.106888 0.005938
0.469121 0.106888 0.005938
0.477435 0.106888 0.005938
0.494062 0.106888 0.009501
0.505938 0.106888 0.005938
0.514252 0.106888 0.004751
0.523753 0.106888 0.005938
0.532067 0.106888 0.005938
0.419240 0.108076 0.004751
0.434679 0.108076 0.005938
0.362233 0.109264 0.008314
0.370546 0.109264 0.005938
0.378860 0.109264 0.004751
0.401425 0.109264 0.005938
0.410926 0.109264 0.005938
0.313539 0.110451 0.004751
0.333729 0.110451 0.004751
0.351544 0.110451 0.004751
0.390736 0.110451 0.008314
0.233967 0.111639 0.004751
0.245843 0.111639 0.004751
0.252969 0.111639 0.004751
0.263658 0.111639 0.007126
0.282660 0.111639 0.005938
0.292162 0.111639 0.004751
0.301663 0.111639 0.004751
0.320665 0.111639 0.004751
0.342043 0.111639 0.005938
0.840855 0.111639 0.008314
0.850356 0.111639 0.004751
0.859857 0.111639 0.005938
0.869359 0.111639 0.005938
0.877672 0.111639 0.011876
0.181710 0.112827 0.005938
0.203088 0.112827 0.007126
0.214964 0.112827 0.008314
0.222090 0.112827 0.004751
0.275534 0.112827 0.004751
0.828979 0.112827 0.008314
0.168646 0.114014 0.004751
0.192399 0.114014 0.007126
0.801663 0.114014 0.005938
0.812352 0.114014 0.007126
0.821853 0.114014 0.008314
0.117577 0.115202 0.007126
0.129454 0.115202 0.005938
0.140143 0.115202 0.007126
0.160333 0.115202 0.005938
0.776722 0.115202 0.007126
0.790974 0.115202 0.008314
0.150831 0.116390 0.005938
0.745843 0.116390 0.005938
0.756532 0.116390 0.005938
0.766033 0.116390 0.005938
0.636580 0.117577 0.005938
0.707838 0.117577 0.007126
0.718527 0.117577 0.004751
0.728029 0.117577 0.007126
0.737530 0.117577 0.005938
0.458432 0.118765 0.004751
0.611639 0.118765 0.007126
0.624703 0.118765 0.008314
0.646081 0.118765 0.008314
0.660333 0.118765 0.007126
0.444181 0.119952 0.008314
0.451306 0.119952 0.004751
0.472684 0.119952 0.008314
0.492874 0.119952 0.004751
0.502375 0.119952 0.005938
0.511876 0.119952 0.005938
0.522565 0.119952 0.005938
0.532067 0.119952 0.004751
0.539192 0.119952 0.008314
0.549881 0.119952 0.005938
0.559382 0.119952 0.008314
0.568884 0.119952 0.005938
0.579572 0.119952 0.008314
0.597387 0.119952 0.009501
0.412114 0.121140 0.005938
0.484561 0.121140 0.008314
0.378860 0.122328 0.005938
0.421615 0.122328 0.009501
0.434679 0.122328 0.004751
0.897862 0.122328 0.014252
0.288599 0.123515 0.008314
0.368171 0.123515 0.005938
0.388361 0.123515 0.004751
0.396675 0.123515 0.005938
0.225653 0.124703 0.005938
0.266033 0.124703 0.005938
0.276722 0.124703 0.007126
0.347981 0.124703 0.007126
0.358670 0.124703 0.005938
0.875297 0.124703 0.008314
0.163895 0.125891 0.008314
0.181710 0.125891 0.007126
0.190024 0.125891 0.004751
0.233967 0.125891 0.004751
0.241093 0.125891 0.009501
0.252969 0.125891 0.008314
0.333729 0.125891 0.008314
0.862233 0.125891 0.004751
0.152019 0.127078 0.005938
0.198337 0.127078 0.005938
0.216152 0.127078 0.007126
0.843230 0.127078 0.005938
0.855107 0.127078 0.008314
0.125891 0.128266 0.005938
0.135392 0.128266 0.004751
0.143705 0.128266 0.004751
0.817102 0.128266 0.008314
0.827791 0.128266 0.010689
0.834917 0.128266 0.004751
0.116390 0.129454 0.007126
0.802850 0.129454 0.007126
0.779097 0.130641 0.008314
0.790974 0.130641 0.007126
0.662708 0.131829 0.008314
0.749406 0.131829 0.008314
0.761283 0.131829 0.008314
0.769596 0.131829 0.005938
0.548694 0.133017 0.008314
0.642518 0.133017 0.007126
0.652019 0.133017 0.004751
0.712589 0.133017 0.010689
0.724466 0.133017 0.008314
0.739905 0.133017 0.005938
0.496437 0.134204 0.011876
0.502375 0.134204 0.010689
0.511876 0.134204 0.004751
0.522565 0.134204 0.008314
0.573634 0.134204 0.008314
0.446556 0.135392 0.008314
0.469121 0.135392 0.007126
0.478622 0.135392 0.005938
0.486936 0.135392 0.005938
0.535629 0.135392 0.008314
0.561758 0.135392 0.007126
0.585511 0.135392 0.005938
0.596200 0.135392 0.005938
0.616390 0.135392 0.008314
0.625891 0.135392 0.008314
0.457245 0.136580 0.005938
0.606888 0.136580 0.008314
0.378860 0.137767 0.005938
0.390736 0.137767 0.008314
0.420428 0.137767 0.008314
0.434679 0.137767 0.008314
0.264846 0.138955 0.005938
0.285036 0.138955 0.008314
0.366983 0.138955 0.008314
0.401425 0.138955 0.007126
0.410926 0.138955 0.004751
0.172209 0.140143 0.008314
0.232779 0.140143 0.007126
0.244656 0.140143 0.005938
0.254157 0.140143 0.007126
0.277910 0.140143 0.009501
0.339667 0.140143 0.009501
0.181710 0.141330 0.007126
0.191211 0.141330 0.004751
0.198337 0.141330 0.009501
0.223278 0.141330 0.008314
0.347981 0.141330 0.010689
0.863420 0.141330 0.008314
0.878860 0.141330 0.009501
0.135392 0.142518 0.007126
0.146081 0.142518 0.007126
0.155582 0.142518 0.008314
0.212589 0.142518 0.008314
0.855107 0.142518 0.005938
0.114014 0.144893 0.008314
0.124703 0.144893 0.004751
0.812352 0.144893 0.005938
0.821853 0.144893 0.005938
0.845606 0.144893 0.007126
0.762470 0.146081 0.004751
0.769596 0.146081 0.010689
0.779097 0.146081 0.005938
0.789786 0.146081 0.005938
0.801663 0.146081 0.008314
0.833729 0.146081 0.008314
0.732779 0.147268 0.008314
0.745843 0.147268 0.004751
0.754157 0.147268 0.005938
0.712589 0.148456 0.008314
0.723278 0.148456 0.004751
0.503563 0.149644 0.004751
0.510689 0.149644 0.010689
0.521378 0.149644 0.007126
0.530879 0.149644 0.005938
0.570071 0.149644 0.007126
0.580760 0.149644 0.005938
0.629454 0.149644 0.008314
0.643705 0.149644 0.009501
0.490499 0.150831 0.010689
0.541568 0.150831 0.005938
0.551069 0.150831 0.007126
0.561758 0.150831 0.005938
0.592637 0.150831 0.008314
0.605701 0.150831 0.005938
0.615202 0.150831 0.005938
0.473872 0.152019 0.008314
0.483373 0.152019 0.013064
0.406176 0.153207 0.007126
0.427553 0.153207 0.008314
0.444181 0.153207 0.009501
0.251781 0.154394 0.007126
0.262470 0.154394 0.008314
0.275534 0.154394 0.004751
0.288599 0.154394 0.010689
0.336105 0.154394 0.008314
0.345606 0.154394 0.004751
0.383610 0.154394 0.004751
0.415677 0.154394 0.007126
0.460808 0.154394 0.010689
0.239905 0.155582 0.005938
0.352732 0.155582 0.004751
0.361045 0.155582 0.007126
0.374109 0.155582 0.005938
0.166271 0.156770 0.005938
0.182898 0.156770 0.008314
0.194774 0.156770 0.008314
0.230404 0.156770 0.008314
0.881235 0.156770 0.007126
0.134204 0.157957 0.007126
0.157957 0.157957 0.005938
0.206651 0.157957 0.007126
0.217340 0.157957 0.004751
0.123515 0.159145 0.005938
0.146081 0.159145 0.008314
0.863420 0.159145 0.004751
0.870546 0.159145 0.011876
0.114014 0.160333 0.007126
0.792162 0.160333 0.008314
0.802850 0.160333 0.007126
0.812352 0.160333 0.004751
0.783848 0.161520 0.008314
0.826603 0.161520 0.009501
0.853919 0.161520 0.007126
0.737530 0.162708 0.004751
0.764846 0.162708 0.008314
0.752969 0.163895 0.005938
0.773159 0.163895 0.007126
0.842043 0.163895 0.009501
0.707838 0.165083 0.008314
0.719715 0.165083 0.007126
0.729216 0.165083 0.007126
0.534442 0.166271 0.008314
0.579572 0.166271 0.007126
0.614014 0.166271 0.008314
0.634204 0.166271 0.010689
0.650831 0.166271 0.005938
0.520190 0.167458 0.008314
0.543943 0.167458 0.007126
0.559382 0.167458 0.008314
0.570071 0.167458 0.005938
0.591449 0.167458 0.007126
0.603325 0.167458 0.008314
0.640143 0.167458 0.008314
0.494062 0.168646 0.004751
0.511876 0.168646 0.007126
0.466746 0.169834 0.004751
0.484561 0.169834 0.007126
0.500000 0.169834 0.009501
0.255344 0.171021 0.005938
0.263658 0.171021 0.007126
0.387173 0.171021 0.005938
0.396675 0.171021 0.007126
0.407363 0.171021 0.008314
0.421615 0.171021 0.008314
0.444181 0.171021 0.005938
0.454869 0.171021 0.007126
0.473872 0.171021 0.005938
0.239905 0.172209 0.010689
0.276722 0.172209 0.008314
0.287411 0.172209 0.007126
0.333729 0.172209 0.008314
0.343230 0.172209 0.007126
0.355107 0.172209 0.008314
0.365796 0.172209 0.007126
0.375297 0.172209 0.008314
0.433492 0.172209 0.007126
0.169834 0.173397 0.005938
0.187648 0.173397 0.008314
0.199525 0.173397 0.008314
0.207838 0.173397 0.004751
0.218527 0.173397 0.008314
0.230404 0.173397 0.005938
0.880048 0.173397 0.004751
0.888361 0.173397 0.011876
0.122328 0.174584 0.008314
0.131829 0.174584 0.007126
0.141330 0.174584 0.005938
0.149644 0.174584 0.004751
0.161520 0.174584 0.008314
0.179335 0.174584 0.004751
0.859857 0.174584 0.004751
0.874109 0.174584 0.004751
0.111639 0.175772 0.007126
0.793349 0.175772 0.008314
0.852732 0.175772 0.004751
0.802850 0.176960 0.005938
0.812352 0.176960 0.007126
0.823040 0.176960 0.004751
0.831354 0.176960 0.007126
0.843230 0.176960 0.005938
0.780285 0.178147 0.004751
0.760095 0.179335 0.008314
0.771971 0.179335 0.008314
0.716152 0.180523 0.004751
0.730404 0.180523 0.004751
0.749406 0.180523 0.015439
0.576010 0.182898 0.007126
0.585511 0.182898 0.011876
0.652019 0.182898 0.004751
0.480998 0.184086 0.004751
0.526128 0.184086 0.010689
0.536817 0.184086 0.008314
0.545131 0.184086 0.004751
0.565321 0.184086 0.008314
0.602138 0.184086 0.008314
0.617577 0.184086 0.011876
0.625891 0.184086 0.004751
0.642518 0.184086 0.005938
0.666271 0.184086 0.004751
0.673397 0.184086 0.010689
0.698337 0.184086 0.008314
0.707838 0.184086 0.005938
0.440618 0.185273 0.005938
0.453682 0.185273 0.008314
0.467933 0.185273 0.009501
0.491686 0.185273 0.007126
0.500000 0.185273 0.005938
0.510689 0.185273 0.008314
0.553444 0.185273 0.008314
0.634204 0.185273 0.004751
0.256532 0.186461 0.004751
0.263658 0.186461 0.004751
0.388361 0.186461 0.007126
0.415677 0.186461 0.007126
0.428741 0.186461 0.008314
0.273159 0.187648 0.007126
0.283848 0.187648 0.007126
0.332542 0.187648 0.008314
0.363420 0.187648 0.008314
0.377672 0.187648 0.007126
0.399050 0.187648 0.004751
0.406176 0.187648 0.004751
0.226841 0.188836 0.008314
0.249406 0.188836 0.005938
0.346793 0.188836 0.008314
0.163895 0.190024 0.004751
0.173397 0.190024 0.008314
0.182898 0.190024 0.008314
0.195962 0.190024 0.007126
0.210214 0.190024 0.010689
0.238717 0.190024 0.008314
0.880048 0.190024 0.005938
0.887173 0.190024 0.010689
0.156770 0.191211 0.011876
0.870546 0.191211 0.013064
0.125891 0.192399 0.004751
0.133017 0.192399 0.010689
0.144893 0.192399 0.008314
0.834917 0.192399 0.005938
0.844418 0.192399 0.005938
0.862233 0.192399 0.004751
0.824228 0.193587 0.007126
0.853919 0.193587 0.008314
0.111639 0.194774 0.010689
0.811164 0.195962 0.010689
0.795724 0.197150 0.008314
0.676960 0.198337 0.008314
0.710214 0.198337 0.008314
0.773159 0.198337 0.004751
0.782660 0.198337 0.005938
0.558195 0.199525 0.005938
0.633017 0.199525 0.011876
0.648456 0.199525 0.008314
0.659145 0.199525 0.008314
0.667458 0.199525 0.013064
0.692399 0.199525 0.010689
0.699525 0.199525 0.008314
0.725653 0.199525 0.008314
0.739905 0.199525 0.009501
0.752969 0.199525 0.008314
0.763658 0.199525 0.007126
0.542755 0.200713 0.010689
0.580760 0.200713 0.008314
0.592637 0.200713 0.004751
0.612827 0.200713 0.008314
0.624703 0.200713 0.008314
0.446556 0.201900 0.008314
0.457245 0.201900 0.007126
0.476247 0.201900 0.004751
0.482185 0.201900 0.009501
0.503563 0.201900 0.008314
0.570071 0.201900 0.008314
0.600950 0.201900 0.008314
0.378860 0.203088 0.008314
0.423990 0.203088 0.008314
0.432304 0.203088 0.008314
0.469121 0.203088 0.008314
0.492874 0.203088 0.005938
0.516627 0.203088 0.008314
0.528504 0.203088 0.008314
0.269596 0.204276 0.008314
0.285036 0.204276 0.007126
0.295724 0.204276 0.008314
0.306413 0.204276 0.005938
0.321853 0.204276 0.008314
0.332542 0.204276 0.005938
0.357482 0.204276 0.007126
0.366983 0.204276 0.005938
0.394299 0.204276 0.008314
0.404988 0.204276 0.013064
0.344418 0.205463 0.008314
0.881235 0.205463 0.007126
0.167458 0.207838 0.007126
0.229216 0.207838 0.004751
0.244656 0.207838 0.007126
0.138955 0.209026 0.004751
0.154394 0.209026 0.007126
0.181710 0.209026 0.008314
0.209026 0.209026 0.008314
0.222090 0.209026 0.004751
0.258907 0.209026 0.008314
0.863420 0.209026 0.005938
0.121140 0.210214 0.007126
0.131829 0.210214 0.005938
0.195962 0.210214 0.008314
0.840855 0.210214 0.004751
0.852732 0.210214 0.008314
0.110451 0.211401 0.008314
0.812352 0.211401 0.007126
0.820665 0.211401 0.007126
0.830166 0.211401 0.007126
0.786223 0.212589 0.004751
0.800475 0.212589 0.010689
0.758907 0.213777 0.008314
0.777910 0.213777 0.011876
0.768409 0.214964 0.005938
0.668646 0.216152 0.008314
0.694774 0.216152 0.007126
0.728029 0.216152 0.005938
0.737530 0.216152 0.005938
0.745843 0.216152 0.011876
0.628266 0.217340 0.007126
0.638955 0.217340 0.005938
0.659145 0.217340 0.005938
0.681710 0.217340 0.007126
0.704276 0.217340 0.008314
0.716152 0.217340 0.008314
0.496437 0.218527 0.009501
0.508314 0.218527 0.004751
0.579572 0.218527 0.005938
0.587886 0.218527 0.005938
0.600950 0.218527 0.010689
0.609264 0.218527 0.004751
0.616390 0.218527 0.011876
0.648456 0.218527 0.008314
0.483373 0.219715 0.004751
0.490499 0.219715 0.004751
0.532067 0.219715 0.005938
0.541568 0.219715 0.008314
0.568884 0.219715 0.008314
0.553444 0.220903 0.008314
0.457245 0.222090 0.007126
0.466746 0.222090 0.013064
0.521378 0.222090 0.008314
0.243468 0.223278 0.007126
0.364608 0.223278 0.008314
0.374109 0.223278 0.008314
0.387173 0.223278 0.007126
0.397862 0.223278 0.008314
0.406176 0.223278 0.014252
0.416865 0.223278 0.008314
0.429929 0.223278 0.008314
0.162708 0.224466 0.004751
0.169834 0.224466 0.011876
0.205463 0.224466 0.008314
0.292162 0.224466 0.005938
0.353919 0.224466 0.005938
0.444181 0.224466 0.008314
0.143705 0.225653 0.007126
0.154394 0.225653 0.005938
0.179335 0.225653 0.013064
0.195962 0.225653 0.005938
0.219715 0.225653 0.008314
0.229216 0.225653 0.008314
0.255344 0.225653 0.008314
0.300475 0.225653 0.004751
0.307601 0.225653 0.011876
0.324228 0.225653 0.008314
0.333729 0.225653 0.007126
0.344418 0.225653 0.007126
0.131829 0.226841 0.007126
0.267221 0.226841 0.004751
0.274347 0.226841 0.004751
0.282660 0.226841 0.005938
0.109264 0.228029 0.008314
0.119952 0.228029 0.007126
