0.660333 0.073634 0.008314
0.861045 0.073634 0.010689
0.869359 0.073634 0.004751
0.877672 0.073634 0.008314
0.636580 0.074822 0.005938
0.647268 0.074822 0.007126
0.672209 0.074822 0.007126
0.682898 0.074822 0.008314
0.691211 0.074822 0.004751
0.722090 0.074822 0.007126
0.733967 0.074822 0.008314
0.744656 0.074822 0.004751
0.769596 0.074822 0.008314
0.781473 0.074822 0.011876
0.788599 0.074822 0.013064
0.798100 0.074822 0.007126
0.821853 0.074822 0.007126
0.833729 0.074822 0.008314
0.846793 0.074822 0.008314
0.598575 0.076010 0.005938
0.617577 0.076010 0.007126
0.625891 0.076010 0.005938
0.700713 0.076010 0.007126
0.710214 0.076010 0.007126
0.757720 0.076010 0.008314
0.809976 0.076010 0.007126
0.587886 0.077197 0.008314
0.608076 0.077197 0.005938
0.479810 0.078385 0.008314
0.524941 0.078385 0.007126
0.567696 0.078385 0.008314
0.579572 0.078385 0.005938
0.387173 0.079572 0.010689
0.464371 0.079572 0.004751
0.513064 0.079572 0.005938
0.541568 0.079572 0.008314
0.553444 0.079572 0.008314
0.438242 0.080760 0.007126
0.446556 0.080760 0.005938
0.457245 0.080760 0.005938
0.491686 0.080760 0.007126
0.502375 0.080760 0.007126
0.315914 0.081948 0.007126
0.327791 0.081948 0.008314
0.339667 0.081948 0.007126
0.399050 0.081948 0.007126
0.427553 0.081948 0.007126
0.305226 0.083135 0.008314
0.349169 0.083135 0.008314
0.362233 0.083135 0.008314
0.372922 0.083135 0.007126
0.409739 0.083135 0.008314
0.418052 0.083135 0.004751
0.293349 0.084323 0.007126
0.241093 0.085511 0.005938
0.250594 0.085511 0.005938
0.271971 0.085511 0.007126
0.282660 0.085511 0.008314
0.210214 0.086698 0.005938
0.220903 0.086698 0.007126
0.258907 0.086698 0.005938
0.876485 0.086698 0.007126
0.230404 0.087886 0.008314
0.863420 0.087886 0.008314
0.175772 0.089074 0.010689
0.190024 0.089074 0.008314
0.201900 0.089074 0.008314
0.642518 0.089074 0.009501
0.660333 0.089074 0.007126
0.744656 0.089074 0.007126
0.761283 0.089074 0.008314
0.819477 0.089074 0.008314
0.850356 0.089074 0.008314
0.153207 0.090261 0.007126
0.163895 0.090261 0.007126
0.672209 0.090261 0.008314
0.684086 0.090261 0.008314
0.714964 0.090261 0.004751
0.733967 0.090261 0.008314
0.771971 0.090261 0.007126
0.786223 0.090261 0.008314
0.809976 0.090261 0.005938
0.830166 0.090261 0.005938
0.839667 0.090261 0.004751
0.722090 0.091449 0.010689
0.799287 0.091449 0.007126
0.543943 0.092637 0.004751
0.570071 0.092637 0.008314
0.592637 0.092637 0.005938
0.602138 0.092637 0.007126
0.625891 0.092637 0.009501
0.691211 0.092637 0.008314
0.704276 0.092637 0.008314
0.127078 0.093824 0.007126
0.138955 0.093824 0.008314
0.504751 0.093824 0.005938
0.533254 0.093824 0.007126
0.558195 0.093824 0.009501
0.583135 0.093824 0.008314
0.614014 0.093824 0.008314
0.459620 0.095012 0.007126
0.471496 0.095012 0.008314
0.483373 0.095012 0.005938
0.494062 0.095012 0.007126
0.513064 0.095012 0.005938
0.522565 0.095012 0.007126
0.410926 0.096200 0.005938
0.421615 0.096200 0.008314
0.437055 0.096200 0.005938
0.447743 0.096200 0.005938
0.321853 0.097387 0.005938
0.331354 0.097387 0.005938
0.340855 0.097387 0.007126
0.356295 0.097387 0.008314
0.378860 0.097387 0.004751
0.391924 0.097387 0.008314
0.266033 0.098575 0.008314
0.312352 0.098575 0.005938
0.366983 0.098575 0.008314
0.252969 0.099762 0.005938
0.277910 0.099762 0.005938
0.288599 0.099762 0.007126
0.300475 0.099762 0.007126
0.876485 0.099762 0.007126
0.243468 0.100950 0.005938
0.864608 0.100950 0.007126
0.188836 0.102138 0.007126
0.232779 0.102138 0.007126
0.853919 0.102138 0.005938
0.152019 0.103325 0.007126
0.178147 0.103325 0.007126
0.203088 0.103325 0.008314
0.776722 0.103325 0.007126
0.786223 0.103325 0.007126
0.806413 0.103325 0.004751
0.827791 0.103325 0.004751
0.844418 0.103325 0.005938
0.725653 0.104513 0.005938
0.738717 0.104513 0.008314
0.762470 0.104513 0.007126
0.798100 0.104513 0.005938
0.812352 0.104513 0.009501
0.836105 0.104513 0.005938
0.140143 0.105701 0.008314
0.163895 0.105701 0.005938
0.219715 0.105701 0.008314
0.646081 0.105701 0.008314
0.659145 0.105701 0.007126
0.669834 0.105701 0.008314
0.682898 0.105701 0.008314
0.701900 0.105701 0.008314
0.714964 0.105701 0.005938
0.751781 0.105701 0.008314
0.634204 0.106888 0.005938
0.124703 0.108076 0.008314
0.505938 0.108076 0.007126
0.539192 0.108076 0.008314
0.602138 0.108076 0.005938
0.610451 0.108076 0.005938
0.624703 0.108076 0.008314
0.446556 0.109264 0.007126
0.457245 0.109264 0.008314
0.483373 0.109264 0.008314
0.494062 0.109264 0.005938
0.515439 0.109264 0.005938
0.524941 0.109264 0.007126
0.590261 0.109264 0.008314
0.312352 0.110451 0.004751
0.324228 0.110451 0.007126
0.364608 0.110451 0.004751
0.388361 0.110451 0.007126
0.400238 0.110451 0.005938
0.410926 0.110451 0.008314
0.423990 0.110451 0.005938
0.435867 0.110451 0.007126
0.471496 0.110451 0.007126
0.571259 0.110451 0.008314
0.270784 0.111639 0.007126
0.304038 0.111639 0.005938
0.346793 0.111639 0.005938
0.356295 0.111639 0.005938
0.377672 0.111639 0.008314
0.555819 0.111639 0.008314
0.282660 0.112827 0.005938
0.293349 0.112827 0.005938
0.336105 0.112827 0.007126
0.258907 0.114014 0.007126
0.245843 0.115202 0.007126
0.877672 0.115202 0.008314
0.194774 0.116390 0.007126
0.204276 0.116390 0.007126
0.216152 0.116390 0.005938
0.225653 0.116390 0.007126
0.236342 0.116390 0.005938
0.853919 0.116390 0.005938
0.862233 0.116390 0.004751
0.182898 0.117577 0.008314
0.788599 0.117577 0.005938
0.796912 0.117577 0.008314
0.818290 0.117577 0.007126
0.843230 0.117577 0.004751
0.714964 0.118765 0.010689
0.722090 0.118765 0.004751
0.730404 0.118765 0.004751
0.768409 0.118765 0.008314
0.779097 0.118765 0.005938
0.828979 0.118765 0.004751
0.836105 0.118765 0.004751
0.152019 0.119952 0.005938
0.161520 0.119952 0.005938
0.169834 0.119952 0.007126
0.756532 0.119952 0.005938
0.617577 0.121140 0.008314
0.625891 0.121140 0.004751
0.635392 0.121140 0.005938
0.646081 0.121140 0.005938
0.656770 0.121140 0.011876
0.663895 0.121140 0.010689
0.745843 0.121140 0.007126
0.131829 0.122328 0.004751
0.593824 0.122328 0.005938
0.604513 0.122328 0.008314
0.395487 0.123515 0.004751
0.479810 0.123515 0.008314
0.491686 0.123515 0.007126
0.501188 0.123515 0.004751
0.508314 0.123515 0.008314
0.522565 0.123515 0.008314
0.545131 0.123515 0.007126
0.554632 0.123515 0.005938
0.564133 0.123515 0.004751
0.573634 0.123515 0.005938
0.583135 0.123515 0.005938
0.123515 0.124703 0.005938
0.290974 0.124703 0.005938
0.376485 0.124703 0.007126
0.388361 0.124703 0.004751
0.410926 0.124703 0.007126
0.422803 0.124703 0.007126
0.458432 0.124703 0.005938
0.466746 0.124703 0.004751
0.534442 0.124703 0.007126
0.269596 0.125891 0.007126
0.281473 0.125891 0.007126
0.333729 0.125891 0.007126
0.344418 0.125891 0.005938
0.353919 0.125891 0.005938
0.365796 0.125891 0.007126
0.435867 0.125891 0.008314
0.447743 0.125891 0.007126
0.255344 0.128266 0.008314
0.876485 0.128266 0.004751
0.225653 0.129454 0.008314
0.232779 0.129454 0.007126
0.242280 0.129454 0.007126
0.861045 0.129454 0.004751
0.869359 0.129454 0.008314
0.203088 0.130641 0.007126
0.214964 0.130641 0.008314
0.855107 0.130641 0.008314
0.175772 0.131829 0.005938
0.184086 0.131829 0.004751
0.193587 0.131829 0.005938
0.845606 0.131829 0.005938
0.820665 0.133017 0.008314
0.833729 0.133017 0.008314
0.741093 0.134204 0.007126
0.780285 0.134204 0.004751
0.807601 0.134204 0.008314
0.156770 0.135392 0.007126
0.166271 0.135392 0.007126
0.762470 0.135392 0.007126
0.773159 0.135392 0.004751
0.795724 0.135392 0.008314
0.142518 0.136580 0.008314
0.633017 0.136580 0.008314
0.644893 0.136580 0.008314
0.657957 0.136580 0.008314
0.731591 0.136580 0.007126
0.752969 0.136580 0.007126
0.130641 0.137767 0.007126
0.465558 0.137767 0.007126
0.477435 0.137767 0.008314
0.516627 0.137767 0.008314
0.532067 0.137767 0.004751
0.584323 0.137767 0.007126
0.597387 0.137767 0.008314
0.609264 0.137767 0.007126
0.617577 0.137767 0.011876
0.349169 0.138955 0.004751
0.492874 0.138955 0.008314
0.504751 0.138955 0.007126
0.553444 0.138955 0.007126
0.561758 0.138955 0.008314
0.573634 0.138955 0.005938
0.122328 0.140143 0.008314
0.364608 0.140143 0.008314
0.378860 0.140143 0.004751
0.387173 0.140143 0.004751
0.408551 0.140143 0.008314
0.420428 0.140143 0.008314
0.427553 0.140143 0.004751
0.451306 0.140143 0.008314
0.542755 0.140143 0.007126
0.258907 0.141330 0.007126
0.277910 0.141330 0.004751
0.339667 0.141330 0.007126
0.438242 0.141330 0.007126
0.250594 0.142518 0.008314
0.269596 0.142518 0.004751
0.283848 0.142518 0.010689
0.394299 0.142518 0.008314
0.236342 0.143705 0.008314
0.881235 0.143705 0.013064
0.872922 0.144893 0.005938
0.209026 0.146081 0.007126
0.863420 0.146081 0.008314
0.178147 0.147268 0.005938
0.187648 0.147268 0.005938
0.198337 0.147268 0.007126
0.223278 0.147268 0.008314
0.823040 0.147268 0.008314
0.831354 0.147268 0.005938
0.843230 0.147268 0.008314
0.851544 0.147268 0.010689
0.157957 0.148456 0.007126
0.169834 0.148456 0.005938
0.785036 0.149644 0.007126
0.809976 0.149644 0.005938
0.143705 0.150831 0.007126
0.798100 0.150831 0.008314
0.717340 0.152019 0.008314
0.741093 0.152019 0.010689
0.749406 0.152019 0.004751
0.757720 0.152019 0.008314
0.768409 0.152019 0.007126
0.121140 0.153207 0.007126
0.131829 0.153207 0.007126
0.642518 0.153207 0.007126
0.654394 0.153207 0.008314
0.728029 0.153207 0.005938
0.381235 0.154394 0.007126
0.413302 0.154394 0.004751
0.422803 0.154394 0.005938
0.434679 0.154394 0.007126
0.442993 0.154394 0.004751
0.480998 0.154394 0.008314
0.490499 0.154394 0.004751
0.502375 0.154394 0.008314
0.513064 0.154394 0.008314
0.523753 0.154394 0.010689
0.542755 0.154394 0.007126
0.574822 0.154394 0.008314
0.586698 0.154394 0.005938
0.596200 0.154394 0.005938
0.604513 0.154394 0.004751
0.629454 0.154394 0.009501
0.361045 0.155582 0.008314
0.371734 0.155582 0.005938
0.403800 0.155582 0.007126
0.467933 0.155582 0.008314
0.554632 0.155582 0.008314
0.562945 0.155582 0.004751
0.614014 0.155582 0.008314
0.282660 0.156770 0.007126
0.350356 0.156770 0.005938
0.393112 0.156770 0.005938
0.454869 0.156770 0.009501
0.254157 0.157957 0.005938
0.263658 0.157957 0.007126
0.274347 0.157957 0.005938
0.339667 0.157957 0.008314
0.244656 0.159145 0.005938
0.235154 0.160333 0.007126
0.224466 0.161520 0.007126
0.865796 0.161520 0.007126
0.875297 0.161520 0.008314
0.179335 0.162708 0.008314
0.192399 0.162708 0.007126
0.203088 0.162708 0.005938
0.212589 0.162708 0.008314
0.833729 0.162708 0.004751
0.853919 0.162708 0.008314
0.169834 0.163895 0.005938
0.826603 0.163895 0.004751
0.844418 0.163895 0.008314
0.141330 0.166271 0.004751
0.149644 0.166271 0.005938
0.161520 0.166271 0.008314
0.813539 0.166271 0.005938
0.133017 0.167458 0.008314
0.754157 0.167458 0.004751
0.763658 0.167458 0.008314
0.774347 0.167458 0.008314
0.782660 0.167458 0.005938
0.792162 0.167458 0.004751
0.800475 0.167458 0.010689
0.121140 0.168646 0.008314
0.495249 0.168646 0.009501
0.657957 0.168646 0.004751
0.722090 0.168646 0.005938
0.730404 0.168646 0.004751
0.745843 0.168646 0.005938
0.420428 0.169834 0.008314
0.507126 0.169834 0.007126
0.604513 0.169834 0.007126
0.649644 0.169834 0.008314
0.711401 0.169834 0.008314
0.432304 0.171021 0.008314
0.442993 0.171021 0.007126
0.458432 0.171021 0.008314
0.516627 0.171021 0.007126
0.591449 0.171021 0.008314
0.615202 0.171021 0.005938
0.623515 0.171021 0.008314
0.637767 0.171021 0.005938
0.283848 0.172209 0.007126
0.375297 0.172209 0.004751
0.382423 0.172209 0.008314
0.408551 0.172209 0.010689
0.466746 0.172209 0.004751
0.527316 0.172209 0.008314
0.540380 0.172209 0.008314
0.553444 0.172209 0.008314
0.565321 0.172209 0.008314
0.579572 0.172209 0.009501
0.347981 0.173397 0.008314
0.356295 0.173397 0.005938
0.366983 0.173397 0.005938
0.393112 0.173397 0.005938
0.477435 0.173397 0.008314
0.264846 0.174584 0.007126
0.274347 0.174584 0.008314
0.336105 0.174584 0.008314
0.252969 0.175772 0.007126
0.231591 0.176960 0.004751
0.874109 0.176960 0.004751
0.210214 0.178147 0.008314
0.222090 0.178147 0.007126
0.237530 0.178147 0.009501
0.866983 0.178147 0.009501
0.203088 0.179335 0.008314
0.153207 0.180523 0.008314
0.176960 0.180523 0.008314
0.192399 0.180523 0.008314
0.830166 0.180523 0.005938
0.844418 0.180523 0.008314
0.850356 0.180523 0.009501
0.163895 0.181710 0.005938
0.141330 0.182898 0.007126
0.805226 0.182898 0.008314
0.813539 0.182898 0.004751
0.821853 0.182898 0.004751
0.119952 0.184086 0.007126
0.130641 0.184086 0.005938
0.766033 0.184086 0.010689
0.794537 0.184086 0.008314
0.679335 0.185273 0.011876
0.713777 0.185273 0.008314
0.723278 0.185273 0.004751
0.732779 0.185273 0.008314
0.754157 0.185273 0.007126
0.773159 0.185273 0.005938
0.742280 0.186461 0.007126
0.621140 0.187648 0.007126
0.630641 0.187648 0.007126
0.642518 0.187648 0.007126
0.652019 0.187648 0.008314
0.662708 0.187648 0.007126
0.699525 0.187648 0.010689
0.423990 0.188836 0.008314
0.507126 0.188836 0.008314
0.573634 0.188836 0.007126
0.598575 0.188836 0.008314
0.609264 0.188836 0.008314
0.298100 0.190024 0.016627
0.357482 0.190024 0.008314
0.365796 0.190024 0.008314
0.399050 0.190024 0.009501
0.412114 0.190024 0.008314
0.434679 0.190024 0.007126
0.446556 0.190024 0.004751
0.458432 0.190024 0.008314
0.485748 0.190024 0.008314
0.496437 0.190024 0.008314
0.521378 0.190024 0.007126
0.534442 0.190024 0.007126
0.543943 0.190024 0.007126
0.554632 0.190024 0.005938
0.564133 0.190024 0.005938
0.586698 0.190024 0.008314
0.307601 0.191211 0.008314
0.376485 0.191211 0.008314
0.470309 0.191211 0.008314
0.262470 0.192399 0.007126
0.273159 0.192399 0.004751
0.290974 0.192399 0.010689
0.333729 0.192399 0.004751
0.340855 0.192399 0.010689
0.880048 0.192399 0.005938
0.245843 0.193587 0.004751
0.252969 0.193587 0.013064
0.323040 0.193587 0.007126
0.853919 0.193587 0.008314
0.862233 0.193587 0.011876
0.870546 0.193587 0.004751
0.212589 0.194774 0.005938
0.224466 0.194774 0.008314
0.235154 0.194774 0.007126
0.842043 0.194774 0.008314
0.161520 0.195962 0.008314
0.169834 0.195962 0.004751
0.178147 0.195962 0.004751
0.191211 0.195962 0.008314
0.203088 0.195962 0.007126
0.149644 0.197150 0.008314
0.827791 0.197150 0.004751
0.119952 0.198337 0.008314
0.136580 0.198337 0.007126
0.800475 0.198337 0.007126
0.811164 0.198337 0.007126
0.820665 0.198337 0.004751
0.749406 0.199525 0.009501
0.780285 0.200713 0.008314
0.789786 0.200713 0.005938
0.730404 0.201900 0.008314
0.756532 0.201900 0.004751
0.644893 0.203088 0.008314
0.711401 0.203088 0.005938
0.720903 0.203088 0.005938
0.380048 0.204276 0.015439
0.600950 0.204276 0.007126
0.621140 0.204276 0.008314
0.633017 0.204276 0.008314
0.657957 0.204276 0.007126
0.669834 0.204276 0.008314
0.682898 0.204276 0.010689
0.699525 0.204276 0.008314
0.766033 0.204276 0.005938
0.407363 0.205463 0.007126
0.428741 0.205463 0.005938
0.439430 0.205463 0.007126
0.514252 0.205463 0.007126
0.526128 0.205463 0.007126
0.535629 0.205463 0.005938
0.557007 0.205463 0.008314
0.577197 0.205463 0.007126
0.589074 0.205463 0.008314
0.612827 0.205463 0.005938
0.388361 0.206651 0.005938
0.399050 0.206651 0.005938
0.419240 0.206651 0.007126
0.450119 0.206651 0.008314
0.461995 0.206651 0.004751
0.482185 0.206651 0.007126
0.490499 0.206651 0.005938
0.502375 0.206651 0.007126
0.545131 0.206651 0.008314
0.567696 0.206651 0.005938
0.369359 0.207838 0.013064
0.470309 0.207838 0.008314
0.343230 0.209026 0.008314
0.359857 0.209026 0.005938
0.287411 0.210214 0.007126
0.323040 0.210214 0.007126
0.332542 0.210214 0.007126
0.872922 0.210214 0.009501
0.262470 0.211401 0.007126
0.274347 0.211401 0.007126
0.299287 0.211401 0.005938
0.306413 0.211401 0.004751
0.862233 0.211401 0.004751
0.239905 0.212589 0.005938
0.218527 0.213777 0.013064
0.229216 0.213777 0.008314
0.250594 0.213777 0.007126
0.843230 0.213777 0.007126
0.852732 0.213777 0.008314
0.163895 0.214964 0.008314
0.176960 0.214964 0.008314
0.188836 0.214964 0.008314
0.200713 0.214964 0.008314
0.210214 0.214964 0.013064
0.832542 0.214964 0.004751
0.116390 0.216152 0.008314
0.150831 0.216152 0.008314
0.808789 0.216152 0.010689
0.819477 0.216152 0.010689
0.128266 0.217340 0.007126
0.140143 0.217340 0.008314
0.787411 0.217340 0.004751
0.773159 0.218527 0.007126
0.794537 0.218527 0.004751
0.744656 0.219715 0.014252
0.725653 0.220903 0.008314
0.733967 0.220903 0.004751
0.752969 0.220903 0.004751
0.763658 0.220903 0.007126
0.484561 0.222090 0.007126
0.603325 0.222090 0.008314
0.617577 0.222090 0.007126
0.628266 0.222090 0.007126
0.641330 0.222090 0.008314
0.649644 0.222090 0.004751
0.685273 0.222090 0.007126
0.700713 0.222090 0.008314
0.712589 0.222090 0.005938
0.448931 0.223278 0.008314
0.458432 0.223278 0.008314
0.496437 0.223278 0.007126
0.505938 0.223278 0.005938
0.515439 0.223278 0.008314
0.530879 0.223278 0.008314
0.583135 0.223278 0.007126
0.592637 0.223278 0.007126
0.657957 0.223278 0.005938
0.667458 0.223278 0.004751
0.675772 0.223278 0.004751
0.423990 0.224466 0.008314
0.435867 0.224466 0.008314
0.472684 0.224466 0.008314
0.543943 0.224466 0.008314
0.558195 0.224466 0.008314
0.571259 0.224466 0.008314
0.358670 0.225653 0.008314
0.368171 0.225653 0.008314
0.383610 0.225653 0.014252
0.390736 0.225653 0.013064
0.403800 0.225653 0.008314
0.414489 0.225653 0.007126
0.323040 0.226841 0.010689
0.261283 0.228029 0.008314
0.273159 0.228029 0.008314
0.285036 0.228029 0.007126
0.305226 0.228029 0.013064
0.336105 0.228029 0.016627
0.345606 0.228029 0.007126
0.250594 0.229216 0.004751
0.295724 0.229216 0.005938
0.148456 0.230404 0.005938
0.178147 0.230404 0.008314
0.222090 0.230404 0.004751
0.230404 0.230404 0.007126
0.157957 0.231591 0.007126
0.168646 0.231591 0.005938
0.192399 0.231591 0.008314
0.203088 0.231591 0.004751
0.211401 0.231591 0.008314
0.242280 0.231591 0.013064
0.130641 0.232779 0.005938
0.138955 0.232779 0.007126
0.119952 0.233967 0.008314
