0.941805 0.004751 0.017815
0.843230 0.007126 0.023753
0.755344 0.010689 0.020190
0.770784 0.010689 0.024941
0.817102 0.011876 0.011876
0.881235 0.011876 0.013064
0.684086 0.036817 0.011876
0.676960 0.038005 0.005938
0.560570 0.039192 0.008314
0.667458 0.039192 0.008314
0.691211 0.039192 0.009501
0.857482 0.039192 0.011876
0.602138 0.040380 0.004751
0.610451 0.040380 0.005938
0.633017 0.040380 0.007126
0.643705 0.040380 0.008314
0.654394 0.040380 0.008314
0.706651 0.040380 0.008314
0.732779 0.040380 0.008314
0.785036 0.040380 0.008314
0.794537 0.040380 0.005938
0.804038 0.040380 0.005938
0.833729 0.040380 0.008314
0.840855 0.040380 0.004751
0.849169 0.040380 0.004751
0.527316 0.041568 0.005938
0.535629 0.041568 0.005938
0.546318 0.041568 0.007126
0.571259 0.041568 0.013064
0.578385 0.041568 0.008314
0.589074 0.041568 0.005938
0.621140 0.041568 0.008314
0.720903 0.041568 0.009501
0.742280 0.041568 0.004751
0.813539 0.041568 0.005938
0.823040 0.041568 0.008314
0.865796 0.041568 0.004751
0.486936 0.042755 0.011876
0.497625 0.042755 0.007126
0.507126 0.042755 0.005938
0.515439 0.042755 0.008314
0.751781 0.042755 0.007126
0.762470 0.042755 0.007126
0.773159 0.042755 0.007126
0.876485 0.042755 0.008314
0.447743 0.043943 0.005938
0.458432 0.043943 0.007126
0.352732 0.045131 0.007126
0.400238 0.045131 0.007126
0.415677 0.045131 0.010689
0.423990 0.045131 0.008314
0.437055 0.045131 0.007126
0.469121 0.045131 0.008314
0.362233 0.046318 0.005938
0.389549 0.046318 0.007126
0.320665 0.047506 0.005938
0.328979 0.047506 0.004751
0.336105 0.047506 0.004751
0.371734 0.047506 0.005938
0.380048 0.047506 0.008314
0.260095 0.048694 0.004751
0.307601 0.048694 0.008314
0.251781 0.049881 0.010689
0.270784 0.049881 0.008314
0.167458 0.051069 0.013064
0.193587 0.051069 0.005938
0.205463 0.051069 0.008314
0.220903 0.051069 0.007126
0.231591 0.051069 0.007126
0.239905 0.051069 0.005938
0.298100 0.051069 0.008314
0.175772 0.052257 0.005938
0.184086 0.052257 0.004751
0.129454 0.053444 0.004751
0.148456 0.053444 0.010689
0.155582 0.053444 0.004751
0.671021 0.054632 0.005938
0.122328 0.055819 0.008314
0.593824 0.055819 0.005938
0.614014 0.055819 0.004751
0.622328 0.055819 0.007126
0.633017 0.055819 0.004751
0.643705 0.055819 0.008314
0.659145 0.055819 0.008314
0.679335 0.055819 0.005938
0.688836 0.055819 0.008314
0.704276 0.055819 0.007126
0.717340 0.055819 0.007126
0.781473 0.055819 0.007126
0.790974 0.055819 0.008314
0.804038 0.055819 0.008314
0.815914 0.055819 0.008314
0.827791 0.055819 0.007126
0.839667 0.055819 0.007126
0.849169 0.055819 0.005938
0.858670 0.055819 0.005938
0.868171 0.055819 0.004751
0.881235 0.055819 0.005938
0.523753 0.057007 0.007126
0.534442 0.057007 0.005938
0.545131 0.057007 0.005938
0.557007 0.057007 0.008314
0.567696 0.057007 0.005938
0.576010 0.057007 0.005938
0.585511 0.057007 0.004751
0.603325 0.057007 0.007126
0.729216 0.057007 0.007126
0.758907 0.057007 0.007126
0.770784 0.057007 0.007126
0.475059 0.058195 0.005938
0.488124 0.058195 0.008314
0.498812 0.058195 0.008314
0.511876 0.058195 0.008314
0.743468 0.058195 0.009501
0.394299 0.059382 0.008314
0.406176 0.059382 0.007126
0.415677 0.059382 0.007126
0.427553 0.059382 0.004751
0.448931 0.059382 0.004751
0.457245 0.059382 0.007126
0.466746 0.059382 0.004751
0.437055 0.060570 0.007126
0.374109 0.061758 0.005938
0.382423 0.061758 0.004751
0.320665 0.062945 0.005938
0.340855 0.062945 0.007126
0.361045 0.062945 0.005938
0.252969 0.064133 0.004751
0.352732 0.064133 0.004751
0.193587 0.065321 0.007126
0.203088 0.065321 0.007126
0.213777 0.065321 0.004751
0.220903 0.065321 0.004751
0.233967 0.065321 0.005938
0.244656 0.065321 0.005938
0.308789 0.065321 0.007126
0.182898 0.066508 0.007126
0.174584 0.067696 0.004751
0.880048 0.067696 0.007126
0.163895 0.068884 0.005938
0.672209 0.068884 0.004751
0.123515 0.070071 0.007126
0.143705 0.070071 0.005938
0.154394 0.070071 0.007126
0.655582 0.070071 0.005938
0.679335 0.070071 0.005938
0.868171 0.070071 0.008314
0.134204 0.071259 0.004751
0.597387 0.071259 0.008314
0.621140 0.071259 0.005938
0.633017 0.071259 0.008314
0.643705 0.071259 0.005938
0.665083 0.071259 0.004751
0.688836 0.071259 0.007126
0.704276 0.071259 0.009501
0.719715 0.071259 0.008314
0.798100 0.071259 0.005938
0.852732 0.071259 0.008314
0.541568 0.072447 0.005938
0.554632 0.072447 0.007126
0.566508 0.072447 0.007126
0.576010 0.072447 0.005938
0.584323 0.072447 0.004751
0.606888 0.072447 0.007126
0.730404 0.072447 0.005938
0.742280 0.072447 0.008314
0.755344 0.072447 0.008314
0.768409 0.072447 0.007126
0.780285 0.072447 0.007126
0.790974 0.072447 0.004751
0.808789 0.072447 0.007126
0.838480 0.072447 0.010689
0.425178 0.073634 0.008314
0.530879 0.073634 0.005938
0.412114 0.074822 0.008314
0.433492 0.074822 0.004751
0.460808 0.074822 0.008314
0.471496 0.074822 0.005938
0.483373 0.074822 0.007126
0.492874 0.074822 0.005938
0.503563 0.074822 0.007126
0.514252 0.074822 0.005938
0.521378 0.074822 0.005938
0.820665 0.074822 0.008314
0.309976 0.076010 0.005938
0.391924 0.076010 0.005938
0.400238 0.076010 0.005938
0.344418 0.077197 0.004751
0.362233 0.077197 0.007126
0.371734 0.077197 0.007126
0.382423 0.077197 0.004751
0.294537 0.078385 0.013064
0.302850 0.078385 0.004751
0.336105 0.078385 0.005938
0.252969 0.079572 0.007126
0.263658 0.079572 0.008314
0.275534 0.079572 0.005938
0.283848 0.079572 0.008314
0.219715 0.080760 0.007126
0.171021 0.081948 0.005938
0.179335 0.081948 0.007126
0.198337 0.081948 0.007126
0.230404 0.081948 0.007126
0.239905 0.081948 0.008314
0.157957 0.083135 0.008314
0.207838 0.083135 0.007126
0.660333 0.083135 0.004751
0.666271 0.083135 0.004751
0.147268 0.084323 0.007126
0.187648 0.084323 0.008314
0.608076 0.084323 0.004751
0.649644 0.084323 0.007126
0.868171 0.084323 0.004751
0.876485 0.084323 0.005938
0.884798 0.084323 0.005938
0.600950 0.085511 0.004751
0.624703 0.085511 0.005938
0.635392 0.085511 0.008314
0.718527 0.085511 0.008314
0.764846 0.085511 0.007126
0.775534 0.085511 0.005938
0.785036 0.085511 0.007126
0.795724 0.085511 0.005938
0.805226 0.085511 0.007126
0.818290 0.085511 0.005938
0.837292 0.085511 0.005938
0.847981 0.085511 0.005938
0.858670 0.085511 0.005938
0.130641 0.086698 0.009501
0.554632 0.086698 0.005938
0.564133 0.086698 0.005938
0.572447 0.086698 0.004751
0.591449 0.086698 0.005938
0.731591 0.086698 0.005938
0.739905 0.086698 0.008314
0.750594 0.086698 0.008314
0.827791 0.086698 0.004751
0.118765 0.087886 0.007126
0.447743 0.087886 0.004751
0.508314 0.087886 0.005938
0.524941 0.087886 0.004751
0.543943 0.087886 0.007126
0.579572 0.087886 0.005938
0.381235 0.089074 0.007126
0.429929 0.089074 0.011876
0.463183 0.089074 0.004751
0.483373 0.089074 0.004751
0.490499 0.089074 0.004751
0.498812 0.089074 0.004751
0.517815 0.089074 0.005938
0.534442 0.089074 0.005938
0.342043 0.090261 0.004751
0.358670 0.090261 0.005938
0.369359 0.090261 0.005938
0.391924 0.090261 0.005938
0.416865 0.090261 0.008314
0.438242 0.090261 0.005938
0.454869 0.090261 0.005938
0.333729 0.091449 0.005938
0.287411 0.092637 0.005938
0.268409 0.095012 0.007126
0.279097 0.095012 0.004751
0.249406 0.096200 0.004751
0.257720 0.096200 0.008314
0.238717 0.097387 0.007126
0.857482 0.097387 0.007126
0.869359 0.097387 0.008314
0.881235 0.097387 0.009501
0.214964 0.098575 0.007126
0.226841 0.098575 0.005938
0.124703 0.099762 0.008314
0.136580 0.099762 0.007126
0.149644 0.099762 0.007126
0.161520 0.099762 0.007126
0.770784 0.099762 0.008314
0.783848 0.099762 0.008314
0.795724 0.099762 0.008314
0.819477 0.099762 0.008314
0.845606 0.099762 0.008314
0.118765 0.100950 0.004751
0.599762 0.100950 0.008314
0.614014 0.100950 0.008314
0.624703 0.100950 0.005938
0.634204 0.100950 0.005938
0.642518 0.100950 0.005938
0.728029 0.100950 0.008314
0.737530 0.100950 0.007126
0.808789 0.100950 0.008314
0.832542 0.100950 0.008314
0.587886 0.102138 0.005938
0.717340 0.102138 0.007126
0.757720 0.102138 0.007126
0.539192 0.103325 0.005938
0.566508 0.103325 0.007126
0.407363 0.104513 0.005938
0.418052 0.104513 0.007126
0.439430 0.104513 0.004751
0.446556 0.104513 0.009501
0.548694 0.104513 0.005938
0.558195 0.104513 0.005938
0.520190 0.105701 0.005938
0.529691 0.105701 0.007126
0.286223 0.106888 0.008314
0.510689 0.106888 0.005938
0.260095 0.109264 0.009501
0.273159 0.109264 0.005938
0.244656 0.110451 0.010689
0.194774 0.111639 0.008314
0.207838 0.111639 0.004751
0.214964 0.111639 0.007126
0.225653 0.111639 0.004751
0.137767 0.112827 0.007126
0.117577 0.114014 0.010689
0.149644 0.114014 0.007126
0.875297 0.114014 0.008314
0.663895 0.115202 0.013064
0.864608 0.115202 0.004751
0.885986 0.115202 0.008314
0.628266 0.116390 0.007126
0.637767 0.116390 0.004751
0.655582 0.116390 0.007126
0.745843 0.116390 0.007126
0.769596 0.116390 0.008314
0.779097 0.116390 0.007126
0.856295 0.116390 0.008314
0.604513 0.117577 0.007126
0.616390 0.117577 0.008314
0.646081 0.117577 0.013064
0.718527 0.117577 0.007126
0.728029 0.117577 0.005938
0.736342 0.117577 0.004751
0.757720 0.117577 0.008314
0.793349 0.117577 0.009501
0.805226 0.117577 0.007126
0.825416 0.117577 0.007126
0.834917 0.117577 0.005938
0.844418 0.117577 0.007126
0.593824 0.118765 0.008314
0.814727 0.118765 0.007126
0.402613 0.119952 0.008314
0.549881 0.121140 0.007126
0.572447 0.121140 0.007126
0.581948 0.121140 0.005938
0.560570 0.122328 0.007126
0.391924 0.123515 0.008314
0.140143 0.127078 0.007126
0.150831 0.127078 0.005938
0.130641 0.128266 0.007126
0.118765 0.129454 0.007126
0.862233 0.130641 0.004751
0.716152 0.131829 0.008314
0.726841 0.131829 0.007126
0.869359 0.131829 0.010689
0.878860 0.131829 0.004751
0.643705 0.133017 0.008314
0.654394 0.133017 0.007126
0.665083 0.133017 0.007126
0.738717 0.133017 0.007126
0.747031 0.133017 0.004751
0.754157 0.133017 0.008314
0.817102 0.133017 0.007126
0.827791 0.133017 0.004751
0.834917 0.133017 0.008314
0.852732 0.133017 0.008314
0.764846 0.134204 0.005938
0.806413 0.134204 0.007126
0.844418 0.134204 0.004751
0.625891 0.135392 0.013064
0.782660 0.135392 0.008314
0.794537 0.135392 0.007126
0.617577 0.136580 0.005938
0.581948 0.137767 0.005938
0.592637 0.137767 0.010689
0.608076 0.137767 0.007126
0.903800 0.137767 0.011876
0.522565 0.138955 0.005938
0.532067 0.138955 0.005938
0.572447 0.138955 0.005938
0.475059 0.140143 0.011876
0.542755 0.140143 0.004751
0.552257 0.140143 0.005938
0.561758 0.140143 0.008314
0.371734 0.141330 0.005938
0.382423 0.141330 0.007126
0.423990 0.141330 0.005938
0.432304 0.141330 0.007126
0.446556 0.141330 0.010689
0.497625 0.141330 0.004751
0.361045 0.142518 0.008314
0.413302 0.142518 0.013064
0.483373 0.142518 0.013064
0.490499 0.142518 0.004751
0.505938 0.142518 0.004751
0.514252 0.142518 0.013064
0.144893 0.144893 0.005938
0.153207 0.144893 0.005938
0.162708 0.144893 0.007126
0.881235 0.144893 0.008314
0.134204 0.146081 0.007126
0.862233 0.146081 0.007126
0.871734 0.146081 0.004751
0.743468 0.147268 0.008314
0.768409 0.147268 0.008314
0.807601 0.147268 0.004751
0.815914 0.147268 0.007126
0.834917 0.147268 0.007126
0.118765 0.148456 0.010689
0.732779 0.148456 0.008314
0.756532 0.148456 0.007126
0.785036 0.148456 0.008314
0.799287 0.148456 0.010689
0.825416 0.148456 0.007126
0.847981 0.148456 0.005938
0.675772 0.150831 0.008314
0.687648 0.150831 0.008314
0.713777 0.150831 0.010689
0.663895 0.152019 0.007126
0.700713 0.152019 0.009501
0.604513 0.154394 0.007126
0.621140 0.154394 0.008314
0.633017 0.154394 0.007126
0.641330 0.154394 0.005938
0.650831 0.154394 0.008314
0.573634 0.155582 0.008314
0.581948 0.155582 0.008314
0.561758 0.156770 0.008314
0.592637 0.156770 0.005938
0.520190 0.157957 0.004751
0.380048 0.159145 0.007126
0.445368 0.159145 0.008314
0.456057 0.159145 0.005938
0.505938 0.159145 0.004751
0.880048 0.159145 0.004751
0.315914 0.160333 0.005938
0.339667 0.160333 0.005938
0.349169 0.160333 0.004751
0.358670 0.160333 0.005938
0.369359 0.160333 0.007126
0.390736 0.160333 0.005938
0.399050 0.160333 0.007126
0.412114 0.160333 0.008314
0.421615 0.160333 0.005938
0.432304 0.160333 0.007126
0.465558 0.160333 0.007126
0.476247 0.160333 0.008314
0.488124 0.160333 0.004751
0.496437 0.160333 0.005938
0.853919 0.160333 0.010689
0.874109 0.160333 0.009501
0.233967 0.161520 0.007126
0.245843 0.161520 0.008314
0.324228 0.161520 0.005938
0.862233 0.161520 0.007126
0.173397 0.162708 0.005938
0.190024 0.162708 0.008314
0.828979 0.162708 0.008314
0.838480 0.162708 0.007126
0.149644 0.163895 0.008314
0.161520 0.163895 0.008314
0.216152 0.163895 0.009501
0.724466 0.163895 0.008314
0.799287 0.163895 0.005938
0.809976 0.163895 0.008314
0.115202 0.165083 0.007126
0.125891 0.165083 0.004751
0.136580 0.165083 0.008314
0.710214 0.165083 0.008314
0.736342 0.165083 0.008314
0.758907 0.165083 0.008314
0.769596 0.165083 0.007126
0.781473 0.165083 0.005938
0.790974 0.165083 0.005938
0.691211 0.166271 0.007126
0.636580 0.167458 0.007126
0.662708 0.167458 0.009501
0.675772 0.167458 0.004751
0.508314 0.168646 0.008314
0.615202 0.168646 0.005938
0.625891 0.168646 0.007126
0.581948 0.169834 0.005938
0.591449 0.169834 0.013064
0.605701 0.169834 0.007126
0.548694 0.171021 0.008314
0.558195 0.171021 0.007126
0.571259 0.171021 0.008314
0.517815 0.172209 0.004751
0.534442 0.172209 0.008314
0.356295 0.173397 0.005938
0.364608 0.173397 0.004751
0.323040 0.174584 0.007126
0.376485 0.174584 0.009501
0.391924 0.174584 0.005938
0.402613 0.174584 0.004751
0.434679 0.174584 0.005938
0.463183 0.174584 0.005938
0.472684 0.174584 0.007126
0.486936 0.174584 0.009501
0.245843 0.175772 0.007126
0.256532 0.175772 0.008314
0.334917 0.175772 0.005938
0.410926 0.175772 0.005938
0.420428 0.175772 0.005938
0.444181 0.175772 0.004751
0.452494 0.175772 0.008314
0.235154 0.176960 0.005938
0.344418 0.176960 0.007126
0.871734 0.176960 0.008314
0.125891 0.178147 0.007126
0.136580 0.178147 0.005938
0.148456 0.178147 0.007126
0.160333 0.178147 0.007126
0.182898 0.178147 0.008314
0.214964 0.178147 0.005938
0.288599 0.178147 0.008314
0.842043 0.178147 0.007126
0.852732 0.178147 0.008314
0.114014 0.179335 0.007126
0.171021 0.179335 0.007126
0.830166 0.179335 0.007126
0.807601 0.180523 0.008314
0.818290 0.180523 0.008314
0.859857 0.180523 0.013064
0.795724 0.181710 0.005938
0.725653 0.182898 0.005938
0.738717 0.182898 0.009501
0.752969 0.182898 0.007126
0.763658 0.182898 0.005938
0.774347 0.182898 0.008314
0.787411 0.182898 0.007126
0.714964 0.184086 0.008314
0.547506 0.186461 0.007126
0.559382 0.186461 0.008314
0.622328 0.186461 0.008314
0.655582 0.186461 0.007126
0.666271 0.186461 0.008314
0.676960 0.186461 0.005938
0.699525 0.186461 0.010689
0.534442 0.187648 0.008314
0.576010 0.187648 0.007126
0.585511 0.187648 0.005938
0.593824 0.187648 0.004751
0.686461 0.187648 0.008314
0.611639 0.188836 0.008314
0.633017 0.188836 0.008314
0.644893 0.188836 0.008314
0.435867 0.190024 0.007126
0.445368 0.190024 0.005938
0.464371 0.190024 0.005938
0.473872 0.190024 0.008314
0.505938 0.190024 0.008314
0.516627 0.190024 0.013064
0.142518 0.191211 0.010689
0.219715 0.191211 0.010689
0.343230 0.191211 0.007126
0.355107 0.191211 0.008314
0.372922 0.191211 0.007126
0.382423 0.191211 0.005938
0.393112 0.191211 0.008314
0.403800 0.191211 0.007126
0.414489 0.191211 0.008314
0.426366 0.191211 0.005938
0.484561 0.191211 0.007126
0.492874 0.191211 0.005938
0.159145 0.192399 0.005938
0.257720 0.192399 0.005938
0.285036 0.192399 0.007126
0.298100 0.192399 0.008314
0.308789 0.192399 0.005938
0.319477 0.192399 0.007126
0.331354 0.192399 0.008314
0.364608 0.192399 0.005938
0.452494 0.192399 0.008314
0.127078 0.193587 0.008314
0.167458 0.193587 0.008314
0.201900 0.193587 0.008314
0.266033 0.193587 0.004751
0.114014 0.194774 0.008314
0.244656 0.194774 0.008314
