0.832542 0.072447 0.008314
0.900238 0.072447 0.005938
0.743468 0.073634 0.007126
0.780285 0.073634 0.013064
0.790974 0.073634 0.008314
0.859857 0.073634 0.010689
0.868171 0.073634 0.011876
0.644893 0.074822 0.008314
0.712589 0.074822 0.008314
0.726841 0.074822 0.008314
0.754157 0.074822 0.007126
0.764846 0.074822 0.008314
0.800475 0.074822 0.005938
0.821853 0.074822 0.007126
0.843230 0.074822 0.008314
0.885986 0.074822 0.010689
0.535629 0.076010 0.008314
0.567696 0.076010 0.008314
0.634204 0.076010 0.008314
0.657957 0.076010 0.008314
0.667458 0.076010 0.007126
0.676960 0.076010 0.004751
0.687648 0.076010 0.008314
0.695962 0.076010 0.004751
0.809976 0.076010 0.008314
0.546318 0.077197 0.008314
0.557007 0.077197 0.007126
0.579572 0.077197 0.008314
0.624703 0.077197 0.005938
0.514252 0.079572 0.008314
0.524941 0.079572 0.005938
0.488124 0.080760 0.008314
0.502375 0.080760 0.008314
0.602138 0.080760 0.007126
0.614014 0.080760 0.008314
0.396675 0.081948 0.007126
0.469121 0.081948 0.007126
0.477435 0.081948 0.005938
0.368171 0.083135 0.005938
0.385986 0.083135 0.005938
0.404988 0.083135 0.004751
0.429929 0.083135 0.008314
0.451306 0.083135 0.013064
0.458432 0.083135 0.005938
0.336105 0.084323 0.007126
0.347981 0.084323 0.007126
0.358670 0.084323 0.007126
0.376485 0.084323 0.004751
0.441805 0.084323 0.007126
0.304038 0.085511 0.004751
0.274347 0.086698 0.009501
0.296912 0.086698 0.004751
0.326603 0.086698 0.008314
0.287411 0.087886 0.005938
0.771971 0.087886 0.007126
0.850356 0.087886 0.007126
0.257720 0.089074 0.004751
0.720903 0.089074 0.008314
0.729216 0.089074 0.004751
0.743468 0.089074 0.010689
0.758907 0.089074 0.007126
0.815914 0.089074 0.007126
0.837292 0.089074 0.005938
0.859857 0.089074 0.005938
0.869359 0.089074 0.005938
0.878860 0.089074 0.005938
0.887173 0.089074 0.005938
0.249406 0.090261 0.005938
0.661520 0.090261 0.008314
0.711401 0.090261 0.007126
0.781473 0.090261 0.004751
0.793349 0.090261 0.007126
0.804038 0.090261 0.005938
0.826603 0.090261 0.005938
0.230404 0.091449 0.007126
0.241093 0.091449 0.007126
0.673397 0.091449 0.008314
0.685273 0.091449 0.008314
0.697150 0.091449 0.008314
0.193587 0.092637 0.004751
0.211401 0.092637 0.004751
0.219715 0.092637 0.004751
0.635392 0.092637 0.005938
0.644893 0.092637 0.008314
0.182898 0.093824 0.005938
0.200713 0.093824 0.011876
0.576010 0.093824 0.008314
0.586698 0.093824 0.007126
0.625891 0.093824 0.007126
0.165083 0.095012 0.005938
0.174584 0.095012 0.007126
0.551069 0.095012 0.008314
0.562945 0.095012 0.008314
0.599762 0.095012 0.008314
0.614014 0.095012 0.007126
0.155582 0.096200 0.005938
0.507126 0.096200 0.007126
0.516627 0.096200 0.005938
0.538005 0.096200 0.008314
0.494062 0.097387 0.008314
0.527316 0.097387 0.007126
0.131829 0.098575 0.011876
0.142518 0.098575 0.007126
0.410926 0.098575 0.005938
0.419240 0.098575 0.008314
0.429929 0.098575 0.008314
0.444181 0.098575 0.008314
0.458432 0.098575 0.008314
0.470309 0.098575 0.007126
0.124703 0.099762 0.011876
0.323040 0.099762 0.005938
0.343230 0.099762 0.007126
0.395487 0.099762 0.008314
0.452494 0.099762 0.011876
0.482185 0.099762 0.008314
0.312352 0.100950 0.007126
0.332542 0.100950 0.007126
0.359857 0.100950 0.008314
0.384798 0.100950 0.007126
0.371734 0.102138 0.008314
0.874109 0.102138 0.008314
0.883610 0.102138 0.005938
0.287411 0.103325 0.004751
0.296912 0.103325 0.008314
0.762470 0.103325 0.008314
0.773159 0.103325 0.008314
0.788599 0.103325 0.008314
0.830166 0.103325 0.010689
0.859857 0.103325 0.008314
0.252969 0.104513 0.004751
0.262470 0.104513 0.007126
0.273159 0.104513 0.008314
0.701900 0.104513 0.008314
0.718527 0.104513 0.011876
0.749406 0.104513 0.007126
0.802850 0.104513 0.008314
0.814727 0.104513 0.004751
0.823040 0.104513 0.004751
0.236342 0.105701 0.007126
0.244656 0.105701 0.005938
0.678147 0.105701 0.005938
0.710214 0.105701 0.004751
0.737530 0.105701 0.008314
0.845606 0.105701 0.009501
0.213777 0.106888 0.008314
0.224466 0.106888 0.007126
0.596200 0.106888 0.007126
0.652019 0.106888 0.004751
0.660333 0.106888 0.005938
0.669834 0.106888 0.004751
0.688836 0.106888 0.005938
0.169834 0.108076 0.007126
0.180523 0.108076 0.005938
0.191211 0.108076 0.007126
0.203088 0.108076 0.008314
0.625891 0.108076 0.008314
0.631829 0.108076 0.004751
0.642518 0.108076 0.005938
0.155582 0.109264 0.008314
0.606888 0.109264 0.007126
0.615202 0.109264 0.005938
0.147268 0.110451 0.007126
0.572447 0.110451 0.008314
0.584323 0.110451 0.008314
0.136580 0.111639 0.008314
0.515439 0.111639 0.004751
0.549881 0.111639 0.008314
0.560570 0.111639 0.007126
0.535629 0.112827 0.008314
0.451306 0.114014 0.007126
0.477435 0.114014 0.007126
0.522565 0.114014 0.010689
0.125891 0.115202 0.005938
0.395487 0.115202 0.007126
0.410926 0.115202 0.007126
0.423990 0.115202 0.009501
0.440618 0.115202 0.008314
0.465558 0.115202 0.008314
0.489311 0.115202 0.008314
0.503563 0.115202 0.009501
0.321853 0.116390 0.007126
0.339667 0.116390 0.005938
0.358670 0.116390 0.007126
0.370546 0.116390 0.008314
0.377672 0.116390 0.004751
0.385986 0.116390 0.004751
0.309976 0.117577 0.008314
0.330166 0.117577 0.005938
0.347981 0.117577 0.005938
0.786223 0.117577 0.008314
0.870546 0.117577 0.008314
0.882423 0.117577 0.010689
0.286223 0.118765 0.008314
0.298100 0.118765 0.007126
0.796912 0.118765 0.010689
0.805226 0.118765 0.005938
0.834917 0.118765 0.008314
0.856295 0.118765 0.007126
0.235154 0.119952 0.005938
0.245843 0.119952 0.007126
0.257720 0.119952 0.007126
0.266033 0.119952 0.004751
0.275534 0.119952 0.007126
0.768409 0.119952 0.008314
0.813539 0.119952 0.010689
0.845606 0.119952 0.005938
0.187648 0.121140 0.005938
0.224466 0.121140 0.007126
0.758907 0.121140 0.005938
0.162708 0.122328 0.008314
0.212589 0.122328 0.008314
0.724466 0.122328 0.008314
0.735154 0.122328 0.008314
0.748219 0.122328 0.008314
0.197150 0.123515 0.008314
0.710214 0.123515 0.007126
0.150831 0.124703 0.005938
0.633017 0.124703 0.004751
0.640143 0.124703 0.004751
0.662708 0.124703 0.010689
0.137767 0.125891 0.007126
0.578385 0.125891 0.008314
0.605701 0.125891 0.008314
0.622328 0.125891 0.008314
0.562945 0.127078 0.007126
0.590261 0.127078 0.008314
0.123515 0.128266 0.008314
0.535629 0.128266 0.007126
0.551069 0.129454 0.008314
0.420428 0.130641 0.009501
0.444181 0.130641 0.007126
0.454869 0.130641 0.005938
0.466746 0.130641 0.008314
0.478622 0.130641 0.008314
0.490499 0.130641 0.005938
0.524941 0.130641 0.007126
0.385986 0.131829 0.008314
0.501188 0.131829 0.007126
0.514252 0.131829 0.008314
0.340855 0.133017 0.008314
0.400238 0.133017 0.010689
0.432304 0.133017 0.008314
0.238717 0.134204 0.007126
0.268409 0.134204 0.005938
0.276722 0.134204 0.008314
0.351544 0.134204 0.008314
0.359857 0.134204 0.004751
0.186461 0.135392 0.007126
0.228029 0.135392 0.004751
0.257720 0.135392 0.007126
0.798100 0.135392 0.007126
0.811164 0.135392 0.008314
0.820665 0.135392 0.005938
0.852732 0.135392 0.007126
0.863420 0.135392 0.004751
0.871734 0.135392 0.005938
0.880048 0.135392 0.004751
0.161520 0.136580 0.004751
0.168646 0.136580 0.004751
0.207838 0.136580 0.008314
0.219715 0.136580 0.004751
0.783848 0.136580 0.010689
0.834917 0.136580 0.004751
0.197150 0.137767 0.008314
0.747031 0.137767 0.007126
0.758907 0.137767 0.008314
0.843230 0.137767 0.007126
0.738717 0.138955 0.004751
0.137767 0.140143 0.005938
0.152019 0.140143 0.013064
0.634204 0.141330 0.007126
0.646081 0.141330 0.009501
0.653207 0.141330 0.011876
0.124703 0.142518 0.009501
0.586698 0.142518 0.008314
0.597387 0.142518 0.008314
0.622328 0.142518 0.005938
0.577197 0.143705 0.005938
0.610451 0.143705 0.008314
0.230404 0.144893 0.005938
0.536817 0.144893 0.005938
0.567696 0.144893 0.007126
0.489311 0.146081 0.008314
0.524941 0.146081 0.007126
0.548694 0.146081 0.005938
0.557007 0.146081 0.005938
0.453682 0.147268 0.008314
0.466746 0.147268 0.008314
0.477435 0.147268 0.008314
0.514252 0.147268 0.007126
0.222090 0.148456 0.007126
0.267221 0.148456 0.005938
0.275534 0.148456 0.004751
0.285036 0.148456 0.011876
0.336105 0.148456 0.009501
0.350356 0.148456 0.008314
0.375297 0.148456 0.007126
0.384798 0.148456 0.007126
0.441805 0.148456 0.004751
0.503563 0.148456 0.008314
0.292162 0.149644 0.013064
0.363420 0.149644 0.008314
0.396675 0.149644 0.008314
0.421615 0.149644 0.004751
0.431116 0.149644 0.008314
0.876485 0.149644 0.011876
0.167458 0.150831 0.008314
0.412114 0.150831 0.008314
0.204276 0.152019 0.004751
0.212589 0.152019 0.005938
0.828979 0.152019 0.005938
0.842043 0.152019 0.008314
0.851544 0.152019 0.004751
0.857482 0.152019 0.011876
0.866983 0.152019 0.008314
0.197150 0.153207 0.010689
0.815914 0.153207 0.008314
0.796912 0.154394 0.004751
0.804038 0.154394 0.010689
0.123515 0.157957 0.007126
0.712589 0.157957 0.008314
0.723278 0.157957 0.008314
0.750594 0.157957 0.008314
0.761283 0.157957 0.007126
0.637767 0.159145 0.008314
0.646081 0.159145 0.005938
0.735154 0.159145 0.005938
0.621140 0.160333 0.007126
0.577197 0.161520 0.008314
0.593824 0.161520 0.010689
0.605701 0.161520 0.008314
0.564133 0.162708 0.008314
0.552257 0.163895 0.008314
0.459620 0.165083 0.004751
0.477435 0.165083 0.005938
0.492874 0.165083 0.008314
0.502375 0.165083 0.005938
0.511876 0.165083 0.008314
0.526128 0.165083 0.007126
0.538005 0.165083 0.008314
0.273159 0.166271 0.007126
0.384798 0.166271 0.005938
0.394299 0.166271 0.005938
0.437055 0.166271 0.008314
0.448931 0.166271 0.007126
0.467933 0.166271 0.005938
0.283848 0.167458 0.008314
0.337292 0.167458 0.008314
0.404988 0.167458 0.007126
0.413302 0.167458 0.004751
0.422803 0.167458 0.007126
0.349169 0.168646 0.005938
0.359857 0.168646 0.008314
0.368171 0.168646 0.004751
0.376485 0.168646 0.013064
0.883610 0.168646 0.008314
0.217340 0.169834 0.008314
0.229216 0.169834 0.009501
0.262470 0.169834 0.008314
0.858670 0.169834 0.007126
0.872922 0.169834 0.008314
0.194774 0.171021 0.007126
0.206651 0.171021 0.007126
0.846793 0.171021 0.008314
0.769596 0.172209 0.013064
0.776722 0.173397 0.008314
0.789786 0.173397 0.007126
0.812352 0.173397 0.007126
0.168646 0.174584 0.004751
0.752969 0.174584 0.008314
0.801663 0.174584 0.008314
0.150831 0.175772 0.013064
0.619952 0.175772 0.008314
0.659145 0.175772 0.004751
0.629454 0.176960 0.005938
0.647268 0.176960 0.004751
0.728029 0.176960 0.008314
0.610451 0.178147 0.005938
0.638955 0.178147 0.005938
0.716152 0.178147 0.008314
0.586698 0.179335 0.010689
0.599762 0.179335 0.008314
0.548694 0.180523 0.005938
0.559382 0.180523 0.007126
0.570071 0.180523 0.007126
0.520190 0.181710 0.008314
0.529691 0.181710 0.005938
0.540380 0.181710 0.008314
0.496437 0.182898 0.005938
0.510689 0.182898 0.007126
0.884798 0.182898 0.008314
0.402613 0.184086 0.007126
0.466746 0.184086 0.008314
0.477435 0.184086 0.007126
0.486936 0.184086 0.005938
0.843230 0.184086 0.005938
0.852732 0.184086 0.005938
0.861045 0.184086 0.004751
0.870546 0.184086 0.007126
0.412114 0.185273 0.005938
0.425178 0.185273 0.008314
0.438242 0.185273 0.008314
0.448931 0.185273 0.008314
0.331354 0.186461 0.007126
0.340855 0.186461 0.007126
0.352732 0.186461 0.008314
0.369359 0.186461 0.007126
0.393112 0.186461 0.005938
0.836105 0.186461 0.008314
0.231591 0.187648 0.015439
0.243468 0.187648 0.008314
0.252969 0.187648 0.007126
0.271971 0.187648 0.014252
0.381235 0.187648 0.008314
0.802850 0.187648 0.004751
0.814727 0.187648 0.007126
0.823040 0.187648 0.005938
0.220903 0.188836 0.008314
0.261283 0.188836 0.005938
0.777910 0.188836 0.004751
0.793349 0.188836 0.005938
0.209026 0.190024 0.005938
0.767221 0.190024 0.008314
0.786223 0.190024 0.011876
0.180523 0.191211 0.005938
0.190024 0.191211 0.005938
0.676960 0.191211 0.010689
0.731591 0.191211 0.007126
0.742280 0.191211 0.008314
0.171021 0.192399 0.008314
0.644893 0.192399 0.005938
0.665083 0.192399 0.008314
0.720903 0.192399 0.005938
0.752969 0.192399 0.007126
0.160333 0.193587 0.008314
0.635392 0.193587 0.005938
0.653207 0.193587 0.011876
0.684086 0.193587 0.011876
0.710214 0.193587 0.005938
0.143705 0.194774 0.010689
0.616390 0.194774 0.005938
0.700713 0.194774 0.005938
0.562945 0.195962 0.008314
0.573634 0.195962 0.007126
0.583135 0.195962 0.005938
0.593824 0.195962 0.005938
0.604513 0.195962 0.007126
0.623515 0.195962 0.008314
0.486936 0.197150 0.007126
0.515439 0.197150 0.008314
0.535629 0.197150 0.004751
0.546318 0.197150 0.008314
0.885986 0.197150 0.008314
0.453682 0.198337 0.008314
0.467933 0.198337 0.005938
0.501188 0.198337 0.008314
0.527316 0.198337 0.008314
0.875297 0.198337 0.010689
0.397862 0.199525 0.008314
0.412114 0.199525 0.008314
0.477435 0.199525 0.005938
0.852732 0.199525 0.007126
0.862233 0.199525 0.004751
0.422803 0.200713 0.008314
0.387173 0.201900 0.005938
0.432304 0.201900 0.007126
0.442993 0.201900 0.008314
0.824228 0.201900 0.009501
0.836105 0.201900 0.004751
0.308789 0.203088 0.007126
0.339667 0.203088 0.005938
0.350356 0.203088 0.008314
0.363420 0.203088 0.005938
0.372922 0.203088 0.007126
0.781473 0.203088 0.008314
0.811164 0.203088 0.004751
0.285036 0.204276 0.005938
0.296912 0.204276 0.008314
0.320665 0.204276 0.005938
0.331354 0.204276 0.008314
0.749406 0.204276 0.005938
0.769596 0.204276 0.004751
0.790974 0.204276 0.008314
0.804038 0.204276 0.010689
0.251781 0.205463 0.008314
0.275534 0.205463 0.007126
0.714964 0.205463 0.008314
0.723278 0.205463 0.005938
0.733967 0.205463 0.008314
0.741093 0.205463 0.005938
0.760095 0.205463 0.005938
0.709026 0.206651 0.004751
0.213777 0.207838 0.007126
0.241093 0.207838 0.007126
0.648456 0.207838 0.004751
0.668646 0.207838 0.004751
0.699525 0.207838 0.005938
0.199525 0.209026 0.008314
0.225653 0.209026 0.008314
0.619952 0.209026 0.008314
0.628266 0.209026 0.005938
0.638955 0.209026 0.005938
0.675772 0.209026 0.010689
0.188836 0.210214 0.007126
0.598575 0.210214 0.005938
0.608076 0.210214 0.004751
0.118765 0.211401 0.008314
0.127078 0.211401 0.005938
0.180523 0.211401 0.008314
0.554632 0.211401 0.009501
0.568884 0.211401 0.007126
0.578385 0.211401 0.005938
0.589074 0.211401 0.008314
0.142518 0.212589 0.008314
0.476247 0.212589 0.008314
0.501188 0.212589 0.007126
0.538005 0.212589 0.005938
0.547506 0.212589 0.004751
0.513064 0.213777 0.004751
0.528504 0.213777 0.004751
0.889549 0.213777 0.004751
0.897862 0.213777 0.005938
0.908551 0.213777 0.005938
0.452494 0.214964 0.005938
0.464371 0.214964 0.008314
0.489311 0.214964 0.008314
0.519002 0.214964 0.010689
0.876485 0.214964 0.004751
0.402613 0.216152 0.008314
0.869359 0.216152 0.008314
0.353919 0.217340 0.005938
0.362233 0.217340 0.005938
0.381235 0.217340 0.005938
0.391924 0.217340 0.007126
0.416865 0.217340 0.008314
0.440618 0.217340 0.005938
0.858670 0.217340 0.008314
0.308789 0.218527 0.008314
0.336105 0.218527 0.007126
0.371734 0.218527 0.007126
0.429929 0.218527 0.007126
0.324228 0.219715 0.008314
0.837292 0.219715 0.005938
0.846793 0.219715 0.008314
0.236342 0.220903 0.004751
0.254157 0.220903 0.007126
0.264846 0.220903 0.007126
0.282660 0.220903 0.010689
0.289786 0.220903 0.004751
0.300475 0.220903 0.007126
0.815914 0.220903 0.005938
0.826603 0.220903 0.008314
0.226841 0.222090 0.005938
0.748219 0.222090 0.005938
0.757720 0.222090 0.007126
0.768409 0.222090 0.007126
0.792162 0.222090 0.004751
0.195962 0.223278 0.007126
0.205463 0.223278 0.007126
0.217340 0.223278 0.005938
0.781473 0.223278 0.008314
0.799287 0.223278 0.011876
0.127078 0.224466 0.005938
0.173397 0.224466 0.008314
0.185273 0.224466 0.005938
0.714964 0.224466 0.007126
0.725653 0.224466 0.004751
0.739905 0.224466 0.011876
0.148456 0.225653 0.005938
0.160333 0.225653 0.007126
0.598575 0.225653 0.008314
0.609264 0.225653 0.008314
0.625891 0.225653 0.008314
0.706651 0.225653 0.004751
0.136580 0.226841 0.005938
0.586698 0.226841 0.008314
0.636580 0.226841 0.008314
0.644893 0.226841 0.005938
0.655582 0.226841 0.007126
0.673397 0.226841 0.004751
0.684086 0.226841 0.008314
0.698337 0.226841 0.008314
0.568884 0.228029 0.004751
0.577197 0.228029 0.005938
0.667458 0.228029 0.010689
0.561758 0.229216 0.008314
0.419240 0.230404 0.008314
0.453682 0.230404 0.004751
0.461995 0.230404 0.004751
0.523753 0.230404 0.004751
0.543943 0.230404 0.013064
0.551069 0.230404 0.008314
0.353919 0.231591 0.008314
0.385986 0.231591 0.007126
0.406176 0.231591 0.008314
0.432304 0.231591 0.005938
0.475059 0.231591 0.009501
0.485748 0.231591 0.005938
0.514252 0.231591 0.008314
0.532067 0.231591 0.005938
0.342043 0.232779 0.007126
0.366983 0.232779 0.008314
0.376485 0.232779 0.005938
0.396675 0.232779 0.007126
0.441805 0.232779 0.008314
0.261283 0.233967 0.008314
0.281473 0.233967 0.004751
0.289786 0.233967 0.004751
0.311164 0.233967 0.007126
0.500000 0.233967 0.009501
0.220903 0.235154 0.008314
0.241093 0.235154 0.008314
0.301663 0.235154 0.008314
0.324228 0.235154 0.011876
0.331354 0.235154 0.013064
0.207838 0.236342 0.005938
0.231591 0.236342 0.007126
0.249406 0.236342 0.008314
0.116390 0.238717 0.007126
0.128266 0.238717 0.004751
0.135392 0.238717 0.013064
0.149644 0.238717 0.008314
0.163895 0.238717 0.007126
0.174584 0.238717 0.005938
0.182898 0.238717 0.007126
0.192399 0.238717 0.008314
