0.633017 0.068884 0.008314
0.644893 0.068884 0.008314
0.551069 0.070071 0.008314
0.567696 0.070071 0.007126
0.619952 0.070071 0.007126
0.657957 0.070071 0.008314
0.705463 0.070071 0.008314
0.742280 0.070071 0.007126
0.761283 0.070071 0.004751
0.528504 0.071259 0.007126
0.539192 0.071259 0.005938
0.577197 0.071259 0.004751
0.609264 0.071259 0.007126
0.671021 0.071259 0.008314
0.681710 0.071259 0.005938
0.691211 0.071259 0.007126
0.720903 0.071259 0.008314
0.732779 0.071259 0.007126
0.751781 0.071259 0.007126
0.769596 0.071259 0.011876
0.503563 0.072447 0.005938
0.514252 0.072447 0.008314
0.596200 0.072447 0.007126
0.804038 0.072447 0.005938
0.494062 0.073634 0.007126
0.781473 0.073634 0.007126
0.793349 0.073634 0.005938
0.812352 0.073634 0.008314
0.876485 0.073634 0.008314
0.885986 0.073634 0.008314
0.431116 0.074822 0.007126
0.456057 0.074822 0.008314
0.469121 0.074822 0.008314
0.479810 0.074822 0.007126
0.827791 0.074822 0.008314
0.846793 0.074822 0.008314
0.399050 0.076010 0.008314
0.440618 0.076010 0.008314
0.862233 0.076010 0.008314
0.387173 0.077197 0.008314
0.358670 0.078385 0.013064
0.375297 0.078385 0.011876
0.409739 0.078385 0.008314
0.421615 0.078385 0.008314
0.346793 0.079572 0.008314
0.366983 0.079572 0.005938
0.308789 0.081948 0.007126
0.320665 0.081948 0.005938
0.330166 0.081948 0.008314
0.513064 0.081948 0.005938
0.271971 0.083135 0.013064
0.299287 0.083135 0.004751
0.547506 0.083135 0.005938
0.567696 0.083135 0.005938
0.577197 0.083135 0.005938
0.610451 0.083135 0.007126
0.619952 0.083135 0.004751
0.649644 0.083135 0.004751
0.656770 0.083135 0.004751
0.690024 0.083135 0.004751
0.706651 0.083135 0.004751
0.728029 0.083135 0.007126
0.752969 0.083135 0.005938
0.281473 0.084323 0.005938
0.290974 0.084323 0.005938
0.523753 0.084323 0.007126
0.532067 0.084323 0.007126
0.558195 0.084323 0.005938
0.587886 0.084323 0.005938
0.597387 0.084323 0.005938
0.629454 0.084323 0.007126
0.640143 0.084323 0.005938
0.681710 0.084323 0.004751
0.698337 0.084323 0.005938
0.716152 0.084323 0.005938
0.742280 0.084323 0.008314
0.796912 0.084323 0.007126
0.671021 0.085511 0.007126
0.771971 0.085511 0.005938
0.782660 0.085511 0.005938
0.806413 0.085511 0.005938
0.814727 0.085511 0.004751
0.257720 0.086698 0.008314
0.498812 0.086698 0.008314
0.824228 0.086698 0.005938
0.231591 0.087886 0.008314
0.467933 0.087886 0.005938
0.477435 0.087886 0.007126
0.488124 0.087886 0.005938
0.832542 0.087886 0.005938
0.844418 0.087886 0.008314
0.856295 0.087886 0.004751
0.864608 0.087886 0.005938
0.882423 0.087886 0.007126
0.244656 0.089074 0.007126
0.447743 0.089074 0.008314
0.454869 0.089074 0.008314
0.872922 0.089074 0.004751
0.217340 0.090261 0.008314
0.437055 0.090261 0.007126
0.206651 0.091449 0.013064
0.426366 0.091449 0.005938
0.418052 0.092637 0.005938
0.190024 0.093824 0.008314
0.355107 0.093824 0.005938
0.391924 0.093824 0.007126
0.402613 0.093824 0.007126
0.198337 0.095012 0.007126
0.282660 0.095012 0.004751
0.326603 0.095012 0.005938
0.339667 0.095012 0.008314
0.346793 0.095012 0.004751
0.363420 0.095012 0.008314
0.378860 0.095012 0.008314
0.171021 0.096200 0.008314
0.178147 0.096200 0.008314
0.159145 0.097387 0.007126
0.317102 0.097387 0.005938
0.649644 0.097387 0.008314
0.711401 0.097387 0.007126
0.147268 0.098575 0.008314
0.273159 0.098575 0.005938
0.294537 0.098575 0.008314
0.306413 0.098575 0.007126
0.589074 0.098575 0.008314
0.602138 0.098575 0.008314
0.616390 0.098575 0.005938
0.625891 0.098575 0.004751
0.635392 0.098575 0.007126
0.662708 0.098575 0.008314
0.675772 0.098575 0.005938
0.686461 0.098575 0.008314
0.723278 0.098575 0.008314
0.732779 0.098575 0.007126
0.754157 0.098575 0.005938
0.133017 0.099762 0.008314
0.262470 0.099762 0.005938
0.552257 0.099762 0.004751
0.564133 0.099762 0.008314
0.576010 0.099762 0.008314
0.698337 0.099762 0.008314
0.743468 0.099762 0.007126
0.761283 0.099762 0.008314
0.783848 0.099762 0.008314
0.794537 0.099762 0.004751
0.802850 0.099762 0.008314
0.842043 0.099762 0.008314
0.123515 0.100950 0.008314
0.521378 0.100950 0.007126
0.534442 0.100950 0.008314
0.545131 0.100950 0.004751
0.773159 0.100950 0.007126
0.813539 0.100950 0.008314
0.825416 0.100950 0.008314
0.857482 0.100950 0.008314
0.878860 0.100950 0.008314
0.252969 0.102138 0.005938
0.479810 0.102138 0.008314
0.866983 0.102138 0.005938
0.464371 0.103325 0.010689
0.490499 0.103325 0.007126
0.510689 0.103325 0.007126
0.243468 0.104513 0.005938
0.445368 0.104513 0.008314
0.500000 0.104513 0.007126
0.223278 0.105701 0.004751
0.231591 0.105701 0.007126
0.204276 0.106888 0.007126
0.213777 0.106888 0.007126
0.399050 0.106888 0.008314
0.407363 0.106888 0.004751
0.414489 0.106888 0.004751
0.422803 0.106888 0.004751
0.432304 0.106888 0.008314
0.384798 0.108076 0.007126
0.176960 0.109264 0.004751
0.192399 0.109264 0.005938
0.343230 0.109264 0.005938
0.353919 0.109264 0.007126
0.365796 0.109264 0.005938
0.374109 0.109264 0.007126
0.182898 0.110451 0.008314
0.319477 0.110451 0.008314
0.332542 0.110451 0.005938
0.644893 0.110451 0.008314
0.157957 0.111639 0.007126
0.168646 0.111639 0.005938
0.307601 0.111639 0.005938
0.149644 0.112827 0.005938
0.281473 0.112827 0.007126
0.292162 0.112827 0.011876
0.299287 0.112827 0.004751
0.627078 0.112827 0.008314
0.656770 0.112827 0.007126
0.244656 0.114014 0.005938
0.254157 0.114014 0.007126
0.587886 0.114014 0.008314
0.598575 0.114014 0.004751
0.605701 0.114014 0.004751
0.614014 0.114014 0.007126
0.722090 0.114014 0.007126
0.264846 0.115202 0.008314
0.558195 0.115202 0.008314
0.755344 0.115202 0.007126
0.775534 0.115202 0.008314
0.786223 0.115202 0.007126
0.821853 0.115202 0.008314
0.866983 0.115202 0.007126
0.876485 0.115202 0.008314
0.545131 0.116390 0.008314
0.572447 0.116390 0.008314
0.705463 0.116390 0.011876
0.735154 0.116390 0.008314
0.743468 0.116390 0.008314
0.767221 0.116390 0.004751
0.799287 0.116390 0.008314
0.808789 0.116390 0.005938
0.831354 0.116390 0.008314
0.855107 0.116390 0.005938
0.529691 0.117577 0.007126
0.844418 0.117577 0.008314
0.476247 0.118765 0.009501
0.508314 0.118765 0.008314
0.519002 0.118765 0.005938
0.217340 0.119952 0.005938
0.229216 0.119952 0.008314
0.464371 0.119952 0.008314
0.486936 0.119952 0.008314
0.204276 0.121140 0.008314
0.440618 0.121140 0.008314
0.454869 0.121140 0.007126
0.193587 0.122328 0.007126
0.378860 0.122328 0.005938
0.404988 0.122328 0.005938
0.414489 0.123515 0.008314
0.182898 0.124703 0.004751
0.426366 0.124703 0.008314
0.173397 0.125891 0.007126
0.357482 0.125891 0.008314
0.160333 0.127078 0.005938
0.148456 0.128266 0.007126
0.276722 0.128266 0.005938
0.286223 0.128266 0.007126
0.345606 0.128266 0.007126
0.646081 0.128266 0.008314
0.657957 0.128266 0.008314
0.140143 0.129454 0.007126
0.630641 0.129454 0.009501
0.779097 0.129454 0.005938
0.821853 0.129454 0.007126
0.870546 0.129454 0.005938
0.881235 0.129454 0.007126
0.128266 0.130641 0.005938
0.257720 0.130641 0.010689
0.266033 0.130641 0.007126
0.616390 0.130641 0.008314
0.711401 0.130641 0.007126
0.722090 0.130641 0.007126
0.735154 0.130641 0.007126
0.751781 0.130641 0.010689
0.760095 0.130641 0.010689
0.768409 0.130641 0.005938
0.789786 0.130641 0.010689
0.805226 0.130641 0.007126
0.832542 0.130641 0.005938
0.842043 0.130641 0.005938
0.850356 0.130641 0.007126
0.862233 0.130641 0.004751
0.590261 0.131829 0.010689
0.603325 0.131829 0.008314
0.119952 0.133017 0.007126
0.237530 0.133017 0.008314
0.245843 0.133017 0.005938
0.528504 0.133017 0.013064
0.536817 0.133017 0.004751
0.545131 0.133017 0.005938
0.558195 0.133017 0.008314
0.570071 0.133017 0.008314
0.226841 0.135392 0.004751
0.511876 0.135392 0.005938
0.520190 0.135392 0.013064
0.217340 0.136580 0.005938
0.501188 0.136580 0.007126
0.206651 0.137767 0.007126
0.420428 0.137767 0.004751
0.477435 0.137767 0.008314
0.490499 0.137767 0.008314
0.191211 0.138955 0.011876
0.182898 0.140143 0.005938
0.429929 0.140143 0.008314
0.442993 0.140143 0.005938
0.162708 0.141330 0.008314
0.172209 0.141330 0.007126
0.397862 0.141330 0.004751
0.466746 0.141330 0.008314
0.148456 0.142518 0.008314
0.390736 0.142518 0.011876
0.454869 0.142518 0.008314
0.137767 0.143705 0.004751
0.283848 0.143705 0.008314
0.129454 0.144893 0.004751
0.866983 0.144893 0.004751
0.119952 0.146081 0.007126
0.273159 0.146081 0.008314
0.618765 0.146081 0.007126
0.627078 0.146081 0.007126
0.636580 0.146081 0.005938
0.828979 0.146081 0.005938
0.857482 0.146081 0.008314
0.252969 0.147268 0.004751
0.263658 0.147268 0.007126
0.611639 0.147268 0.004751
0.654394 0.147268 0.013064
0.819477 0.147268 0.008314
0.838480 0.147268 0.007126
0.849169 0.147268 0.004751
0.589074 0.148456 0.008314
0.602138 0.148456 0.008314
0.646081 0.148456 0.005938
0.808789 0.148456 0.007126
0.712589 0.149644 0.008314
0.724466 0.149644 0.008314
0.733967 0.149644 0.005938
0.743468 0.149644 0.005938
0.770784 0.149644 0.008314
0.780285 0.149644 0.011876
0.787411 0.149644 0.004751
0.800475 0.149644 0.008314
0.243468 0.150831 0.007126
0.577197 0.152019 0.007126
0.757720 0.152019 0.008314
0.539192 0.153207 0.008314
0.548694 0.153207 0.007126
0.558195 0.153207 0.008314
0.567696 0.153207 0.007126
0.514252 0.155582 0.008314
0.528504 0.155582 0.008314
0.490499 0.156770 0.008314
0.503563 0.156770 0.008314
0.150831 0.157957 0.008314
0.421615 0.157957 0.005938
0.429929 0.157957 0.011876
0.444181 0.157957 0.005938
0.482185 0.157957 0.004751
0.399050 0.159145 0.005938
0.454869 0.159145 0.007126
0.464371 0.159145 0.005938
0.472684 0.159145 0.008314
0.138955 0.160333 0.008314
0.390736 0.160333 0.011876
0.883610 0.160333 0.009501
0.117577 0.161520 0.007126
0.127078 0.161520 0.008314
0.859857 0.162708 0.008314
0.870546 0.162708 0.008314
0.262470 0.163895 0.007126
0.655582 0.163895 0.013064
0.834917 0.163895 0.007126
0.844418 0.163895 0.004751
0.853919 0.163895 0.011876
0.252969 0.165083 0.004751
0.273159 0.165083 0.008314
0.635392 0.165083 0.008314
0.646081 0.165083 0.004751
0.739905 0.165083 0.007126
0.811164 0.165083 0.008314
0.824228 0.165083 0.009501
0.244656 0.166271 0.004751
0.710214 0.166271 0.008314
0.777910 0.166271 0.007126
0.787411 0.166271 0.007126
0.800475 0.166271 0.009501
0.600950 0.167458 0.004751
0.616390 0.167458 0.005938
0.625891 0.167458 0.005938
0.720903 0.167458 0.005938
0.763658 0.167458 0.010689
0.574822 0.168646 0.005938
0.583135 0.168646 0.004751
0.728029 0.168646 0.004751
0.186461 0.169834 0.005938
0.195962 0.169834 0.007126
0.565321 0.169834 0.005938
0.591449 0.169834 0.011876
0.551069 0.171021 0.009501
0.527316 0.172209 0.005938
0.539192 0.172209 0.008314
0.163895 0.173397 0.005938
0.172209 0.173397 0.007126
0.478622 0.173397 0.007126
0.504751 0.173397 0.007126
0.516627 0.173397 0.008314
0.154394 0.174584 0.005938
0.420428 0.174584 0.005938
0.452494 0.174584 0.008314
0.465558 0.174584 0.008314
0.492874 0.174584 0.008314
0.736342 0.174584 0.005938
0.745843 0.174584 0.004751
0.370546 0.175772 0.008314
0.396675 0.175772 0.009501
0.409739 0.175772 0.005938
0.427553 0.175772 0.010689
0.439430 0.175772 0.008314
0.880048 0.175772 0.007126
0.142518 0.176960 0.008314
0.871734 0.176960 0.004751
0.129454 0.178147 0.007126
0.864608 0.178147 0.004751
0.118765 0.179335 0.008314
0.286223 0.179335 0.008314
0.336105 0.179335 0.005938
0.344418 0.179335 0.010689
0.357482 0.179335 0.005938
0.849169 0.180523 0.004751
0.856295 0.180523 0.004751
0.789786 0.181710 0.008314
0.839667 0.181710 0.011876
0.653207 0.182898 0.005938
0.663895 0.182898 0.008314
0.682898 0.182898 0.010689
0.773159 0.182898 0.004751
0.782660 0.182898 0.008314
0.807601 0.182898 0.010689
0.824228 0.182898 0.008314
0.261283 0.184086 0.007126
0.270784 0.184086 0.008314
0.636580 0.184086 0.005938
0.766033 0.184086 0.004751
0.815914 0.184086 0.005938
0.239905 0.185273 0.008314
0.250594 0.185273 0.005938
0.603325 0.185273 0.007126
0.675772 0.185273 0.010689
0.701900 0.185273 0.008314
0.748219 0.185273 0.005938
0.758907 0.185273 0.005938
0.583135 0.186461 0.008314
0.593824 0.186461 0.007126
0.628266 0.186461 0.005938
0.711401 0.186461 0.004751
0.718527 0.186461 0.008314
0.729216 0.186461 0.005938
0.739905 0.186461 0.005938
0.213777 0.187648 0.008314
0.223278 0.187648 0.008314
0.555819 0.187648 0.004751
0.562945 0.187648 0.004751
0.571259 0.187648 0.008314
0.616390 0.187648 0.008314
0.441805 0.188836 0.005938
0.465558 0.188836 0.008314
0.538005 0.188836 0.004751
0.191211 0.190024 0.008314
0.200713 0.190024 0.008314
0.453682 0.190024 0.007126
0.479810 0.190024 0.008314
0.488124 0.190024 0.005938
0.520190 0.190024 0.007126
0.530879 0.190024 0.010689
0.546318 0.190024 0.005938
0.416865 0.191211 0.004751
0.425178 0.191211 0.005938
0.432304 0.191211 0.010689
0.496437 0.191211 0.007126
0.165083 0.192399 0.007126
0.176960 0.192399 0.008314
0.390736 0.192399 0.008314
0.404988 0.192399 0.008314
0.507126 0.192399 0.008314
0.871734 0.192399 0.008314
0.877672 0.192399 0.004751
0.884798 0.192399 0.010689
0.143705 0.193587 0.005938
0.153207 0.193587 0.008314
0.338480 0.193587 0.004751
0.356295 0.193587 0.008314
0.368171 0.193587 0.005938
0.851544 0.193587 0.005938
0.861045 0.193587 0.004751
0.129454 0.194774 0.008314
0.346793 0.194774 0.005938
0.117577 0.195962 0.008314
0.320665 0.195962 0.009501
0.842043 0.195962 0.005938
0.287411 0.197150 0.008314
0.296912 0.197150 0.007126
0.307601 0.197150 0.007126
0.813539 0.197150 0.007126
0.823040 0.197150 0.004751
0.830166 0.197150 0.008314
0.276722 0.198337 0.008314
0.750594 0.198337 0.004751
0.757720 0.198337 0.004751
0.766033 0.198337 0.008314
0.780285 0.198337 0.008314
0.795724 0.198337 0.010689
0.258907 0.199525 0.005938
0.267221 0.199525 0.008314
0.659145 0.199525 0.008314
0.671021 0.199525 0.010689
0.704276 0.199525 0.005938
0.713777 0.199525 0.004751
0.720903 0.199525 0.004751
0.729216 0.199525 0.005938
0.738717 0.199525 0.004751
0.623515 0.200713 0.004751
0.635392 0.200713 0.008314
0.647268 0.200713 0.005938
0.697150 0.200713 0.005938
0.235154 0.201900 0.008314
0.248219 0.201900 0.007126
0.209026 0.203088 0.007126
0.583135 0.203088 0.005938
0.595012 0.203088 0.008314
0.605701 0.203088 0.004751
0.614014 0.203088 0.005938
0.572447 0.204276 0.008314
0.219715 0.205463 0.008314
0.533254 0.205463 0.004751
0.552257 0.205463 0.008314
0.162708 0.206651 0.007126
0.173397 0.206651 0.007126
0.186461 0.206651 0.005938
0.197150 0.206651 0.005938
0.450119 0.206651 0.008314
0.461995 0.206651 0.008314
0.478622 0.206651 0.010689
0.486936 0.206651 0.005938
0.495249 0.206651 0.007126
0.505938 0.206651 0.007126
0.514252 0.206651 0.004751
0.524941 0.206651 0.007126
0.541568 0.206651 0.008314
0.148456 0.207838 0.007126
0.420428 0.207838 0.007126
0.429929 0.207838 0.007126
0.439430 0.207838 0.004751
0.115202 0.209026 0.008314
0.127078 0.209026 0.008314
0.138955 0.209026 0.005938
0.400238 0.209026 0.005938
0.410926 0.209026 0.008314
0.366983 0.210214 0.008314
0.390736 0.210214 0.007126
0.355107 0.211401 0.007126
0.380048 0.211401 0.008314
0.870546 0.211401 0.013064
0.877672 0.211401 0.004751
0.283848 0.212589 0.005938
0.304038 0.212589 0.010689
0.327791 0.212589 0.004751
0.334917 0.212589 0.005938
0.343230 0.212589 0.008314
0.884798 0.212589 0.013064
0.320665 0.213777 0.008314
0.859857 0.213777 0.008314
0.247031 0.214964 0.005938
0.258907 0.214964 0.007126
0.273159 0.214964 0.007126
0.294537 0.214964 0.008314
0.229216 0.216152 0.005938
0.238717 0.216152 0.004751
0.828979 0.216152 0.005938
0.838480 0.216152 0.004751
0.850356 0.216152 0.008314
0.211401 0.217340 0.004751
0.219715 0.217340 0.005938
0.777910 0.217340 0.007126
0.805226 0.217340 0.010689
0.818290 0.217340 0.008314
0.190024 0.218527 0.005938
0.201900 0.218527 0.007126
0.787411 0.218527 0.014252
0.619952 0.219715 0.005938
0.628266 0.219715 0.007126
0.712589 0.219715 0.008314
0.725653 0.219715 0.010689
0.752969 0.219715 0.008314
0.764846 0.219715 0.008314
0.143705 0.220903 0.004751
0.156770 0.220903 0.010689
0.165083 0.220903 0.004751
0.647268 0.220903 0.004751
0.660333 0.220903 0.010689
0.672209 0.220903 0.007126
0.680523 0.220903 0.011876
0.114014 0.222090 0.005938
0.134204 0.222090 0.007126
0.566508 0.222090 0.005938
0.587886 0.222090 0.008314
0.597387 0.222090 0.015439
0.611639 0.222090 0.005938
0.640143 0.222090 0.010689
0.699525 0.222090 0.008314
0.741093 0.222090 0.007126
0.489311 0.223278 0.005938
0.554632 0.223278 0.007126
0.576010 0.223278 0.005938
0.122328 0.224466 0.007126
0.442993 0.224466 0.010689
0.456057 0.224466 0.008314
0.465558 0.224466 0.007126
0.475059 0.224466 0.015439
0.480998 0.224466 0.011876
0.410926 0.225653 0.007126
0.422803 0.225653 0.008314
0.497625 0.225653 0.004751
0.505938 0.225653 0.013064
0.529691 0.225653 0.008314
0.542755 0.225653 0.008314
0.383610 0.226841 0.008314
0.391924 0.226841 0.005938
0.401425 0.226841 0.005938
0.516627 0.226841 0.008314
0.298100 0.229216 0.004751
0.347981 0.229216 0.005938
0.356295 0.229216 0.011876
0.368171 0.229216 0.008314
0.268409 0.230404 0.005938
0.277910 0.230404 0.007126
0.288599 0.230404 0.005938
0.318290 0.230404 0.008314
0.330166 0.230404 0.007126
0.339667 0.230404 0.005938
0.236342 0.231591 0.008314
0.247031 0.231591 0.005938
0.225653 0.232779 0.007126
0.258907 0.232779 0.008314
0.197150 0.233967 0.005938
0.171021 0.235154 0.008314
0.188836 0.235154 0.007126
0.209026 0.235154 0.013064
0.157957 0.236342 0.008314
0.216152 0.236342 0.014252
0.127078 0.237530 0.008314
0.142518 0.238717 0.010689
