0.687648 0.072447 0.008314
0.561758 0.073634 0.013064
0.700713 0.073634 0.005938
0.709026 0.073634 0.008314
0.720903 0.073634 0.005938
0.750594 0.073634 0.004751
0.497625 0.074822 0.008314
0.508314 0.074822 0.005938
0.551069 0.074822 0.007126
0.568884 0.074822 0.007126
0.578385 0.074822 0.005938
0.586698 0.074822 0.011876
0.600950 0.074822 0.004751
0.609264 0.074822 0.008314
0.619952 0.074822 0.005938
0.629454 0.074822 0.008314
0.640143 0.074822 0.005938
0.649644 0.074822 0.004751
0.656770 0.074822 0.004751
0.731591 0.074822 0.008314
0.742280 0.074822 0.005938
0.774347 0.074822 0.005938
0.783848 0.074822 0.008314
0.805226 0.074822 0.007126
0.395487 0.076010 0.007126
0.429929 0.076010 0.007126
0.489311 0.076010 0.005938
0.516627 0.076010 0.004751
0.529691 0.076010 0.008314
0.541568 0.076010 0.007126
0.764846 0.076010 0.007126
0.813539 0.076010 0.007126
0.825416 0.076010 0.005938
0.833729 0.076010 0.004751
0.844418 0.076010 0.008314
0.872922 0.076010 0.021378
0.375297 0.077197 0.007126
0.385986 0.077197 0.007126
0.409739 0.077197 0.008314
0.419240 0.077197 0.005938
0.454869 0.077197 0.007126
0.464371 0.077197 0.005938
0.479810 0.077197 0.005938
0.856295 0.077197 0.005938
0.351544 0.078385 0.007126
0.363420 0.078385 0.007126
0.442993 0.078385 0.008314
0.249406 0.079572 0.007126
0.271971 0.079572 0.007126
0.324228 0.079572 0.005938
0.332542 0.079572 0.008314
0.343230 0.079572 0.007126
0.238717 0.080760 0.007126
0.260095 0.080760 0.005938
0.280285 0.080760 0.005938
0.290974 0.080760 0.008314
0.311164 0.080760 0.008314
0.298100 0.081948 0.008314
0.212589 0.083135 0.010689
0.219715 0.083135 0.015439
0.157957 0.085511 0.007126
0.168646 0.085511 0.008314
0.118765 0.086698 0.004751
0.146081 0.086698 0.008314
0.130641 0.087886 0.008314
0.595012 0.087886 0.005938
0.636580 0.087886 0.009501
0.661520 0.087886 0.004751
0.681710 0.087886 0.009501
0.717340 0.087886 0.008314
0.758907 0.087886 0.004751
0.766033 0.087886 0.004751
0.774347 0.087886 0.004751
0.798100 0.087886 0.004751
0.547506 0.089074 0.004751
0.628266 0.089074 0.005938
0.688836 0.089074 0.004751
0.697150 0.089074 0.005938
0.729216 0.089074 0.007126
0.743468 0.089074 0.009501
0.807601 0.089074 0.007126
0.828979 0.089074 0.008314
0.843230 0.089074 0.007126
0.442993 0.090261 0.007126
0.491686 0.090261 0.005938
0.500000 0.090261 0.004751
0.508314 0.090261 0.005938
0.519002 0.090261 0.008314
0.526128 0.090261 0.004751
0.534442 0.090261 0.007126
0.564133 0.090261 0.008314
0.583135 0.090261 0.009501
0.618765 0.090261 0.005938
0.669834 0.090261 0.007126
0.706651 0.090261 0.005938
0.787411 0.090261 0.005938
0.853919 0.090261 0.005938
0.396675 0.091449 0.005938
0.407363 0.091449 0.008314
0.429929 0.091449 0.007126
0.452494 0.091449 0.007126
0.480998 0.091449 0.008314
0.387173 0.092637 0.007126
0.418052 0.092637 0.008314
0.467933 0.092637 0.008314
0.338480 0.093824 0.007126
0.349169 0.093824 0.005938
0.368171 0.093824 0.005938
0.376485 0.093824 0.007126
0.236342 0.095012 0.008314
0.266033 0.095012 0.007126
0.279097 0.095012 0.007126
0.290974 0.095012 0.005938
0.324228 0.095012 0.007126
0.357482 0.095012 0.008314
0.219715 0.096200 0.008314
0.244656 0.096200 0.005938
0.255344 0.096200 0.007126
0.298100 0.096200 0.004751
0.304038 0.096200 0.009501
0.229216 0.097387 0.005938
0.182898 0.099762 0.007126
0.824228 0.100950 0.004751
0.842043 0.100950 0.005938
0.118765 0.102138 0.007126
0.128266 0.102138 0.004751
0.135392 0.102138 0.008314
0.148456 0.102138 0.008314
0.169834 0.102138 0.007126
0.751781 0.102138 0.007126
0.761283 0.102138 0.004751
0.774347 0.102138 0.005938
0.783848 0.102138 0.005938
0.852732 0.102138 0.008314
0.866983 0.102138 0.009501
0.159145 0.103325 0.005938
0.686461 0.103325 0.005938
0.706651 0.103325 0.004751
0.722090 0.103325 0.007126
0.731591 0.103325 0.005938
0.741093 0.103325 0.008314
0.794537 0.103325 0.008314
0.805226 0.103325 0.007126
0.515439 0.104513 0.007126
0.619952 0.104513 0.005938
0.631829 0.104513 0.007126
0.695962 0.104513 0.007126
0.498812 0.105701 0.005938
0.505938 0.105701 0.010689
0.549881 0.105701 0.008314
0.564133 0.105701 0.005938
0.574822 0.105701 0.004751
0.609264 0.105701 0.007126
0.642518 0.105701 0.004751
0.667458 0.105701 0.005938
0.676960 0.105701 0.005938
0.428741 0.106888 0.005938
0.440618 0.106888 0.005938
0.450119 0.106888 0.005938
0.460808 0.106888 0.007126
0.472684 0.106888 0.009501
0.489311 0.106888 0.007126
0.541568 0.106888 0.007126
0.656770 0.106888 0.007126
0.339667 0.108076 0.005938
0.394299 0.108076 0.010689
0.401425 0.108076 0.004751
0.410926 0.108076 0.005938
0.419240 0.108076 0.005938
0.283848 0.109264 0.005938
0.298100 0.109264 0.008314
0.307601 0.109264 0.011876
0.325416 0.109264 0.008314
0.349169 0.109264 0.007126
0.361045 0.109264 0.007126
0.371734 0.109264 0.005938
0.381235 0.109264 0.007126
0.274347 0.110451 0.008314
0.249406 0.111639 0.007126
0.261283 0.111639 0.005938
0.167458 0.112827 0.005938
0.178147 0.112827 0.005938
0.186461 0.112827 0.005938
0.195962 0.112827 0.008314
0.229216 0.112827 0.005938
0.238717 0.112827 0.005938
0.136580 0.114014 0.008314
0.117577 0.115202 0.005938
0.127078 0.115202 0.005938
0.159145 0.115202 0.005938
0.865796 0.116390 0.008314
0.818290 0.117577 0.007126
0.828979 0.117577 0.005938
0.837292 0.117577 0.011876
0.845606 0.117577 0.004751
0.856295 0.117577 0.007126
0.603325 0.118765 0.008314
0.707838 0.118765 0.010689
0.757720 0.118765 0.004751
0.766033 0.118765 0.007126
0.592637 0.119952 0.005938
0.615202 0.119952 0.005938
0.637767 0.119952 0.008314
0.647268 0.119952 0.008314
0.657957 0.119952 0.005938
0.714964 0.119952 0.004751
0.728029 0.119952 0.009501
0.741093 0.119952 0.008314
0.749406 0.119952 0.004751
0.795724 0.119952 0.005938
0.804038 0.119952 0.008314
0.429929 0.121140 0.007126
0.514252 0.121140 0.007126
0.524941 0.121140 0.008314
0.539192 0.121140 0.008314
0.549881 0.121140 0.005938
0.559382 0.121140 0.008314
0.570071 0.121140 0.005938
0.624703 0.121140 0.007126
0.667458 0.121140 0.013064
0.776722 0.121140 0.004751
0.786223 0.121140 0.005938
0.441805 0.122328 0.008314
0.465558 0.122328 0.008314
0.479810 0.122328 0.008314
0.492874 0.122328 0.007126
0.503563 0.122328 0.008314
0.580760 0.122328 0.008314
0.384798 0.123515 0.007126
0.396675 0.123515 0.007126
0.418052 0.123515 0.007126
0.453682 0.123515 0.008314
0.283848 0.124703 0.011876
0.293349 0.124703 0.008314
0.331354 0.124703 0.008314
0.351544 0.124703 0.005938
0.375297 0.124703 0.008314
0.404988 0.124703 0.007126
0.248219 0.125891 0.004751
0.258907 0.125891 0.007126
0.268409 0.125891 0.011876
0.276722 0.125891 0.004751
0.340855 0.125891 0.007126
0.362233 0.125891 0.008314
0.238717 0.127078 0.005938
0.218527 0.128266 0.010689
0.131829 0.129454 0.008314
0.142518 0.129454 0.004751
0.166271 0.129454 0.005938
0.176960 0.129454 0.007126
0.187648 0.129454 0.008314
0.878860 0.129454 0.011876
0.116390 0.130641 0.010689
0.123515 0.130641 0.004751
0.154394 0.130641 0.008314
0.826603 0.134204 0.008314
0.864608 0.134204 0.008314
0.767221 0.135392 0.007126
0.776722 0.135392 0.007126
0.806413 0.135392 0.004751
0.815914 0.135392 0.007126
0.739905 0.136580 0.005938
0.749406 0.136580 0.005938
0.756532 0.136580 0.004751
0.787411 0.136580 0.007126
0.509501 0.137767 0.004751
0.521378 0.137767 0.004751
0.559382 0.137767 0.007126
0.570071 0.137767 0.005938
0.590261 0.137767 0.008314
0.656770 0.137767 0.005938
0.714964 0.137767 0.005938
0.724466 0.137767 0.004751
0.731591 0.137767 0.004751
0.796912 0.137767 0.005938
0.488124 0.138955 0.005938
0.498812 0.138955 0.008314
0.529691 0.138955 0.005938
0.540380 0.138955 0.005938
0.547506 0.138955 0.008314
0.579572 0.138955 0.007126
0.618765 0.138955 0.005938
0.629454 0.138955 0.008314
0.640143 0.138955 0.005938
0.647268 0.138955 0.011876
0.469121 0.140143 0.008314
0.479810 0.140143 0.008314
0.609264 0.140143 0.008314
0.421615 0.141330 0.008314
0.434679 0.141330 0.008314
0.446556 0.141330 0.005938
0.456057 0.141330 0.008314
0.223278 0.142518 0.010689
0.238717 0.142518 0.004751
0.245843 0.142518 0.010689
0.257720 0.142518 0.004751
0.266033 0.142518 0.005938
0.274347 0.142518 0.008314
0.285036 0.142518 0.008314
0.364608 0.142518 0.004751
0.372922 0.142518 0.005938
0.410926 0.142518 0.008314
0.176960 0.143705 0.005938
0.197150 0.143705 0.011876
0.214964 0.143705 0.010689
0.229216 0.143705 0.004751
0.336105 0.143705 0.007126
0.346793 0.143705 0.007126
0.357482 0.143705 0.004751
0.188836 0.144893 0.004751
0.135392 0.146081 0.008314
0.148456 0.146081 0.009501
0.159145 0.146081 0.008314
0.116390 0.147268 0.007126
0.124703 0.147268 0.005938
0.872922 0.148456 0.014252
0.840855 0.149644 0.004751
0.847981 0.149644 0.004751
0.864608 0.149644 0.007126
0.819477 0.150831 0.007126
0.831354 0.150831 0.008314
0.636580 0.152019 0.007126
0.792162 0.152019 0.004751
0.801663 0.152019 0.007126
0.809976 0.152019 0.005938
0.578385 0.153207 0.007126
0.589074 0.153207 0.004751
0.596200 0.153207 0.004751
0.618765 0.153207 0.005938
0.628266 0.153207 0.004751
0.711401 0.153207 0.004751
0.717340 0.153207 0.004751
0.728029 0.153207 0.007126
0.755344 0.153207 0.007126
0.766033 0.153207 0.004751
0.785036 0.153207 0.011876
0.502375 0.154394 0.008314
0.513064 0.154394 0.007126
0.524941 0.154394 0.007126
0.533254 0.154394 0.004751
0.551069 0.154394 0.007126
0.610451 0.154394 0.004751
0.739905 0.154394 0.009501
0.775534 0.154394 0.005938
0.560570 0.155582 0.005938
0.570071 0.155582 0.005938
0.491686 0.156770 0.007126
0.541568 0.156770 0.013064
0.420428 0.157957 0.007126
0.458432 0.157957 0.008314
0.127078 0.159145 0.005938
0.270784 0.159145 0.005938
0.280285 0.159145 0.008314
0.338480 0.159145 0.008314
0.351544 0.159145 0.008314
0.365796 0.159145 0.008314
0.377672 0.159145 0.005938
0.397862 0.159145 0.007126
0.409739 0.159145 0.008314
0.429929 0.159145 0.008314
0.444181 0.159145 0.008314
0.469121 0.159145 0.007126
0.478622 0.159145 0.008314
0.223278 0.160333 0.008314
0.237530 0.160333 0.008314
0.249406 0.160333 0.008314
0.258907 0.160333 0.008314
0.117577 0.161520 0.007126
0.156770 0.161520 0.007126
0.176960 0.161520 0.004751
0.385986 0.161520 0.005938
0.136580 0.162708 0.008314
0.144893 0.162708 0.008314
0.652019 0.169834 0.004751
0.730404 0.169834 0.005938
0.631829 0.171021 0.008314
0.665083 0.171021 0.009501
0.705463 0.171021 0.011876
0.713777 0.171021 0.005938
0.722090 0.171021 0.005938
0.739905 0.171021 0.005938
0.760095 0.171021 0.008314
0.770784 0.171021 0.007126
0.783848 0.171021 0.005938
0.792162 0.171021 0.005938
0.801663 0.171021 0.005938
0.811164 0.171021 0.005938
0.820665 0.171021 0.004751
0.827791 0.171021 0.008314
0.838480 0.171021 0.008314
0.621140 0.172209 0.007126
0.642518 0.172209 0.008314
0.749406 0.172209 0.007126
0.516627 0.173397 0.008314
0.524941 0.173397 0.005938
0.533254 0.173397 0.004751
0.552257 0.173397 0.004751
0.571259 0.173397 0.008314
0.581948 0.173397 0.008314
0.591449 0.173397 0.007126
0.602138 0.173397 0.005938
0.610451 0.173397 0.004751
0.422803 0.174584 0.010689
0.448931 0.174584 0.005938
0.456057 0.174584 0.010689
0.498812 0.174584 0.011876
0.507126 0.174584 0.005938
0.542755 0.174584 0.008314
0.343230 0.175772 0.004751
0.388361 0.175772 0.008314
0.396675 0.175772 0.004751
0.413302 0.175772 0.007126
0.438242 0.175772 0.007126
0.488124 0.175772 0.008314
0.558195 0.175772 0.008314
0.264846 0.176960 0.007126
0.333729 0.176960 0.007126
0.350356 0.176960 0.011876
0.362233 0.176960 0.008314
0.374109 0.176960 0.007126
0.232779 0.178147 0.004751
0.254157 0.178147 0.007126
0.274347 0.178147 0.008314
0.285036 0.178147 0.005938
0.200713 0.179335 0.008314
0.211401 0.179335 0.008314
0.224466 0.179335 0.011876
0.242280 0.179335 0.008314
0.116390 0.180523 0.009501
0.149644 0.180523 0.007126
0.176960 0.180523 0.008314
0.188836 0.180523 0.007126
0.137767 0.181710 0.007126
0.163895 0.181710 0.009501
0.129454 0.182898 0.013064
0.861045 0.184086 0.004751
0.870546 0.184086 0.008314
0.882423 0.184086 0.009501
0.833729 0.185273 0.008314
0.845606 0.185273 0.004751
0.853919 0.185273 0.010689
0.782660 0.186461 0.005938
0.826603 0.186461 0.004751
0.627078 0.187648 0.004751
0.733967 0.187648 0.005938
0.747031 0.187648 0.008314
0.769596 0.187648 0.008314
0.790974 0.187648 0.008314
0.800475 0.187648 0.004751
0.808789 0.187648 0.013064
0.818290 0.187648 0.004751
0.604513 0.188836 0.008314
0.618765 0.188836 0.008314
0.635392 0.188836 0.004751
0.644893 0.188836 0.005938
0.654394 0.188836 0.008314
0.663895 0.188836 0.005938
0.672209 0.188836 0.005938
0.680523 0.188836 0.004751
0.701900 0.188836 0.009501
0.535629 0.190024 0.005938
0.558195 0.190024 0.007126
0.597387 0.190024 0.004751
0.505938 0.191211 0.005938
0.514252 0.191211 0.004751
0.523753 0.191211 0.007126
0.546318 0.191211 0.008314
0.570071 0.191211 0.008314
0.578385 0.191211 0.004751
0.586698 0.191211 0.005938
0.402613 0.192399 0.005938
0.413302 0.192399 0.005938
0.422803 0.192399 0.004751
0.440618 0.192399 0.007126
0.451306 0.192399 0.010689
0.457245 0.192399 0.010689
0.471496 0.192399 0.008314
0.483373 0.192399 0.007126
0.495249 0.192399 0.007126
0.346793 0.194774 0.005938
0.357482 0.194774 0.007126
0.366983 0.194774 0.008314
0.273159 0.195962 0.007126
0.285036 0.195962 0.005938
0.293349 0.195962 0.005938
0.328979 0.195962 0.008314
0.338480 0.195962 0.005938
0.231591 0.197150 0.008314
0.252969 0.197150 0.005938
0.262470 0.197150 0.005938
0.301663 0.197150 0.011876
0.884798 0.197150 0.007126
0.114014 0.198337 0.008314
0.135392 0.198337 0.005938
0.144893 0.198337 0.008314
0.157957 0.198337 0.008314
0.169834 0.198337 0.008314
0.182898 0.198337 0.010689
0.194774 0.198337 0.008314
0.206651 0.198337 0.007126
0.217340 0.198337 0.008314
0.243468 0.198337 0.005938
0.315914 0.198337 0.009501
0.870546 0.198337 0.008314
0.127078 0.199525 0.004751
0.838480 0.199525 0.007126
0.857482 0.199525 0.009501
0.827791 0.200713 0.008314
0.733967 0.201900 0.004751
0.780285 0.201900 0.007126
0.790974 0.201900 0.004751
0.811164 0.201900 0.008314
0.558195 0.203088 0.007126
0.583135 0.203088 0.005938
0.596200 0.203088 0.008314
0.606888 0.203088 0.008314
0.724466 0.203088 0.007126
0.771971 0.203088 0.007126
0.534442 0.204276 0.008314
0.546318 0.204276 0.008314
0.572447 0.204276 0.007126
0.614014 0.204276 0.008314
0.624703 0.204276 0.005938
0.634204 0.204276 0.004751
0.642518 0.204276 0.005938
0.650831 0.204276 0.005938
0.659145 0.204276 0.005938
0.685273 0.204276 0.005938
0.700713 0.204276 0.008314
0.748219 0.204276 0.007126
0.758907 0.204276 0.008314
0.800475 0.204276 0.007126
0.476247 0.205463 0.007126
0.520190 0.205463 0.007126
0.668646 0.205463 0.004751
0.675772 0.205463 0.005938
0.713777 0.205463 0.007126
0.466746 0.206651 0.005938
0.486936 0.206651 0.007126
0.496437 0.206651 0.004751
0.510689 0.206651 0.004751
0.440618 0.207838 0.005938
0.448931 0.207838 0.005938
0.458432 0.207838 0.005938
0.502375 0.207838 0.010689
0.429929 0.209026 0.005938
0.366983 0.210214 0.005938
0.400238 0.210214 0.004751
0.408551 0.210214 0.004751
0.420428 0.210214 0.007126
0.270784 0.211401 0.007126
0.280285 0.211401 0.004751
0.288599 0.211401 0.011876
0.298100 0.211401 0.004751
0.304038 0.211401 0.008314
0.356295 0.211401 0.007126
0.377672 0.211401 0.008314
0.391924 0.211401 0.010689
0.241093 0.212589 0.005938
0.250594 0.212589 0.005938
0.260095 0.212589 0.007126
0.317102 0.212589 0.005938
0.325416 0.212589 0.005938
0.336105 0.212589 0.005938
0.345606 0.212589 0.005938
0.877672 0.212589 0.004751
0.883610 0.212589 0.009501
0.125891 0.213777 0.007126
0.144893 0.213777 0.008314
0.169834 0.213777 0.005938
0.193587 0.213777 0.007126
0.230404 0.213777 0.007126
0.871734 0.213777 0.008314
0.114014 0.214964 0.007126
0.134204 0.214964 0.005938
0.160333 0.214964 0.007126
0.179335 0.214964 0.008314
0.204276 0.214964 0.005938
0.827791 0.214964 0.007126
0.847981 0.214964 0.005938
0.856295 0.214964 0.008314
0.217340 0.216152 0.008314
0.776722 0.216152 0.008314
0.808789 0.217340 0.007126
0.818290 0.217340 0.008314
0.836105 0.217340 0.008314
0.787411 0.218527 0.008314
0.796912 0.218527 0.008314
0.526128 0.219715 0.011876
0.755344 0.219715 0.004751
0.535629 0.220903 0.005938
0.576010 0.220903 0.007126
0.586698 0.220903 0.005938
0.598575 0.220903 0.014252
0.668646 0.220903 0.004751
0.676960 0.220903 0.008314
0.688836 0.220903 0.008314
0.701900 0.220903 0.007126
0.710214 0.220903 0.005938
0.718527 0.220903 0.004751
0.730404 0.220903 0.008314
0.739905 0.220903 0.005938
0.490499 0.222090 0.005938
0.500000 0.222090 0.005938
0.510689 0.222090 0.004751
0.519002 0.222090 0.005938
0.558195 0.222090 0.004751
0.566508 0.222090 0.013064
0.606888 0.222090 0.016627
0.618765 0.222090 0.007126
0.630641 0.222090 0.008314
0.650831 0.222090 0.004751
0.660333 0.222090 0.013064
0.459620 0.223278 0.008314
0.471496 0.223278 0.007126
0.482185 0.223278 0.004751
0.547506 0.223278 0.008314
0.642518 0.223278 0.008314
0.445368 0.224466 0.007126
0.393112 0.225653 0.004751
0.416865 0.225653 0.005938
0.426366 0.225653 0.004751
0.433492 0.225653 0.004751
0.144893 0.226841 0.011876
0.347981 0.226841 0.005938
0.370546 0.226841 0.008314
0.382423 0.226841 0.007126
0.403800 0.226841 0.008314
0.111639 0.228029 0.005938
0.123515 0.228029 0.008314
0.138955 0.228029 0.008314
0.153207 0.228029 0.005938
0.299287 0.228029 0.008314
0.328979 0.228029 0.007126
0.339667 0.228029 0.005938
0.166271 0.229216 0.008314
0.187648 0.229216 0.004751
0.250594 0.229216 0.007126
0.260095 0.229216 0.004751
0.318290 0.229216 0.008314
0.358670 0.229216 0.008314
0.179335 0.230404 0.005938
0.204276 0.230404 0.008314
0.216152 0.230404 0.007126
0.239905 0.230404 0.008314
0.268409 0.230404 0.013064
0.277910 0.230404 0.008314
0.228029 0.231591 0.008314
