0.627078 0.071259 0.008314
0.637767 0.071259 0.005938
0.751781 0.071259 0.011876
0.757720 0.071259 0.011876
0.646081 0.072447 0.004751
0.654394 0.072447 0.008314
0.678147 0.072447 0.005938
0.712589 0.072447 0.007126
0.723278 0.072447 0.007126
0.732779 0.072447 0.005938
0.742280 0.072447 0.004751
0.766033 0.072447 0.005938
0.779097 0.072447 0.008314
0.789786 0.072447 0.005938
0.800475 0.072447 0.005938
0.580760 0.073634 0.008314
0.591449 0.073634 0.007126
0.602138 0.073634 0.007126
0.614014 0.073634 0.007126
0.667458 0.073634 0.007126
0.690024 0.073634 0.008314
0.701900 0.073634 0.008314
0.809976 0.073634 0.004751
0.819477 0.073634 0.008314
0.833729 0.073634 0.008314
0.567696 0.074822 0.009501
0.843230 0.074822 0.005938
0.851544 0.074822 0.007126
0.520190 0.076010 0.008314
0.863420 0.076010 0.007126
0.874109 0.076010 0.005938
0.530879 0.077197 0.007126
0.541568 0.077197 0.008314
0.552257 0.077197 0.004751
0.883610 0.077197 0.005938
0.507126 0.078385 0.007126
0.473872 0.079572 0.009501
0.486936 0.079572 0.008314
0.457245 0.080760 0.008314
0.404988 0.081948 0.008314
0.414489 0.081948 0.005938
0.423990 0.081948 0.004751
0.431116 0.081948 0.005938
0.441805 0.081948 0.008314
0.345606 0.083135 0.008314
0.375297 0.083135 0.008314
0.387173 0.083135 0.008314
0.395487 0.083135 0.005938
0.332542 0.084323 0.008314
0.656770 0.084323 0.004751
0.665083 0.084323 0.004751
0.687648 0.084323 0.005938
0.695962 0.084323 0.004751
0.290974 0.085511 0.008314
0.301663 0.085511 0.007126
0.359857 0.085511 0.009501
0.622328 0.085511 0.005938
0.630641 0.085511 0.004751
0.641330 0.085511 0.007126
0.649644 0.085511 0.004751
0.675772 0.085511 0.005938
0.709026 0.085511 0.005938
0.719715 0.085511 0.005938
0.729216 0.085511 0.005938
0.738717 0.085511 0.005938
0.776722 0.085511 0.005938
0.275534 0.086698 0.005938
0.312352 0.086698 0.008314
0.321853 0.086698 0.005938
0.599762 0.086698 0.005938
0.609264 0.086698 0.007126
0.751781 0.086698 0.007126
0.761283 0.086698 0.008314
0.788599 0.086698 0.005938
0.799287 0.086698 0.007126
0.258907 0.087886 0.010689
0.807601 0.087886 0.007126
0.214964 0.089074 0.008314
0.244656 0.089074 0.008314
0.266033 0.089074 0.008314
0.576010 0.089074 0.007126
0.589074 0.089074 0.007126
0.827791 0.089074 0.007126
0.837292 0.089074 0.005938
0.847981 0.089074 0.007126
0.858670 0.089074 0.005938
0.866983 0.089074 0.004751
0.883610 0.089074 0.007126
0.175772 0.090261 0.007126
0.184086 0.090261 0.005938
0.226841 0.090261 0.007126
0.236342 0.090261 0.004751
0.553444 0.090261 0.005938
0.564133 0.090261 0.007126
0.194774 0.091449 0.008314
0.545131 0.091449 0.004751
0.155582 0.092637 0.004751
0.163895 0.092637 0.010689
0.515439 0.092637 0.007126
0.524941 0.092637 0.004751
0.146081 0.093824 0.008314
0.484561 0.093824 0.005938
0.495249 0.093824 0.005938
0.504751 0.093824 0.005938
0.534442 0.093824 0.007126
0.444181 0.095012 0.005938
0.456057 0.095012 0.005938
0.465558 0.095012 0.005938
0.475059 0.095012 0.007126
0.433492 0.096200 0.005938
0.377672 0.097387 0.007126
0.387173 0.097387 0.007126
0.399050 0.097387 0.005938
0.422803 0.097387 0.007126
0.365796 0.098575 0.005938
0.408551 0.098575 0.007126
0.657957 0.098575 0.007126
0.333729 0.099762 0.005938
0.344418 0.099762 0.007126
0.355107 0.099762 0.007126
0.606888 0.099762 0.007126
0.647268 0.099762 0.004751
0.668646 0.099762 0.008314
0.675772 0.099762 0.010689
0.690024 0.099762 0.004751
0.698337 0.099762 0.004751
0.706651 0.099762 0.005938
0.714964 0.099762 0.004751
0.737530 0.099762 0.005938
0.747031 0.099762 0.007126
0.769596 0.099762 0.004751
0.281473 0.100950 0.005938
0.292162 0.100950 0.007126
0.302850 0.100950 0.007126
0.314727 0.100950 0.007126
0.324228 0.100950 0.005938
0.596200 0.100950 0.007126
0.617577 0.100950 0.005938
0.628266 0.100950 0.007126
0.637767 0.100950 0.005938
0.726841 0.100950 0.007126
0.760095 0.100950 0.005938
0.777910 0.100950 0.004751
0.785036 0.100950 0.004751
0.793349 0.100950 0.010689
0.801663 0.100950 0.008314
0.823040 0.100950 0.004751
0.883610 0.100950 0.005938
0.252969 0.102138 0.007126
0.263658 0.102138 0.004751
0.584323 0.102138 0.007126
0.814727 0.102138 0.005938
0.834917 0.102138 0.007126
0.851544 0.102138 0.004751
0.858670 0.102138 0.004751
0.874109 0.102138 0.005938
0.220903 0.103325 0.007126
0.241093 0.103325 0.005938
0.270784 0.103325 0.007126
0.574822 0.103325 0.005938
0.844418 0.103325 0.004751
0.866983 0.103325 0.010689
0.182898 0.104513 0.004751
0.190024 0.104513 0.005938
0.204276 0.104513 0.007126
0.212589 0.104513 0.005938
0.231591 0.104513 0.004751
0.565321 0.104513 0.007126
0.162708 0.105701 0.005938
0.172209 0.105701 0.005938
0.554632 0.105701 0.008314
0.152019 0.106888 0.007126
0.509501 0.106888 0.008314
0.520190 0.106888 0.005938
0.530879 0.106888 0.007126
0.542755 0.106888 0.008314
0.458432 0.108076 0.007126
0.490499 0.108076 0.007126
0.501188 0.108076 0.005938
0.434679 0.109264 0.007126
0.446556 0.109264 0.007126
0.469121 0.109264 0.007126
0.479810 0.109264 0.005938
0.390736 0.111639 0.007126
0.401425 0.111639 0.007126
0.412114 0.111639 0.007126
0.422803 0.111639 0.007126
0.369359 0.112827 0.007126
0.380048 0.112827 0.005938
0.115202 0.114014 0.007126
0.345606 0.114014 0.007126
0.356295 0.114014 0.005938
0.647268 0.114014 0.004751
0.657957 0.114014 0.008314
0.724466 0.114014 0.007126
0.745843 0.114014 0.007126
0.756532 0.114014 0.008314
0.767221 0.114014 0.007126
0.808789 0.114014 0.005938
0.306413 0.115202 0.005938
0.315914 0.115202 0.005938
0.324228 0.115202 0.005938
0.336105 0.115202 0.007126
0.637767 0.115202 0.005938
0.713777 0.115202 0.008314
0.776722 0.115202 0.005938
0.787411 0.115202 0.007126
0.798100 0.115202 0.005938
0.818290 0.115202 0.004751
0.836105 0.115202 0.005938
0.845606 0.115202 0.005938
0.857482 0.115202 0.008314
0.266033 0.116390 0.007126
0.276722 0.116390 0.007126
0.288599 0.116390 0.005938
0.296912 0.116390 0.008314
0.610451 0.116390 0.008314
0.621140 0.116390 0.004751
0.627078 0.116390 0.008314
0.825416 0.116390 0.008314
0.866983 0.116390 0.007126
0.188836 0.117577 0.007126
0.207838 0.117577 0.005938
0.217340 0.117577 0.005938
0.242280 0.117577 0.007126
0.255344 0.117577 0.007126
0.587886 0.117577 0.005938
0.598575 0.117577 0.005938
0.174584 0.118765 0.009501
0.199525 0.118765 0.005938
0.229216 0.118765 0.008314
0.578385 0.118765 0.005938
0.166271 0.119952 0.005938
0.539192 0.119952 0.004751
0.560570 0.119952 0.005938
0.568884 0.119952 0.005938
0.527316 0.121140 0.009501
0.552257 0.121140 0.004751
0.148456 0.122328 0.007126
0.156770 0.122328 0.005938
0.520190 0.122328 0.004751
0.501188 0.123515 0.008314
0.457245 0.124703 0.007126
0.467933 0.124703 0.007126
0.478622 0.124703 0.008314
0.490499 0.124703 0.007126
0.447743 0.125891 0.011876
0.420428 0.127078 0.005938
0.431116 0.127078 0.008314
0.440618 0.127078 0.004751
0.376485 0.128266 0.008314
0.387173 0.128266 0.005938
0.397862 0.128266 0.007126
0.408551 0.128266 0.008314
0.849169 0.128266 0.008314
0.882423 0.128266 0.007126
0.333729 0.129454 0.007126
0.353919 0.129454 0.007126
0.706651 0.129454 0.008314
0.731591 0.129454 0.005938
0.741093 0.129454 0.005938
0.776722 0.129454 0.005938
0.790974 0.129454 0.008314
0.837292 0.129454 0.008314
0.863420 0.129454 0.007126
0.344418 0.130641 0.005938
0.363420 0.130641 0.007126
0.633017 0.130641 0.007126
0.653207 0.130641 0.014252
0.722090 0.130641 0.008314
0.749406 0.130641 0.007126
0.806413 0.130641 0.007126
0.815914 0.130641 0.008314
0.827791 0.130641 0.007126
0.872922 0.130641 0.007126
0.266033 0.131829 0.008314
0.279097 0.131829 0.010689
0.621140 0.131829 0.008314
0.643705 0.131829 0.005938
0.661520 0.131829 0.013064
0.209026 0.133017 0.008314
0.243468 0.133017 0.005938
0.256532 0.133017 0.007126
0.609264 0.133017 0.008314
0.198337 0.134204 0.004751
0.176960 0.135392 0.007126
0.188836 0.135392 0.007126
0.220903 0.135392 0.010689
0.229216 0.135392 0.010689
0.596200 0.135392 0.008314
0.143705 0.136580 0.005938
0.127078 0.137767 0.010689
0.134204 0.137767 0.005938
0.509501 0.137767 0.008314
0.520190 0.137767 0.005938
0.549881 0.137767 0.007126
0.530879 0.138955 0.005938
0.540380 0.138955 0.004751
0.477435 0.140143 0.005938
0.486936 0.140143 0.005938
0.496437 0.140143 0.008314
0.466746 0.141330 0.008314
0.425178 0.142518 0.007126
0.437055 0.142518 0.007126
0.447743 0.142518 0.005938
0.456057 0.142518 0.004751
0.380048 0.143705 0.007126
0.391924 0.143705 0.007126
0.406176 0.143705 0.008314
0.414489 0.143705 0.005938
0.862233 0.143705 0.005938
0.871734 0.143705 0.004751
0.346793 0.144893 0.007126
0.356295 0.144893 0.005938
0.368171 0.144893 0.007126
0.770784 0.144893 0.008314
0.806413 0.144893 0.008314
0.827791 0.144893 0.008314
0.840855 0.144893 0.007126
0.851544 0.144893 0.005938
0.279097 0.146081 0.005938
0.336105 0.146081 0.008314
0.710214 0.146081 0.007126
0.722090 0.146081 0.007126
0.733967 0.146081 0.008314
0.758907 0.146081 0.008314
0.815914 0.146081 0.005938
0.256532 0.147268 0.008314
0.268409 0.147268 0.007126
0.660333 0.147268 0.004751
0.748219 0.147268 0.008314
0.206651 0.148456 0.008314
0.243468 0.148456 0.008314
0.162708 0.149644 0.005938
0.185273 0.149644 0.007126
0.195962 0.149644 0.007126
0.219715 0.149644 0.005938
0.230404 0.149644 0.005938
0.615202 0.149644 0.005938
0.634204 0.149644 0.005938
0.644893 0.149644 0.007126
0.154394 0.150831 0.007126
0.606888 0.150831 0.004751
0.624703 0.150831 0.005938
0.128266 0.152019 0.004751
0.136580 0.152019 0.005938
0.143705 0.152019 0.007126
0.173397 0.152019 0.007126
0.112827 0.153207 0.005938
0.585511 0.153207 0.011876
0.597387 0.153207 0.007126
0.121140 0.154394 0.005938
0.567696 0.154394 0.008314
0.577197 0.154394 0.005938
0.516627 0.155582 0.007126
0.539192 0.155582 0.005938
0.548694 0.155582 0.011876
0.492874 0.156770 0.008314
0.505938 0.156770 0.007126
0.527316 0.156770 0.008314
0.475059 0.157957 0.008314
0.483373 0.157957 0.004751
0.872922 0.157957 0.008314
0.889549 0.157957 0.008314
0.364608 0.159145 0.008314
0.402613 0.159145 0.005938
0.413302 0.159145 0.005938
0.423990 0.159145 0.008314
0.433492 0.159145 0.008314
0.447743 0.159145 0.009501
0.465558 0.159145 0.007126
0.849169 0.159145 0.008314
0.859857 0.159145 0.009501
0.336105 0.160333 0.005938
0.345606 0.160333 0.007126
0.356295 0.160333 0.008314
0.375297 0.160333 0.005938
0.808789 0.160333 0.005938
0.836105 0.160333 0.008314
0.393112 0.161520 0.008314
0.799287 0.161520 0.007126
0.818290 0.161520 0.005938
0.826603 0.161520 0.005938
0.260095 0.162708 0.005938
0.270784 0.162708 0.007126
0.280285 0.162708 0.011876
0.758907 0.162708 0.010689
0.789786 0.162708 0.013064
0.192399 0.163895 0.008314
0.204276 0.163895 0.007126
0.217340 0.163895 0.008314
0.230404 0.163895 0.008314
0.241093 0.163895 0.007126
0.251781 0.163895 0.008314
0.750594 0.163895 0.005938
0.783848 0.163895 0.011876
0.179335 0.165083 0.007126
0.773159 0.165083 0.005938
0.143705 0.166271 0.008314
0.707838 0.166271 0.008314
0.122328 0.167458 0.005938
0.131829 0.167458 0.007126
0.154394 0.167458 0.008314
0.166271 0.167458 0.007126
0.618765 0.167458 0.008314
0.663895 0.167458 0.008314
0.112827 0.168646 0.007126
0.629454 0.168646 0.007126
0.654394 0.168646 0.013064
0.587886 0.169834 0.008314
0.595012 0.169834 0.008314
0.606888 0.169834 0.008314
0.638955 0.169834 0.008314
0.557007 0.172209 0.008314
0.567696 0.172209 0.008314
0.577197 0.172209 0.008314
0.526128 0.173397 0.009501
0.534442 0.173397 0.007126
0.456057 0.174584 0.004751
0.513064 0.174584 0.004751
0.396675 0.175772 0.009501
0.423990 0.175772 0.005938
0.438242 0.175772 0.013064
0.447743 0.175772 0.005938
0.470309 0.175772 0.011876
0.478622 0.175772 0.011876
0.503563 0.175772 0.011876
0.818290 0.175772 0.008314
0.827791 0.175772 0.005938
0.414489 0.176960 0.008314
0.488124 0.176960 0.005938
0.496437 0.176960 0.004751
0.871734 0.176960 0.010689
0.362233 0.178147 0.005938
0.806413 0.178147 0.009501
0.837292 0.178147 0.007126
0.850356 0.178147 0.008314
0.858670 0.178147 0.010689
0.884798 0.178147 0.004751
0.891924 0.178147 0.010689
0.179335 0.179335 0.008314
0.209026 0.179335 0.008314
0.220903 0.179335 0.011876
0.262470 0.179335 0.013064
0.270784 0.179335 0.013064
0.280285 0.179335 0.007126
0.372922 0.179335 0.008314
0.382423 0.179335 0.008314
0.188836 0.180523 0.007126
0.198337 0.180523 0.005938
0.229216 0.180523 0.005938
0.238717 0.180523 0.008314
0.251781 0.180523 0.007126
0.334917 0.180523 0.011876
0.343230 0.180523 0.013064
0.352732 0.180523 0.005938
0.774347 0.180523 0.008314
0.785036 0.180523 0.008314
0.792162 0.180523 0.004751
0.150831 0.181710 0.007126
0.163895 0.181710 0.008314
0.757720 0.181710 0.008314
0.133017 0.182898 0.005938
0.141330 0.182898 0.004751
0.747031 0.182898 0.005938
0.119952 0.184086 0.010689
0.707838 0.184086 0.008314
0.716152 0.184086 0.009501
0.728029 0.184086 0.008314
0.737530 0.184086 0.004751
0.114014 0.185273 0.011876
0.669834 0.186461 0.008314
0.678147 0.186461 0.011876
0.697150 0.186461 0.004751
0.608076 0.187648 0.008314
0.617577 0.187648 0.013064
0.636580 0.187648 0.008314
0.646081 0.187648 0.008314
0.586698 0.188836 0.008314
0.596200 0.188836 0.005938
0.536817 0.190024 0.008314
0.549881 0.190024 0.008314
0.562945 0.190024 0.008314
0.576010 0.190024 0.007126
0.514252 0.191211 0.005938
0.524941 0.191211 0.007126
0.504751 0.192399 0.008314
0.419240 0.193587 0.004751
0.438242 0.193587 0.005938
0.451306 0.193587 0.008314
0.461995 0.193587 0.008314
0.478622 0.193587 0.008314
0.491686 0.193587 0.008314
0.880048 0.193587 0.010689
0.889549 0.193587 0.008314
0.305226 0.194774 0.008314
0.407363 0.194774 0.008314
0.428741 0.194774 0.007126
0.872922 0.194774 0.004751
0.233967 0.195962 0.008314
0.283848 0.195962 0.007126
0.294537 0.195962 0.008314
0.324228 0.195962 0.010689
0.337292 0.195962 0.004751
0.347981 0.195962 0.007126
0.362233 0.195962 0.008314
0.387173 0.195962 0.011876
0.834917 0.195962 0.008314
0.843230 0.195962 0.007126
0.865796 0.195962 0.005938
0.205463 0.197150 0.008314
0.218527 0.197150 0.007126
0.244656 0.197150 0.005938
0.258907 0.197150 0.008314
0.270784 0.197150 0.008314
0.372922 0.197150 0.008314
0.802850 0.197150 0.008314
0.824228 0.197150 0.007126
0.855107 0.197150 0.005938
0.184086 0.198337 0.008314
0.195962 0.198337 0.004751
0.782660 0.198337 0.004751
0.793349 0.198337 0.008314
0.814727 0.198337 0.008314
0.173397 0.199525 0.007126
0.767221 0.199525 0.005938
0.776722 0.199525 0.011876
0.700713 0.200713 0.013064
0.754157 0.200713 0.008314
0.118765 0.201900 0.005938
0.130641 0.201900 0.008314
0.140143 0.201900 0.005938
0.149644 0.201900 0.008314
0.161520 0.201900 0.008314
0.711401 0.201900 0.010689
0.718527 0.201900 0.004751
0.739905 0.201900 0.008314
0.110451 0.203088 0.008314
0.644893 0.204276 0.007126
0.655582 0.204276 0.008314
0.665083 0.204276 0.013064
0.676960 0.204276 0.008314
0.570071 0.205463 0.007126
0.625891 0.205463 0.013064
0.634204 0.205463 0.005938
0.510689 0.206651 0.008314
0.521378 0.206651 0.005938
0.554632 0.206651 0.009501
0.579572 0.206651 0.005938
0.587886 0.206651 0.004751
0.597387 0.206651 0.005938
0.617577 0.206651 0.004751
0.488124 0.207838 0.007126
0.498812 0.207838 0.007126
0.532067 0.207838 0.008314
0.547506 0.207838 0.008314
0.606888 0.207838 0.008314
0.467933 0.209026 0.008314
0.478622 0.209026 0.005938
0.434679 0.210214 0.007126
0.456057 0.210214 0.007126
0.238717 0.211401 0.008314
0.423990 0.211401 0.008314
0.445368 0.211401 0.007126
0.187648 0.212589 0.008314
0.198337 0.212589 0.007126
0.209026 0.212589 0.007126
0.230404 0.212589 0.004751
0.249406 0.212589 0.005938
0.261283 0.212589 0.007126
0.288599 0.212589 0.008314
0.296912 0.212589 0.007126
0.356295 0.212589 0.008314
0.366983 0.212589 0.004751
0.375297 0.212589 0.010689
0.391924 0.212589 0.009501
0.407363 0.212589 0.008314
0.882423 0.212589 0.005938
0.891924 0.212589 0.014252
0.218527 0.213777 0.008314
0.273159 0.213777 0.008314
0.306413 0.213777 0.008314
0.330166 0.213777 0.005938
0.342043 0.213777 0.008314
0.872922 0.213777 0.008314
0.321853 0.214964 0.008314
0.853919 0.214964 0.004751
0.862233 0.214964 0.014252
0.127078 0.216152 0.004751
0.168646 0.216152 0.004751
0.834917 0.216152 0.008314
0.845606 0.216152 0.005938
0.119952 0.217340 0.005938
0.134204 0.217340 0.008314
0.143705 0.217340 0.007126
0.175772 0.217340 0.005938
0.808789 0.217340 0.005938
0.823040 0.217340 0.009501
0.109264 0.218527 0.007126
0.743468 0.218527 0.007126
0.776722 0.218527 0.007126
0.731591 0.219715 0.008314
0.752969 0.219715 0.008314
0.766033 0.219715 0.008314
0.800475 0.219715 0.008314
0.725653 0.220903 0.004751
0.787411 0.220903 0.008314
0.624703 0.222090 0.004751
0.666271 0.222090 0.011876
0.673397 0.222090 0.004751
0.694774 0.222090 0.005938
0.633017 0.223278 0.007126
0.643705 0.223278 0.008314
0.655582 0.223278 0.008314
0.681710 0.223278 0.011876
0.707838 0.223278 0.008314
0.718527 0.223278 0.017815
0.571259 0.224466 0.008314
0.585511 0.224466 0.008314
0.596200 0.224466 0.008314
0.604513 0.224466 0.004751
0.610451 0.224466 0.003563
0.447743 0.225653 0.008314
0.491686 0.225653 0.008314
0.503563 0.225653 0.005938
0.423990 0.226841 0.004751
0.458432 0.226841 0.008314
0.467933 0.226841 0.007126
0.547506 0.226841 0.008314
0.559382 0.226841 0.008314
0.389549 0.228029 0.005938
0.397862 0.228029 0.011876
0.404988 0.228029 0.004751
0.433492 0.228029 0.007126
0.479810 0.228029 0.008314
0.514252 0.228029 0.008314
0.533254 0.228029 0.008314
0.282660 0.229216 0.004751
0.290974 0.229216 0.004751
0.300475 0.229216 0.004751
0.368171 0.229216 0.008314
0.380048 0.229216 0.005938
0.415677 0.229216 0.013064
0.201900 0.230404 0.004751
0.241093 0.230404 0.008314
0.254157 0.230404 0.007126
0.266033 0.230404 0.007126
0.276722 0.230404 0.004751
0.308789 0.230404 0.005938
0.327791 0.230404 0.008314
0.356295 0.230404 0.010689
0.154394 0.231591 0.008314
0.166271 0.231591 0.009501
0.339667 0.231591 0.008314
0.133017 0.232779 0.004751
0.141330 0.232779 0.011876
0.193587 0.232779 0.013064
0.179335 0.233967 0.008314
0.109264 0.235154 0.008314
0.122328 0.235154 0.008314
