0.940618 0.002375 0.021378
0.756532 0.009501 0.020190
0.846793 0.009501 0.022565
0.763658 0.010689 0.022565
0.817102 0.011876 0.013064
0.880048 0.013064 0.013064
0.692399 0.015439 0.011876
0.277910 0.020190 0.017815
0.248219 0.023753 0.014252
0.184086 0.024941 0.014252
0.663895 0.038005 0.008314
0.672209 0.038005 0.004751
0.742280 0.038005 0.008314
0.627078 0.039192 0.010689
0.634204 0.039192 0.004751
0.644893 0.039192 0.013064
0.685273 0.039192 0.008314
0.699525 0.039192 0.005938
0.709026 0.039192 0.008314
0.717340 0.039192 0.005938
0.760095 0.039192 0.005938
0.769596 0.039192 0.008314
0.780285 0.039192 0.008314
0.570071 0.040380 0.008314
0.590261 0.040380 0.007126
0.602138 0.040380 0.005938
0.612827 0.040380 0.008314
0.652019 0.040380 0.004751
0.730404 0.040380 0.007126
0.751781 0.040380 0.008314
0.789786 0.040380 0.008314
0.800475 0.040380 0.008314
0.813539 0.040380 0.009501
0.825416 0.040380 0.010689
0.853919 0.040380 0.007126
0.864608 0.040380 0.008314
0.526128 0.041568 0.007126
0.538005 0.041568 0.008314
0.547506 0.041568 0.007126
0.558195 0.041568 0.007126
0.580760 0.041568 0.005938
0.807601 0.041568 0.004751
0.842043 0.041568 0.008314
0.877672 0.041568 0.007126
0.448931 0.042755 0.008314
0.480998 0.042755 0.007126
0.491686 0.042755 0.007126
0.502375 0.042755 0.005938
0.513064 0.042755 0.005938
0.887173 0.042755 0.007126
0.404988 0.043943 0.013064
0.426366 0.043943 0.007126
0.437055 0.043943 0.008314
0.390736 0.045131 0.007126
0.414489 0.045131 0.007126
0.458432 0.045131 0.007126
0.470309 0.045131 0.007126
0.255344 0.046318 0.008314
0.266033 0.046318 0.007126
0.277910 0.046318 0.008314
0.338480 0.046318 0.005938
0.347981 0.046318 0.007126
0.371734 0.046318 0.005938
0.381235 0.046318 0.005938
0.242280 0.047506 0.008314
0.298100 0.047506 0.004751
0.307601 0.047506 0.008314
0.321853 0.047506 0.010689
0.330166 0.047506 0.005938
0.359857 0.047506 0.007126
0.230404 0.048694 0.007126
0.288599 0.048694 0.007126
0.201900 0.049881 0.005938
0.217340 0.049881 0.008314
0.185273 0.051069 0.007126
0.193587 0.051069 0.004751
0.171021 0.052257 0.008314
0.684086 0.052257 0.004751
0.666271 0.053444 0.005938
0.675772 0.053444 0.005938
0.692399 0.053444 0.008314
0.155582 0.054632 0.008314
0.605701 0.054632 0.005938
0.625891 0.054632 0.008314
0.648456 0.054632 0.004751
0.655582 0.054632 0.008314
0.707838 0.054632 0.007126
0.716152 0.054632 0.005938
0.755344 0.054632 0.008314
0.875297 0.054632 0.008314
0.124703 0.055819 0.007126
0.542755 0.055819 0.005938
0.551069 0.055819 0.007126
0.561758 0.055819 0.005938
0.571259 0.055819 0.008314
0.583135 0.055819 0.008314
0.614014 0.055819 0.004751
0.636580 0.055819 0.008314
0.731591 0.055819 0.008314
0.743468 0.055819 0.007126
0.769596 0.055819 0.008314
0.793349 0.055819 0.007126
0.843230 0.055819 0.007126
0.855107 0.055819 0.007126
0.882423 0.055819 0.004751
0.135392 0.057007 0.008314
0.523753 0.057007 0.007126
0.596200 0.057007 0.005938
0.782660 0.057007 0.005938
0.805226 0.057007 0.005938
0.813539 0.057007 0.005938
0.833729 0.057007 0.007126
0.893112 0.057007 0.008314
0.505938 0.058195 0.011876
0.533254 0.058195 0.007126
0.823040 0.058195 0.008314
0.456057 0.059382 0.004751
0.467933 0.059382 0.008314
0.477435 0.059382 0.007126
0.488124 0.059382 0.013064
0.496437 0.059382 0.005938
0.352732 0.060570 0.005938
0.371734 0.060570 0.007126
0.391924 0.060570 0.008314
0.404988 0.060570 0.005938
0.413302 0.060570 0.005938
0.422803 0.060570 0.005938
0.447743 0.060570 0.011876
0.315914 0.061758 0.005938
0.343230 0.061758 0.005938
0.361045 0.061758 0.005938
0.381235 0.061758 0.007126
0.433492 0.061758 0.008314
0.252969 0.062945 0.004751
0.281473 0.062945 0.005938
0.293349 0.062945 0.005938
0.301663 0.062945 0.004751
0.204276 0.064133 0.007126
0.214964 0.064133 0.009501
0.222090 0.064133 0.010689
0.235154 0.064133 0.005938
0.244656 0.064133 0.005938
0.260095 0.064133 0.009501
0.273159 0.064133 0.007126
0.327791 0.064133 0.009501
0.181710 0.065321 0.007126
0.193587 0.065321 0.007126
0.646081 0.065321 0.005938
0.167458 0.066508 0.007126
0.675772 0.066508 0.007126
0.654394 0.067696 0.008314
0.666271 0.067696 0.004751
0.701900 0.067696 0.008314
0.712589 0.067696 0.008314
0.143705 0.068884 0.005938
0.154394 0.068884 0.007126
0.633017 0.068884 0.005938
0.731591 0.068884 0.007126
0.870546 0.068884 0.005938
0.880048 0.068884 0.004751
0.134204 0.070071 0.004751
0.589074 0.070071 0.008314
0.602138 0.070071 0.005938
0.611639 0.070071 0.004751
0.619952 0.070071 0.005938
0.743468 0.070071 0.005938
0.752969 0.070071 0.005938
0.769596 0.070071 0.005938
0.839667 0.070071 0.008314
0.858670 0.070071 0.008314
0.887173 0.070071 0.010689
0.123515 0.071259 0.007126
0.553444 0.071259 0.007126
0.564133 0.071259 0.008314
0.576010 0.071259 0.004751
0.761283 0.071259 0.004751
0.780285 0.071259 0.007126
0.789786 0.071259 0.007126
0.802850 0.071259 0.005938
0.814727 0.071259 0.007126
0.824228 0.072447 0.005938
0.532067 0.073634 0.005938
0.541568 0.073634 0.007126
0.304038 0.074822 0.008314
0.495249 0.074822 0.007126
0.507126 0.074822 0.004751
0.522565 0.074822 0.005938
0.351544 0.076010 0.008314
0.362233 0.076010 0.005938
0.404988 0.076010 0.007126
0.418052 0.076010 0.007126
0.431116 0.076010 0.008314
0.464371 0.076010 0.005938
0.473872 0.076010 0.008314
0.486936 0.076010 0.004751
0.288599 0.077197 0.008314
0.295724 0.077197 0.004751
0.319477 0.077197 0.007126
0.370546 0.077197 0.004751
0.444181 0.077197 0.005938
0.454869 0.077197 0.007126
0.254157 0.078385 0.007126
0.267221 0.078385 0.007126
0.277910 0.078385 0.004751
0.336105 0.078385 0.008314
0.380048 0.078385 0.005938
0.391924 0.078385 0.008314
0.167458 0.080760 0.008314
0.890736 0.080760 0.008314
0.179335 0.081948 0.007126
0.191211 0.081948 0.007126
0.201900 0.081948 0.004751
0.211401 0.081948 0.007126
0.222090 0.081948 0.008314
0.717340 0.081948 0.007126
0.882423 0.081948 0.008314
0.146081 0.083135 0.005938
0.155582 0.083135 0.007126
0.650831 0.083135 0.010689
0.710214 0.083135 0.010689
0.729216 0.083135 0.005938
0.738717 0.083135 0.008314
0.752969 0.083135 0.004751
0.762470 0.083135 0.007126
0.777910 0.083135 0.007126
0.800475 0.083135 0.005938
0.837292 0.083135 0.005938
0.845606 0.083135 0.005938
0.134204 0.084323 0.008314
0.597387 0.084323 0.010689
0.614014 0.084323 0.008314
0.630641 0.084323 0.008314
0.640143 0.084323 0.007126
0.666271 0.084323 0.008314
0.789786 0.084323 0.005938
0.809976 0.084323 0.004751
0.817102 0.084323 0.004751
0.827791 0.084323 0.007126
0.857482 0.084323 0.007126
0.866983 0.084323 0.004751
0.580760 0.085511 0.009501
0.568884 0.086698 0.008314
0.121140 0.087886 0.008314
0.514252 0.087886 0.008314
0.524941 0.087886 0.007126
0.534442 0.087886 0.005938
0.558195 0.087886 0.008314
0.542755 0.089074 0.008314
0.412114 0.090261 0.005938
0.433492 0.090261 0.007126
0.503563 0.090261 0.008314
0.288599 0.091449 0.010689
0.358670 0.091449 0.005938
0.366983 0.091449 0.008314
0.402613 0.091449 0.007126
0.420428 0.091449 0.008314
0.442993 0.091449 0.007126
0.452494 0.091449 0.005938
0.463183 0.091449 0.008314
0.470309 0.091449 0.005938
0.494062 0.091449 0.008314
0.260095 0.092637 0.007126
0.281473 0.092637 0.010689
0.295724 0.092637 0.008314
0.330166 0.092637 0.005938
0.338480 0.092637 0.008314
0.349169 0.092637 0.005938
0.383610 0.092637 0.009501
0.391924 0.092637 0.007126
0.482185 0.092637 0.007126
0.225653 0.093824 0.005938
0.248219 0.093824 0.007126
0.271971 0.093824 0.008314
0.195962 0.095012 0.007126
0.207838 0.095012 0.007126
0.217340 0.095012 0.004751
0.237530 0.095012 0.007126
0.186461 0.096200 0.008314
0.163895 0.097387 0.008314
0.174584 0.097387 0.005938
0.851544 0.097387 0.009501
0.866983 0.097387 0.008314
0.665083 0.098575 0.007126
0.712589 0.098575 0.011876
0.731591 0.098575 0.007126
0.790974 0.098575 0.008314
0.830166 0.098575 0.007126
0.839667 0.098575 0.004751
0.858670 0.098575 0.004751
0.630641 0.099762 0.007126
0.641330 0.099762 0.008314
0.653207 0.099762 0.008314
0.777910 0.099762 0.009501
0.804038 0.099762 0.008314
0.817102 0.099762 0.008314
0.148456 0.100950 0.007126
0.621140 0.100950 0.008314
0.720903 0.100950 0.008314
0.119952 0.102138 0.005938
0.137767 0.102138 0.005938
0.587886 0.102138 0.005938
0.602138 0.102138 0.010689
0.609264 0.102138 0.008314
0.128266 0.103325 0.011876
0.533254 0.103325 0.007126
0.564133 0.103325 0.005938
0.292162 0.104513 0.007126
0.514252 0.104513 0.005938
0.542755 0.104513 0.007126
0.553444 0.104513 0.008314
0.572447 0.104513 0.011876
0.383610 0.105701 0.004751
0.447743 0.105701 0.008314
0.458432 0.105701 0.004751
0.470309 0.105701 0.008314
0.482185 0.105701 0.005938
0.490499 0.105701 0.004751
0.502375 0.105701 0.008314
0.251781 0.106888 0.011876
0.270784 0.106888 0.004751
0.280285 0.106888 0.007126
0.337292 0.106888 0.007126
0.347981 0.106888 0.007126
0.359857 0.106888 0.007126
0.390736 0.106888 0.005938
0.401425 0.106888 0.005938
0.412114 0.106888 0.005938
0.433492 0.106888 0.008314
0.522565 0.106888 0.008314
0.223278 0.108076 0.008314
0.235154 0.108076 0.007126
0.243468 0.108076 0.007126
0.260095 0.108076 0.007126
0.370546 0.108076 0.008314
0.421615 0.108076 0.008314
0.211401 0.109264 0.004751
0.200713 0.110451 0.007126
0.887173 0.110451 0.008314
0.876485 0.111639 0.008314
0.171021 0.112827 0.009501
0.188836 0.112827 0.008314
0.859857 0.112827 0.009501
0.806413 0.114014 0.008314
0.752969 0.115202 0.010689
0.782660 0.115202 0.008314
0.794537 0.115202 0.008314
0.821853 0.115202 0.008314
0.840855 0.115202 0.011876
0.119952 0.116390 0.008314
0.134204 0.116390 0.008314
0.714964 0.116390 0.008314
0.726841 0.116390 0.008314
0.738717 0.116390 0.008314
0.761283 0.116390 0.005938
0.770784 0.116390 0.008314
0.630641 0.117577 0.011876
0.637767 0.117577 0.008314
0.591449 0.118765 0.004751
0.571259 0.119952 0.008314
0.581948 0.119952 0.005938
0.500000 0.121140 0.008314
0.511876 0.121140 0.005938
0.547506 0.121140 0.005938
0.283848 0.122328 0.009501
0.355107 0.122328 0.008314
0.365796 0.122328 0.007126
0.441805 0.122328 0.008314
0.451306 0.122328 0.004751
0.538005 0.122328 0.008314
0.558195 0.122328 0.008314
0.213777 0.123515 0.008314
0.233967 0.123515 0.004751
0.244656 0.123515 0.008314
0.255344 0.123515 0.009501
0.269596 0.123515 0.005938
0.343230 0.123515 0.008314
0.397862 0.123515 0.004751
0.407363 0.123515 0.008314
0.420428 0.123515 0.007126
0.460808 0.123515 0.008314
0.471496 0.123515 0.008314
0.486936 0.123515 0.010689
0.524941 0.123515 0.009501
0.224466 0.124703 0.008314
0.204276 0.125891 0.008314
0.187648 0.127078 0.008314
0.194774 0.127078 0.010689
0.882423 0.127078 0.004751
0.874109 0.128266 0.010689
0.890736 0.128266 0.011876
0.154394 0.129454 0.009501
0.861045 0.129454 0.008314
0.786223 0.130641 0.010689
0.834917 0.130641 0.005938
0.850356 0.130641 0.007126
0.710214 0.131829 0.008314
0.771971 0.131829 0.007126
0.794537 0.131829 0.004751
0.805226 0.131829 0.007126
0.814727 0.131829 0.008314
0.825416 0.131829 0.008314
0.735154 0.133017 0.008314
0.750594 0.133017 0.008314
0.761283 0.133017 0.008314
0.118765 0.134204 0.009501
0.654394 0.134204 0.005938
0.662708 0.134204 0.005938
0.722090 0.134204 0.008314
0.583135 0.135392 0.007126
0.593824 0.135392 0.007126
0.604513 0.135392 0.008314
0.630641 0.135392 0.008314
0.640143 0.135392 0.005938
0.615202 0.136580 0.008314
0.539192 0.137767 0.008314
0.564133 0.137767 0.005938
0.332542 0.138955 0.009501
0.338480 0.138955 0.004751
0.355107 0.138955 0.004751
0.378860 0.138955 0.007126
0.387173 0.138955 0.007126
0.399050 0.138955 0.008314
0.522565 0.138955 0.007126
0.554632 0.138955 0.008314
0.572447 0.138955 0.005938
0.245843 0.140143 0.004751
0.263658 0.140143 0.008314
0.346793 0.140143 0.005938
0.409739 0.140143 0.008314
0.420428 0.140143 0.007126
0.431116 0.140143 0.005938
0.439430 0.140143 0.004751
0.456057 0.140143 0.007126
0.467933 0.140143 0.007126
0.478622 0.140143 0.007126
0.489311 0.140143 0.007126
0.500000 0.140143 0.008314
0.510689 0.140143 0.008314
0.237530 0.141330 0.008314
0.251781 0.141330 0.009501
0.199525 0.142518 0.008314
0.225653 0.142518 0.008314
0.209026 0.143705 0.008314
0.218527 0.143705 0.004751
0.187648 0.144893 0.008314
0.176960 0.146081 0.008314
0.864608 0.146081 0.008314
0.872922 0.146081 0.004751
0.882423 0.146081 0.007126
0.893112 0.146081 0.008314
0.162708 0.147268 0.005938
0.833729 0.147268 0.008314
0.153207 0.148456 0.008314
0.798100 0.148456 0.008314
0.820665 0.148456 0.005938
0.849169 0.148456 0.009501
0.129454 0.149644 0.007126
0.140143 0.149644 0.007126
0.743468 0.149644 0.004751
0.751781 0.149644 0.008314
0.764846 0.149644 0.008314
0.777910 0.149644 0.005938
0.787411 0.149644 0.005938
0.811164 0.149644 0.007126
0.119952 0.150831 0.007126
0.733967 0.150831 0.008314
0.669834 0.152019 0.007126
0.680523 0.152019 0.007126
0.691211 0.152019 0.008314
0.703088 0.152019 0.007126
0.713777 0.152019 0.007126
0.724466 0.152019 0.008314
0.628266 0.153207 0.007126
0.636580 0.153207 0.005938
0.649644 0.153207 0.008314
0.661520 0.153207 0.008314
0.559382 0.154394 0.007126
0.571259 0.154394 0.008314
0.585511 0.154394 0.008314
0.610451 0.154394 0.004751
0.617577 0.154394 0.004751
0.515439 0.155582 0.007126
0.524941 0.155582 0.005938
0.535629 0.155582 0.007126
0.547506 0.155582 0.008314
0.597387 0.155582 0.008314
0.345606 0.156770 0.013064
0.361045 0.156770 0.005938
0.371734 0.156770 0.007126
0.382423 0.156770 0.008314
0.456057 0.156770 0.008314
0.470309 0.156770 0.008314
0.495249 0.156770 0.004751
0.502375 0.156770 0.004751
0.334917 0.157957 0.005938
0.395487 0.157957 0.007126
0.406176 0.157957 0.008314
0.444181 0.157957 0.008314
0.484561 0.157957 0.007126
0.228029 0.159145 0.007126
0.248219 0.159145 0.007126
0.258907 0.159145 0.008314
0.273159 0.159145 0.007126
0.283848 0.159145 0.005938
0.290974 0.159145 0.004751
0.304038 0.159145 0.008314
0.315914 0.159145 0.005938
0.324228 0.159145 0.008314
0.416865 0.159145 0.004751
0.422803 0.159145 0.011876
0.432304 0.159145 0.008314
0.897862 0.159145 0.008314
0.907363 0.159145 0.005938
0.200713 0.160333 0.008314
0.210214 0.160333 0.004751
0.217340 0.160333 0.004751
0.237530 0.160333 0.007126
0.883610 0.161520 0.009501
0.144893 0.162708 0.010689
0.866983 0.162708 0.008314
0.154394 0.163895 0.008314
0.161520 0.163895 0.004751
0.171021 0.163895 0.005938
0.185273 0.163895 0.009501
0.823040 0.163895 0.010689
0.851544 0.163895 0.010689
0.138955 0.165083 0.004751
0.808789 0.165083 0.009501
0.837292 0.165083 0.010689
0.130641 0.166271 0.005938
0.713777 0.166271 0.007126
0.788599 0.166271 0.008314
0.118765 0.167458 0.008314
0.700713 0.167458 0.008314
0.723278 0.167458 0.008314
0.735154 0.167458 0.008314
0.761283 0.167458 0.008314
0.781473 0.167458 0.011876
0.798100 0.167458 0.007126
0.662708 0.168646 0.004751
0.673397 0.168646 0.007126
0.748219 0.168646 0.008314
0.770784 0.168646 0.008314
0.514252 0.169834 0.007126
0.523753 0.169834 0.005938
0.534442 0.169834 0.008314
0.547506 0.169834 0.008314
0.561758 0.169834 0.008314
0.572447 0.169834 0.007126
0.635392 0.169834 0.005938
0.642518 0.169834 0.008314
0.654394 0.169834 0.007126
0.684086 0.169834 0.008314
0.491686 0.171021 0.004751
0.501188 0.171021 0.008314
0.585511 0.171021 0.009501
0.615202 0.171021 0.008314
0.625891 0.171021 0.005938
0.467933 0.172209 0.008314
0.479810 0.172209 0.008314
0.599762 0.172209 0.008314
0.365796 0.173397 0.008314
0.416865 0.173397 0.008314
0.450119 0.173397 0.010689
0.458432 0.173397 0.005938
0.283848 0.174584 0.008314
0.295724 0.174584 0.005938
0.351544 0.174584 0.008314
0.376485 0.174584 0.005938
0.385986 0.174584 0.008314
0.400238 0.174584 0.013064
0.408551 0.174584 0.005938
0.428741 0.174584 0.004751
0.263658 0.175772 0.008314
0.274347 0.175772 0.004751
0.314727 0.175772 0.008314
0.324228 0.175772 0.005938
0.342043 0.175772 0.005938
0.908551 0.175772 0.004751
0.332542 0.176960 0.005938
0.241093 0.178147 0.007126
0.250594 0.178147 0.008314
0.901425 0.178147 0.011876
0.185273 0.179335 0.007126
0.194774 0.179335 0.008314
0.207838 0.179335 0.008314
0.220903 0.179335 0.008314
0.229216 0.179335 0.008314
0.887173 0.179335 0.004751
0.163895 0.180523 0.008314
0.174584 0.180523 0.007126
0.868171 0.180523 0.008314
0.876485 0.180523 0.014252
0.844418 0.181710 0.008314
0.115202 0.182898 0.008314
0.150831 0.182898 0.007126
0.811164 0.182898 0.005938
0.821853 0.182898 0.007126
0.831354 0.182898 0.007126
0.857482 0.182898 0.007126
0.127078 0.184086 0.005938
0.137767 0.184086 0.007126
0.701900 0.184086 0.008314
0.714964 0.184086 0.007126
0.725653 0.184086 0.008314
0.732779 0.184086 0.008314
0.742280 0.184086 0.008314
0.799287 0.184086 0.009501
0.682898 0.185273 0.005938
0.754157 0.185273 0.008314
0.768409 0.185273 0.008314
0.691211 0.186461 0.015439
0.781473 0.186461 0.009501
0.587886 0.187648 0.008314
0.598575 0.187648 0.005938
0.623515 0.187648 0.005938
0.634204 0.187648 0.005938
0.641330 0.187648 0.008314
0.652019 0.187648 0.007126
0.661520 0.187648 0.007126
0.566508 0.188836 0.011876
0.608076 0.188836 0.007126
0.491686 0.190024 0.005938
0.511876 0.190024 0.008314
0.521378 0.190024 0.005938
0.554632 0.190024 0.008314
0.403800 0.191211 0.008314
0.419240 0.191211 0.008314
0.433492 0.191211 0.008314
0.467933 0.191211 0.005938
0.480998 0.191211 0.008314
0.500000 0.191211 0.005938
0.533254 0.191211 0.008314
0.545131 0.191211 0.007126
0.366983 0.192399 0.008314
0.384798 0.192399 0.010689
0.448931 0.192399 0.007126
0.459620 0.192399 0.005938
0.320665 0.193587 0.008314
0.339667 0.193587 0.008314
0.138955 0.194774 0.004751
0.197150 0.194774 0.007126
0.273159 0.194774 0.011876
0.331354 0.194774 0.007126
0.353919 0.194774 0.008314
0.128266 0.195962 0.005938
0.154394 0.195962 0.005938
0.165083 0.195962 0.007126
0.175772 0.195962 0.007126
0.186461 0.195962 0.007126
0.206651 0.195962 0.005938
0.254157 0.195962 0.008314
0.266033 0.195962 0.004751
0.299287 0.195962 0.004751
0.308789 0.195962 0.008314
0.115202 0.197150 0.010689
0.216152 0.197150 0.008314
0.228029 0.197150 0.008314
0.238717 0.197150 0.008314
0.288599 0.197150 0.008314
