0.941805 0.004751 0.020190
0.845606 0.008314 0.020190
0.880048 0.013064 0.014252
0.705463 0.034442 0.007126
0.751781 0.034442 0.011876
0.695962 0.035629 0.007126
0.760095 0.035629 0.007126
0.629454 0.036817 0.005938
0.646081 0.036817 0.004751
0.717340 0.036817 0.007126
0.737530 0.036817 0.007126
0.771971 0.036817 0.008314
0.799287 0.036817 0.008314
0.866983 0.036817 0.008314
0.621140 0.038005 0.004751
0.637767 0.038005 0.011876
0.654394 0.038005 0.005938
0.663895 0.038005 0.005938
0.676960 0.038005 0.008314
0.685273 0.038005 0.007126
0.726841 0.038005 0.008314
0.786223 0.038005 0.008314
0.809976 0.038005 0.005938
0.820665 0.038005 0.008314
0.833729 0.038005 0.008314
0.844418 0.039192 0.005938
0.852732 0.039192 0.007126
0.878860 0.039192 0.008314
0.494062 0.041568 0.008314
0.505938 0.041568 0.010689
0.521378 0.041568 0.007126
0.548694 0.041568 0.008314
0.558195 0.041568 0.004751
0.567696 0.041568 0.008314
0.465558 0.042755 0.008314
0.480998 0.042755 0.008314
0.533254 0.042755 0.008314
0.377672 0.043943 0.005938
0.432304 0.043943 0.009501
0.285036 0.045131 0.007126
0.307601 0.045131 0.008314
0.323040 0.045131 0.007126
0.332542 0.045131 0.007126
0.349169 0.045131 0.011876
0.357482 0.045131 0.005938
0.366983 0.045131 0.008314
0.389549 0.045131 0.010689
0.416865 0.045131 0.007126
0.442993 0.045131 0.007126
0.295724 0.046318 0.007126
0.404988 0.046318 0.008314
0.452494 0.046318 0.008314
0.229216 0.047506 0.011876
0.236342 0.047506 0.008314
0.247031 0.047506 0.008314
0.258907 0.047506 0.008314
0.271971 0.047506 0.008314
0.214964 0.048694 0.005938
0.736342 0.048694 0.005938
0.203088 0.049881 0.007126
0.717340 0.049881 0.007126
0.745843 0.049881 0.007126
0.168646 0.051069 0.007126
0.193587 0.051069 0.007126
0.690024 0.051069 0.008314
0.705463 0.051069 0.008314
0.729216 0.051069 0.004751
0.757720 0.051069 0.008314
0.769596 0.051069 0.005938
0.781473 0.051069 0.007126
0.808789 0.051069 0.008314
0.826603 0.051069 0.004751
0.874109 0.051069 0.008314
0.181710 0.052257 0.008314
0.680523 0.052257 0.007126
0.793349 0.052257 0.007126
0.819477 0.052257 0.005938
0.833729 0.052257 0.010689
0.842043 0.052257 0.004751
0.881235 0.052257 0.004751
0.889549 0.052257 0.005938
0.121140 0.053444 0.011876
0.156770 0.053444 0.007126
0.635392 0.053444 0.005938
0.849169 0.053444 0.008314
0.859857 0.053444 0.007126
0.138955 0.054632 0.005938
0.147268 0.054632 0.008314
0.619952 0.054632 0.011876
0.644893 0.054632 0.007126
0.657957 0.054632 0.005938
0.669834 0.054632 0.007126
0.581948 0.055819 0.007126
0.541568 0.057007 0.005938
0.434679 0.058195 0.007126
0.494062 0.058195 0.008314
0.503563 0.058195 0.005938
0.534442 0.058195 0.011876
0.552257 0.058195 0.007126
0.561758 0.058195 0.007126
0.422803 0.059382 0.008314
0.446556 0.059382 0.005938
0.482185 0.059382 0.008314
0.514252 0.059382 0.008314
0.524941 0.059382 0.007126
0.591449 0.059382 0.007126
0.286223 0.060570 0.005938
0.295724 0.060570 0.008314
0.311164 0.060570 0.008314
0.324228 0.060570 0.007126
0.336105 0.060570 0.008314
0.345606 0.060570 0.007126
0.356295 0.060570 0.007126
0.364608 0.060570 0.005938
0.375297 0.060570 0.007126
0.406176 0.060570 0.010689
0.466746 0.060570 0.009501
0.568884 0.060570 0.010689
0.222090 0.061758 0.005938
0.256532 0.061758 0.005938
0.275534 0.061758 0.005938
0.387173 0.061758 0.007126
0.232779 0.062945 0.007126
0.243468 0.062945 0.007126
0.266033 0.062945 0.007126
0.211401 0.064133 0.008314
0.180523 0.065321 0.005938
0.199525 0.065321 0.007126
0.165083 0.066508 0.009501
0.190024 0.066508 0.005938
0.763658 0.066508 0.004751
0.805226 0.066508 0.008314
0.865796 0.066508 0.007126
0.875297 0.066508 0.004751
0.121140 0.067696 0.008314
0.130641 0.067696 0.005938
0.141330 0.067696 0.007126
0.752969 0.067696 0.008314
0.771971 0.067696 0.011876
0.786223 0.067696 0.008314
0.821853 0.067696 0.008314
0.831354 0.067696 0.004751
0.843230 0.067696 0.008314
0.853919 0.067696 0.005938
0.737530 0.068884 0.004751
0.744656 0.068884 0.013064
0.154394 0.070071 0.008314
0.713777 0.070071 0.007126
0.725653 0.070071 0.008314
0.655582 0.071259 0.005938
0.642518 0.072447 0.007126
0.504751 0.073634 0.004751
0.521378 0.073634 0.005938
0.543943 0.073634 0.008314
0.555819 0.073634 0.007126
0.567696 0.073634 0.007126
0.579572 0.073634 0.007126
0.484561 0.074822 0.008314
0.496437 0.074822 0.007126
0.513064 0.074822 0.010689
0.533254 0.074822 0.008314
0.273159 0.076010 0.008314
0.286223 0.076010 0.007126
0.296912 0.076010 0.004751
0.305226 0.076010 0.008314
0.320665 0.076010 0.005938
0.328979 0.076010 0.005938
0.340855 0.076010 0.008314
0.352732 0.076010 0.008314
0.364608 0.076010 0.005938
0.374109 0.076010 0.005938
0.382423 0.076010 0.005938
0.391924 0.076010 0.005938
0.420428 0.076010 0.009501
0.441805 0.076010 0.004751
0.463183 0.076010 0.007126
0.472684 0.076010 0.005938
0.230404 0.077197 0.007126
0.239905 0.077197 0.007126
0.251781 0.077197 0.008314
0.263658 0.077197 0.005938
0.402613 0.077197 0.007126
0.433492 0.077197 0.008314
0.450119 0.077197 0.010689
0.222090 0.078385 0.011876
0.207838 0.079572 0.009501
0.174584 0.080760 0.005938
0.185273 0.080760 0.013064
0.192399 0.080760 0.008314
0.157957 0.081948 0.004751
0.858670 0.081948 0.007126
0.875297 0.081948 0.007126
0.884798 0.081948 0.011876
0.163895 0.083135 0.008314
0.825416 0.083135 0.008314
0.868171 0.083135 0.009501
0.118765 0.084323 0.008314
0.144893 0.084323 0.008314
0.788599 0.084323 0.007126
0.815914 0.084323 0.007126
0.799287 0.085511 0.011876
0.742280 0.086698 0.008314
0.520190 0.090261 0.005938
0.564133 0.090261 0.010689
0.572447 0.090261 0.004751
0.387173 0.091449 0.008314
0.477435 0.091449 0.005938
0.490499 0.091449 0.008314
0.498812 0.091449 0.007126
0.510689 0.091449 0.008314
0.536817 0.091449 0.010689
0.549881 0.091449 0.008314
0.370546 0.092637 0.008314
0.399050 0.092637 0.007126
0.408551 0.092637 0.005938
0.416865 0.092637 0.008314
0.427553 0.092637 0.007126
0.447743 0.092637 0.008314
0.465558 0.092637 0.008314
0.273159 0.093824 0.008314
0.288599 0.093824 0.008314
0.349169 0.093824 0.008314
0.358670 0.093824 0.007126
0.435867 0.093824 0.008314
0.238717 0.095012 0.008314
0.248219 0.095012 0.008314
0.261283 0.095012 0.008314
0.173397 0.096200 0.010689
0.203088 0.096200 0.008314
0.219715 0.096200 0.008314
0.229216 0.096200 0.005938
0.179335 0.097387 0.008314
0.192399 0.097387 0.007126
0.881235 0.098575 0.008314
0.149644 0.099762 0.008314
0.160333 0.099762 0.008314
0.827791 0.099762 0.013064
0.870546 0.099762 0.008314
0.858670 0.100950 0.008314
0.117577 0.102138 0.007126
0.128266 0.102138 0.005938
0.136580 0.102138 0.010689
0.792162 0.102138 0.004751
0.806413 0.102138 0.011876
0.817102 0.102138 0.008314
0.846793 0.102138 0.007126
0.589074 0.106888 0.008314
0.600950 0.106888 0.005938
0.502375 0.108076 0.008314
0.542755 0.108076 0.009501
0.558195 0.108076 0.007126
0.568884 0.108076 0.008314
0.579572 0.108076 0.005938
0.378860 0.109264 0.008314
0.469121 0.109264 0.007126
0.478622 0.109264 0.008314
0.489311 0.109264 0.007126
0.274347 0.110451 0.007126
0.286223 0.110451 0.010689
0.363420 0.110451 0.008314
0.389549 0.110451 0.008314
0.404988 0.110451 0.008314
0.416865 0.110451 0.008314
0.427553 0.110451 0.007126
0.517815 0.110451 0.010689
0.212589 0.111639 0.011876
0.261283 0.111639 0.008314
0.438242 0.111639 0.005938
0.446556 0.111639 0.008314
0.457245 0.111639 0.008314
0.219715 0.112827 0.005938
0.229216 0.112827 0.007126
0.239905 0.112827 0.005938
0.249406 0.112827 0.008314
0.349169 0.112827 0.008314
0.197150 0.114014 0.007126
0.878860 0.115202 0.008314
0.187648 0.116390 0.007126
0.869359 0.116390 0.004751
0.144893 0.117577 0.011876
0.167458 0.117577 0.004751
0.175772 0.117577 0.008314
0.833729 0.117577 0.008314
0.852732 0.117577 0.011876
0.862233 0.117577 0.005938
0.125891 0.118765 0.007126
0.136580 0.118765 0.005938
0.157957 0.118765 0.008314
0.824228 0.118765 0.007126
0.845606 0.118765 0.004751
0.815914 0.119952 0.004751
0.808789 0.121140 0.004751
0.116390 0.122328 0.008314
0.635392 0.122328 0.008314
0.610451 0.123515 0.010689
0.624703 0.123515 0.005938
0.557007 0.124703 0.004751
0.572447 0.124703 0.008314
0.435867 0.125891 0.004751
0.492874 0.125891 0.008314
0.505938 0.125891 0.007126
0.517815 0.125891 0.005938
0.539192 0.125891 0.008314
0.548694 0.125891 0.007126
0.441805 0.127078 0.009501
0.480998 0.127078 0.005938
0.526128 0.127078 0.007126
0.428741 0.128266 0.010689
0.458432 0.128266 0.008314
0.388361 0.129454 0.007126
0.470309 0.129454 0.008314
0.219715 0.130641 0.007126
0.232779 0.130641 0.010689
0.249406 0.130641 0.007126
0.260095 0.130641 0.005938
0.269596 0.130641 0.007126
0.285036 0.130641 0.010689
0.339667 0.130641 0.008314
0.365796 0.130641 0.008314
0.377672 0.130641 0.007126
0.399050 0.130641 0.013064
0.404988 0.130641 0.011876
0.418052 0.130641 0.007126
0.176960 0.131829 0.008314
0.194774 0.131829 0.005938
0.292162 0.131829 0.015439
0.353919 0.131829 0.008314
0.185273 0.133017 0.008314
0.205463 0.133017 0.008314
0.142518 0.134204 0.007126
0.165083 0.134204 0.005938
0.157957 0.135392 0.004751
0.118765 0.136580 0.008314
0.858670 0.136580 0.008314
0.804038 0.137767 0.005938
0.823040 0.137767 0.007126
0.838480 0.137767 0.008314
0.847981 0.137767 0.007126
0.782660 0.138955 0.008314
0.794537 0.138955 0.007126
0.741093 0.140143 0.008314
0.764846 0.140143 0.010689
0.813539 0.140143 0.004751
0.624703 0.141330 0.010689
0.646081 0.141330 0.010689
0.654394 0.141330 0.008314
0.665083 0.141330 0.013064
0.754157 0.141330 0.008314
0.591449 0.142518 0.008314
0.602138 0.142518 0.005938
0.612827 0.142518 0.007126
0.706651 0.142518 0.007126
0.718527 0.142518 0.008314
0.524941 0.143705 0.009501
0.538005 0.143705 0.004751
0.552257 0.143705 0.008314
0.561758 0.143705 0.011876
0.490499 0.144893 0.008314
0.502375 0.144893 0.008314
0.516627 0.144893 0.010689
0.568884 0.144893 0.004751
0.577197 0.144893 0.011876
0.477435 0.146081 0.008314
0.441805 0.147268 0.008314
0.452494 0.147268 0.008314
0.465558 0.147268 0.007126
0.193587 0.148456 0.008314
0.230404 0.148456 0.008314
0.239905 0.148456 0.004751
0.270784 0.148456 0.008314
0.281473 0.148456 0.007126
0.332542 0.148456 0.009501
0.345606 0.148456 0.007126
0.355107 0.148456 0.008314
0.366983 0.148456 0.007126
0.387173 0.148456 0.005938
0.396675 0.148456 0.008314
0.410926 0.148456 0.011876
0.427553 0.148456 0.008314
0.251781 0.149644 0.011876
0.257720 0.149644 0.010689
0.290974 0.149644 0.007126
0.377672 0.149644 0.005938
0.416865 0.149644 0.011876
0.880048 0.149644 0.004751
0.862233 0.150831 0.008314
0.871734 0.150831 0.005938
0.843230 0.152019 0.009501
0.117577 0.153207 0.020190
0.820665 0.153207 0.007126
0.782660 0.154394 0.009501
0.832542 0.154394 0.007126
0.678147 0.155582 0.005938
0.707838 0.155582 0.007126
0.719715 0.155582 0.008314
0.754157 0.155582 0.007126
0.764846 0.155582 0.004751
0.649644 0.156770 0.009501
0.666271 0.156770 0.007126
0.687648 0.156770 0.005938
0.698337 0.156770 0.008314
0.736342 0.156770 0.005938
0.745843 0.156770 0.007126
0.771971 0.156770 0.008314
0.629454 0.157957 0.005938
0.725653 0.157957 0.008314
0.619952 0.159145 0.008314
0.529691 0.160333 0.008314
0.551069 0.160333 0.007126
0.560570 0.160333 0.005938
0.589074 0.160333 0.008314
0.599762 0.160333 0.008314
0.637767 0.160333 0.008314
0.574822 0.161520 0.009501
0.882423 0.161520 0.004751
0.889549 0.161520 0.004751
0.463183 0.162708 0.007126
0.509501 0.162708 0.004751
0.517815 0.162708 0.005938
0.173397 0.163895 0.007126
0.404988 0.163895 0.008314
0.423990 0.163895 0.008314
0.442993 0.163895 0.008314
0.454869 0.163895 0.005938
0.478622 0.163895 0.008314
0.490499 0.163895 0.008314
0.500000 0.163895 0.007126
0.864608 0.163895 0.005938
0.874109 0.163895 0.005938
0.210214 0.165083 0.007126
0.230404 0.165083 0.005938
0.270784 0.165083 0.007126
0.282660 0.165083 0.008314
0.296912 0.165083 0.008314
0.309976 0.165083 0.010689
0.318290 0.165083 0.004751
0.327791 0.165083 0.007126
0.371734 0.165083 0.007126
0.385986 0.165083 0.007126
0.434679 0.165083 0.005938
0.855107 0.165083 0.007126
0.116390 0.166271 0.008314
0.220903 0.166271 0.005938
0.244656 0.166271 0.008314
0.254157 0.166271 0.008314
0.337292 0.166271 0.005938
0.345606 0.166271 0.008314
0.359857 0.166271 0.008314
0.837292 0.166271 0.008314
0.826603 0.167458 0.005938
0.161520 0.168646 0.004751
0.790974 0.169834 0.007126
0.802850 0.169834 0.007126
0.812352 0.169834 0.008314
0.679335 0.171021 0.008314
0.697150 0.171021 0.008314
0.710214 0.171021 0.008314
0.720903 0.171021 0.004751
0.728029 0.171021 0.008314
0.745843 0.171021 0.008314
0.757720 0.171021 0.007126
0.767221 0.171021 0.007126
0.777910 0.171021 0.008314
0.646081 0.172209 0.008314
0.668646 0.172209 0.005938
0.688836 0.172209 0.004751
0.739905 0.172209 0.010689
0.657957 0.173397 0.007126
0.586698 0.174584 0.008314
0.610451 0.174584 0.007126
0.621140 0.174584 0.007126
0.634204 0.174584 0.008314
0.599762 0.175772 0.008314
0.451306 0.176960 0.005938
0.515439 0.176960 0.005938
0.114014 0.178147 0.005938
0.124703 0.178147 0.005938
0.153207 0.178147 0.005938
0.162708 0.178147 0.005938
0.199525 0.178147 0.009501
0.422803 0.178147 0.007126
0.432304 0.178147 0.007126
0.486936 0.178147 0.004751
0.494062 0.178147 0.004751
0.503563 0.178147 0.007126
0.524941 0.178147 0.005938
0.533254 0.178147 0.007126
0.880048 0.178147 0.005938
0.888361 0.178147 0.011876
0.214964 0.179335 0.008314
0.237530 0.179335 0.007126
0.262470 0.179335 0.005938
0.283848 0.179335 0.007126
0.296912 0.179335 0.007126
0.309976 0.179335 0.007126
0.323040 0.179335 0.008314
0.366983 0.179335 0.005938
0.375297 0.179335 0.005938
0.413302 0.179335 0.007126
0.442993 0.179335 0.005938
0.463183 0.179335 0.005938
0.472684 0.179335 0.008314
0.543943 0.179335 0.005938
0.553444 0.179335 0.013064
0.871734 0.179335 0.005938
0.185273 0.180523 0.008314
0.222090 0.180523 0.005938
0.252969 0.180523 0.008314
0.334917 0.180523 0.005938
0.345606 0.180523 0.005938
0.353919 0.180523 0.007126
0.387173 0.180523 0.007126
0.395487 0.180523 0.005938
0.855107 0.180523 0.004751
0.862233 0.180523 0.004751
0.845606 0.181710 0.007126
0.832542 0.182898 0.008314
0.819477 0.184086 0.008314
0.794537 0.185273 0.008314
0.777910 0.186461 0.007126
0.808789 0.186461 0.008314
0.114014 0.187648 0.008314
0.542755 0.187648 0.004751
0.710214 0.187648 0.007126
0.723278 0.187648 0.008314
0.756532 0.187648 0.005938
0.769596 0.187648 0.008314
0.452494 0.188836 0.008314
0.676960 0.188836 0.008314
0.688836 0.188836 0.005938
0.697150 0.188836 0.008314
0.737530 0.188836 0.008314
0.747031 0.188836 0.008314
0.123515 0.190024 0.005938
0.188836 0.190024 0.005938
0.650831 0.190024 0.008314
0.663895 0.190024 0.008314
0.216152 0.191211 0.005938
0.422803 0.191211 0.005938
0.536817 0.191211 0.008314
0.602138 0.191211 0.008314
0.614014 0.191211 0.008314
0.629454 0.191211 0.008314
0.638955 0.191211 0.005938
0.407363 0.192399 0.010689
0.433492 0.192399 0.005938
0.442993 0.192399 0.005938
0.477435 0.192399 0.007126
0.513064 0.192399 0.004751
0.520190 0.192399 0.004751
0.277910 0.193587 0.010689
0.296912 0.193587 0.008314
0.358670 0.193587 0.007126
0.387173 0.193587 0.004751
0.490499 0.193587 0.007126
0.503563 0.193587 0.007126
0.552257 0.193587 0.007126
0.586698 0.193587 0.010689
0.226841 0.194774 0.007126
0.238717 0.194774 0.007126
0.249406 0.194774 0.008314
0.266033 0.194774 0.008314
0.317102 0.194774 0.010689
0.333729 0.194774 0.008314
0.346793 0.194774 0.008314
0.366983 0.194774 0.005938
0.380048 0.194774 0.009501
