0.744656 0.071259 0.011876
0.805226 0.071259 0.008314
0.814727 0.071259 0.005938
0.824228 0.071259 0.005938
0.701900 0.072447 0.008314
0.714964 0.072447 0.008314
0.736342 0.072447 0.015439
0.761283 0.072447 0.007126
0.777910 0.072447 0.010689
0.792162 0.072447 0.008314
0.837292 0.072447 0.008314
0.862233 0.072447 0.008314
0.881235 0.072447 0.008314
0.661520 0.073634 0.005938
0.671021 0.073634 0.004751
0.679335 0.073634 0.004751
0.726841 0.073634 0.007126
0.870546 0.073634 0.004751
0.650831 0.074822 0.008314
0.847981 0.074822 0.008314
0.546318 0.076010 0.004751
0.554632 0.076010 0.007126
0.564133 0.076010 0.004751
0.572447 0.076010 0.008314
0.608076 0.076010 0.004751
0.615202 0.076010 0.004751
0.464371 0.077197 0.009501
0.517815 0.077197 0.007126
0.528504 0.077197 0.005938
0.538005 0.077197 0.005938
0.585511 0.077197 0.005938
0.595012 0.077197 0.008314
0.478622 0.078385 0.007126
0.489311 0.078385 0.008314
0.498812 0.078385 0.005938
0.507126 0.078385 0.007126
0.427553 0.079572 0.008314
0.456057 0.079572 0.010689
0.333729 0.080760 0.011876
0.361045 0.080760 0.005938
0.408551 0.080760 0.005938
0.418052 0.080760 0.005938
0.439430 0.080760 0.007126
0.319477 0.081948 0.008314
0.343230 0.081948 0.005938
0.351544 0.081948 0.005938
0.369359 0.081948 0.007126
0.395487 0.081948 0.008314
0.261283 0.083135 0.007126
0.294537 0.083135 0.007126
0.305226 0.083135 0.007126
0.382423 0.083135 0.007126
0.222090 0.084323 0.005938
0.251781 0.084323 0.007126
0.192399 0.085511 0.007126
0.201900 0.085511 0.007126
0.211401 0.085511 0.005938
0.230404 0.085511 0.005938
0.239905 0.085511 0.007126
0.271971 0.085511 0.007126
0.282660 0.085511 0.007126
0.833729 0.085511 0.008314
0.180523 0.086698 0.008314
0.798100 0.086698 0.008314
0.809976 0.086698 0.005938
0.640143 0.087886 0.007126
0.668646 0.087886 0.007126
0.688836 0.087886 0.005938
0.697150 0.087886 0.011876
0.711401 0.087886 0.005938
0.750594 0.087886 0.008314
0.785036 0.087886 0.007126
0.819477 0.087886 0.008314
0.827791 0.087886 0.010689
0.843230 0.087886 0.005938
0.852732 0.087886 0.007126
0.864608 0.087886 0.007126
0.874109 0.087886 0.005938
0.159145 0.089074 0.004751
0.167458 0.089074 0.008314
0.552257 0.089074 0.008314
0.621140 0.089074 0.004751
0.649644 0.089074 0.004751
0.657957 0.089074 0.005938
0.680523 0.089074 0.005938
0.722090 0.089074 0.005938
0.730404 0.089074 0.005938
0.739905 0.089074 0.005938
0.762470 0.089074 0.007126
0.773159 0.089074 0.008314
0.150831 0.090261 0.007126
0.561758 0.090261 0.008314
0.571259 0.090261 0.007126
0.581948 0.090261 0.005938
0.592637 0.090261 0.007126
0.602138 0.090261 0.005938
0.138955 0.091449 0.007126
0.501188 0.091449 0.007126
0.610451 0.091449 0.007126
0.463183 0.092637 0.007126
0.473872 0.092637 0.005938
0.482185 0.092637 0.005938
0.492874 0.092637 0.005938
0.511876 0.092637 0.004751
0.520190 0.092637 0.011876
0.119952 0.093824 0.007126
0.129454 0.093824 0.005938
0.410926 0.093824 0.007126
0.420428 0.093824 0.005938
0.428741 0.093824 0.004751
0.438242 0.093824 0.007126
0.448931 0.093824 0.008314
0.331354 0.096200 0.004751
0.338480 0.096200 0.008314
0.351544 0.096200 0.005938
0.363420 0.096200 0.008314
0.372922 0.096200 0.008314
0.385986 0.096200 0.008314
0.397862 0.096200 0.008314
0.256532 0.097387 0.005938
0.264846 0.097387 0.005938
0.287411 0.097387 0.007126
0.300475 0.097387 0.005938
0.311164 0.097387 0.007126
0.323040 0.097387 0.007126
0.239905 0.098575 0.004751
0.247031 0.098575 0.004751
0.277910 0.098575 0.005938
0.218527 0.099762 0.005938
0.228029 0.099762 0.008314
0.881235 0.099762 0.010689
0.209026 0.100950 0.005938
0.852732 0.100950 0.008314
0.864608 0.100950 0.007126
0.874109 0.100950 0.005938
0.665083 0.102138 0.005938
0.764846 0.102138 0.004751
0.775534 0.102138 0.004751
0.785036 0.102138 0.007126
0.795724 0.102138 0.005938
0.827791 0.102138 0.007126
0.839667 0.102138 0.008314
0.187648 0.103325 0.007126
0.199525 0.103325 0.005938
0.649644 0.103325 0.009501
0.674584 0.103325 0.005938
0.728029 0.103325 0.007126
0.805226 0.103325 0.008314
0.161520 0.104513 0.008314
0.173397 0.104513 0.007126
0.681710 0.104513 0.013064
0.691211 0.104513 0.005938
0.700713 0.104513 0.004751
0.709026 0.104513 0.005938
0.718527 0.104513 0.008314
0.754157 0.104513 0.008314
0.896675 0.105701 0.013064
0.134204 0.106888 0.005938
0.147268 0.106888 0.007126
0.509501 0.106888 0.008314
0.527316 0.106888 0.007126
0.123515 0.108076 0.004751
0.501188 0.108076 0.005938
0.539192 0.108076 0.007126
0.267221 0.109264 0.009501
0.273159 0.109264 0.008314
0.448931 0.109264 0.007126
0.463183 0.109264 0.008314
0.472684 0.109264 0.008314
0.490499 0.109264 0.008314
0.283848 0.110451 0.004751
0.299287 0.110451 0.005938
0.357482 0.110451 0.008314
0.369359 0.110451 0.005938
0.381235 0.110451 0.008314
0.390736 0.110451 0.007126
0.401425 0.110451 0.004751
0.409739 0.110451 0.007126
0.431116 0.110451 0.013064
0.439430 0.110451 0.005938
0.248219 0.111639 0.004751
0.312352 0.111639 0.005938
0.333729 0.111639 0.008314
0.345606 0.111639 0.008314
0.421615 0.111639 0.005938
0.231591 0.112827 0.005938
0.239905 0.112827 0.004751
0.323040 0.112827 0.007126
0.921615 0.112827 0.019002
0.219715 0.114014 0.008314
0.882423 0.114014 0.008314
0.182898 0.116390 0.007126
0.195962 0.116390 0.007126
0.206651 0.116390 0.007126
0.820665 0.116390 0.011876
0.856295 0.116390 0.007126
0.866983 0.116390 0.008314
0.122328 0.117577 0.004751
0.173397 0.117577 0.008314
0.836105 0.117577 0.005938
0.845606 0.117577 0.004751
0.152019 0.118765 0.004751
0.161520 0.118765 0.005938
0.802850 0.118765 0.005938
0.812352 0.118765 0.005938
0.141330 0.119952 0.007126
0.782660 0.119952 0.007126
0.793349 0.119952 0.005938
0.129454 0.121140 0.007126
0.762470 0.121140 0.007126
0.770784 0.121140 0.008314
0.502375 0.122328 0.008314
0.662708 0.122328 0.005938
0.707838 0.122328 0.014252
0.716152 0.122328 0.008314
0.729216 0.122328 0.008314
0.741093 0.122328 0.007126
0.488124 0.123515 0.008314
0.527316 0.123515 0.007126
0.541568 0.123515 0.008314
0.567696 0.123515 0.010689
0.628266 0.123515 0.008314
0.642518 0.123515 0.008314
0.654394 0.123515 0.011876
0.751781 0.123515 0.007126
0.365796 0.124703 0.008314
0.401425 0.124703 0.008314
0.423990 0.124703 0.007126
0.442993 0.124703 0.008314
0.454869 0.124703 0.007126
0.465558 0.124703 0.008314
0.476247 0.124703 0.007126
0.615202 0.124703 0.008314
0.375297 0.125891 0.008314
0.388361 0.125891 0.008314
0.410926 0.125891 0.008314
0.434679 0.125891 0.004751
0.517815 0.125891 0.004751
0.590261 0.125891 0.008314
0.600950 0.125891 0.008314
0.247031 0.127078 0.008314
0.260095 0.127078 0.008314
0.274347 0.127078 0.008314
0.285036 0.127078 0.005938
0.293349 0.127078 0.005938
0.340855 0.127078 0.008314
0.353919 0.127078 0.005938
0.233967 0.128266 0.008314
0.192399 0.130641 0.008314
0.204276 0.130641 0.008314
0.216152 0.130641 0.009501
0.882423 0.131829 0.008314
0.157957 0.133017 0.008314
0.178147 0.133017 0.008314
0.855107 0.133017 0.004751
0.862233 0.133017 0.008314
0.872922 0.133017 0.008314
0.146081 0.134204 0.005938
0.166271 0.134204 0.008314
0.125891 0.135392 0.007126
0.136580 0.135392 0.005938
0.774347 0.135392 0.007126
0.847981 0.135392 0.004751
0.813539 0.136580 0.008314
0.825416 0.136580 0.008314
0.838480 0.136580 0.010689
0.783848 0.137767 0.011876
0.281473 0.141330 0.011876
0.416865 0.141330 0.007126
0.428741 0.141330 0.008314
0.452494 0.141330 0.008314
0.465558 0.141330 0.005938
0.514252 0.141330 0.008314
0.524941 0.141330 0.004751
0.745843 0.141330 0.008314
0.790974 0.141330 0.013064
0.271971 0.142518 0.009501
0.401425 0.142518 0.007126
0.475059 0.142518 0.007126
0.489311 0.142518 0.007126
0.498812 0.142518 0.007126
0.548694 0.142518 0.008314
0.560570 0.142518 0.007126
0.570071 0.142518 0.007126
0.580760 0.142518 0.007126
0.593824 0.142518 0.007126
0.618765 0.142518 0.008314
0.628266 0.142518 0.007126
0.638955 0.142518 0.007126
0.652019 0.142518 0.009501
0.389549 0.143705 0.008314
0.605701 0.143705 0.007126
0.718527 0.143705 0.008314
0.236342 0.144893 0.008314
0.247031 0.144893 0.005938
0.257720 0.144893 0.005938
0.224466 0.146081 0.004751
0.185273 0.147268 0.005938
0.194774 0.147268 0.004751
0.216152 0.147268 0.005938
0.162708 0.148456 0.005938
0.869359 0.149644 0.008314
0.136580 0.150831 0.008314
0.148456 0.150831 0.008314
0.858670 0.150831 0.011876
0.881235 0.150831 0.009501
0.125891 0.152019 0.008314
0.823040 0.152019 0.008314
0.842043 0.152019 0.004751
0.851544 0.152019 0.004751
0.812352 0.153207 0.008314
0.833729 0.153207 0.009501
0.801663 0.154394 0.007126
0.489311 0.156770 0.005938
0.498812 0.156770 0.008314
0.521378 0.156770 0.010689
0.508314 0.157957 0.008314
0.535629 0.157957 0.004751
0.551069 0.157957 0.008314
0.561758 0.157957 0.008314
0.572447 0.157957 0.007126
0.580760 0.157957 0.007126
0.609264 0.157957 0.008314
0.714964 0.157957 0.013064
0.754157 0.157957 0.007126
0.773159 0.157957 0.008314
0.782660 0.157957 0.007126
0.479810 0.159145 0.004751
0.592637 0.159145 0.008314
0.621140 0.159145 0.004751
0.635392 0.159145 0.010689
0.735154 0.159145 0.008314
0.744656 0.159145 0.007126
0.763658 0.159145 0.005938
0.255344 0.160333 0.009501
0.421615 0.160333 0.005938
0.444181 0.160333 0.004751
0.463183 0.160333 0.008314
0.473872 0.160333 0.009501
0.665083 0.160333 0.010689
0.724466 0.160333 0.004751
0.244656 0.161520 0.007126
0.277910 0.161520 0.013064
0.340855 0.161520 0.008314
0.380048 0.161520 0.004751
0.399050 0.161520 0.008314
0.410926 0.161520 0.007126
0.434679 0.161520 0.008314
0.452494 0.161520 0.008314
0.353919 0.162708 0.008314
0.363420 0.162708 0.013064
0.370546 0.162708 0.013064
0.232779 0.163895 0.008314
0.192399 0.165083 0.010689
0.182898 0.166271 0.007126
0.205463 0.166271 0.008314
0.218527 0.166271 0.008314
0.874109 0.166271 0.011876
0.173397 0.167458 0.005938
0.827791 0.167458 0.008314
0.840855 0.167458 0.009501
0.866983 0.167458 0.013064
0.135392 0.168646 0.007126
0.146081 0.168646 0.011876
0.154394 0.168646 0.007126
0.163895 0.168646 0.007126
0.809976 0.168646 0.004751
0.846793 0.168646 0.004751
0.857482 0.168646 0.007126
0.800475 0.169834 0.005938
0.114014 0.171021 0.007126
0.124703 0.171021 0.008314
0.790974 0.171021 0.007126
0.769596 0.172209 0.007126
0.780285 0.172209 0.008314
0.750594 0.174584 0.008314
0.758907 0.174584 0.005938
0.497625 0.175772 0.007126
0.519002 0.175772 0.005938
0.616390 0.175772 0.008314
0.628266 0.175772 0.007126
0.640143 0.175772 0.008314
0.652019 0.175772 0.008314
0.663895 0.175772 0.008314
0.706651 0.175772 0.009501
0.485748 0.176960 0.008314
0.509501 0.176960 0.008314
0.528504 0.176960 0.005938
0.565321 0.176960 0.004751
0.576010 0.176960 0.007126
0.586698 0.176960 0.005938
0.595012 0.176960 0.004751
0.391924 0.178147 0.011876
0.409739 0.178147 0.007126
0.454869 0.178147 0.011876
0.461995 0.178147 0.004751
0.470309 0.178147 0.010689
0.536817 0.178147 0.004751
0.547506 0.178147 0.005938
0.557007 0.178147 0.005938
0.374109 0.179335 0.005938
0.421615 0.179335 0.008314
0.445368 0.179335 0.005938
0.356295 0.180523 0.007126
0.364608 0.180523 0.005938
0.399050 0.180523 0.011876
0.433492 0.180523 0.008314
0.239905 0.181710 0.005938
0.258907 0.181710 0.008314
0.268409 0.181710 0.005938
0.334917 0.181710 0.007126
0.345606 0.181710 0.007126
0.179335 0.182898 0.004751
0.200713 0.182898 0.008314
0.216152 0.182898 0.007126
0.230404 0.182898 0.008314
0.249406 0.182898 0.005938
0.884798 0.182898 0.010689
0.188836 0.184086 0.008314
0.876485 0.184086 0.005938
0.171021 0.185273 0.005938
0.866983 0.185273 0.007126
0.143705 0.186461 0.007126
0.846793 0.186461 0.007126
0.857482 0.186461 0.007126
0.133017 0.187648 0.005938
0.154394 0.187648 0.005938
0.162708 0.187648 0.004751
0.826603 0.187648 0.005938
0.837292 0.187648 0.005938
0.112827 0.188836 0.005938
0.122328 0.188836 0.007126
0.812352 0.188836 0.010689
0.786223 0.190024 0.008314
0.795724 0.190024 0.004751
0.806413 0.190024 0.008314
0.668646 0.191211 0.010689
0.752969 0.191211 0.007126
0.634204 0.192399 0.008314
0.646081 0.192399 0.008314
0.661520 0.192399 0.005938
0.741093 0.192399 0.008314
0.762470 0.192399 0.004751
0.771971 0.192399 0.005938
0.551069 0.193587 0.008314
0.573634 0.193587 0.007126
0.586698 0.193587 0.008314
0.597387 0.193587 0.008314
0.610451 0.193587 0.007126
0.621140 0.193587 0.007126
0.681710 0.193587 0.009501
0.728029 0.193587 0.008314
0.509501 0.194774 0.010689
0.528504 0.194774 0.008314
0.539192 0.194774 0.007126
0.562945 0.194774 0.005938
0.698337 0.194774 0.007126
0.492874 0.195962 0.007126
0.252969 0.197150 0.008314
0.261283 0.197150 0.004751
0.276722 0.197150 0.009501
0.288599 0.197150 0.010689
0.362233 0.197150 0.008314
0.420428 0.197150 0.008314
0.447743 0.197150 0.007126
0.479810 0.197150 0.008314
0.882423 0.197150 0.008314
0.295724 0.198337 0.004751
0.302850 0.198337 0.010689
0.326603 0.198337 0.008314
0.352732 0.198337 0.005938
0.393112 0.198337 0.008314
0.432304 0.198337 0.007126
0.463183 0.198337 0.009501
0.872922 0.198337 0.008314
0.211401 0.199525 0.008314
0.222090 0.199525 0.008314
0.235154 0.199525 0.008314
0.317102 0.199525 0.008314
0.343230 0.199525 0.008314
0.197150 0.200713 0.008314
0.863420 0.200713 0.007126
0.185273 0.201900 0.007126
0.832542 0.201900 0.004751
0.840855 0.201900 0.008314
0.852732 0.201900 0.005938
0.144893 0.203088 0.008314
0.156770 0.203088 0.005938
0.166271 0.203088 0.004751
0.174584 0.203088 0.008314
0.813539 0.203088 0.004751
0.823040 0.203088 0.007126
0.701900 0.204276 0.008314
0.780285 0.204276 0.007126
0.130641 0.205463 0.008314
0.745843 0.205463 0.007126
0.769596 0.205463 0.008314
0.793349 0.205463 0.005938
0.801663 0.205463 0.008314
0.115202 0.206651 0.008314
0.654394 0.206651 0.009501
0.671021 0.206651 0.008314
0.682898 0.206651 0.007126
0.726841 0.206651 0.004751
0.755344 0.206651 0.005938
0.610451 0.207838 0.007126
0.617577 0.207838 0.005938
0.628266 0.207838 0.007126
0.643705 0.207838 0.007126
0.735154 0.207838 0.004751
0.535629 0.209026 0.007126
0.545131 0.209026 0.005938
0.557007 0.209026 0.008314
0.568884 0.209026 0.008314
0.581948 0.209026 0.005938
0.591449 0.209026 0.005938
0.599762 0.209026 0.005938
0.507126 0.210214 0.008314
0.523753 0.210214 0.008314
0.440618 0.211401 0.008314
0.515439 0.211401 0.004751
0.882423 0.211401 0.005938
0.294537 0.212589 0.004751
0.300475 0.212589 0.004751
0.390736 0.212589 0.008314
0.425178 0.212589 0.008314
0.450119 0.212589 0.005938
0.460808 0.212589 0.007126
0.484561 0.212589 0.008314
0.496437 0.212589 0.005938
0.865796 0.212589 0.005938
0.875297 0.212589 0.005938
0.889549 0.212589 0.010689
0.267221 0.213777 0.008314
0.277910 0.213777 0.004751
0.286223 0.213777 0.005938
0.364608 0.213777 0.007126
0.376485 0.213777 0.008314
0.396675 0.213777 0.009501
0.412114 0.213777 0.008314
0.470309 0.213777 0.007126
0.857482 0.213777 0.008314
0.243468 0.214964 0.005938
0.254157 0.214964 0.008314
0.843230 0.214964 0.008314
0.203088 0.216152 0.005938
0.232779 0.216152 0.007126
0.331354 0.216152 0.007126
0.342043 0.216152 0.007126
0.352732 0.216152 0.007126
0.805226 0.216152 0.008314
0.815914 0.216152 0.008314
0.828979 0.216152 0.008314
0.222090 0.217340 0.007126
0.319477 0.217340 0.008314
0.133017 0.218527 0.007126
0.144893 0.218527 0.004751
0.154394 0.218527 0.008314
0.166271 0.218527 0.005938
0.180523 0.218527 0.008314
0.192399 0.218527 0.007126
0.211401 0.218527 0.007126
0.754157 0.218527 0.007126
0.766033 0.218527 0.007126
0.792162 0.218527 0.008314
0.111639 0.219715 0.004751
0.121140 0.219715 0.007126
0.736342 0.219715 0.005938
0.707838 0.220903 0.010689
0.744656 0.220903 0.007126
0.637767 0.222090 0.004751
0.628266 0.223278 0.008314
0.583135 0.224466 0.008314
0.611639 0.224466 0.008314
0.510689 0.225653 0.008314
0.526128 0.225653 0.008314
0.540380 0.225653 0.008314
0.554632 0.225653 0.009501
0.598575 0.225653 0.008314
0.438242 0.226841 0.005938
0.497625 0.226841 0.009501
0.570071 0.226841 0.008314
0.403800 0.228029 0.007126
0.414489 0.228029 0.008314
0.459620 0.228029 0.008314
0.471496 0.228029 0.008314
0.483373 0.228029 0.008314
0.372922 0.229216 0.007126
0.383610 0.229216 0.007126
0.393112 0.229216 0.007126
0.426366 0.229216 0.008314
0.446556 0.229216 0.013064
0.207838 0.230404 0.005938
0.238717 0.230404 0.005938
0.249406 0.230404 0.008314
0.276722 0.230404 0.007126
0.287411 0.230404 0.005938
0.305226 0.230404 0.013064
0.330166 0.230404 0.007126
0.343230 0.230404 0.008314
0.356295 0.230404 0.013064
0.363420 0.230404 0.014252
0.160333 0.231591 0.008314
0.179335 0.231591 0.004751
0.186461 0.231591 0.010689
0.200713 0.231591 0.008314
0.217340 0.231591 0.023753
0.298100 0.231591 0.015439
0.318290 0.231591 0.008314
0.128266 0.232779 0.007126
0.137767 0.232779 0.007126
0.147268 0.232779 0.007126
0.168646 0.232779 0.007126
0.114014 0.233967 0.009501
