0.941805 0.004751 0.016627
0.847981 0.007126 0.020190
0.766033 0.009501 0.023753
0.817102 0.011876 0.013064
0.880048 0.011876 0.016627
0.692399 0.015439 0.011876
0.776722 0.038005 0.007126
0.815914 0.038005 0.008314
0.827791 0.038005 0.007126
0.849169 0.038005 0.008314
0.859857 0.038005 0.008314
0.871734 0.038005 0.008314
0.554632 0.039192 0.008314
0.605701 0.039192 0.005938
0.655582 0.039192 0.008314
0.728029 0.039192 0.004751
0.750594 0.039192 0.010689
0.757720 0.039192 0.004751
0.767221 0.039192 0.005938
0.789786 0.039192 0.008314
0.802850 0.039192 0.008314
0.838480 0.039192 0.007126
0.586698 0.040380 0.008314
0.597387 0.040380 0.004751
0.643705 0.040380 0.008314
0.666271 0.040380 0.008314
0.686461 0.040380 0.005938
0.717340 0.040380 0.007126
0.736342 0.040380 0.008314
0.534442 0.041568 0.004751
0.542755 0.041568 0.004751
0.564133 0.041568 0.007126
0.572447 0.041568 0.007126
0.674584 0.041568 0.007126
0.703088 0.041568 0.008314
0.495249 0.042755 0.008314
0.505938 0.042755 0.005938
0.515439 0.042755 0.007126
0.617577 0.042755 0.008314
0.630641 0.042755 0.007126
0.470309 0.043943 0.007126
0.483373 0.043943 0.008314
0.524941 0.043943 0.007126
0.426366 0.045131 0.005938
0.437055 0.045131 0.007126
0.448931 0.045131 0.007126
0.459620 0.045131 0.005938
0.293349 0.046318 0.007126
0.301663 0.046318 0.013064
0.319477 0.046318 0.008314
0.391924 0.046318 0.008314
0.358670 0.047506 0.005938
0.369359 0.047506 0.005938
0.380048 0.047506 0.005938
0.401425 0.047506 0.007126
0.413302 0.047506 0.008314
0.247031 0.048694 0.004751
0.261283 0.048694 0.007126
0.273159 0.048694 0.008314
0.283848 0.048694 0.008314
0.330166 0.048694 0.007126
0.339667 0.048694 0.007126
0.350356 0.048694 0.005938
0.190024 0.049881 0.007126
0.223278 0.049881 0.008314
0.237530 0.049881 0.005938
0.252969 0.049881 0.004751
0.179335 0.051069 0.007126
0.204276 0.051069 0.008314
0.166271 0.052257 0.008314
0.779097 0.052257 0.004751
0.812352 0.052257 0.005938
0.820665 0.052257 0.005938
0.831354 0.052257 0.005938
0.843230 0.052257 0.005938
0.863420 0.052257 0.007126
0.156770 0.053444 0.007126
0.553444 0.053444 0.011876
0.768409 0.053444 0.008314
0.787411 0.053444 0.007126
0.800475 0.053444 0.007126
0.852732 0.053444 0.005938
0.872922 0.053444 0.008314
0.131829 0.054632 0.005938
0.317102 0.054632 0.004751
0.529691 0.054632 0.007126
0.538005 0.054632 0.004751
0.604513 0.054632 0.004751
0.641330 0.054632 0.008314
0.654394 0.054632 0.007126
0.667458 0.054632 0.005938
0.675772 0.054632 0.005938
0.686461 0.054632 0.005938
0.744656 0.054632 0.007126
0.756532 0.054632 0.008314
0.123515 0.055819 0.007126
0.144893 0.055819 0.008314
0.516627 0.055819 0.007126
0.561758 0.055819 0.005938
0.576010 0.055819 0.007126
0.585511 0.055819 0.005938
0.595012 0.055819 0.005938
0.612827 0.055819 0.007126
0.701900 0.055819 0.008314
0.713777 0.055819 0.008314
0.720903 0.055819 0.008314
0.732779 0.055819 0.008314
0.495249 0.057007 0.005938
0.504751 0.057007 0.004751
0.629454 0.057007 0.008314
0.427553 0.058195 0.004751
0.437055 0.058195 0.005938
0.473872 0.058195 0.004751
0.307601 0.059382 0.005938
0.391924 0.059382 0.004751
0.402613 0.059382 0.004751
0.446556 0.059382 0.007126
0.457245 0.059382 0.007126
0.466746 0.059382 0.008314
0.482185 0.059382 0.008314
0.296912 0.060570 0.004751
0.381235 0.060570 0.008314
0.410926 0.060570 0.004751
0.418052 0.060570 0.008314
0.319477 0.061758 0.004751
0.357482 0.061758 0.007126
0.224466 0.062945 0.007126
0.236342 0.062945 0.008314
0.251781 0.062945 0.007126
0.263658 0.062945 0.007126
0.274347 0.062945 0.005938
0.288599 0.062945 0.005938
0.343230 0.062945 0.007126
0.366983 0.062945 0.008314
0.199525 0.064133 0.005938
0.211401 0.064133 0.008314
0.333729 0.064133 0.005938
0.837292 0.064133 0.008314
0.871734 0.064133 0.008314
0.180523 0.065321 0.005938
0.191211 0.065321 0.005938
0.823040 0.065321 0.008314
0.847981 0.065321 0.005938
0.857482 0.065321 0.007126
0.169834 0.066508 0.007126
0.131829 0.067696 0.005938
0.142518 0.067696 0.005938
0.153207 0.067696 0.005938
0.162708 0.067696 0.007126
0.673397 0.067696 0.007126
0.681710 0.067696 0.010689
0.780285 0.067696 0.007126
0.792162 0.067696 0.008314
0.122328 0.068884 0.005938
0.541568 0.068884 0.007126
0.597387 0.068884 0.004751
0.605701 0.068884 0.005938
0.616390 0.068884 0.004751
0.623515 0.068884 0.008314
0.637767 0.068884 0.008314
0.643705 0.068884 0.007126
0.653207 0.068884 0.007126
0.662708 0.068884 0.008314
0.700713 0.068884 0.007126
0.768409 0.068884 0.008314
0.809976 0.068884 0.008314
0.532067 0.070071 0.007126
0.554632 0.070071 0.008314
0.566508 0.070071 0.004751
0.574822 0.070071 0.005938
0.587886 0.070071 0.008314
0.711401 0.070071 0.005938
0.724466 0.070071 0.008314
0.738717 0.070071 0.007126
0.747031 0.070071 0.004751
0.755344 0.070071 0.005938
0.520190 0.071259 0.007126
0.799287 0.071259 0.008314
0.450119 0.072447 0.007126
0.469121 0.072447 0.005938
0.479810 0.072447 0.004751
0.486936 0.072447 0.007126
0.497625 0.072447 0.005938
0.507126 0.072447 0.008314
0.380048 0.073634 0.005938
0.413302 0.073634 0.007126
0.437055 0.073634 0.008314
0.459620 0.073634 0.004751
0.288599 0.074822 0.008314
0.294537 0.074822 0.004751
0.369359 0.074822 0.007126
0.396675 0.074822 0.008314
0.251781 0.076010 0.007126
0.332542 0.076010 0.007126
0.343230 0.076010 0.007126
0.352732 0.076010 0.007126
0.422803 0.076010 0.008314
0.241093 0.077197 0.007126
0.263658 0.077197 0.004751
0.211401 0.078385 0.005938
0.219715 0.078385 0.004751
0.230404 0.078385 0.008314
0.198337 0.079572 0.007126
0.871734 0.079572 0.004751
0.152019 0.080760 0.005938
0.161520 0.080760 0.004751
0.178147 0.080760 0.005938
0.186461 0.080760 0.007126
0.851544 0.080760 0.004751
0.119952 0.081948 0.007126
0.128266 0.081948 0.005938
0.138955 0.081948 0.007126
0.832542 0.081948 0.004751
0.842043 0.081948 0.005938
0.859857 0.081948 0.008314
0.596200 0.083135 0.008314
0.631829 0.083135 0.004751
0.640143 0.083135 0.005938
0.650831 0.083135 0.007126
0.662708 0.083135 0.008314
0.674584 0.083135 0.008314
0.789786 0.083135 0.007126
0.823040 0.083135 0.007126
0.572447 0.084323 0.007126
0.608076 0.084323 0.008314
0.622328 0.084323 0.007126
0.706651 0.084323 0.008314
0.745843 0.084323 0.008314
0.758907 0.084323 0.005938
0.768409 0.084323 0.005938
0.779097 0.084323 0.007126
0.799287 0.084323 0.005938
0.809976 0.084323 0.007126
0.542755 0.085511 0.008314
0.557007 0.085511 0.008314
0.583135 0.085511 0.008314
0.720903 0.085511 0.007126
0.528504 0.086698 0.008314
0.732779 0.086698 0.008314
0.483373 0.087886 0.008314
0.495249 0.087886 0.008314
0.505938 0.087886 0.007126
0.517815 0.087886 0.007126
0.365796 0.090261 0.004751
0.385986 0.090261 0.008314
0.399050 0.090261 0.008314
0.469121 0.090261 0.007126
0.268409 0.091449 0.008314
0.277910 0.091449 0.008314
0.410926 0.091449 0.008314
0.423990 0.091449 0.008314
0.437055 0.091449 0.009501
0.452494 0.091449 0.010689
0.214964 0.092637 0.010689
0.239905 0.092637 0.005938
0.248219 0.092637 0.005938
0.257720 0.092637 0.004751
0.355107 0.092637 0.008314
0.224466 0.093824 0.005938
0.232779 0.093824 0.004751
0.338480 0.093824 0.008314
0.157957 0.095012 0.007126
0.186461 0.095012 0.005938
0.197150 0.095012 0.005938
0.882423 0.095012 0.011876
0.167458 0.096200 0.005938
0.176960 0.096200 0.005938
0.834917 0.096200 0.004751
0.849169 0.096200 0.005938
0.872922 0.096200 0.008314
0.121140 0.097387 0.007126
0.130641 0.097387 0.005938
0.140143 0.097387 0.005938
0.148456 0.097387 0.004751
0.266033 0.097387 0.004751
0.825416 0.097387 0.005938
0.861045 0.097387 0.008314
0.668646 0.098575 0.008314
0.785036 0.098575 0.004751
0.806413 0.098575 0.007126
0.815914 0.098575 0.004751
0.625891 0.099762 0.008314
0.636580 0.099762 0.004751
0.643705 0.099762 0.010689
0.657957 0.099762 0.007126
0.766033 0.099762 0.007126
0.776722 0.099762 0.007126
0.792162 0.099762 0.009501
0.612827 0.100950 0.005938
0.725653 0.100950 0.008314
0.735154 0.100950 0.005938
0.752969 0.100950 0.004751
0.576010 0.102138 0.008314
0.581948 0.102138 0.008314
0.596200 0.102138 0.007126
0.604513 0.102138 0.013064
0.712589 0.102138 0.009501
0.745843 0.102138 0.005938
0.483373 0.103325 0.005938
0.529691 0.103325 0.007126
0.552257 0.103325 0.008314
0.565321 0.103325 0.008314
0.505938 0.104513 0.009501
0.519002 0.104513 0.008314
0.540380 0.104513 0.007126
0.290974 0.105701 0.010689
0.471496 0.106888 0.008314
0.490499 0.106888 0.011876
0.194774 0.108076 0.007126
0.205463 0.108076 0.005938
0.218527 0.108076 0.008314
0.275534 0.108076 0.005938
0.283848 0.108076 0.013064
0.338480 0.108076 0.011876
0.365796 0.108076 0.007126
0.388361 0.108076 0.008314
0.404988 0.108076 0.008314
0.418052 0.108076 0.007126
0.427553 0.108076 0.004751
0.435867 0.108076 0.005938
0.445368 0.108076 0.008314
0.460808 0.108076 0.008314
0.119952 0.109264 0.007126
0.130641 0.109264 0.004751
0.163895 0.109264 0.007126
0.175772 0.109264 0.005938
0.185273 0.109264 0.005938
0.229216 0.109264 0.007126
0.239905 0.109264 0.008314
0.247031 0.109264 0.008314
0.257720 0.109264 0.007126
0.267221 0.109264 0.004751
0.353919 0.109264 0.005938
0.376485 0.109264 0.007126
0.881235 0.109264 0.005938
0.138955 0.110451 0.005938
0.150831 0.110451 0.008314
0.718527 0.111639 0.004751
0.861045 0.111639 0.004751
0.872922 0.111639 0.008314
0.837292 0.112827 0.008314
0.823040 0.114014 0.008314
0.846793 0.114014 0.004751
0.811164 0.115202 0.008314
0.661520 0.116390 0.009501
0.668646 0.116390 0.011876
0.800475 0.116390 0.004751
0.629454 0.117577 0.013064
0.729216 0.117577 0.008314
0.738717 0.117577 0.008314
0.749406 0.117577 0.007126
0.758907 0.117577 0.008314
0.767221 0.117577 0.008314
0.780285 0.117577 0.007126
0.792162 0.117577 0.008314
0.641330 0.118765 0.004751
0.621140 0.119952 0.015439
0.286223 0.121140 0.007126
0.546318 0.121140 0.004751
0.552257 0.121140 0.004751
0.560570 0.121140 0.005938
0.573634 0.121140 0.008314
0.583135 0.121140 0.005938
0.611639 0.121140 0.008314
0.214964 0.122328 0.008314
0.428741 0.122328 0.008314
0.440618 0.122328 0.007126
0.511876 0.122328 0.007126
0.520190 0.122328 0.004751
0.528504 0.122328 0.008314
0.539192 0.122328 0.004751
0.599762 0.122328 0.008314
0.187648 0.123515 0.008314
0.200713 0.123515 0.009501
0.226841 0.123515 0.007126
0.237530 0.123515 0.008314
0.252969 0.123515 0.005938
0.264846 0.123515 0.008314
0.276722 0.123515 0.005938
0.359857 0.123515 0.007126
0.372922 0.123515 0.007126
0.382423 0.123515 0.005938
0.407363 0.123515 0.005938
0.453682 0.123515 0.007126
0.466746 0.123515 0.007126
0.477435 0.123515 0.007126
0.491686 0.123515 0.008314
0.501188 0.123515 0.005938
0.117577 0.124703 0.007126
0.128266 0.124703 0.005938
0.137767 0.124703 0.008314
0.165083 0.124703 0.011876
0.418052 0.124703 0.008314
0.147268 0.125891 0.007126
0.157957 0.125891 0.008314
0.339667 0.125891 0.007126
0.350356 0.125891 0.004751
0.391924 0.125891 0.008314
0.881235 0.125891 0.010689
0.865796 0.127078 0.005938
0.874109 0.127078 0.004751
0.856295 0.128266 0.008314
0.836105 0.129454 0.008314
0.806413 0.130641 0.007126
0.826603 0.130641 0.007126
0.771971 0.131829 0.005938
0.786223 0.131829 0.008314
0.795724 0.131829 0.005938
0.817102 0.131829 0.007126
0.763658 0.133017 0.007126
0.733967 0.134204 0.007126
0.744656 0.134204 0.005938
0.752969 0.134204 0.013064
0.641330 0.135392 0.008314
0.652019 0.135392 0.004751
0.660333 0.135392 0.004751
0.672209 0.135392 0.008314
0.707838 0.135392 0.004751
0.724466 0.135392 0.004751
0.384798 0.136580 0.007126
0.599762 0.136580 0.007126
0.617577 0.136580 0.004751
0.630641 0.136580 0.008314
0.714964 0.136580 0.005938
0.254157 0.137767 0.007126
0.524941 0.137767 0.005938
0.547506 0.137767 0.005938
0.581948 0.137767 0.005938
0.591449 0.137767 0.005938
0.608076 0.137767 0.005938
0.277910 0.138955 0.008314
0.287411 0.138955 0.005938
0.351544 0.138955 0.004751
0.359857 0.138955 0.008314
0.433492 0.138955 0.007126
0.442993 0.138955 0.007126
0.454869 0.138955 0.007126
0.503563 0.138955 0.008314
0.538005 0.138955 0.008314
0.574822 0.138955 0.004751
0.186461 0.140143 0.009501
0.241093 0.140143 0.008314
0.267221 0.140143 0.008314
0.336105 0.140143 0.008314
0.345606 0.140143 0.004751
0.391924 0.140143 0.004751
0.397862 0.140143 0.004751
0.465558 0.140143 0.008314
0.475059 0.140143 0.007126
0.485748 0.140143 0.004751
0.494062 0.140143 0.005938
0.566508 0.140143 0.011876
0.147268 0.141330 0.007126
0.159145 0.141330 0.007126
0.169834 0.141330 0.008314
0.209026 0.141330 0.008314
0.222090 0.141330 0.008314
0.231591 0.141330 0.008314
0.370546 0.141330 0.008314
0.403800 0.141330 0.008314
0.419240 0.141330 0.008314
0.117577 0.142518 0.008314
0.127078 0.142518 0.007126
0.137767 0.142518 0.007126
0.883610 0.143705 0.009501
0.872922 0.144893 0.011876
0.865796 0.146081 0.004751
0.858670 0.147268 0.005938
0.846793 0.148456 0.008314
0.808789 0.149644 0.004751
0.825416 0.149644 0.005938
0.836105 0.149644 0.004751
0.785036 0.150831 0.007126
0.795724 0.150831 0.009501
0.817102 0.150831 0.007126
0.751781 0.152019 0.005938
0.771971 0.152019 0.007126
0.686461 0.153207 0.008314
0.742280 0.153207 0.008314
0.762470 0.153207 0.007126
0.611639 0.154394 0.007126
0.631829 0.154394 0.008314
0.643705 0.154394 0.007126
0.655582 0.154394 0.005938
0.665083 0.154394 0.008314
0.698337 0.154394 0.007126
0.707838 0.154394 0.004751
0.730404 0.154394 0.007126
0.552257 0.155582 0.008314
0.585511 0.155582 0.010689
0.600950 0.155582 0.008314
0.622328 0.155582 0.008314
0.187648 0.156770 0.005938
0.197150 0.156770 0.005938
0.211401 0.156770 0.008314
0.225653 0.156770 0.009501
0.238717 0.156770 0.005938
0.248219 0.156770 0.007126
0.261283 0.156770 0.005938
0.270784 0.156770 0.005938
0.286223 0.156770 0.009501
0.300475 0.156770 0.007126
0.402613 0.156770 0.007126
0.422803 0.156770 0.008314
0.536817 0.156770 0.007126
0.561758 0.156770 0.007126
0.571259 0.156770 0.007126
0.168646 0.157957 0.005938
0.178147 0.157957 0.005938
0.315914 0.157957 0.008314
0.383610 0.157957 0.008314
0.393112 0.157957 0.007126
0.414489 0.157957 0.005938
0.434679 0.157957 0.007126
0.446556 0.157957 0.008314
0.454869 0.157957 0.005938
0.470309 0.157957 0.009501
0.522565 0.157957 0.008314
0.128266 0.159145 0.007126
0.137767 0.159145 0.007126
0.148456 0.159145 0.005938
0.159145 0.159145 0.007126
0.330166 0.159145 0.008314
0.364608 0.159145 0.004751
0.483373 0.159145 0.005938
0.511876 0.159145 0.007126
0.118765 0.160333 0.007126
0.350356 0.160333 0.008314
0.501188 0.160333 0.008314
0.823040 0.162708 0.008314
0.859857 0.163895 0.008314
0.869359 0.163895 0.007126
0.878860 0.163895 0.007126
0.887173 0.163895 0.010689
0.305226 0.165083 0.004751
0.836105 0.165083 0.007126
0.846793 0.165083 0.005938
0.788599 0.167458 0.005938
0.800475 0.167458 0.007126
0.811164 0.167458 0.007126
0.777910 0.168646 0.008314
0.680523 0.169834 0.007126
0.690024 0.169834 0.007126
0.716152 0.169834 0.009501
0.736342 0.169834 0.008314
0.747031 0.169834 0.008314
0.758907 0.169834 0.004751
0.768409 0.169834 0.008314
0.656770 0.171021 0.004751
0.668646 0.171021 0.009501
0.703088 0.171021 0.008314
0.627078 0.172209 0.008314
0.647268 0.172209 0.005938
0.211401 0.173397 0.007126
0.222090 0.173397 0.005938
0.231591 0.173397 0.007126
0.244656 0.173397 0.008314
0.255344 0.173397 0.004751
0.263658 0.173397 0.005938
0.285036 0.173397 0.008314
0.298100 0.173397 0.007126
0.410926 0.173397 0.005938
0.527316 0.173397 0.008314
0.538005 0.173397 0.007126
0.548694 0.173397 0.005938
0.560570 0.173397 0.007126
0.589074 0.173397 0.004751
0.615202 0.173397 0.008314
0.638955 0.173397 0.008314
0.117577 0.174584 0.004751
0.165083 0.174584 0.008314
0.176960 0.174584 0.008314
0.188836 0.174584 0.004751
0.197150 0.174584 0.011876
0.273159 0.174584 0.005938
0.351544 0.174584 0.007126
0.362233 0.174584 0.005938
0.371734 0.174584 0.008314
0.399050 0.174584 0.007126
0.422803 0.174584 0.007126
0.432304 0.174584 0.005938
0.456057 0.174584 0.008314
0.477435 0.174584 0.008314
0.489311 0.174584 0.008314
0.501188 0.174584 0.008314
0.514252 0.174584 0.008314
0.579572 0.174584 0.005938
0.602138 0.174584 0.009501
0.133017 0.175772 0.011876
0.142518 0.175772 0.008314
0.154394 0.175772 0.008314
0.308789 0.175772 0.004751
0.317102 0.175772 0.005938
0.338480 0.175772 0.008314
0.385986 0.175772 0.008314
0.441805 0.175772 0.007126
0.570071 0.175772 0.007126
0.466746 0.176960 0.007126
0.327791 0.178147 0.008314
0.882423 0.178147 0.004751
0.872922 0.179335 0.005938
0.858670 0.180523 0.009501
0.864608 0.180523 0.004751
0.826603 0.181710 0.005938
0.839667 0.181710 0.004751
0.846793 0.181710 0.004751
0.814727 0.182898 0.008314
0.798100 0.184086 0.013064
0.777910 0.185273 0.008314
0.788599 0.185273 0.008314
0.735154 0.186461 0.007126
0.743468 0.187648 0.004751
0.767221 0.187648 0.005938
0.713777 0.188836 0.007126
0.723278 0.188836 0.005938
0.115202 0.190024 0.013064
0.596200 0.190024 0.004751
0.621140 0.190024 0.005938
0.650831 0.190024 0.008314
0.673397 0.190024 0.014252
0.681710 0.190024 0.004751
0.691211 0.190024 0.005938
0.701900 0.190024 0.008314
0.125891 0.191211 0.007126
0.135392 0.191211 0.005938
0.165083 0.191211 0.008314
0.433492 0.191211 0.004751
0.494062 0.191211 0.008314
0.558195 0.191211 0.005938
0.572447 0.191211 0.005938
0.604513 0.191211 0.007126
0.614014 0.191211 0.013064
0.630641 0.191211 0.007126
0.640143 0.191211 0.008314
0.144893 0.192399 0.008314
0.156770 0.192399 0.004751
0.176960 0.192399 0.005938
0.185273 0.192399 0.008314
0.195962 0.192399 0.004751
0.204276 0.192399 0.008314
0.236342 0.192399 0.005938
0.244656 0.192399 0.004751
0.261283 0.192399 0.005938
0.409739 0.192399 0.008314
0.422803 0.192399 0.008314
0.444181 0.192399 0.007126
0.480998 0.192399 0.008314
0.507126 0.192399 0.004751
0.514252 0.192399 0.004751
0.524941 0.192399 0.007126
0.534442 0.192399 0.005938
0.542755 0.192399 0.004751
0.585511 0.192399 0.007126
0.661520 0.192399 0.005938
0.216152 0.193587 0.005938
0.225653 0.193587 0.007126
0.251781 0.193587 0.005938
0.287411 0.193587 0.008314
0.301663 0.193587 0.008314
0.311164 0.193587 0.004751
0.375297 0.193587 0.008314
0.399050 0.193587 0.004751
0.458432 0.193587 0.009501
0.470309 0.193587 0.007126
0.275534 0.194774 0.008314
0.319477 0.194774 0.011876
0.336105 0.194774 0.008314
0.351544 0.194774 0.007126
0.363420 0.194774 0.008314
0.385986 0.194774 0.008314
