0.942993 0.004751 0.020190
0.600950 0.035629 0.004751
0.706651 0.035629 0.008314
0.718527 0.035629 0.008314
0.728029 0.035629 0.004751
0.735154 0.035629 0.004751
0.744656 0.035629 0.005938
0.789786 0.035629 0.008314
0.799287 0.035629 0.005938
0.808789 0.035629 0.013064
0.832542 0.035629 0.004751
0.842043 0.035629 0.007126
0.856295 0.035629 0.004751
0.545131 0.036817 0.004751
0.591449 0.036817 0.005938
0.608076 0.036817 0.008314
0.640143 0.036817 0.008314
0.648456 0.036817 0.004751
0.675772 0.036817 0.005938
0.686461 0.036817 0.007126
0.699525 0.036817 0.008314
0.754157 0.036817 0.008314
0.776722 0.036817 0.008314
0.815914 0.036817 0.004751
0.825416 0.036817 0.005938
0.528504 0.038005 0.007126
0.539192 0.038005 0.004751
0.560570 0.038005 0.008314
0.571259 0.038005 0.004751
0.580760 0.038005 0.007126
0.619952 0.038005 0.008314
0.628266 0.038005 0.005938
0.656770 0.038005 0.008314
0.667458 0.038005 0.005938
0.767221 0.038005 0.008314
0.875297 0.038005 0.004751
0.882423 0.038005 0.004751
0.478622 0.039192 0.007126
0.488124 0.039192 0.004751
0.496437 0.039192 0.005938
0.504751 0.039192 0.008314
0.517815 0.039192 0.007126
0.863420 0.039192 0.009501
0.402613 0.041568 0.004751
0.410926 0.041568 0.008314
0.425178 0.041568 0.011876
0.433492 0.041568 0.004751
0.469121 0.041568 0.007126
0.298100 0.042755 0.005938
0.343230 0.042755 0.005938
0.352732 0.042755 0.004751
0.361045 0.042755 0.008314
0.372922 0.042755 0.005938
0.383610 0.042755 0.005938
0.393112 0.042755 0.005938
0.441805 0.042755 0.008314
0.456057 0.042755 0.008314
0.275534 0.043943 0.011876
0.285036 0.043943 0.013064
0.324228 0.043943 0.008314
0.333729 0.043943 0.004751
0.232779 0.045131 0.007126
0.244656 0.045131 0.008314
0.257720 0.045131 0.007126
0.268409 0.045131 0.013064
0.187648 0.047506 0.008314
0.198337 0.047506 0.005938
0.209026 0.047506 0.007126
0.218527 0.047506 0.008314
0.178147 0.048694 0.005938
0.159145 0.049881 0.004751
0.167458 0.049881 0.008314
0.710214 0.049881 0.004751
0.724466 0.049881 0.007126
0.735154 0.049881 0.004751
0.832542 0.049881 0.007126
0.843230 0.049881 0.005938
0.149644 0.051069 0.007126
0.595012 0.051069 0.007126
0.638955 0.051069 0.004751
0.648456 0.051069 0.008314
0.674584 0.051069 0.008314
0.684086 0.051069 0.008314
0.700713 0.051069 0.008314
0.742280 0.051069 0.008314
0.812352 0.051069 0.007126
0.823040 0.051069 0.005938
0.137767 0.052257 0.004751
0.522565 0.052257 0.004751
0.585511 0.052257 0.008314
0.608076 0.052257 0.008314
0.621140 0.052257 0.005938
0.630641 0.052257 0.005938
0.662708 0.052257 0.005938
0.752969 0.052257 0.005938
0.763658 0.052257 0.007126
0.775534 0.052257 0.005938
0.785036 0.052257 0.007126
0.800475 0.052257 0.008314
0.856295 0.052257 0.008314
0.128266 0.053444 0.007126
0.508314 0.053444 0.008314
0.516627 0.053444 0.004751
0.529691 0.053444 0.004751
0.543943 0.053444 0.007126
0.555819 0.053444 0.008314
0.568884 0.053444 0.008314
0.477435 0.054632 0.005938
0.486936 0.054632 0.008314
0.496437 0.054632 0.007126
0.375297 0.055819 0.004751
0.466746 0.055819 0.007126
0.366983 0.057007 0.010689
0.384798 0.057007 0.008314
0.396675 0.057007 0.005938
0.408551 0.057007 0.008314
0.419240 0.057007 0.007126
0.433492 0.057007 0.007126
0.444181 0.057007 0.005938
0.456057 0.057007 0.005938
0.352732 0.059382 0.008314
0.263658 0.060570 0.007126
0.274347 0.060570 0.005938
0.282660 0.060570 0.007126
0.324228 0.060570 0.007126
0.332542 0.060570 0.005938
0.342043 0.060570 0.005938
0.204276 0.061758 0.007126
0.213777 0.061758 0.007126
0.224466 0.061758 0.008314
0.231591 0.061758 0.004751
0.241093 0.061758 0.005938
0.251781 0.061758 0.007126
0.311164 0.061758 0.007126
0.875297 0.062945 0.007126
0.884798 0.062945 0.005938
0.159145 0.064133 0.007126
0.171021 0.064133 0.007126
0.181710 0.064133 0.007126
0.191211 0.064133 0.007126
0.690024 0.064133 0.004751
0.713777 0.064133 0.004751
0.720903 0.064133 0.010689
0.730404 0.064133 0.005938
0.823040 0.064133 0.007126
0.846793 0.064133 0.004751
0.865796 0.064133 0.004751
0.140143 0.065321 0.005938
0.150831 0.065321 0.007126
0.681710 0.065321 0.008314
0.741093 0.065321 0.007126
0.751781 0.065321 0.004751
0.758907 0.065321 0.004751
0.768409 0.065321 0.007126
0.788599 0.065321 0.005938
0.838480 0.065321 0.009501
0.855107 0.065321 0.007126
0.584323 0.066508 0.008314
0.596200 0.066508 0.008314
0.615202 0.066508 0.004751
0.654394 0.066508 0.008314
0.666271 0.066508 0.007126
0.777910 0.066508 0.005938
0.796912 0.066508 0.004751
0.513064 0.067696 0.008314
0.524941 0.067696 0.005938
0.535629 0.067696 0.007126
0.560570 0.067696 0.007126
0.572447 0.067696 0.007126
0.608076 0.067696 0.005938
0.624703 0.067696 0.005938
0.643705 0.067696 0.008314
0.129454 0.068884 0.008314
0.502375 0.068884 0.005938
0.546318 0.068884 0.007126
0.634204 0.068884 0.007126
0.471496 0.070071 0.007126
0.480998 0.070071 0.007126
0.492874 0.070071 0.007126
0.451306 0.071259 0.005938
0.460808 0.071259 0.005938
0.441805 0.072447 0.007126
0.273159 0.073634 0.004751
0.287411 0.073634 0.007126
0.296912 0.073634 0.007126
0.378860 0.073634 0.005938
0.389549 0.073634 0.007126
0.400238 0.073634 0.008314
0.409739 0.073634 0.005938
0.420428 0.073634 0.008314
0.239905 0.074822 0.007126
0.257720 0.074822 0.007126
0.264846 0.074822 0.004751
0.344418 0.074822 0.008314
0.357482 0.074822 0.007126
0.369359 0.074822 0.005938
0.306413 0.076010 0.007126
0.323040 0.076010 0.008314
0.331354 0.076010 0.008314
0.884798 0.076010 0.010689
0.225653 0.077197 0.008314
0.248219 0.077197 0.013064
0.869359 0.077197 0.007126
0.877672 0.077197 0.004751
0.154394 0.078385 0.005938
0.165083 0.078385 0.007126
0.176960 0.078385 0.008314
0.188836 0.078385 0.005938
0.200713 0.078385 0.007126
0.808789 0.078385 0.007126
0.818290 0.078385 0.004751
0.826603 0.078385 0.008314
0.837292 0.078385 0.005938
0.845606 0.078385 0.005938
0.858670 0.078385 0.008314
0.144893 0.079572 0.005938
0.212589 0.079572 0.008314
0.744656 0.079572 0.005938
0.769596 0.079572 0.005938
0.789786 0.079572 0.007126
0.799287 0.079572 0.008314
0.128266 0.080760 0.005938
0.136580 0.080760 0.004751
0.598575 0.080760 0.007126
0.609264 0.080760 0.007126
0.654394 0.080760 0.005938
0.666271 0.080760 0.008314
0.710214 0.080760 0.007126
0.719715 0.080760 0.004751
0.726841 0.080760 0.004751
0.777910 0.080760 0.004751
0.573634 0.081948 0.005938
0.585511 0.081948 0.007126
0.619952 0.081948 0.005938
0.628266 0.081948 0.004751
0.637767 0.081948 0.005938
0.646081 0.081948 0.005938
0.526128 0.083135 0.008314
0.534442 0.083135 0.004751
0.555819 0.083135 0.005938
0.564133 0.083135 0.004751
0.480998 0.084323 0.008314
0.507126 0.084323 0.007126
0.516627 0.084323 0.005938
0.543943 0.084323 0.008314
0.457245 0.085511 0.007126
0.466746 0.085511 0.007126
0.496437 0.085511 0.008314
0.447743 0.086698 0.005938
0.372922 0.087886 0.005938
0.437055 0.087886 0.007126
0.885986 0.087886 0.008314
0.353919 0.089074 0.007126
0.363420 0.089074 0.007126
0.382423 0.089074 0.004751
0.391924 0.089074 0.007126
0.403800 0.089074 0.007126
0.413302 0.089074 0.007126
0.425178 0.089074 0.007126
0.275534 0.090261 0.004751
0.343230 0.090261 0.007126
0.847981 0.090261 0.008314
0.332542 0.091449 0.008314
0.838480 0.091449 0.008314
0.872922 0.091449 0.007126
0.186461 0.092637 0.007126
0.197150 0.092637 0.005938
0.209026 0.092637 0.005938
0.217340 0.092637 0.004751
0.263658 0.092637 0.008314
0.861045 0.092637 0.008314
0.167458 0.093824 0.005938
0.176960 0.093824 0.007126
0.226841 0.093824 0.007126
0.236342 0.093824 0.004751
0.245843 0.093824 0.005938
0.255344 0.093824 0.005938
0.711401 0.093824 0.007126
0.722090 0.093824 0.007126
0.731591 0.093824 0.005938
0.817102 0.093824 0.008314
0.827791 0.093824 0.008314
0.144893 0.095012 0.007126
0.155582 0.095012 0.008314
0.653207 0.095012 0.008314
0.662708 0.095012 0.007126
0.739905 0.095012 0.005938
0.793349 0.095012 0.007126
0.805226 0.095012 0.007126
0.630641 0.096200 0.007126
0.641330 0.096200 0.005938
0.757720 0.096200 0.005938
0.771971 0.096200 0.009501
0.780285 0.096200 0.007126
0.124703 0.097387 0.007126
0.134204 0.097387 0.005938
0.585511 0.097387 0.008314
0.604513 0.097387 0.005938
0.621140 0.097387 0.005938
0.596200 0.098575 0.005938
0.611639 0.098575 0.011876
0.532067 0.099762 0.007126
0.573634 0.099762 0.008314
0.492874 0.100950 0.005938
0.502375 0.100950 0.005938
0.510689 0.100950 0.008314
0.520190 0.100950 0.007126
0.465558 0.102138 0.008314
0.475059 0.102138 0.005938
0.483373 0.102138 0.008314
0.454869 0.103325 0.005938
0.404988 0.104513 0.004751
0.426366 0.104513 0.008314
0.434679 0.104513 0.004751
0.444181 0.104513 0.007126
0.338480 0.105701 0.008314
0.352732 0.105701 0.008314
0.365796 0.105701 0.005938
0.375297 0.105701 0.005938
0.384798 0.105701 0.007126
0.395487 0.105701 0.005938
0.414489 0.105701 0.008314
0.882423 0.105701 0.010689
0.179335 0.106888 0.008314
0.875297 0.106888 0.009501
0.168646 0.108076 0.005938
0.192399 0.108076 0.008314
0.257720 0.108076 0.005938
0.268409 0.108076 0.008314
0.847981 0.108076 0.005938
0.857482 0.108076 0.005938
0.866983 0.108076 0.004751
0.160333 0.109264 0.005938
0.204276 0.109264 0.008314
0.216152 0.109264 0.008314
0.238717 0.109264 0.005938
0.247031 0.109264 0.008314
0.790974 0.109264 0.008314
0.808789 0.109264 0.008314
0.820665 0.109264 0.005938
0.828979 0.109264 0.007126
0.838480 0.109264 0.004751
0.136580 0.110451 0.004751
0.142518 0.110451 0.004751
0.150831 0.110451 0.005938
0.229216 0.110451 0.008314
0.747031 0.110451 0.005938
0.756532 0.110451 0.008314
0.767221 0.110451 0.004751
0.779097 0.110451 0.008314
0.800475 0.110451 0.005938
0.127078 0.111639 0.008314
0.719715 0.111639 0.008314
0.731591 0.111639 0.010689
0.121140 0.112827 0.004751
0.641330 0.112827 0.007126
0.650831 0.112827 0.011876
0.628266 0.114014 0.008314
0.614014 0.115202 0.007126
0.579572 0.116390 0.008314
0.604513 0.116390 0.008314
0.546318 0.117577 0.011876
0.595012 0.117577 0.007126
0.473872 0.118765 0.008314
0.484561 0.118765 0.005938
0.494062 0.118765 0.008314
0.507126 0.118765 0.007126
0.515439 0.118765 0.008314
0.527316 0.118765 0.007126
0.570071 0.118765 0.013064
0.440618 0.119952 0.007126
0.453682 0.119952 0.008314
0.464371 0.119952 0.007126
0.870546 0.119952 0.004751
0.877672 0.121140 0.004751
0.407363 0.122328 0.007126
0.419240 0.122328 0.007126
0.428741 0.122328 0.007126
0.851544 0.122328 0.005938
0.859857 0.122328 0.008314
0.257720 0.123515 0.005938
0.282660 0.123515 0.007126
0.387173 0.123515 0.005938
0.396675 0.123515 0.005938
0.817102 0.123515 0.007126
0.830166 0.123515 0.008314
0.839667 0.123515 0.008314
0.236342 0.124703 0.005938
0.271971 0.124703 0.008314
0.375297 0.124703 0.008314
0.787411 0.124703 0.004751
0.794537 0.124703 0.004751
0.805226 0.124703 0.007126
0.147268 0.125891 0.007126
0.167458 0.125891 0.005938
0.190024 0.125891 0.008314
0.204276 0.125891 0.009501
0.218527 0.125891 0.010689
0.226841 0.125891 0.005938
0.248219 0.125891 0.007126
0.363420 0.125891 0.007126
0.768409 0.125891 0.007126
0.779097 0.125891 0.005938
0.122328 0.127078 0.010689
0.137767 0.127078 0.004751
0.157957 0.127078 0.005938
0.760095 0.127078 0.007126
0.711401 0.128266 0.007126
0.748219 0.128266 0.008314
0.723278 0.129454 0.008314
0.737530 0.129454 0.008314
0.661520 0.130641 0.004751
0.631829 0.131829 0.008314
0.643705 0.131829 0.007126
0.654394 0.131829 0.005938
0.583135 0.133017 0.011876
0.617577 0.133017 0.008314
0.593824 0.134204 0.008314
0.536817 0.135392 0.007126
0.547506 0.135392 0.005938
0.559382 0.135392 0.008314
0.567696 0.135392 0.005938
0.605701 0.135392 0.008314
0.516627 0.136580 0.004751
0.880048 0.136580 0.013064
0.441805 0.137767 0.008314
0.504751 0.137767 0.008314
0.523753 0.137767 0.011876
0.429929 0.138955 0.008314
0.454869 0.138955 0.005938
0.464371 0.138955 0.013064
0.471496 0.138955 0.008314
0.482185 0.138955 0.005938
0.491686 0.138955 0.007126
0.871734 0.138955 0.014252
0.889549 0.138955 0.008314
0.345606 0.140143 0.007126
0.358670 0.140143 0.008314
0.371734 0.140143 0.007126
0.388361 0.140143 0.011876
0.404988 0.140143 0.008314
0.418052 0.140143 0.008314
0.852732 0.140143 0.004751
0.861045 0.140143 0.008314
0.173397 0.141330 0.008314
0.281473 0.141330 0.004751
0.290974 0.141330 0.008314
0.334917 0.141330 0.008314
0.807601 0.141330 0.004751
0.827791 0.141330 0.008314
0.834917 0.141330 0.008314
0.845606 0.141330 0.004751
0.149644 0.142518 0.008314
0.200713 0.142518 0.008314
0.210214 0.142518 0.008314
0.250594 0.142518 0.008314
0.262470 0.142518 0.008314
0.271971 0.142518 0.007126
0.815914 0.142518 0.008314
0.121140 0.143705 0.008314
0.130641 0.143705 0.011876
0.769596 0.143705 0.005938
0.779097 0.143705 0.004751
0.787411 0.143705 0.008314
0.799287 0.143705 0.010689
0.720903 0.148456 0.007126
0.730404 0.148456 0.007126
0.742280 0.148456 0.004751
0.756532 0.148456 0.010689
0.646081 0.149644 0.007126
0.660333 0.149644 0.008314
0.669834 0.149644 0.007126
0.700713 0.149644 0.005938
0.710214 0.149644 0.005938
0.680523 0.150831 0.007126
0.692399 0.150831 0.005938
0.598575 0.152019 0.009501
0.615202 0.152019 0.008314
0.627078 0.152019 0.004751
0.547506 0.153207 0.008314
0.562945 0.153207 0.008314
0.572447 0.153207 0.008314
0.591449 0.153207 0.009501
0.524941 0.154394 0.007126
0.459620 0.155582 0.008314
0.490499 0.155582 0.009501
0.505938 0.155582 0.005938
0.539192 0.155582 0.005938
0.882423 0.155582 0.007126
0.319477 0.156770 0.007126
0.427553 0.156770 0.008314
0.439430 0.156770 0.008314
0.448931 0.156770 0.007126
0.472684 0.156770 0.010689
0.515439 0.156770 0.005938
0.871734 0.156770 0.007126
0.135392 0.157957 0.004751
0.168646 0.157957 0.008314
0.308789 0.157957 0.008314
0.331354 0.157957 0.007126
0.343230 0.157957 0.008314
0.353919 0.157957 0.007126
0.388361 0.157957 0.005938
0.397862 0.157957 0.005938
0.413302 0.157957 0.009501
0.826603 0.157957 0.009501
0.119952 0.159145 0.005938
0.128266 0.159145 0.004751
0.262470 0.159145 0.010689
0.363420 0.159145 0.008314
0.377672 0.159145 0.007126
0.846793 0.159145 0.008314
0.861045 0.159145 0.008314
0.207838 0.160333 0.005938
0.245843 0.160333 0.011876
0.282660 0.160333 0.008314
0.295724 0.160333 0.008314
0.792162 0.160333 0.007126
0.802850 0.160333 0.008314
0.813539 0.161520 0.004751
0.752969 0.162708 0.005938
0.761283 0.162708 0.004751
0.780285 0.162708 0.004751
0.739905 0.163895 0.008314
0.771971 0.163895 0.007126
0.718527 0.165083 0.004751
0.728029 0.165083 0.013064
0.659145 0.166271 0.008314
0.667458 0.166271 0.005938
0.697150 0.166271 0.005938
0.704276 0.166271 0.004751
0.636580 0.167458 0.005938
0.647268 0.167458 0.005938
0.676960 0.167458 0.007126
0.686461 0.167458 0.005938
0.574822 0.169834 0.008314
0.586698 0.169834 0.007126
0.597387 0.169834 0.007126
0.610451 0.169834 0.007126
0.622328 0.169834 0.008314
0.128266 0.171021 0.004751
0.562945 0.171021 0.008314
0.887173 0.171021 0.004751
0.489311 0.172209 0.005938
0.498812 0.172209 0.004751
0.538005 0.172209 0.008314
0.549881 0.172209 0.008314
0.865796 0.172209 0.005938
0.877672 0.172209 0.007126
0.144893 0.173397 0.005938
0.162708 0.173397 0.005938
0.400238 0.173397 0.004751
0.415677 0.173397 0.005938
0.447743 0.173397 0.004751
0.479810 0.173397 0.005938
0.507126 0.173397 0.011876
0.515439 0.173397 0.005938
0.856295 0.173397 0.007126
0.118765 0.174584 0.008314
0.174584 0.174584 0.005938
0.218527 0.174584 0.007126
0.257720 0.174584 0.005938
0.282660 0.174584 0.005938
0.351544 0.174584 0.005938
0.362233 0.174584 0.007126
0.382423 0.174584 0.007126
0.391924 0.174584 0.005938
0.425178 0.174584 0.004751
0.433492 0.174584 0.004751
0.456057 0.174584 0.008314
0.465558 0.174584 0.010689
0.832542 0.174584 0.008314
0.845606 0.174584 0.007126
0.182898 0.175772 0.004751
0.238717 0.175772 0.007126
0.248219 0.175772 0.005938
0.271971 0.175772 0.008314
0.321853 0.175772 0.005938
0.330166 0.175772 0.005938
0.339667 0.175772 0.005938
0.372922 0.175772 0.005938
0.800475 0.175772 0.005938
0.809976 0.175772 0.008314
0.228029 0.176960 0.007126
0.295724 0.176960 0.008314
0.312352 0.176960 0.008314
0.767221 0.178147 0.005938
0.779097 0.178147 0.008314
0.792162 0.178147 0.011876
0.749406 0.180523 0.004751
0.736342 0.181710 0.010689
0.725653 0.182898 0.007126
0.595012 0.184086 0.009501
0.685273 0.184086 0.005938
0.693587 0.184086 0.007126
0.704276 0.184086 0.005938
0.713777 0.184086 0.008314
0.611639 0.185273 0.007126
0.641330 0.185273 0.008314
0.653207 0.185273 0.007126
0.665083 0.185273 0.008314
0.675772 0.185273 0.005938
0.533254 0.186461 0.007126
0.584323 0.186461 0.005938
0.624703 0.186461 0.009501
0.397862 0.187648 0.008314
0.406176 0.187648 0.010689
0.466746 0.187648 0.007126
0.521378 0.187648 0.007126
0.542755 0.187648 0.005938
0.553444 0.187648 0.007126
0.565321 0.187648 0.008314
0.574822 0.187648 0.007126
0.176960 0.188836 0.008314
0.352732 0.188836 0.008314
0.365796 0.188836 0.007126
0.419240 0.188836 0.005938
0.429929 0.188836 0.005938
0.457245 0.188836 0.008314
0.482185 0.188836 0.008314
0.492874 0.188836 0.005938
0.501188 0.188836 0.013064
0.509501 0.188836 0.008314
0.138955 0.190024 0.005938
0.166271 0.190024 0.005938
0.249406 0.190024 0.007126
0.268409 0.190024 0.005938
0.277910 0.190024 0.005938
0.287411 0.190024 0.008314
0.319477 0.190024 0.007126
0.339667 0.190024 0.005938
0.376485 0.190024 0.005938
0.387173 0.190024 0.007126
0.441805 0.190024 0.008314
0.118765 0.191211 0.007126
0.191211 0.191211 0.011876
0.239905 0.191211 0.005938
0.257720 0.191211 0.007126
0.301663 0.191211 0.008314
0.330166 0.191211 0.008314
