0.650831 0.068884 0.007126
0.773159 0.070071 0.008314
0.780285 0.070071 0.013064
0.789786 0.070071 0.005938
0.800475 0.070071 0.005938
0.823040 0.070071 0.008314
0.833729 0.070071 0.005938
0.617577 0.071259 0.008314
0.672209 0.071259 0.008314
0.684086 0.071259 0.008314
0.709026 0.071259 0.005938
0.739905 0.071259 0.008314
0.761283 0.071259 0.005938
0.843230 0.071259 0.008314
0.851544 0.071259 0.005938
0.862233 0.071259 0.008314
0.699525 0.072447 0.007126
0.717340 0.072447 0.008314
0.868171 0.072447 0.010689
0.539192 0.073634 0.007126
0.586698 0.073634 0.004751
0.628266 0.073634 0.007126
0.640143 0.073634 0.005938
0.725653 0.073634 0.005938
0.548694 0.074822 0.005938
0.558195 0.074822 0.005938
0.567696 0.074822 0.005938
0.578385 0.074822 0.005938
0.608076 0.074822 0.008314
0.807601 0.074822 0.005938
0.882423 0.074822 0.009501
0.463183 0.076010 0.011876
0.472684 0.076010 0.004751
0.482185 0.076010 0.005938
0.500000 0.076010 0.005938
0.509501 0.076010 0.005938
0.519002 0.076010 0.005938
0.528504 0.076010 0.005938
0.599762 0.076010 0.004751
0.440618 0.077197 0.004751
0.491686 0.077197 0.005938
0.268409 0.078385 0.016627
0.429929 0.078385 0.005938
0.447743 0.078385 0.008314
0.413302 0.079572 0.005938
0.421615 0.079572 0.004751
0.368171 0.080760 0.007126
0.381235 0.080760 0.007126
0.390736 0.080760 0.007126
0.403800 0.080760 0.007126
0.357482 0.081948 0.007126
0.333729 0.083135 0.004751
0.340855 0.083135 0.004751
0.349169 0.083135 0.004751
0.770784 0.083135 0.008314
0.305226 0.084323 0.008314
0.657957 0.084323 0.007126
0.669834 0.084323 0.008314
0.697150 0.084323 0.005938
0.707838 0.084323 0.005938
0.722090 0.084323 0.004751
0.751781 0.084323 0.004751
0.762470 0.084323 0.005938
0.786223 0.084323 0.007126
0.798100 0.084323 0.008314
0.818290 0.084323 0.007126
0.844418 0.084323 0.005938
0.872922 0.084323 0.005938
0.262470 0.085511 0.004751
0.277910 0.085511 0.004751
0.294537 0.085511 0.005938
0.317102 0.085511 0.008314
0.638955 0.085511 0.007126
0.647268 0.085511 0.005938
0.730404 0.085511 0.005938
0.741093 0.085511 0.005938
0.832542 0.085511 0.005938
0.852732 0.085511 0.005938
0.864608 0.085511 0.005938
0.268409 0.086698 0.008314
0.682898 0.086698 0.008314
0.806413 0.086698 0.007126
0.884798 0.086698 0.007126
0.243468 0.087886 0.007126
0.566508 0.087886 0.007126
0.576010 0.087886 0.007126
0.586698 0.087886 0.008314
0.612827 0.087886 0.008314
0.627078 0.087886 0.005938
0.169834 0.089074 0.010689
0.209026 0.089074 0.005938
0.232779 0.089074 0.007126
0.503563 0.089074 0.008314
0.534442 0.089074 0.007126
0.551069 0.089074 0.008314
0.600950 0.089074 0.008314
0.185273 0.090261 0.007126
0.197150 0.090261 0.007126
0.220903 0.090261 0.007126
0.478622 0.090261 0.008314
0.490499 0.090261 0.007126
0.510689 0.090261 0.004751
0.526128 0.090261 0.005938
0.157957 0.091449 0.007126
0.454869 0.091449 0.008314
0.465558 0.091449 0.007126
0.426366 0.092637 0.008314
0.438242 0.092637 0.008314
0.144893 0.093824 0.008314
0.390736 0.093824 0.008314
0.134204 0.095012 0.008314
0.401425 0.095012 0.007126
0.413302 0.095012 0.007126
0.118765 0.096200 0.008314
0.325416 0.096200 0.007126
0.336105 0.096200 0.005938
0.357482 0.096200 0.007126
0.364608 0.096200 0.008314
0.375297 0.096200 0.007126
0.312352 0.097387 0.005938
0.345606 0.097387 0.005938
0.762470 0.097387 0.008314
0.825416 0.097387 0.007126
0.877672 0.097387 0.005938
0.286223 0.098575 0.004751
0.736342 0.098575 0.008314
0.748219 0.098575 0.007126
0.809976 0.098575 0.005938
0.818290 0.098575 0.011876
0.836105 0.098575 0.008314
0.855107 0.098575 0.007126
0.868171 0.098575 0.008314
0.885986 0.098575 0.004751
0.642518 0.099762 0.007126
0.650831 0.099762 0.008314
0.666271 0.099762 0.007126
0.676960 0.099762 0.007126
0.692399 0.099762 0.007126
0.705463 0.099762 0.008314
0.712589 0.099762 0.007126
0.725653 0.099762 0.007126
0.771971 0.099762 0.008314
0.789786 0.099762 0.007126
0.799287 0.099762 0.007126
0.843230 0.099762 0.005938
0.205463 0.100950 0.008314
0.257720 0.100950 0.007126
0.270784 0.100950 0.005938
0.219715 0.102138 0.005938
0.229216 0.102138 0.004751
0.236342 0.102138 0.005938
0.247031 0.102138 0.007126
0.618765 0.102138 0.005938
0.629454 0.102138 0.005938
0.489311 0.103325 0.005938
0.500000 0.103325 0.005938
0.528504 0.103325 0.007126
0.542755 0.103325 0.008314
0.552257 0.103325 0.005938
0.562945 0.103325 0.005938
0.572447 0.103325 0.004751
0.580760 0.103325 0.004751
0.590261 0.103325 0.005938
0.600950 0.103325 0.005938
0.609264 0.103325 0.005938
0.187648 0.104513 0.004751
0.470309 0.104513 0.007126
0.479810 0.104513 0.005938
0.508314 0.104513 0.008314
0.176960 0.105701 0.007126
0.448931 0.105701 0.005938
0.459620 0.105701 0.008314
0.160333 0.106888 0.005938
0.169834 0.106888 0.005938
0.427553 0.106888 0.007126
0.146081 0.108076 0.008314
0.339667 0.108076 0.008314
0.399050 0.108076 0.007126
0.415677 0.108076 0.008314
0.438242 0.108076 0.007126
0.137767 0.109264 0.005938
0.366983 0.109264 0.008314
0.377672 0.109264 0.005938
0.387173 0.109264 0.004751
0.128266 0.110451 0.005938
0.326603 0.110451 0.004751
0.295724 0.111639 0.005938
0.306413 0.111639 0.008314
0.317102 0.111639 0.007126
0.351544 0.111639 0.008314
0.674584 0.111639 0.008314
0.687648 0.111639 0.005938
0.695962 0.111639 0.004751
0.709026 0.111639 0.008314
0.722090 0.111639 0.007126
0.881235 0.111639 0.008314
0.285036 0.112827 0.005938
0.649644 0.112827 0.005938
0.662708 0.112827 0.007126
0.742280 0.112827 0.005938
0.761283 0.112827 0.005938
0.807601 0.112827 0.007126
0.818290 0.112827 0.007126
0.833729 0.112827 0.011876
0.843230 0.112827 0.007126
0.224466 0.114014 0.005938
0.233967 0.114014 0.004751
0.242280 0.114014 0.008314
0.258907 0.114014 0.008314
0.273159 0.114014 0.007126
0.618765 0.114014 0.004751
0.631829 0.114014 0.008314
0.641330 0.114014 0.004751
0.732779 0.114014 0.005938
0.752969 0.114014 0.005938
0.771971 0.114014 0.008314
0.785036 0.114014 0.008314
0.796912 0.114014 0.008314
0.851544 0.114014 0.008314
0.863420 0.114014 0.007126
0.871734 0.114014 0.008314
0.214964 0.115202 0.007126
0.590261 0.115202 0.007126
0.204276 0.116390 0.005938
0.508314 0.116390 0.004751
0.578385 0.116390 0.008314
0.600950 0.116390 0.005938
0.611639 0.116390 0.005938
0.195962 0.117577 0.007126
0.471496 0.117577 0.005938
0.480998 0.117577 0.005938
0.490499 0.117577 0.004751
0.497625 0.117577 0.008314
0.523753 0.117577 0.008314
0.532067 0.117577 0.004751
0.543943 0.117577 0.007126
0.555819 0.117577 0.008314
0.566508 0.117577 0.008314
0.827791 0.117577 0.004751
0.185273 0.118765 0.007126
0.461995 0.118765 0.005938
0.176960 0.119952 0.004751
0.452494 0.119952 0.007126
0.899050 0.119952 0.010689
0.156770 0.121140 0.008314
0.168646 0.121140 0.008314
0.434679 0.121140 0.005938
0.442993 0.121140 0.004751
0.422803 0.122328 0.005938
0.143705 0.123515 0.008314
0.382423 0.123515 0.008314
0.391924 0.123515 0.004751
0.404988 0.123515 0.004751
0.125891 0.125891 0.008314
0.362233 0.125891 0.007126
0.371734 0.125891 0.005938
0.880048 0.125891 0.008314
0.887173 0.125891 0.010689
0.117577 0.127078 0.010689
0.345606 0.127078 0.009501
0.268409 0.128266 0.008314
0.292162 0.128266 0.010689
0.332542 0.128266 0.005938
0.718527 0.128266 0.008314
0.769596 0.128266 0.008314
0.780285 0.128266 0.008314
0.796912 0.128266 0.007126
0.806413 0.128266 0.004751
0.820665 0.128266 0.004751
0.837292 0.128266 0.005938
0.846793 0.128266 0.004751
0.251781 0.129454 0.008314
0.280285 0.129454 0.008314
0.657957 0.129454 0.008314
0.730404 0.129454 0.005938
0.738717 0.129454 0.008314
0.748219 0.129454 0.007126
0.760095 0.129454 0.005938
0.238717 0.130641 0.008314
0.614014 0.130641 0.008314
0.629454 0.130641 0.008314
0.640143 0.130641 0.007126
0.559382 0.131829 0.007126
0.599762 0.131829 0.008314
0.195962 0.133017 0.008314
0.214964 0.133017 0.010689
0.225653 0.133017 0.008314
0.524941 0.133017 0.005938
0.534442 0.133017 0.008314
0.547506 0.133017 0.008314
0.568884 0.133017 0.005938
0.577197 0.133017 0.007126
0.186461 0.134204 0.007126
0.479810 0.134204 0.007126
0.491686 0.134204 0.008314
0.503563 0.134204 0.005938
0.513064 0.134204 0.007126
0.165083 0.136580 0.004751
0.173397 0.136580 0.008314
0.453682 0.136580 0.010689
0.469121 0.136580 0.005938
0.144893 0.137767 0.007126
0.155582 0.137767 0.007126
0.426366 0.137767 0.005938
0.437055 0.137767 0.005938
0.444181 0.137767 0.008314
0.135392 0.138955 0.005938
0.404988 0.138955 0.008314
0.127078 0.140143 0.004751
0.393112 0.140143 0.007126
0.415677 0.140143 0.007126
0.383610 0.141330 0.007126
0.883610 0.141330 0.007126
0.117577 0.142518 0.007126
0.338480 0.142518 0.008314
0.350356 0.142518 0.008314
0.361045 0.142518 0.005938
0.371734 0.142518 0.008314
0.834917 0.142518 0.007126
0.845606 0.142518 0.007126
0.857482 0.142518 0.008314
0.868171 0.142518 0.004751
0.282660 0.143705 0.007126
0.714964 0.143705 0.007126
0.780285 0.143705 0.007126
0.789786 0.143705 0.004751
0.823040 0.143705 0.008314
0.875297 0.143705 0.005938
0.239905 0.144893 0.008314
0.251781 0.144893 0.007126
0.271971 0.144893 0.008314
0.723278 0.144893 0.004751
0.731591 0.144893 0.008314
0.744656 0.144893 0.008314
0.755344 0.144893 0.007126
0.767221 0.144893 0.008314
0.800475 0.144893 0.008314
0.811164 0.144893 0.005938
0.262470 0.146081 0.005938
0.660333 0.146081 0.008314
0.229216 0.147268 0.004751
0.578385 0.147268 0.007126
0.590261 0.147268 0.005938
0.603325 0.147268 0.008314
0.619952 0.147268 0.010689
0.627078 0.147268 0.004751
0.637767 0.147268 0.007126
0.190024 0.148456 0.005938
0.218527 0.148456 0.008314
0.555819 0.148456 0.008314
0.567696 0.148456 0.007126
0.180523 0.149644 0.007126
0.205463 0.149644 0.008314
0.478622 0.149644 0.008314
0.543943 0.149644 0.007126
0.169834 0.150831 0.007126
0.467933 0.150831 0.007126
0.488124 0.150831 0.005938
0.496437 0.150831 0.005938
0.507126 0.150831 0.005938
0.516627 0.150831 0.008314
0.533254 0.150831 0.008314
0.159145 0.152019 0.005938
0.456057 0.152019 0.007126
0.147268 0.153207 0.008314
0.437055 0.153207 0.008314
0.445368 0.153207 0.007126
0.872922 0.154394 0.004751
0.880048 0.154394 0.005938
0.888361 0.154394 0.010689
0.127078 0.155582 0.005938
0.852732 0.155582 0.007126
0.861045 0.155582 0.008314
0.401425 0.156770 0.008314
0.412114 0.156770 0.008314
0.423990 0.156770 0.008314
0.115202 0.157957 0.009501
0.357482 0.157957 0.008314
0.387173 0.157957 0.007126
0.809976 0.157957 0.008314
0.820665 0.157957 0.005938
0.830166 0.157957 0.007126
0.840855 0.157957 0.005938
0.344418 0.159145 0.007126
0.366983 0.159145 0.007126
0.377672 0.159145 0.005938
0.713777 0.159145 0.008314
0.724466 0.159145 0.008314
0.768409 0.159145 0.008314
0.780285 0.159145 0.008314
0.800475 0.159145 0.005938
0.264846 0.160333 0.007126
0.732779 0.160333 0.008314
0.744656 0.160333 0.005938
0.755344 0.160333 0.005938
0.790974 0.160333 0.007126
0.277910 0.161520 0.008314
0.647268 0.161520 0.004751
0.661520 0.161520 0.010689
0.254157 0.162708 0.005938
0.636580 0.162708 0.008314
0.219715 0.163895 0.004751
0.230404 0.163895 0.008314
0.245843 0.163895 0.011876
0.603325 0.163895 0.005938
0.614014 0.163895 0.008314
0.625891 0.163895 0.007126
0.211401 0.165083 0.007126
0.172209 0.166271 0.008314
0.186461 0.166271 0.008314
0.198337 0.166271 0.008314
0.547506 0.166271 0.010689
0.564133 0.166271 0.008314
0.577197 0.166271 0.008314
0.589074 0.166271 0.008314
0.159145 0.168646 0.008314
0.494062 0.168646 0.010689
0.522565 0.168646 0.007126
0.533254 0.168646 0.005938
0.147268 0.169834 0.008314
0.454869 0.169834 0.007126
0.464371 0.169834 0.005938
0.483373 0.169834 0.007126
0.511876 0.169834 0.011876
0.885986 0.169834 0.011876
0.124703 0.171021 0.007126
0.135392 0.171021 0.008314
0.472684 0.171021 0.013064
0.878860 0.171021 0.005938
0.846793 0.172209 0.008314
0.859857 0.172209 0.007126
0.869359 0.172209 0.008314
0.115202 0.173397 0.005938
0.372922 0.173397 0.008314
0.439430 0.173397 0.010689
0.358670 0.174584 0.007126
0.384798 0.174584 0.007126
0.394299 0.174584 0.005938
0.406176 0.174584 0.008314
0.415677 0.174584 0.007126
0.427553 0.174584 0.008314
0.824228 0.174584 0.007126
0.833729 0.174584 0.007126
0.336105 0.175772 0.008314
0.349169 0.175772 0.008314
0.747031 0.175772 0.008314
0.760095 0.175772 0.008314
0.771971 0.175772 0.008314
0.782660 0.175772 0.007126
0.793349 0.175772 0.007126
0.805226 0.175772 0.008314
0.815914 0.175772 0.005938
0.267221 0.176960 0.005938
0.274347 0.176960 0.004751
0.281473 0.176960 0.004751
0.735154 0.176960 0.008314
0.646081 0.178147 0.008314
0.656770 0.178147 0.005938
0.725653 0.178147 0.008314
0.635392 0.179335 0.008314
0.669834 0.179335 0.008314
0.231591 0.180523 0.008314
0.244656 0.180523 0.008314
0.623515 0.180523 0.008314
0.684086 0.180523 0.010689
0.710214 0.180523 0.008314
0.219715 0.181710 0.007126
0.611639 0.181710 0.007126
0.698337 0.181710 0.007126
0.190024 0.182898 0.008314
0.205463 0.182898 0.010689
0.167458 0.184086 0.008314
0.178147 0.184086 0.005938
0.552257 0.184086 0.008314
0.133017 0.185273 0.005938
0.143705 0.185273 0.007126
0.155582 0.185273 0.008314
0.538005 0.185273 0.008314
0.566508 0.185273 0.008314
0.579572 0.185273 0.007126
0.590261 0.185273 0.007126
0.122328 0.186461 0.007126
0.514252 0.186461 0.007126
0.526128 0.186461 0.007126
0.114014 0.187648 0.007126
0.477435 0.187648 0.008314
0.494062 0.187648 0.008314
0.502375 0.187648 0.005938
0.877672 0.187648 0.008314
0.901425 0.187648 0.010689
0.463183 0.188836 0.007126
0.444181 0.190024 0.005938
0.452494 0.190024 0.007126
0.851544 0.190024 0.005938
0.864608 0.190024 0.008314
0.435867 0.191211 0.007126
0.813539 0.191211 0.004751
0.825416 0.191211 0.008314
0.843230 0.191211 0.013064
0.381235 0.192399 0.007126
0.390736 0.192399 0.005938
0.400238 0.192399 0.005938
0.410926 0.192399 0.007126
0.423990 0.192399 0.008314
0.806413 0.192399 0.005938
0.345606 0.193587 0.007126
0.356295 0.193587 0.008314
0.370546 0.193587 0.010689
0.768409 0.193587 0.008314
0.777910 0.193587 0.008314
0.787411 0.193587 0.007126
0.796912 0.193587 0.007126
0.296912 0.194774 0.004751
0.305226 0.194774 0.011876
0.336105 0.194774 0.005938
0.751781 0.194774 0.008314
0.263658 0.195962 0.008314
0.276722 0.195962 0.007126
0.286223 0.195962 0.007126
0.319477 0.195962 0.010689
0.325416 0.195962 0.008314
0.736342 0.195962 0.008314
0.231591 0.197150 0.007126
0.241093 0.197150 0.004751
0.712589 0.197150 0.008314
0.724466 0.197150 0.008314
0.201900 0.198337 0.005938
0.209026 0.198337 0.007126
0.219715 0.198337 0.007126
0.643705 0.198337 0.008314
0.654394 0.198337 0.008314
0.665083 0.198337 0.013064
0.672209 0.198337 0.013064
0.193587 0.199525 0.008314
0.252969 0.199525 0.008314
0.630641 0.199525 0.007126
0.682898 0.199525 0.008314
0.700713 0.199525 0.010689
0.149644 0.200713 0.008314
0.159145 0.200713 0.007126
0.182898 0.200713 0.007126
0.619952 0.200713 0.007126
0.136580 0.201900 0.007126
0.172209 0.201900 0.008314
0.526128 0.201900 0.008314
0.584323 0.201900 0.008314
0.608076 0.201900 0.008314
0.125891 0.203088 0.007126
0.515439 0.203088 0.007126
0.565321 0.203088 0.007126
0.576010 0.203088 0.008314
0.596200 0.203088 0.007126
0.112827 0.204276 0.008314
0.505938 0.204276 0.008314
0.543943 0.204276 0.008314
0.554632 0.204276 0.007126
0.453682 0.205463 0.008314
0.469121 0.205463 0.009501
0.484561 0.205463 0.008314
0.496437 0.205463 0.008314
0.389549 0.206651 0.004751
0.396675 0.207838 0.005938
0.409739 0.207838 0.008314
0.421615 0.207838 0.007126
0.431116 0.207838 0.004751
0.440618 0.207838 0.008314
0.377672 0.209026 0.004751
0.845606 0.209026 0.004751
0.871734 0.209026 0.008314
0.345606 0.210214 0.007126
0.357482 0.210214 0.008314
0.862233 0.210214 0.008314
0.320665 0.211401 0.008314
0.334917 0.211401 0.007126
0.368171 0.211401 0.007126
0.823040 0.211401 0.010689
0.837292 0.211401 0.005938
0.809976 0.212589 0.007126
0.255344 0.213777 0.008314
0.269596 0.213777 0.008314
0.286223 0.213777 0.008314
0.296912 0.213777 0.008314
0.306413 0.213777 0.008314
0.777910 0.213777 0.008314
0.764846 0.214964 0.009501
0.795724 0.214964 0.011876
0.188836 0.216152 0.005938
0.195962 0.216152 0.008314
0.206651 0.216152 0.008314
0.220903 0.216152 0.008314
0.241093 0.216152 0.007126
0.144893 0.217340 0.008314
0.175772 0.217340 0.008314
0.628266 0.217340 0.008314
0.641330 0.217340 0.008314
0.671021 0.217340 0.008314
0.730404 0.217340 0.009501
0.747031 0.217340 0.010689
0.131829 0.218527 0.008314
0.616390 0.218527 0.004751
0.654394 0.218527 0.008314
0.680523 0.218527 0.004751
0.713777 0.218527 0.010689
0.119952 0.219715 0.008314
0.159145 0.219715 0.008314
0.580760 0.219715 0.008314
0.593824 0.219715 0.008314
0.605701 0.219715 0.007126
0.699525 0.219715 0.009501
0.568884 0.220903 0.007126
0.402613 0.222090 0.005938
0.535629 0.222090 0.008314
0.547506 0.222090 0.007126
0.558195 0.222090 0.007126
0.494062 0.223278 0.008314
0.502375 0.223278 0.005938
0.513064 0.223278 0.008314
0.523753 0.223278 0.008314
0.422803 0.224466 0.008314
0.434679 0.224466 0.008314
0.446556 0.224466 0.008314
0.456057 0.224466 0.007126
0.482185 0.224466 0.008314
0.391924 0.225653 0.007126
0.409739 0.225653 0.008314
0.469121 0.225653 0.007126
0.358670 0.226841 0.007126
0.349169 0.228029 0.008314
0.372922 0.228029 0.008314
0.382423 0.228029 0.007126
0.263658 0.229216 0.007126
0.273159 0.229216 0.007126
0.338480 0.229216 0.008314
0.255344 0.230404 0.004751
0.283848 0.230404 0.008314
0.294537 0.230404 0.007126
0.147268 0.231591 0.008314
0.175772 0.231591 0.008314
0.188836 0.231591 0.009501
0.220903 0.231591 0.008314
0.244656 0.231591 0.008314
0.306413 0.231591 0.007126
0.319477 0.231591 0.008314
0.162708 0.232779 0.008314
0.203088 0.232779 0.009501
0.232779 0.232779 0.007126
0.124703 0.233967 0.008314
0.136580 0.233967 0.007126
0.112827 0.235154 0.008314
