0.851544 0.009501 0.020190
0.754157 0.010689 0.016627
0.817102 0.011876 0.015439
0.880048 0.013064 0.016627
0.653207 0.039192 0.007126
0.718527 0.039192 0.005938
0.747031 0.039192 0.007126
0.760095 0.039192 0.008314
0.785036 0.039192 0.008314
0.662708 0.040380 0.005938
0.711401 0.040380 0.011876
0.728029 0.040380 0.008314
0.736342 0.040380 0.008314
0.774347 0.040380 0.008314
0.804038 0.040380 0.005938
0.812352 0.040380 0.008314
0.821853 0.040380 0.004751
0.591449 0.041568 0.007126
0.602138 0.041568 0.004751
0.611639 0.041568 0.005938
0.621140 0.041568 0.008314
0.633017 0.041568 0.008314
0.641330 0.041568 0.007126
0.669834 0.041568 0.004751
0.700713 0.041568 0.008314
0.793349 0.041568 0.008314
0.828979 0.041568 0.011876
0.838480 0.041568 0.005938
0.846793 0.041568 0.007126
0.858670 0.041568 0.005938
0.868171 0.041568 0.004751
0.875297 0.041568 0.010689
0.477435 0.042755 0.008314
0.521378 0.042755 0.008314
0.560570 0.042755 0.007126
0.571259 0.042755 0.007126
0.581948 0.042755 0.004751
0.676960 0.042755 0.010689
0.685273 0.042755 0.008314
0.489311 0.043943 0.008314
0.498812 0.043943 0.005938
0.508314 0.043943 0.013064
0.532067 0.043943 0.005938
0.541568 0.043943 0.004751
0.548694 0.043943 0.011876
0.427553 0.045131 0.007126
0.437055 0.045131 0.008314
0.450119 0.045131 0.008314
0.465558 0.045131 0.008314
0.362233 0.046318 0.007126
0.371734 0.046318 0.007126
0.381235 0.046318 0.007126
0.391924 0.046318 0.005938
0.416865 0.046318 0.007126
0.301663 0.047506 0.004751
0.351544 0.047506 0.008314
0.403800 0.047506 0.008314
0.261283 0.048694 0.008314
0.283848 0.048694 0.007126
0.294537 0.048694 0.008314
0.323040 0.048694 0.011876
0.328979 0.048694 0.010689
0.232779 0.049881 0.007126
0.247031 0.049881 0.008314
0.274347 0.049881 0.008314
0.195962 0.053444 0.011876
0.212589 0.053444 0.007126
0.224466 0.053444 0.005938
0.859857 0.053444 0.008314
0.871734 0.053444 0.007126
0.142518 0.054632 0.014252
0.171021 0.054632 0.007126
0.203088 0.054632 0.013064
0.749406 0.054632 0.008314
0.758907 0.054632 0.007126
0.770784 0.054632 0.007126
0.792162 0.054632 0.007126
0.831354 0.054632 0.005938
0.839667 0.054632 0.004751
0.150831 0.055819 0.013064
0.160333 0.055819 0.005938
0.648456 0.055819 0.007126
0.659145 0.055819 0.008314
0.669834 0.055819 0.007126
0.681710 0.055819 0.010689
0.781473 0.055819 0.007126
0.802850 0.055819 0.005938
0.812352 0.055819 0.005938
0.820665 0.055819 0.005938
0.847981 0.055819 0.005938
0.611639 0.057007 0.009501
0.628266 0.057007 0.005938
0.637767 0.057007 0.004751
0.688836 0.057007 0.004751
0.723278 0.057007 0.004751
0.732779 0.057007 0.008314
0.551069 0.058195 0.008314
0.576010 0.058195 0.008314
0.599762 0.058195 0.008314
0.701900 0.058195 0.008314
0.713777 0.058195 0.007126
0.513064 0.059382 0.007126
0.526128 0.059382 0.008314
0.538005 0.059382 0.007126
0.564133 0.059382 0.008314
0.502375 0.060570 0.008314
0.586698 0.060570 0.008314
0.421615 0.061758 0.008314
0.442993 0.061758 0.008314
0.457245 0.061758 0.008314
0.473872 0.061758 0.010689
0.483373 0.061758 0.005938
0.492874 0.061758 0.007126
0.333729 0.062945 0.005938
0.350356 0.062945 0.011876
0.359857 0.062945 0.008314
0.372922 0.062945 0.007126
0.382423 0.062945 0.007126
0.393112 0.062945 0.008314
0.434679 0.062945 0.005938
0.314727 0.064133 0.005938
0.324228 0.064133 0.005938
0.406176 0.064133 0.008314
0.250594 0.065321 0.005938
0.258907 0.065321 0.004751
0.279097 0.065321 0.007126
0.292162 0.065321 0.008314
0.304038 0.065321 0.007126
0.230404 0.066508 0.008314
0.241093 0.066508 0.007126
0.267221 0.067696 0.008314
0.785036 0.067696 0.005938
0.187648 0.068884 0.008314
0.197150 0.068884 0.005938
0.206651 0.068884 0.005938
0.216152 0.068884 0.005938
0.773159 0.068884 0.007126
0.793349 0.068884 0.008314
0.805226 0.068884 0.008314
0.819477 0.068884 0.007126
0.869359 0.068884 0.008314
0.876485 0.068884 0.008314
0.173397 0.070071 0.008314
0.751781 0.070071 0.008314
0.762470 0.070071 0.008314
0.833729 0.070071 0.008314
0.162708 0.071259 0.008314
0.625891 0.071259 0.008314
0.648456 0.071259 0.007126
0.739905 0.071259 0.008314
0.846793 0.071259 0.005938
0.856295 0.071259 0.008314
0.614014 0.072447 0.008314
0.637767 0.072447 0.005938
0.657957 0.072447 0.007126
0.671021 0.072447 0.007126
0.680523 0.072447 0.008314
0.697150 0.072447 0.008314
0.714964 0.072447 0.004751
0.726841 0.072447 0.008314
0.152019 0.073634 0.004751
0.554632 0.073634 0.008314
0.567696 0.073634 0.008314
0.586698 0.073634 0.005938
0.599762 0.073634 0.008314
0.705463 0.073634 0.013064
0.141330 0.074822 0.007126
0.503563 0.074822 0.008314
0.533254 0.074822 0.008314
0.542755 0.074822 0.004751
0.573634 0.074822 0.008314
0.466746 0.076010 0.005938
0.479810 0.076010 0.007126
0.492874 0.076010 0.007126
0.517815 0.076010 0.009501
0.296912 0.077197 0.007126
0.423990 0.077197 0.008314
0.434679 0.077197 0.005938
0.457245 0.077197 0.005938
0.241093 0.078385 0.004751
0.307601 0.078385 0.007126
0.358670 0.078385 0.008314
0.366983 0.078385 0.004751
0.375297 0.078385 0.004751
0.383610 0.078385 0.004751
0.391924 0.078385 0.004751
0.414489 0.078385 0.007126
0.446556 0.078385 0.008314
0.232779 0.079572 0.004751
0.250594 0.079572 0.007126
0.346793 0.079572 0.004751
0.402613 0.079572 0.007126
0.261283 0.080760 0.004751
0.273159 0.080760 0.007126
0.281473 0.080760 0.010689
0.319477 0.080760 0.007126
0.197150 0.081948 0.005938
0.206651 0.081948 0.005938
0.217340 0.081948 0.004751
0.224466 0.081948 0.004751
0.187648 0.083135 0.004751
0.824228 0.083135 0.009501
0.865796 0.083135 0.008314
0.872922 0.083135 0.011876
0.166271 0.084323 0.005938
0.779097 0.084323 0.008314
0.794537 0.084323 0.007126
0.802850 0.084323 0.004751
0.830166 0.084323 0.004751
0.840855 0.084323 0.008314
0.153207 0.085511 0.008314
0.811164 0.085511 0.010689
0.852732 0.085511 0.007126
0.760095 0.086698 0.005938
0.768409 0.086698 0.004751
0.138955 0.087886 0.007126
0.633017 0.087886 0.008314
0.643705 0.087886 0.007126
0.653207 0.087886 0.007126
0.663895 0.087886 0.008314
0.726841 0.087886 0.007126
0.747031 0.087886 0.008314
0.599762 0.089074 0.007126
0.610451 0.089074 0.008314
0.621140 0.089074 0.005938
0.735154 0.089074 0.008314
0.128266 0.090261 0.005938
0.568884 0.090261 0.008314
0.578385 0.090261 0.007126
0.589074 0.090261 0.005938
0.712589 0.090261 0.008314
0.479810 0.091449 0.007126
0.490499 0.091449 0.007126
0.501188 0.091449 0.007126
0.511876 0.091449 0.005938
0.541568 0.091449 0.007126
0.552257 0.091449 0.008314
0.447743 0.092637 0.005938
0.458432 0.092637 0.008314
0.520190 0.092637 0.007126
0.530879 0.092637 0.004751
0.409739 0.093824 0.004751
0.419240 0.093824 0.007126
0.428741 0.093824 0.005938
0.437055 0.093824 0.008314
0.470309 0.093824 0.008314
0.249406 0.095012 0.008314
0.285036 0.095012 0.004751
0.292162 0.095012 0.010689
0.346793 0.095012 0.008314
0.395487 0.095012 0.010689
0.402613 0.095012 0.004751
0.258907 0.096200 0.007126
0.276722 0.096200 0.011876
0.190024 0.097387 0.004751
0.198337 0.097387 0.009501
0.211401 0.097387 0.008314
0.219715 0.097387 0.008314
0.233967 0.097387 0.008314
0.167458 0.098575 0.008314
0.178147 0.098575 0.004751
0.853919 0.098575 0.007126
0.871734 0.098575 0.010689
0.843230 0.099762 0.008314
0.863420 0.099762 0.004751
0.154394 0.100950 0.008314
0.817102 0.100950 0.005938
0.828979 0.100950 0.008314
0.143705 0.102138 0.007126
0.755344 0.102138 0.005938
0.763658 0.102138 0.004751
0.769596 0.102138 0.008314
0.781473 0.102138 0.008314
0.790974 0.102138 0.007126
0.805226 0.102138 0.008314
0.127078 0.104513 0.009501
0.652019 0.104513 0.008314
0.716152 0.104513 0.013064
0.724466 0.104513 0.007126
0.735154 0.104513 0.005938
0.745843 0.104513 0.008314
0.640143 0.105701 0.008314
0.660333 0.105701 0.007126
0.614014 0.106888 0.008314
0.628266 0.106888 0.008314
0.535629 0.108076 0.007126
0.581948 0.108076 0.005938
0.592637 0.108076 0.005938
0.602138 0.108076 0.007126
0.490499 0.109264 0.005938
0.515439 0.109264 0.007126
0.524941 0.109264 0.005938
0.546318 0.109264 0.005938
0.555819 0.109264 0.007126
0.572447 0.109264 0.011876
0.364608 0.110451 0.007126
0.282660 0.111639 0.007126
0.377672 0.111639 0.008314
0.456057 0.111639 0.007126
0.479810 0.111639 0.008314
0.503563 0.111639 0.008314
0.201900 0.112827 0.007126
0.211401 0.112827 0.011876
0.228029 0.112827 0.007126
0.239905 0.112827 0.008314
0.250594 0.112827 0.007126
0.262470 0.112827 0.008314
0.271971 0.112827 0.008314
0.389549 0.112827 0.007126
0.410926 0.112827 0.007126
0.422803 0.112827 0.008314
0.435867 0.112827 0.008314
0.446556 0.112827 0.008314
0.469121 0.112827 0.008314
0.400238 0.114014 0.005938
0.168646 0.115202 0.008314
0.180523 0.115202 0.004751
0.187648 0.115202 0.010689
0.855107 0.115202 0.013064
0.864608 0.115202 0.013064
0.146081 0.116390 0.005938
0.156770 0.116390 0.007126
0.846793 0.116390 0.011876
0.125891 0.118765 0.008314
0.137767 0.118765 0.004751
0.814727 0.118765 0.008314
0.831354 0.118765 0.010689
0.773159 0.119952 0.004751
0.802850 0.119952 0.007126
0.745843 0.121140 0.004751
0.762470 0.121140 0.007126
0.792162 0.121140 0.007126
0.654394 0.122328 0.007126
0.737530 0.122328 0.005938
0.751781 0.122328 0.010689
0.581948 0.123515 0.010689
0.603325 0.123515 0.008314
0.633017 0.123515 0.008314
0.643705 0.123515 0.008314
0.718527 0.123515 0.008314
0.092637 0.124703 0.008314
0.102138 0.124703 0.017815
0.574822 0.124703 0.004751
0.590261 0.124703 0.005938
0.612827 0.124703 0.005938
0.621140 0.124703 0.004751
0.728029 0.124703 0.007126
0.539192 0.125891 0.009501
0.564133 0.125891 0.008314
0.252969 0.127078 0.005938
0.288599 0.127078 0.010689
0.514252 0.127078 0.005938
0.524941 0.127078 0.007126
0.552257 0.127078 0.008314
0.242280 0.128266 0.007126
0.277910 0.128266 0.011876
0.470309 0.128266 0.004751
0.477435 0.128266 0.011876
0.486936 0.128266 0.005938
0.495249 0.128266 0.004751
0.503563 0.128266 0.008314
0.223278 0.129454 0.013064
0.261283 0.129454 0.008314
0.365796 0.129454 0.008314
0.380048 0.129454 0.008314
0.390736 0.129454 0.008314
0.415677 0.129454 0.011876
0.179335 0.130641 0.005938
0.187648 0.130641 0.008314
0.199525 0.130641 0.008314
0.211401 0.130641 0.008314
0.230404 0.130641 0.013064
0.401425 0.130641 0.010689
0.423990 0.130641 0.007126
0.452494 0.130641 0.008314
0.461995 0.130641 0.005938
0.159145 0.131829 0.009501
0.167458 0.131829 0.005938
0.124703 0.134204 0.007126
0.134204 0.134204 0.007126
0.147268 0.134204 0.008314
0.437055 0.134204 0.009501
0.872922 0.134204 0.008314
0.845606 0.135392 0.008314
0.853919 0.135392 0.007126
0.863420 0.135392 0.008314
0.818290 0.136580 0.013064
0.826603 0.136580 0.005938
0.834917 0.136580 0.004751
0.783848 0.137767 0.013064
0.792162 0.137767 0.015439
0.806413 0.137767 0.008314
0.771971 0.138955 0.005938
0.755344 0.140143 0.008314
0.764846 0.140143 0.013064
0.733967 0.141330 0.008314
0.743468 0.141330 0.004751
0.591449 0.142518 0.004751
0.642518 0.142518 0.007126
0.653207 0.142518 0.010689
0.661520 0.142518 0.015439
0.722090 0.142518 0.005938
0.600950 0.143705 0.011876
0.633017 0.143705 0.013064
0.706651 0.143705 0.011876
0.714964 0.143705 0.004751
0.263658 0.144893 0.005938
0.289786 0.144893 0.007126
0.336105 0.144893 0.007126
0.580760 0.144893 0.008314
0.204276 0.146081 0.004751
0.222090 0.146081 0.007126
0.254157 0.146081 0.005938
0.273159 0.146081 0.004751
0.345606 0.146081 0.007126
0.572447 0.146081 0.005938
0.619952 0.146081 0.010689
0.669834 0.146081 0.010689
0.195962 0.147268 0.005938
0.233967 0.147268 0.005938
0.243468 0.147268 0.008314
0.356295 0.147268 0.005938
0.364608 0.147268 0.007126
0.376485 0.147268 0.008314
0.388361 0.147268 0.007126
0.420428 0.147268 0.007126
0.495249 0.147268 0.007126
0.521378 0.147268 0.009501
0.527316 0.147268 0.004751
0.534442 0.147268 0.008314
0.548694 0.147268 0.009501
0.561758 0.147268 0.008314
0.125891 0.148456 0.007126
0.176960 0.148456 0.007126
0.186461 0.148456 0.007126
0.400238 0.148456 0.005938
0.409739 0.148456 0.008314
0.431116 0.148456 0.005938
0.469121 0.148456 0.008314
0.483373 0.148456 0.008314
0.504751 0.148456 0.008314
0.136580 0.149644 0.007126
0.148456 0.149644 0.008314
0.445368 0.149644 0.008314
0.456057 0.149644 0.005938
0.877672 0.150831 0.005938
0.868171 0.152019 0.005938
0.856295 0.153207 0.007126
0.844418 0.154394 0.005938
0.823040 0.155582 0.007126
0.834917 0.155582 0.007126
0.798100 0.156770 0.007126
0.811164 0.156770 0.008314
0.771971 0.157957 0.007126
0.884798 0.157957 0.005938
0.742280 0.159145 0.005938
0.752969 0.159145 0.005938
0.782660 0.159145 0.008314
0.589074 0.160333 0.007126
0.686461 0.160333 0.008314
0.731591 0.160333 0.005938
0.244656 0.161520 0.005938
0.252969 0.161520 0.007126
0.263658 0.161520 0.005938
0.295724 0.161520 0.007126
0.304038 0.161520 0.007126
0.326603 0.161520 0.005938
0.334917 0.161520 0.010689
0.347981 0.161520 0.004751
0.578385 0.161520 0.007126
0.599762 0.161520 0.007126
0.609264 0.161520 0.005938
0.619952 0.161520 0.007126
0.630641 0.161520 0.007126
0.650831 0.161520 0.007126
0.662708 0.161520 0.007126
0.674584 0.161520 0.008314
0.699525 0.161520 0.007126
0.722090 0.161520 0.007126
0.223278 0.162708 0.005938
0.233967 0.162708 0.005938
0.274347 0.162708 0.008314
0.357482 0.162708 0.007126
0.377672 0.162708 0.005938
0.387173 0.162708 0.007126
0.432304 0.162708 0.010689
0.440618 0.162708 0.004751
0.450119 0.162708 0.005938
0.460808 0.162708 0.007126
0.483373 0.162708 0.007126
0.513064 0.162708 0.005938
0.523753 0.162708 0.007126
0.641330 0.162708 0.008314
0.711401 0.162708 0.007126
0.178147 0.163895 0.004751
0.368171 0.163895 0.007126
0.397862 0.163895 0.005938
0.407363 0.163895 0.007126
0.420428 0.163895 0.007126
0.470309 0.163895 0.008314
0.494062 0.163895 0.005938
0.503563 0.163895 0.005938
0.533254 0.163895 0.007126
0.543943 0.163895 0.007126
0.555819 0.163895 0.007126
0.564133 0.163895 0.005938
0.185273 0.165083 0.010689
0.153207 0.166271 0.005938
0.161520 0.166271 0.005938
0.203088 0.166271 0.005938
0.213777 0.166271 0.007126
0.851544 0.166271 0.005938
0.862233 0.166271 0.004751
0.869359 0.166271 0.004751
0.877672 0.166271 0.013064
0.169834 0.167458 0.011876
0.843230 0.167458 0.004751
0.832542 0.168646 0.007126
0.800475 0.169834 0.007126
0.811164 0.169834 0.007126
0.821853 0.169834 0.005938
0.792162 0.171021 0.004751
0.743468 0.172209 0.009501
0.751781 0.172209 0.005938
0.769596 0.172209 0.004751
0.777910 0.172209 0.005938
0.730404 0.173397 0.007126
0.717340 0.174584 0.007126
0.760095 0.174584 0.007126
0.695962 0.175772 0.004751
0.704276 0.175772 0.005938
0.661520 0.176960 0.005938
0.686461 0.176960 0.007126
0.239905 0.178147 0.008314
0.263658 0.178147 0.005938
0.273159 0.178147 0.007126
0.304038 0.178147 0.005938
0.454869 0.178147 0.005938
0.483373 0.178147 0.007126
0.494062 0.178147 0.007126
0.509501 0.178147 0.008314
0.577197 0.178147 0.005938
0.589074 0.178147 0.008314
0.602138 0.178147 0.008314
0.615202 0.178147 0.007126
0.625891 0.178147 0.007126
0.640143 0.178147 0.007126
0.650831 0.178147 0.007126
0.674584 0.178147 0.008314
0.250594 0.179335 0.008314
0.293349 0.179335 0.007126
0.313539 0.179335 0.008314
0.320665 0.179335 0.008314
0.331354 0.179335 0.007126
0.343230 0.179335 0.007126
0.362233 0.179335 0.007126
0.375297 0.179335 0.008314
0.389549 0.179335 0.005938
0.400238 0.179335 0.007126
0.408551 0.179335 0.005938
0.419240 0.179335 0.007126
0.429929 0.179335 0.007126
0.442993 0.179335 0.007126
0.464371 0.179335 0.008314
0.517815 0.179335 0.005938
0.526128 0.179335 0.004751
0.533254 0.179335 0.008314
0.555819 0.179335 0.005938
0.566508 0.179335 0.008314
0.182898 0.180523 0.007126
0.203088 0.180523 0.005938
0.214964 0.180523 0.005938
0.351544 0.180523 0.007126
0.543943 0.180523 0.007126
0.870546 0.180523 0.008314
0.157957 0.181710 0.007126
0.172209 0.181710 0.007126
0.225653 0.181710 0.005938
0.192399 0.182898 0.005938
0.847981 0.182898 0.014252
0.857482 0.182898 0.007126
0.804038 0.184086 0.010689
0.830166 0.184086 0.005938
0.786223 0.185273 0.008314
0.796912 0.185273 0.008314
0.820665 0.185273 0.008314
0.774347 0.186461 0.008314
0.737530 0.187648 0.004751
0.747031 0.188836 0.004751
0.763658 0.188836 0.007126
0.698337 0.190024 0.007126
0.719715 0.190024 0.008314
0.729216 0.190024 0.007126
0.458432 0.191211 0.009501
0.610451 0.191211 0.005938
0.619952 0.191211 0.008314
0.633017 0.191211 0.008314
0.643705 0.191211 0.007126
0.653207 0.191211 0.007126
0.663895 0.191211 0.007126
0.676960 0.191211 0.008314
0.686461 0.191211 0.008314
0.707838 0.191211 0.005938
0.146081 0.192399 0.004751
0.156770 0.192399 0.008314
0.175772 0.192399 0.004751
0.184086 0.192399 0.005938
0.193587 0.192399 0.004751
0.277910 0.192399 0.007126
0.289786 0.192399 0.007126
0.377672 0.192399 0.007126
0.445368 0.192399 0.007126
0.496437 0.192399 0.008314
0.507126 0.192399 0.008314
0.590261 0.192399 0.007126
0.602138 0.192399 0.005938
0.212589 0.193587 0.005938
0.231591 0.193587 0.008314
0.245843 0.193587 0.010689
0.260095 0.193587 0.004751
0.332542 0.193587 0.007126
0.368171 0.193587 0.007126
0.401425 0.193587 0.007126
0.414489 0.193587 0.008314
0.434679 0.193587 0.005938
0.464371 0.193587 0.008314
0.473872 0.193587 0.005938
0.554632 0.193587 0.009501
0.567696 0.193587 0.007126
0.579572 0.193587 0.005938
0.167458 0.194774 0.004751
0.222090 0.194774 0.005938
0.305226 0.194774 0.007126
0.320665 0.194774 0.010689
0.345606 0.194774 0.008314
0.356295 0.194774 0.005938
0.390736 0.194774 0.007126
0.425178 0.194774 0.005938
0.314727 0.195962 0.011876
