0.941805 0.004751 0.016627
0.771971 0.007126 0.028504
0.849169 0.007126 0.023753
0.755344 0.010689 0.016627
0.817102 0.010689 0.013064
0.880048 0.011876 0.013064
0.692399 0.014252 0.013064
0.333729 0.019002 0.020190
0.274347 0.020190 0.020190
0.309976 0.021378 0.011876
0.372922 0.021378 0.011876
0.184086 0.023753 0.014252
0.218527 0.023753 0.020190
0.247031 0.023753 0.016627
0.795724 0.040380 0.010689
0.804038 0.040380 0.004751
0.813539 0.040380 0.008314
0.837292 0.040380 0.008314
0.865796 0.040380 0.008314
0.875297 0.040380 0.005938
0.883610 0.040380 0.005938
0.764846 0.041568 0.007126
0.824228 0.041568 0.007126
0.845606 0.041568 0.008314
0.856295 0.041568 0.007126
0.720903 0.042755 0.005938
0.751781 0.042755 0.007126
0.775534 0.042755 0.004751
0.782660 0.042755 0.010689
0.698337 0.043943 0.005938
0.706651 0.043943 0.010689
0.733967 0.043943 0.008314
0.634204 0.045131 0.007126
0.646081 0.045131 0.008314
0.666271 0.045131 0.010689
0.679335 0.045131 0.004751
0.687648 0.045131 0.008314
0.595012 0.046318 0.008314
0.611639 0.046318 0.008314
0.623515 0.046318 0.008314
0.655582 0.046318 0.007126
0.552257 0.047506 0.005938
0.561758 0.047506 0.008314
0.571259 0.047506 0.007126
0.581948 0.047506 0.008314
0.542755 0.048694 0.008314
0.484561 0.049881 0.008314
0.524941 0.049881 0.004751
0.497625 0.051069 0.005938
0.505938 0.051069 0.005938
0.515439 0.051069 0.005938
0.324228 0.052257 0.009501
0.403800 0.052257 0.007126
0.440618 0.052257 0.008314
0.450119 0.052257 0.004751
0.471496 0.052257 0.008314
0.336105 0.053444 0.008314
0.345606 0.053444 0.004751
0.366983 0.053444 0.008314
0.414489 0.053444 0.007126
0.426366 0.053444 0.007126
0.458432 0.053444 0.011876
0.274347 0.054632 0.010689
0.290974 0.054632 0.007126
0.301663 0.054632 0.008314
0.311164 0.054632 0.005938
0.355107 0.054632 0.008314
0.871734 0.054632 0.004751
0.280285 0.055819 0.013064
0.828979 0.055819 0.009501
0.881235 0.055819 0.008314
0.232779 0.057007 0.005938
0.243468 0.057007 0.005938
0.258907 0.057007 0.010689
0.815914 0.057007 0.005938
0.837292 0.057007 0.004751
0.849169 0.057007 0.007126
0.861045 0.057007 0.008314
0.192399 0.058195 0.008314
0.207838 0.058195 0.010689
0.214964 0.058195 0.010689
0.774347 0.058195 0.008314
0.792162 0.058195 0.005938
0.805226 0.058195 0.008314
0.720903 0.059382 0.007126
0.733967 0.059382 0.008314
0.745843 0.059382 0.007126
0.755344 0.059382 0.004751
0.781473 0.059382 0.004751
0.700713 0.060570 0.007126
0.711401 0.060570 0.005938
0.763658 0.060570 0.004751
0.638955 0.061758 0.007126
0.647268 0.061758 0.004751
0.657957 0.061758 0.008314
0.674584 0.061758 0.007126
0.682898 0.061758 0.004751
0.130641 0.062945 0.013064
0.138955 0.062945 0.013064
0.157957 0.062945 0.008314
0.615202 0.062945 0.005938
0.623515 0.062945 0.008314
0.688836 0.062945 0.008314
0.596200 0.064133 0.007126
0.605701 0.064133 0.005938
0.571259 0.065321 0.007126
0.581948 0.065321 0.007126
0.540380 0.066508 0.007126
0.551069 0.066508 0.005938
0.560570 0.066508 0.005938
0.486936 0.067696 0.008314
0.497625 0.068884 0.008314
0.511876 0.068884 0.004751
0.519002 0.068884 0.008314
0.529691 0.068884 0.007126
0.351544 0.070071 0.007126
0.406176 0.070071 0.008314
0.415677 0.070071 0.007126
0.426366 0.070071 0.007126
0.441805 0.070071 0.009501
0.460808 0.070071 0.008314
0.472684 0.070071 0.008314
0.852732 0.070071 0.005938
0.876485 0.070071 0.007126
0.244656 0.071259 0.008314
0.255344 0.071259 0.005938
0.308789 0.071259 0.007126
0.321853 0.071259 0.008314
0.359857 0.071259 0.005938
0.369359 0.071259 0.005938
0.811164 0.071259 0.004751
0.837292 0.071259 0.008314
0.861045 0.071259 0.004751
0.869359 0.071259 0.004751
0.211401 0.072447 0.007126
0.225653 0.072447 0.008314
0.262470 0.072447 0.007126
0.274347 0.072447 0.005938
0.282660 0.072447 0.004751
0.331354 0.072447 0.007126
0.340855 0.072447 0.008314
0.754157 0.072447 0.005938
0.785036 0.072447 0.004751
0.792162 0.072447 0.011876
0.827791 0.072447 0.005938
0.195962 0.073634 0.004751
0.203088 0.073634 0.004751
0.290974 0.073634 0.004751
0.298100 0.073634 0.005938
0.700713 0.073634 0.008314
0.710214 0.073634 0.008314
0.722090 0.073634 0.008314
0.736342 0.073634 0.007126
0.745843 0.073634 0.005938
0.774347 0.073634 0.007126
0.801663 0.073634 0.007126
0.762470 0.074822 0.008314
0.178147 0.076010 0.004751
0.185273 0.076010 0.011876
0.659145 0.076010 0.005938
0.668646 0.076010 0.008314
0.161520 0.077197 0.005938
0.169834 0.077197 0.011876
0.625891 0.077197 0.005938
0.635392 0.077197 0.005938
0.648456 0.077197 0.008314
0.152019 0.078385 0.005938
0.553444 0.078385 0.005938
0.606888 0.078385 0.005938
0.616390 0.078385 0.004751
0.129454 0.079572 0.008314
0.142518 0.079572 0.005938
0.562945 0.079572 0.005938
0.583135 0.079572 0.008314
0.597387 0.079572 0.007126
0.572447 0.080760 0.005938
0.536817 0.081948 0.005938
0.545131 0.081948 0.007126
0.366983 0.084323 0.008314
0.435867 0.084323 0.008314
0.470309 0.084323 0.005938
0.479810 0.084323 0.005938
0.490499 0.084323 0.005938
0.513064 0.084323 0.007126
0.524941 0.084323 0.008314
0.257720 0.085511 0.004751
0.270784 0.085511 0.008314
0.280285 0.085511 0.007126
0.317102 0.085511 0.005938
0.326603 0.085511 0.005938
0.336105 0.085511 0.005938
0.353919 0.085511 0.008314
0.400238 0.085511 0.007126
0.410926 0.085511 0.007126
0.421615 0.085511 0.005938
0.445368 0.085511 0.007126
0.454869 0.085511 0.004751
0.460808 0.085511 0.008314
0.501188 0.085511 0.008314
0.248219 0.086698 0.007126
0.289786 0.086698 0.004751
0.299287 0.086698 0.005938
0.307601 0.086698 0.004751
0.344418 0.086698 0.004751
0.798100 0.086698 0.005938
0.815914 0.086698 0.004751
0.858670 0.086698 0.005938
0.218527 0.087886 0.008314
0.729216 0.087886 0.005938
0.764846 0.087886 0.004751
0.773159 0.087886 0.005938
0.785036 0.087886 0.008314
0.807601 0.087886 0.004751
0.823040 0.087886 0.004751
0.188836 0.089074 0.005938
0.200713 0.089074 0.008314
0.209026 0.089074 0.007126
0.738717 0.089074 0.008314
0.754157 0.089074 0.008314
0.230404 0.090261 0.005938
0.657957 0.090261 0.008314
0.718527 0.090261 0.008314
0.163895 0.091449 0.007126
0.174584 0.091449 0.004751
0.181710 0.091449 0.004751
0.647268 0.092637 0.005938
0.142518 0.093824 0.007126
0.152019 0.093824 0.005938
0.614014 0.093824 0.004751
0.629454 0.093824 0.007126
0.638955 0.093824 0.005938
0.131829 0.095012 0.008314
0.605701 0.096200 0.011876
0.578385 0.097387 0.004751
0.596200 0.097387 0.005938
0.561758 0.098575 0.005938
0.570071 0.098575 0.005938
0.585511 0.098575 0.010689
0.869359 0.098575 0.008314
0.410926 0.099762 0.008314
0.435867 0.099762 0.007126
0.446556 0.099762 0.004751
0.456057 0.099762 0.007126
0.465558 0.099762 0.004751
0.483373 0.099762 0.004751
0.501188 0.099762 0.005938
0.510689 0.099762 0.004751
0.526128 0.099762 0.004751
0.534442 0.099762 0.011876
0.552257 0.099762 0.007126
0.855107 0.099762 0.008314
0.388361 0.100950 0.013064
0.400238 0.100950 0.008314
0.475059 0.100950 0.005938
0.517815 0.100950 0.004751
0.844418 0.100950 0.005938
0.235154 0.102138 0.005938
0.258907 0.102138 0.007126
0.281473 0.102138 0.008314
0.345606 0.102138 0.009501
0.380048 0.102138 0.013064
0.425178 0.102138 0.008314
0.801663 0.102138 0.010689
0.809976 0.102138 0.004751
0.817102 0.102138 0.005938
0.825416 0.102138 0.004751
0.833729 0.102138 0.007126
0.269596 0.103325 0.005938
0.353919 0.103325 0.007126
0.366983 0.103325 0.007126
0.743468 0.103325 0.007126
0.783848 0.103325 0.008314
0.209026 0.104513 0.004751
0.219715 0.104513 0.008314
0.247031 0.104513 0.007126
0.752969 0.104513 0.007126
0.726841 0.105701 0.008314
0.178147 0.108076 0.004751
0.193587 0.108076 0.011876
0.185273 0.109264 0.011876
0.281473 0.109264 0.004751
0.162708 0.110451 0.009501
0.661520 0.110451 0.009501
0.140143 0.111639 0.004751
0.149644 0.111639 0.007126
0.565321 0.111639 0.005938
0.634204 0.111639 0.004751
0.642518 0.111639 0.005938
0.649644 0.111639 0.004751
0.129454 0.112827 0.008314
0.608076 0.112827 0.004751
0.625891 0.112827 0.005938
0.576010 0.114014 0.008314
0.585511 0.114014 0.005938
0.595012 0.114014 0.011876
0.555819 0.115202 0.007126
0.868171 0.115202 0.004751
0.875297 0.115202 0.004751
0.366983 0.116390 0.008314
0.432304 0.116390 0.007126
0.445368 0.116390 0.011876
0.488124 0.116390 0.008314
0.519002 0.116390 0.009501
0.850356 0.116390 0.010689
0.858670 0.116390 0.005938
0.340855 0.117577 0.009501
0.355107 0.117577 0.007126
0.453682 0.117577 0.005938
0.473872 0.117577 0.008314
0.496437 0.117577 0.004751
0.505938 0.117577 0.007126
0.534442 0.117577 0.007126
0.545131 0.117577 0.007126
0.786223 0.117577 0.008314
0.836105 0.117577 0.008314
0.275534 0.118765 0.009501
0.282660 0.118765 0.013064
0.396675 0.118765 0.007126
0.408551 0.118765 0.007126
0.420428 0.118765 0.008314
0.461995 0.118765 0.008314
0.760095 0.118765 0.008314
0.771971 0.118765 0.008314
0.799287 0.118765 0.007126
0.812352 0.118765 0.008314
0.252969 0.119952 0.008314
0.264846 0.119952 0.007126
0.824228 0.119952 0.010689
0.238717 0.121140 0.008314
0.736342 0.121140 0.013064
0.226841 0.122328 0.005938
0.728029 0.122328 0.008314
0.213777 0.123515 0.013064
0.205463 0.124703 0.013064
0.716152 0.124703 0.008314
0.178147 0.125891 0.005938
0.195962 0.125891 0.005938
0.168646 0.127078 0.007126
0.186461 0.127078 0.008314
0.140143 0.128266 0.005938
0.157957 0.128266 0.004751
0.649644 0.128266 0.007126
0.660333 0.128266 0.007126
0.129454 0.129454 0.008314
0.616390 0.130641 0.007126
0.627078 0.130641 0.007126
0.637767 0.130641 0.008314
0.595012 0.131829 0.005938
0.604513 0.131829 0.005938
0.869359 0.131829 0.013064
0.560570 0.133017 0.008314
0.574822 0.133017 0.008314
0.586698 0.133017 0.005938
0.882423 0.133017 0.004751
0.889549 0.133017 0.015439
0.403800 0.134204 0.005938
0.850356 0.134204 0.005938
0.859857 0.134204 0.008314
0.414489 0.135392 0.007126
0.423990 0.135392 0.004751
0.433492 0.135392 0.008314
0.445368 0.135392 0.008314
0.452494 0.135392 0.005938
0.535629 0.135392 0.004751
0.546318 0.135392 0.008314
0.359857 0.136580 0.007126
0.396675 0.136580 0.011876
0.480998 0.136580 0.010689
0.498812 0.136580 0.011876
0.515439 0.136580 0.008314
0.527316 0.136580 0.005938
0.801663 0.136580 0.004751
0.837292 0.136580 0.009501
0.350356 0.137767 0.005938
0.808789 0.137767 0.011876
0.823040 0.137767 0.005938
0.338480 0.138955 0.008314
0.465558 0.138955 0.008314
0.793349 0.138955 0.005938
0.275534 0.140143 0.013064
0.761283 0.140143 0.007126
0.248219 0.141330 0.005938
0.266033 0.141330 0.005938
0.770784 0.141330 0.008314
0.782660 0.141330 0.008314
0.190024 0.142518 0.008314
0.200713 0.142518 0.007126
0.211401 0.142518 0.008314
0.220903 0.142518 0.005938
0.228029 0.142518 0.008314
0.238717 0.142518 0.007126
0.256532 0.142518 0.005938
0.726841 0.142518 0.008314
0.738717 0.142518 0.008314
0.752969 0.142518 0.009501
0.167458 0.143705 0.007126
0.176960 0.143705 0.007126
0.705463 0.143705 0.005938
0.717340 0.143705 0.008314
0.146081 0.144893 0.005938
0.136580 0.146081 0.005938
0.154394 0.146081 0.008314
0.127078 0.147268 0.007126
0.657957 0.147268 0.008314
0.673397 0.147268 0.008314
0.627078 0.148456 0.008314
0.636580 0.148456 0.005938
0.646081 0.148456 0.005938
0.616390 0.149644 0.004751
0.596200 0.150831 0.005938
0.605701 0.150831 0.008314
0.547506 0.152019 0.008314
0.576010 0.152019 0.007126
0.586698 0.152019 0.007126
0.876485 0.152019 0.013064
0.408551 0.153207 0.004751
0.422803 0.153207 0.004751
0.517815 0.153207 0.010689
0.536817 0.153207 0.008314
0.554632 0.153207 0.004751
0.394299 0.154394 0.009501
0.444181 0.154394 0.007126
0.452494 0.154394 0.014252
0.463183 0.154394 0.008314
0.504751 0.154394 0.005938
0.524941 0.154394 0.008314
0.564133 0.154394 0.008314
0.857482 0.154394 0.008314
0.866983 0.154394 0.007126
0.432304 0.155582 0.008314
0.477435 0.155582 0.008314
0.492874 0.155582 0.008314
0.839667 0.155582 0.010689
0.179335 0.156770 0.008314
0.256532 0.156770 0.005938
0.264846 0.156770 0.004751
0.828979 0.156770 0.008314
0.228029 0.157957 0.004751
0.351544 0.157957 0.014252
0.819477 0.157957 0.005938
0.198337 0.159145 0.004751
0.219715 0.159145 0.005938
0.244656 0.159145 0.009501
0.274347 0.159145 0.007126
0.781473 0.159145 0.008314
0.790974 0.159145 0.004751
0.809976 0.159145 0.005938
0.168646 0.160333 0.008314
0.209026 0.160333 0.008314
0.237530 0.160333 0.013064
0.288599 0.160333 0.009501
0.299287 0.160333 0.008314
0.747031 0.160333 0.007126
0.757720 0.160333 0.008314
0.767221 0.160333 0.007126
0.798100 0.160333 0.010689
0.315914 0.161520 0.009501
0.330166 0.161520 0.005938
0.736342 0.161520 0.008314
0.136580 0.162708 0.007126
0.147268 0.162708 0.007126
0.159145 0.162708 0.007126
0.339667 0.162708 0.008314
0.724466 0.162708 0.004751
0.125891 0.163895 0.007126
0.704276 0.163895 0.005938
0.716152 0.163895 0.008314
0.690024 0.165083 0.009501
0.634204 0.167458 0.007126
0.644893 0.167458 0.008314
0.656770 0.167458 0.005938
0.667458 0.167458 0.008314
0.679335 0.167458 0.008314
0.865796 0.167458 0.004751
0.871734 0.167458 0.004751
0.878860 0.167458 0.004751
0.885986 0.167458 0.010689
0.857482 0.168646 0.004751
0.593824 0.169834 0.010689
0.602138 0.169834 0.004751
0.609264 0.169834 0.004751
0.849169 0.169834 0.004751
0.527316 0.171021 0.004751
0.545131 0.171021 0.005938
0.571259 0.171021 0.004751
0.579572 0.171021 0.007126
0.616390 0.171021 0.011876
0.622328 0.171021 0.015439
0.472684 0.172209 0.008314
0.504751 0.172209 0.007126
0.515439 0.172209 0.008314
0.535629 0.172209 0.005938
0.560570 0.172209 0.010689
0.831354 0.172209 0.005938
0.842043 0.172209 0.013064
0.428741 0.173397 0.008314
0.448931 0.173397 0.005938
0.483373 0.173397 0.005938
0.495249 0.173397 0.008314
0.821853 0.173397 0.007126
0.412114 0.174584 0.008314
0.439430 0.174584 0.008314
0.459620 0.174584 0.008314
0.802850 0.174584 0.008314
0.811164 0.174584 0.004751
0.223278 0.175772 0.005938
0.242280 0.175772 0.008314
0.402613 0.175772 0.011876
0.194774 0.176960 0.008314
0.251781 0.176960 0.011876
0.313539 0.176960 0.011876
0.769596 0.176960 0.008314
0.790974 0.176960 0.014252
0.186461 0.178147 0.005938
0.209026 0.178147 0.008314
0.232779 0.178147 0.008314
0.258907 0.178147 0.004751
0.280285 0.178147 0.005938
0.288599 0.178147 0.011876
0.333729 0.178147 0.007126
0.344418 0.178147 0.004751
0.353919 0.178147 0.008314
0.748219 0.178147 0.005938
0.756532 0.178147 0.004751
0.780285 0.178147 0.005938
0.153207 0.179335 0.008314
0.174584 0.179335 0.008314
0.269596 0.179335 0.008314
0.738717 0.179335 0.005938
0.128266 0.180523 0.008314
0.141330 0.180523 0.004751
0.162708 0.180523 0.005938
0.729216 0.180523 0.008314
0.699525 0.181710 0.008314
0.713777 0.181710 0.009501
0.688836 0.182898 0.008314
0.668646 0.185273 0.011876
0.589074 0.187648 0.007126
0.604513 0.187648 0.008314
0.652019 0.187648 0.007126
0.567696 0.188836 0.008314
0.577197 0.188836 0.008314
0.615202 0.188836 0.008314
0.641330 0.188836 0.008314
0.554632 0.190024 0.007126
0.628266 0.190024 0.008314
0.243468 0.191211 0.007126
0.543943 0.191211 0.008314
0.510689 0.192399 0.008314
0.521378 0.192399 0.005938
0.171021 0.193587 0.004751
0.423990 0.193587 0.007126
0.434679 0.193587 0.013064
0.452494 0.193587 0.008314
0.465558 0.193587 0.013064
0.480998 0.193587 0.005938
0.491686 0.193587 0.008314
0.530879 0.193587 0.008314
0.125891 0.194774 0.007126
0.135392 0.194774 0.007126
0.156770 0.194774 0.008314
0.163895 0.194774 0.004751
0.180523 0.194774 0.007126
0.210214 0.194774 0.008314
0.414489 0.194774 0.014252
0.192399 0.195962 0.013064
0.232779 0.195962 0.004751
0.266033 0.195962 0.010689
0.273159 0.195962 0.011876
0.320665 0.195962 0.004751
0.385986 0.195962 0.008314
0.397862 0.195962 0.013064
0.144893 0.197150 0.008314
0.222090 0.197150 0.007126
0.299287 0.197150 0.004751
0.305226 0.197150 0.013064
0.330166 0.197150 0.008314
