0.941805 0.002375 0.020190
0.783848 0.008314 0.024941
0.847981 0.008314 0.023753
0.755344 0.009501 0.020190
0.763658 0.009501 0.027316
0.817102 0.011876 0.014252
0.880048 0.011876 0.013064
0.217340 0.021378 0.021378
0.247031 0.022565 0.013064
0.184086 0.023753 0.013064
0.149644 0.024941 0.022565
0.121140 0.026128 0.011876
0.644893 0.041568 0.008314
0.653207 0.041568 0.004751
0.615202 0.042755 0.013064
0.630641 0.042755 0.009501
0.662708 0.042755 0.008314
0.671021 0.042755 0.004751
0.678147 0.042755 0.004751
0.685273 0.042755 0.009501
0.775534 0.042755 0.007126
0.581948 0.043943 0.007126
0.593824 0.043943 0.008314
0.605701 0.043943 0.007126
0.698337 0.043943 0.008314
0.726841 0.043943 0.008314
0.737530 0.043943 0.004751
0.745843 0.043943 0.004751
0.752969 0.043943 0.004751
0.760095 0.043943 0.010689
0.786223 0.043943 0.004751
0.793349 0.043943 0.004751
0.513064 0.045131 0.008314
0.529691 0.045131 0.004751
0.538005 0.045131 0.004751
0.714964 0.045131 0.010689
0.802850 0.045131 0.008314
0.811164 0.045131 0.004751
0.820665 0.045131 0.005938
0.828979 0.045131 0.004751
0.837292 0.045131 0.004751
0.492874 0.046318 0.004751
0.501188 0.046318 0.007126
0.521378 0.046318 0.004751
0.547506 0.046318 0.007126
0.557007 0.046318 0.004751
0.570071 0.046318 0.008314
0.846793 0.046318 0.008314
0.856295 0.046318 0.005938
0.877672 0.046318 0.008314
0.473872 0.047506 0.005938
0.482185 0.047506 0.008314
0.866983 0.047506 0.007126
0.428741 0.048694 0.008314
0.435867 0.048694 0.004751
0.445368 0.048694 0.007126
0.456057 0.048694 0.005938
0.464371 0.048694 0.005938
0.390736 0.049881 0.004751
0.401425 0.049881 0.008314
0.419240 0.049881 0.005938
0.345606 0.051069 0.005938
0.355107 0.051069 0.005938
0.364608 0.051069 0.004751
0.372922 0.051069 0.004751
0.382423 0.051069 0.005938
0.409739 0.051069 0.004751
0.254157 0.052257 0.008314
0.263658 0.052257 0.005938
0.273159 0.052257 0.014252
0.336105 0.052257 0.005938
0.325416 0.053444 0.008314
0.214964 0.054632 0.005938
0.225653 0.054632 0.008314
0.238717 0.054632 0.008314
0.298100 0.054632 0.010689
0.308789 0.054632 0.010689
0.195962 0.055819 0.005938
0.205463 0.055819 0.005938
0.168646 0.057007 0.004751
0.149644 0.058195 0.004751
0.178147 0.058195 0.005938
0.186461 0.058195 0.007126
0.655582 0.058195 0.013064
0.671021 0.058195 0.010689
0.679335 0.058195 0.005938
0.131829 0.059382 0.013064
0.141330 0.059382 0.005938
0.159145 0.059382 0.008314
0.628266 0.059382 0.004751
0.635392 0.059382 0.005938
0.663895 0.059382 0.004751
0.691211 0.059382 0.007126
0.706651 0.059382 0.009501
0.875297 0.059382 0.004751
0.564133 0.060570 0.005938
0.587886 0.060570 0.004751
0.612827 0.060570 0.004751
0.621140 0.060570 0.010689
0.646081 0.060570 0.005938
0.713777 0.060570 0.004751
0.723278 0.060570 0.005938
0.731591 0.060570 0.005938
0.741093 0.060570 0.004751
0.749406 0.060570 0.005938
0.758907 0.060570 0.005938
0.767221 0.060570 0.004751
0.573634 0.061758 0.005938
0.580760 0.061758 0.004751
0.596200 0.061758 0.005938
0.606888 0.061758 0.009501
0.775534 0.061758 0.008314
0.788599 0.061758 0.008314
0.798100 0.061758 0.004751
0.806413 0.061758 0.005938
0.814727 0.061758 0.007126
0.826603 0.061758 0.008314
0.838480 0.061758 0.007126
0.534442 0.062945 0.007126
0.545131 0.062945 0.005938
0.853919 0.062945 0.009501
0.861045 0.062945 0.009501
0.460808 0.064133 0.010689
0.470309 0.064133 0.005938
0.480998 0.064133 0.004751
0.488124 0.064133 0.004751
0.524941 0.064133 0.004751
0.554632 0.064133 0.008314
0.454869 0.065321 0.004751
0.495249 0.065321 0.008314
0.504751 0.065321 0.007126
0.515439 0.065321 0.005938
0.426366 0.066508 0.007126
0.435867 0.066508 0.004751
0.445368 0.066508 0.007126
0.358670 0.067696 0.005938
0.366983 0.067696 0.005938
0.375297 0.067696 0.005938
0.290974 0.068884 0.004751
0.349169 0.068884 0.008314
0.385986 0.068884 0.008314
0.397862 0.068884 0.008314
0.408551 0.068884 0.004751
0.276722 0.070071 0.004751
0.301663 0.070071 0.007126
0.222090 0.071259 0.005938
0.269596 0.071259 0.013064
0.311164 0.071259 0.005938
0.330166 0.071259 0.008314
0.338480 0.071259 0.004751
0.212589 0.072447 0.008314
0.230404 0.072447 0.004751
0.320665 0.072447 0.007126
0.186461 0.073634 0.004751
0.193587 0.073634 0.011876
0.203088 0.073634 0.005938
0.882423 0.073634 0.010689
0.172209 0.074822 0.011876
0.250594 0.074822 0.004751
0.688836 0.074822 0.008314
0.699525 0.074822 0.007126
0.875297 0.074822 0.004751
0.146081 0.076010 0.004751
0.155582 0.076010 0.005938
0.162708 0.076010 0.004751
0.642518 0.076010 0.004751
0.650831 0.076010 0.007126
0.660333 0.076010 0.005938
0.668646 0.076010 0.004751
0.675772 0.076010 0.004751
0.709026 0.076010 0.007126
0.718527 0.076010 0.005938
0.739905 0.076010 0.008314
0.760095 0.076010 0.004751
0.798100 0.076010 0.008314
0.834917 0.076010 0.004751
0.868171 0.076010 0.004751
0.129454 0.077197 0.007126
0.138955 0.077197 0.004751
0.623515 0.077197 0.004751
0.633017 0.077197 0.005938
0.728029 0.077197 0.007126
0.751781 0.077197 0.008314
0.782660 0.077197 0.010689
0.790974 0.077197 0.004751
0.808789 0.077197 0.008314
0.819477 0.077197 0.008314
0.827791 0.077197 0.004751
0.843230 0.077197 0.007126
0.852732 0.077197 0.004751
0.858670 0.077197 0.008314
0.541568 0.078385 0.007126
0.572447 0.078385 0.004751
0.580760 0.078385 0.004751
0.598575 0.078385 0.005938
0.615202 0.078385 0.004751
0.494062 0.079572 0.004751
0.502375 0.079572 0.004751
0.530879 0.079572 0.008314
0.549881 0.079572 0.004751
0.557007 0.079572 0.004751
0.564133 0.079572 0.004751
0.590261 0.079572 0.005938
0.606888 0.079572 0.005938
0.466746 0.080760 0.008314
0.479810 0.080760 0.010689
0.486936 0.080760 0.004751
0.513064 0.080760 0.007126
0.521378 0.080760 0.004751
0.448931 0.081948 0.007126
0.413302 0.083135 0.005938
0.425178 0.083135 0.008314
0.439430 0.083135 0.005938
0.388361 0.084323 0.007126
0.404988 0.084323 0.005938
0.311164 0.085511 0.004751
0.377672 0.085511 0.005938
0.296912 0.086698 0.004751
0.304038 0.086698 0.004751
0.356295 0.086698 0.007126
0.368171 0.086698 0.007126
0.192399 0.090261 0.008314
0.163895 0.091449 0.004751
0.173397 0.091449 0.007126
0.182898 0.091449 0.005938
0.345606 0.091449 0.007126
0.662708 0.091449 0.004751
0.671021 0.091449 0.011876
0.718527 0.091449 0.005938
0.725653 0.091449 0.004751
0.154394 0.092637 0.008314
0.655582 0.092637 0.004751
0.709026 0.092637 0.008314
0.737530 0.092637 0.008314
0.745843 0.092637 0.004751
0.762470 0.092637 0.005938
0.783848 0.092637 0.004751
0.868171 0.092637 0.005938
0.140143 0.093824 0.007126
0.625891 0.093824 0.005938
0.647268 0.093824 0.007126
0.752969 0.093824 0.008314
0.802850 0.093824 0.008314
0.817102 0.093824 0.007126
0.827791 0.093824 0.008314
0.842043 0.093824 0.008314
0.857482 0.093824 0.008314
0.129454 0.095012 0.007126
0.586698 0.095012 0.007126
0.605701 0.095012 0.005938
0.617577 0.095012 0.008314
0.637767 0.095012 0.007126
0.774347 0.095012 0.008314
0.541568 0.096200 0.004751
0.548694 0.096200 0.004751
0.558195 0.096200 0.007126
0.567696 0.096200 0.004751
0.577197 0.096200 0.008314
0.597387 0.096200 0.005938
0.521378 0.097387 0.007126
0.532067 0.097387 0.007126
0.502375 0.098575 0.007126
0.511876 0.098575 0.005938
0.482185 0.099762 0.005938
0.491686 0.099762 0.005938
0.461995 0.100950 0.005938
0.472684 0.100950 0.007126
0.383610 0.102138 0.010689
0.410926 0.102138 0.007126
0.421615 0.102138 0.008314
0.437055 0.102138 0.008314
0.445368 0.102138 0.004751
0.453682 0.102138 0.004751
0.361045 0.103325 0.008314
0.370546 0.103325 0.008314
0.228029 0.104513 0.005938
0.236342 0.104513 0.004751
0.244656 0.104513 0.005938
0.334917 0.104513 0.005938
0.213777 0.105701 0.009501
0.254157 0.105701 0.004751
0.169834 0.106888 0.007126
0.179335 0.106888 0.008314
0.133017 0.108076 0.004751
0.149644 0.108076 0.004751
0.156770 0.108076 0.004751
0.193587 0.108076 0.010689
0.779097 0.108076 0.005938
0.844418 0.108076 0.005938
0.870546 0.108076 0.004751
0.883610 0.108076 0.003563
0.127078 0.109264 0.004751
0.140143 0.109264 0.004751
0.761283 0.109264 0.004751
0.769596 0.109264 0.005938
0.790974 0.109264 0.008314
0.802850 0.109264 0.008314
0.811164 0.109264 0.008314
0.821853 0.109264 0.005938
0.833729 0.109264 0.008314
0.852732 0.109264 0.007126
0.862233 0.109264 0.005938
0.876485 0.109264 0.004751
0.716152 0.110451 0.014252
0.736342 0.110451 0.005938
0.117577 0.111639 0.007126
0.621140 0.111639 0.010689
0.638955 0.111639 0.007126
0.666271 0.111639 0.013064
0.726841 0.111639 0.008314
0.748219 0.111639 0.009501
0.586698 0.112827 0.004751
0.592637 0.112827 0.004751
0.600950 0.112827 0.007126
0.610451 0.112827 0.007126
0.649644 0.112827 0.008314
0.657957 0.112827 0.005938
0.551069 0.114014 0.011876
0.570071 0.114014 0.005938
0.579572 0.114014 0.004751
0.535629 0.115202 0.005938
0.543943 0.115202 0.004751
0.561758 0.115202 0.008314
0.526128 0.116390 0.005938
0.494062 0.117577 0.007126
0.505938 0.117577 0.008314
0.516627 0.117577 0.007126
0.442993 0.118765 0.005938
0.451306 0.118765 0.004751
0.461995 0.119952 0.008314
0.472684 0.119952 0.008314
0.484561 0.119952 0.008314
0.211401 0.121140 0.004751
0.237530 0.121140 0.011876
0.415677 0.121140 0.008314
0.434679 0.121140 0.005938
0.250594 0.122328 0.004751
0.258907 0.122328 0.005938
0.270784 0.122328 0.005938
0.280285 0.122328 0.004751
0.403800 0.122328 0.008314
0.423990 0.122328 0.007126
0.169834 0.123515 0.005938
0.179335 0.123515 0.005938
0.188836 0.123515 0.007126
0.199525 0.123515 0.007126
0.223278 0.123515 0.010689
0.142518 0.124703 0.004751
0.160333 0.124703 0.004751
0.884798 0.124703 0.011876
0.127078 0.125891 0.005938
0.135392 0.125891 0.004751
0.152019 0.125891 0.005938
0.770784 0.125891 0.004751
0.844418 0.125891 0.004751
0.876485 0.125891 0.007126
0.739905 0.127078 0.004751
0.748219 0.127078 0.004751
0.758907 0.127078 0.008314
0.779097 0.127078 0.004751
0.786223 0.127078 0.004751
0.798100 0.127078 0.008314
0.806413 0.127078 0.004751
0.815914 0.127078 0.007126
0.825416 0.127078 0.007126
0.836105 0.127078 0.008314
0.851544 0.127078 0.010689
0.863420 0.127078 0.008314
0.210214 0.128266 0.004751
0.731591 0.128266 0.004751
0.713777 0.129454 0.005938
0.723278 0.129454 0.005938
0.559382 0.130641 0.004751
0.577197 0.130641 0.008314
0.629454 0.130641 0.008314
0.643705 0.130641 0.008314
0.653207 0.130641 0.004751
0.660333 0.130641 0.004751
0.667458 0.130641 0.011876
0.553444 0.131829 0.004751
0.566508 0.131829 0.005938
0.591449 0.131829 0.008314
0.600950 0.131829 0.011876
0.616390 0.131829 0.008314
0.522565 0.133017 0.004751
0.536817 0.133017 0.005938
0.545131 0.133017 0.005938
0.513064 0.134204 0.005938
0.502375 0.136580 0.004751
0.286223 0.137767 0.004751
0.461995 0.137767 0.004751
0.494062 0.137767 0.007126
0.236342 0.138955 0.007126
0.244656 0.138955 0.004751
0.413302 0.138955 0.007126
0.423990 0.138955 0.004751
0.432304 0.138955 0.008314
0.446556 0.138955 0.010689
0.453682 0.138955 0.004751
0.476247 0.138955 0.011876
0.483373 0.138955 0.013064
0.213777 0.140143 0.013064
0.255344 0.140143 0.008314
0.270784 0.140143 0.004751
0.277910 0.140143 0.004751
0.337292 0.140143 0.008314
0.376485 0.140143 0.005938
0.385986 0.140143 0.005938
0.402613 0.140143 0.013064
0.887173 0.140143 0.009501
0.137767 0.141330 0.007126
0.147268 0.141330 0.004751
0.172209 0.141330 0.004751
0.179335 0.141330 0.004751
0.197150 0.141330 0.004751
0.205463 0.141330 0.005938
0.262470 0.141330 0.005938
0.395487 0.141330 0.005938
0.125891 0.142518 0.007126
0.155582 0.142518 0.007126
0.166271 0.142518 0.004751
0.796912 0.142518 0.005938
0.807601 0.142518 0.008314
0.815914 0.142518 0.004751
0.862233 0.142518 0.005938
0.880048 0.142518 0.007126
0.788599 0.143705 0.004751
0.825416 0.143705 0.008314
0.851544 0.143705 0.005938
0.781473 0.144893 0.004751
0.838480 0.144893 0.008314
0.764846 0.146081 0.008314
0.752969 0.147268 0.007126
0.773159 0.147268 0.004751
0.630641 0.148456 0.008314
0.641330 0.148456 0.005938
0.650831 0.148456 0.005938
0.671021 0.148456 0.004751
0.729216 0.148456 0.008314
0.741093 0.148456 0.008314
0.598575 0.149644 0.008314
0.612827 0.149644 0.010689
0.662708 0.149644 0.011876
0.681710 0.149644 0.008314
0.692399 0.149644 0.005938
0.718527 0.149644 0.008314
0.587886 0.150831 0.008314
0.621140 0.150831 0.004751
0.703088 0.150831 0.008314
0.524941 0.152019 0.007126
0.545131 0.152019 0.007126
0.553444 0.152019 0.004751
0.567696 0.152019 0.011876
0.514252 0.153207 0.008314
0.534442 0.153207 0.008314
0.502375 0.154394 0.007126
0.447743 0.155582 0.007126
0.458432 0.155582 0.007126
0.467933 0.155582 0.007126
0.479810 0.155582 0.007126
0.490499 0.155582 0.007126
0.431116 0.156770 0.004751
0.438242 0.156770 0.011876
0.125891 0.157957 0.008314
0.293349 0.157957 0.004751
0.309976 0.157957 0.005938
0.334917 0.157957 0.004751
0.342043 0.157957 0.004751
0.349169 0.157957 0.010689
0.361045 0.157957 0.004751
0.369359 0.157957 0.005938
0.397862 0.157957 0.004751
0.406176 0.157957 0.008314
0.418052 0.157957 0.008314
0.872922 0.157957 0.005938
0.881235 0.157957 0.004751
0.137767 0.159145 0.007126
0.148456 0.159145 0.009501
0.161520 0.159145 0.009501
0.192399 0.159145 0.004751
0.200713 0.159145 0.004751
0.250594 0.159145 0.005938
0.268409 0.159145 0.004751
0.276722 0.159145 0.005938
0.285036 0.159145 0.004751
0.301663 0.159145 0.007126
0.320665 0.159145 0.005938
0.378860 0.159145 0.004751
0.388361 0.159145 0.005938
0.174584 0.160333 0.013064
0.181710 0.160333 0.008314
0.210214 0.160333 0.007126
0.232779 0.160333 0.013064
0.239905 0.160333 0.008314
0.258907 0.160333 0.005938
0.782660 0.160333 0.007126
0.834917 0.160333 0.005938
0.844418 0.160333 0.011876
0.220903 0.161520 0.005938
0.793349 0.161520 0.005938
0.806413 0.161520 0.009501
0.814727 0.161520 0.008314
0.773159 0.162708 0.005938
0.763658 0.163895 0.007126
0.737530 0.165083 0.004751
0.745843 0.165083 0.004751
0.752969 0.165083 0.011876
0.616390 0.166271 0.011876
0.643705 0.166271 0.004751
0.662708 0.166271 0.007126
0.690024 0.166271 0.004751
0.698337 0.166271 0.005938
0.707838 0.166271 0.005938
0.717340 0.166271 0.005938
0.729216 0.166271 0.010689
0.894299 0.166271 0.005938
0.609264 0.167458 0.011876
0.634204 0.167458 0.007126
0.650831 0.167458 0.011876
0.672209 0.167458 0.004751
0.681710 0.167458 0.005938
0.555819 0.168646 0.005938
0.564133 0.168646 0.008314
0.593824 0.168646 0.004751
0.599762 0.168646 0.010689
0.624703 0.168646 0.007126
0.543943 0.169834 0.007126
0.574822 0.169834 0.004751
0.504751 0.171021 0.007126
0.513064 0.171021 0.004751
0.523753 0.171021 0.008314
0.535629 0.171021 0.007126
0.491686 0.172209 0.008314
0.437055 0.173397 0.010689
0.472684 0.173397 0.005938
0.888361 0.173397 0.005938
0.270784 0.174584 0.004751
0.426366 0.174584 0.008314
0.453682 0.174584 0.007126
0.464371 0.174584 0.005938
0.480998 0.174584 0.011876
0.876485 0.174584 0.011876
0.125891 0.175772 0.011876
0.134204 0.175772 0.005938
0.143705 0.175772 0.008314
0.155582 0.175772 0.005938
0.264846 0.175772 0.004751
0.279097 0.175772 0.005938
0.288599 0.175772 0.004751
0.344418 0.175772 0.008314
0.355107 0.175772 0.004751
0.363420 0.175772 0.008314
0.385986 0.175772 0.004751
0.406176 0.175772 0.007126
0.415677 0.175772 0.007126
0.857482 0.175772 0.008314
0.165083 0.176960 0.011876
0.180523 0.176960 0.007126
0.191211 0.176960 0.005938
0.210214 0.176960 0.008314
0.220903 0.176960 0.005938
0.229216 0.176960 0.004751
0.239905 0.176960 0.008314
0.247031 0.176960 0.004751
0.255344 0.176960 0.007126
0.314727 0.176960 0.004751
0.323040 0.176960 0.005938
0.331354 0.176960 0.007126
0.375297 0.176960 0.008314
0.395487 0.176960 0.008314
0.847981 0.176960 0.005938
0.199525 0.178147 0.007126
0.838480 0.178147 0.008314
0.793349 0.179335 0.013064
0.801663 0.179335 0.004751
0.808789 0.179335 0.011876
0.820665 0.179335 0.004751
0.828979 0.179335 0.005938
0.769596 0.180523 0.004751
0.781473 0.181710 0.009501
0.744656 0.182898 0.004751
0.761283 0.182898 0.004751
0.704276 0.184086 0.008314
0.713777 0.184086 0.007126
0.723278 0.184086 0.008314
0.736342 0.184086 0.008314
0.754157 0.184086 0.013064
0.606888 0.185273 0.011876
0.692399 0.185273 0.008314
0.634204 0.186461 0.008314
0.661520 0.186461 0.013064
0.669834 0.186461 0.005938
0.681710 0.186461 0.008314
0.561758 0.187648 0.013064
0.583135 0.187648 0.008314
0.624703 0.187648 0.008314
0.644893 0.187648 0.007126
0.653207 0.187648 0.004751
0.497625 0.188836 0.013064
0.508314 0.188836 0.008314
0.519002 0.188836 0.005938
0.539192 0.188836 0.004751
0.549881 0.188836 0.008314
0.570071 0.188836 0.008314
0.593824 0.188836 0.008314
0.470309 0.190024 0.005938
0.489311 0.190024 0.004751
0.529691 0.190024 0.008314
0.355107 0.191211 0.005938
0.410926 0.191211 0.007126
0.421615 0.191211 0.007126
0.433492 0.191211 0.008314
0.442993 0.191211 0.004751
0.452494 0.191211 0.005938
0.460808 0.191211 0.007126
0.479810 0.191211 0.008314
0.131829 0.192399 0.005938
0.150831 0.192399 0.005938
0.285036 0.192399 0.004751
0.337292 0.192399 0.008314
0.345606 0.192399 0.004751
0.368171 0.192399 0.008314
0.378860 0.192399 0.007126
0.389549 0.192399 0.007126
0.400238 0.192399 0.007126
0.141330 0.193587 0.005938
0.159145 0.193587 0.005938
0.204276 0.193587 0.007126
0.243468 0.193587 0.004751
0.294537 0.193587 0.007126
0.302850 0.193587 0.005938
0.312352 0.193587 0.007126
0.325416 0.193587 0.008314
0.122328 0.194774 0.005938
0.167458 0.194774 0.005938
0.175772 0.194774 0.004751
0.186461 0.194774 0.008314
0.194774 0.194774 0.004751
0.216152 0.194774 0.011876
0.235154 0.194774 0.013064
0.254157 0.194774 0.008314
0.262470 0.194774 0.004751
0.269596 0.194774 0.011876
0.223278 0.195962 0.015439
