0.941805 0.004751 0.016627
0.781473 0.008314 0.022565
0.847981 0.009501 0.021378
0.880048 0.011876 0.013064
0.817102 0.013064 0.013064
0.247031 0.023753 0.016627
0.184086 0.024941 0.014252
0.730404 0.038005 0.007126
0.741093 0.039192 0.005938
0.752969 0.039192 0.013064
0.761283 0.039192 0.004751
0.773159 0.039192 0.008314
0.798100 0.039192 0.008314
0.836105 0.039192 0.007126
0.845606 0.039192 0.007126
0.856295 0.039192 0.005938
0.870546 0.039192 0.004751
0.881235 0.039192 0.008314
0.720903 0.040380 0.008314
0.787411 0.040380 0.010689
0.807601 0.040380 0.004751
0.814727 0.040380 0.010689
0.826603 0.040380 0.008314
0.674584 0.041568 0.007126
0.684086 0.041568 0.008314
0.693587 0.041568 0.008314
0.705463 0.041568 0.010689
0.712589 0.041568 0.004751
0.565321 0.042755 0.005938
0.574822 0.042755 0.007126
0.584323 0.042755 0.010689
0.597387 0.042755 0.009501
0.615202 0.042755 0.009501
0.628266 0.042755 0.007126
0.637767 0.042755 0.005938
0.652019 0.042755 0.009501
0.665083 0.042755 0.008314
0.535629 0.043943 0.007126
0.546318 0.043943 0.007126
0.557007 0.043943 0.005938
0.441805 0.045131 0.008314
0.463183 0.045131 0.005938
0.490499 0.045131 0.005938
0.498812 0.045131 0.005938
0.514252 0.045131 0.011876
0.522565 0.045131 0.007126
0.453682 0.046318 0.008314
0.473872 0.046318 0.008314
0.482185 0.046318 0.008314
0.355107 0.047506 0.010689
0.383610 0.047506 0.007126
0.407363 0.047506 0.005938
0.420428 0.047506 0.013064
0.428741 0.047506 0.008314
0.342043 0.048694 0.010689
0.362233 0.048694 0.004751
0.395487 0.048694 0.008314
0.288599 0.049881 0.004751
0.327791 0.049881 0.008314
0.372922 0.049881 0.007126
0.264846 0.051069 0.007126
0.277910 0.051069 0.008314
0.299287 0.051069 0.008314
0.313539 0.052257 0.008314
0.185273 0.053444 0.004751
0.214964 0.053444 0.005938
0.233967 0.053444 0.005938
0.871734 0.053444 0.007126
0.880048 0.053444 0.008314
0.176960 0.054632 0.005938
0.249406 0.054632 0.010689
0.748219 0.054632 0.007126
0.770784 0.054632 0.005938
0.793349 0.054632 0.005938
0.827791 0.054632 0.005938
0.837292 0.054632 0.005938
0.844418 0.054632 0.008314
0.858670 0.054632 0.007126
0.724466 0.055819 0.007126
0.733967 0.055819 0.005938
0.760095 0.055819 0.008314
0.782660 0.055819 0.007126
0.802850 0.055819 0.005938
0.813539 0.055819 0.007126
0.147268 0.057007 0.011876
0.162708 0.057007 0.011876
0.580760 0.057007 0.005938
0.597387 0.057007 0.008314
0.629454 0.057007 0.005938
0.663895 0.057007 0.004751
0.681710 0.057007 0.004751
0.688836 0.057007 0.009501
0.701900 0.057007 0.005938
0.712589 0.057007 0.008314
0.133017 0.058195 0.010689
0.570071 0.058195 0.007126
0.609264 0.058195 0.004751
0.618765 0.058195 0.007126
0.647268 0.058195 0.005938
0.656770 0.058195 0.004751
0.672209 0.058195 0.005938
0.529691 0.059382 0.010689
0.551069 0.059382 0.007126
0.559382 0.059382 0.013064
0.587886 0.059382 0.005938
0.636580 0.059382 0.008314
0.450119 0.060570 0.005938
0.479810 0.060570 0.008314
0.491686 0.060570 0.008314
0.513064 0.060570 0.008314
0.540380 0.060570 0.008314
0.439430 0.061758 0.007126
0.460808 0.061758 0.005938
0.469121 0.061758 0.008314
0.501188 0.061758 0.008314
0.374109 0.062945 0.004751
0.409739 0.062945 0.008314
0.355107 0.064133 0.005938
0.364608 0.064133 0.005938
0.383610 0.064133 0.007126
0.396675 0.064133 0.008314
0.425178 0.064133 0.009501
0.293349 0.065321 0.005938
0.334917 0.065321 0.007126
0.344418 0.065321 0.005938
0.237530 0.066508 0.008314
0.250594 0.066508 0.005938
0.261283 0.066508 0.005938
0.273159 0.066508 0.007126
0.282660 0.066508 0.005938
0.301663 0.066508 0.005938
0.309976 0.066508 0.005938
0.321853 0.066508 0.008314
0.862233 0.066508 0.008314
0.869359 0.066508 0.004751
0.229216 0.067696 0.004751
0.827791 0.067696 0.008314
0.850356 0.067696 0.005938
0.178147 0.068884 0.007126
0.210214 0.068884 0.008314
0.761283 0.068884 0.004751
0.793349 0.068884 0.009501
0.807601 0.068884 0.004751
0.815914 0.068884 0.005938
0.842043 0.068884 0.007126
0.219715 0.070071 0.005938
0.719715 0.070071 0.007126
0.729216 0.070071 0.005938
0.741093 0.070071 0.008314
0.754157 0.070071 0.005938
0.769596 0.070071 0.007126
0.780285 0.070071 0.008314
0.709026 0.071259 0.007126
0.606888 0.072447 0.008314
0.700713 0.072447 0.005938
0.133017 0.073634 0.008314
0.621140 0.073634 0.005938
0.631829 0.073634 0.008314
0.649644 0.073634 0.008314
0.663895 0.073634 0.008314
0.675772 0.073634 0.008314
0.573634 0.074822 0.005938
0.585511 0.074822 0.009501
0.687648 0.074822 0.009501
0.442993 0.077197 0.008314
0.454869 0.077197 0.007126
0.464371 0.077197 0.007126
0.475059 0.077197 0.007126
0.526128 0.077197 0.008314
0.552257 0.077197 0.005938
0.561758 0.077197 0.008314
0.380048 0.078385 0.004751
0.391924 0.078385 0.007126
0.420428 0.078385 0.005938
0.486936 0.078385 0.008314
0.494062 0.078385 0.007126
0.504751 0.078385 0.005938
0.513064 0.078385 0.005938
0.540380 0.078385 0.008314
0.359857 0.079572 0.008314
0.370546 0.079572 0.005938
0.401425 0.079572 0.005938
0.409739 0.079572 0.005938
0.428741 0.079572 0.008314
0.270784 0.080760 0.008314
0.282660 0.080760 0.007126
0.293349 0.080760 0.005938
0.327791 0.080760 0.007126
0.880048 0.080760 0.008314
0.258907 0.081948 0.007126
0.302850 0.081948 0.007126
0.313539 0.081948 0.008314
0.337292 0.081948 0.005938
0.346793 0.081948 0.004751
0.855107 0.081948 0.004751
0.862233 0.081948 0.004751
0.869359 0.081948 0.010689
0.184086 0.083135 0.008314
0.239905 0.083135 0.007126
0.248219 0.083135 0.004751
0.819477 0.083135 0.004751
0.833729 0.083135 0.009501
0.846793 0.083135 0.007126
0.214964 0.084323 0.005938
0.226841 0.084323 0.008314
0.808789 0.084323 0.008314
0.172209 0.085511 0.008314
0.205463 0.085511 0.005938
0.769596 0.085511 0.007126
0.789786 0.085511 0.008314
0.799287 0.085511 0.004751
0.726841 0.086698 0.008314
0.736342 0.086698 0.008314
0.748219 0.086698 0.008314
0.756532 0.086698 0.008314
0.131829 0.087886 0.005938
0.142518 0.087886 0.007126
0.160333 0.087886 0.005938
0.609264 0.087886 0.004751
0.150831 0.089074 0.008314
0.600950 0.089074 0.007126
0.628266 0.089074 0.008314
0.636580 0.089074 0.008314
0.648456 0.089074 0.008314
0.657957 0.089074 0.008314
0.592637 0.090261 0.005938
0.617577 0.090261 0.008314
0.581948 0.091449 0.008314
0.450119 0.092637 0.007126
0.491686 0.092637 0.004751
0.530879 0.092637 0.005938
0.561758 0.092637 0.004751
0.568884 0.092637 0.008314
0.406176 0.093824 0.005938
0.416865 0.093824 0.008314
0.460808 0.093824 0.008314
0.484561 0.093824 0.004751
0.500000 0.093824 0.004751
0.507126 0.093824 0.010689
0.519002 0.093824 0.007126
0.541568 0.093824 0.008314
0.552257 0.093824 0.007126
0.275534 0.095012 0.008314
0.288599 0.095012 0.007126
0.356295 0.095012 0.005938
0.365796 0.095012 0.005938
0.375297 0.095012 0.005938
0.385986 0.095012 0.005938
0.428741 0.095012 0.005938
0.475059 0.095012 0.011876
0.266033 0.096200 0.007126
0.298100 0.096200 0.007126
0.344418 0.096200 0.007126
0.437055 0.096200 0.008314
0.235154 0.098575 0.008314
0.248219 0.098575 0.008314
0.859857 0.098575 0.004751
0.866983 0.098575 0.004751
0.874109 0.098575 0.004751
0.882423 0.098575 0.011876
0.163895 0.099762 0.008314
0.198337 0.099762 0.008314
0.210214 0.099762 0.004751
0.831354 0.099762 0.004751
0.850356 0.099762 0.008314
0.172209 0.100950 0.004751
0.762470 0.100950 0.004751
0.812352 0.100950 0.007126
0.823040 0.100950 0.008314
0.838480 0.100950 0.010689
0.137767 0.102138 0.004751
0.150831 0.102138 0.004751
0.754157 0.102138 0.008314
0.779097 0.102138 0.008314
0.787411 0.102138 0.010689
0.800475 0.102138 0.007126
0.129454 0.103325 0.010689
0.741093 0.104513 0.008314
0.729216 0.105701 0.008314
0.630641 0.106888 0.008314
0.717340 0.106888 0.010689
0.589074 0.108076 0.008314
0.609264 0.108076 0.004751
0.618765 0.108076 0.008314
0.644893 0.108076 0.008314
0.655582 0.108076 0.004751
0.491686 0.109264 0.004751
0.513064 0.109264 0.008314
0.578385 0.109264 0.008314
0.602138 0.109264 0.011876
0.483373 0.110451 0.008314
0.501188 0.110451 0.013064
0.521378 0.110451 0.004751
0.530879 0.110451 0.008314
0.542755 0.110451 0.004751
0.568884 0.110451 0.008314
0.362233 0.111639 0.008314
0.388361 0.111639 0.009501
0.400238 0.111639 0.004751
0.410926 0.111639 0.008314
0.421615 0.111639 0.010689
0.428741 0.111639 0.004751
0.434679 0.111639 0.004751
0.441805 0.111639 0.004751
0.457245 0.111639 0.010689
0.467933 0.111639 0.008314
0.252969 0.112827 0.007126
0.374109 0.112827 0.007126
0.201900 0.115202 0.009501
0.238717 0.115202 0.008314
0.166271 0.117577 0.008314
0.178147 0.117577 0.008314
0.188836 0.117577 0.009501
0.217340 0.117577 0.005938
0.862233 0.117577 0.007126
0.872922 0.117577 0.005938
0.150831 0.118765 0.011876
0.758907 0.118765 0.008314
0.768409 0.118765 0.007126
0.779097 0.118765 0.008314
0.789786 0.118765 0.004751
0.830166 0.118765 0.007126
0.840855 0.118765 0.005938
0.851544 0.118765 0.008314
0.882423 0.118765 0.008314
0.130641 0.119952 0.008314
0.141330 0.119952 0.008314
0.798100 0.119952 0.005938
0.808789 0.119952 0.008314
0.819477 0.119952 0.007126
0.745843 0.122328 0.008314
0.718527 0.123515 0.011876
0.728029 0.123515 0.004751
0.735154 0.123515 0.004751
0.530879 0.125891 0.004751
0.551069 0.125891 0.008314
0.559382 0.125891 0.007126
0.410926 0.127078 0.005938
0.420428 0.127078 0.007126
0.520190 0.127078 0.007126
0.536817 0.127078 0.009501
0.573634 0.127078 0.008314
0.585511 0.127078 0.007126
0.595012 0.127078 0.005938
0.604513 0.127078 0.007126
0.625891 0.127078 0.004751
0.634204 0.127078 0.005938
0.644893 0.127078 0.008314
0.662708 0.127078 0.008314
0.363420 0.128266 0.014252
0.396675 0.128266 0.009501
0.432304 0.128266 0.005938
0.441805 0.128266 0.007126
0.451306 0.128266 0.007126
0.461995 0.128266 0.005938
0.507126 0.128266 0.008314
0.616390 0.128266 0.008314
0.653207 0.128266 0.004751
0.371734 0.129454 0.013064
0.384798 0.129454 0.008314
0.471496 0.129454 0.007126
0.483373 0.129454 0.005938
0.491686 0.129454 0.008314
0.235154 0.130641 0.007126
0.884798 0.130641 0.007126
0.092637 0.131829 0.016627
0.099762 0.131829 0.017815
0.863420 0.131829 0.009501
0.875297 0.131829 0.008314
0.191211 0.133017 0.008314
0.204276 0.133017 0.007126
0.216152 0.133017 0.007126
0.254157 0.133017 0.007126
0.266033 0.133017 0.004751
0.273159 0.133017 0.005938
0.281473 0.133017 0.007126
0.172209 0.134204 0.007126
0.181710 0.134204 0.005938
0.849169 0.134204 0.005938
0.857482 0.134204 0.013064
0.160333 0.135392 0.008314
0.827791 0.135392 0.005938
0.838480 0.135392 0.007126
0.137767 0.136580 0.005938
0.149644 0.136580 0.008314
0.771971 0.136580 0.011876
0.809976 0.136580 0.008314
0.819477 0.136580 0.004751
0.128266 0.137767 0.008314
0.756532 0.137767 0.004751
0.780285 0.137767 0.004751
0.787411 0.137767 0.004751
0.795724 0.137767 0.007126
0.748219 0.138955 0.004751
0.737530 0.140143 0.007126
0.728029 0.141330 0.007126
0.577197 0.143705 0.013064
0.586698 0.143705 0.005938
0.661520 0.143705 0.004751
0.716152 0.143705 0.013064
0.541568 0.144893 0.005938
0.551069 0.144893 0.004751
0.559382 0.144893 0.005938
0.568884 0.144893 0.005938
0.596200 0.144893 0.005938
0.605701 0.144893 0.004751
0.614014 0.144893 0.004751
0.622328 0.144893 0.005938
0.631829 0.144893 0.007126
0.644893 0.144893 0.008314
0.653207 0.144893 0.004751
0.667458 0.144893 0.004751
0.237530 0.146081 0.007126
0.409739 0.146081 0.008314
0.420428 0.146081 0.007126
0.440618 0.146081 0.005938
0.450119 0.146081 0.005938
0.459620 0.146081 0.007126
0.498812 0.146081 0.004751
0.508314 0.146081 0.004751
0.514252 0.146081 0.010689
0.528504 0.146081 0.009501
0.674584 0.146081 0.009501
0.710214 0.146081 0.010689
0.250594 0.147268 0.007126
0.267221 0.147268 0.010689
0.382423 0.147268 0.007126
0.394299 0.147268 0.008314
0.432304 0.147268 0.005938
0.471496 0.147268 0.008314
0.485748 0.147268 0.009501
0.274347 0.148456 0.004751
0.282660 0.148456 0.011876
0.293349 0.148456 0.005938
0.300475 0.148456 0.009501
0.344418 0.148456 0.008314
0.358670 0.148456 0.008314
0.372922 0.148456 0.007126
0.888361 0.148456 0.004751
0.222090 0.149644 0.010689
0.228029 0.149644 0.004751
0.333729 0.149644 0.008314
0.847981 0.149644 0.004751
0.856295 0.149644 0.005938
0.881235 0.149644 0.009501
0.149644 0.150831 0.007126
0.179335 0.150831 0.008314
0.188836 0.150831 0.004751
0.199525 0.150831 0.007126
0.211401 0.150831 0.008314
0.838480 0.150831 0.007126
0.865796 0.150831 0.005938
0.127078 0.152019 0.008314
0.138955 0.152019 0.008314
0.168646 0.152019 0.005938
0.830166 0.152019 0.004751
0.239905 0.153207 0.008314
0.789786 0.153207 0.004751
0.798100 0.153207 0.007126
0.809976 0.153207 0.005938
0.819477 0.153207 0.007126
0.780285 0.154394 0.005938
0.757720 0.155582 0.008314
0.770784 0.155582 0.007126
0.745843 0.156770 0.004751
0.685273 0.157957 0.008314
0.735154 0.157957 0.007126
0.699525 0.159145 0.010689
0.707838 0.159145 0.004751
0.724466 0.159145 0.007126
0.553444 0.160333 0.011876
0.591449 0.160333 0.008314
0.598575 0.160333 0.004751
0.606888 0.160333 0.004751
0.661520 0.160333 0.005938
0.418052 0.161520 0.008314
0.426366 0.161520 0.004751
0.434679 0.161520 0.005938
0.502375 0.161520 0.009501
0.513064 0.161520 0.008314
0.535629 0.161520 0.008314
0.561758 0.161520 0.007126
0.581948 0.161520 0.004751
0.616390 0.161520 0.007126
0.628266 0.161520 0.008314
0.643705 0.161520 0.008314
0.652019 0.161520 0.004751
0.669834 0.161520 0.008314
0.444181 0.162708 0.008314
0.456057 0.162708 0.008314
0.470309 0.162708 0.007126
0.480998 0.162708 0.004751
0.488124 0.162708 0.004751
0.526128 0.162708 0.007126
0.572447 0.162708 0.007126
0.882423 0.162708 0.004751
0.287411 0.163895 0.004751
0.293349 0.163895 0.004751
0.333729 0.163895 0.008314
0.350356 0.163895 0.009501
0.366983 0.163895 0.008314
0.378860 0.163895 0.005938
0.401425 0.163895 0.010689
0.847981 0.163895 0.005938
0.267221 0.165083 0.007126
0.305226 0.165083 0.009501
0.321853 0.165083 0.008314
0.389549 0.165083 0.007126
0.858670 0.165083 0.007126
0.870546 0.165083 0.008314
0.248219 0.166271 0.004751
0.277910 0.166271 0.007126
0.812352 0.166271 0.007126
0.821853 0.166271 0.005938
0.830166 0.166271 0.004751
0.837292 0.166271 0.008314
0.155582 0.167458 0.007126
0.212589 0.167458 0.004751
0.225653 0.167458 0.004751
0.236342 0.167458 0.007126
0.785036 0.167458 0.007126
0.793349 0.167458 0.004751
0.804038 0.167458 0.007126
0.128266 0.168646 0.008314
0.144893 0.168646 0.008314
0.166271 0.168646 0.008314
0.179335 0.168646 0.005938
0.190024 0.168646 0.007126
0.201900 0.168646 0.008314
0.739905 0.168646 0.008314
0.764846 0.168646 0.008314
0.750594 0.169834 0.009501
0.714964 0.172209 0.005938
0.726841 0.172209 0.008314
0.647268 0.173397 0.004751
0.705463 0.173397 0.005938
0.622328 0.174584 0.005938
0.638955 0.174584 0.004751
0.659145 0.174584 0.008314
0.686461 0.174584 0.007126
0.694774 0.174584 0.005938
0.496437 0.175772 0.005938
0.532067 0.175772 0.007126
0.578385 0.175772 0.005938
0.590261 0.175772 0.008314
0.598575 0.175772 0.008314
0.630641 0.175772 0.004751
0.671021 0.175772 0.007126
0.413302 0.176960 0.008314
0.425178 0.176960 0.008314
0.467933 0.176960 0.008314
0.477435 0.176960 0.004751
0.504751 0.176960 0.007126
0.515439 0.176960 0.005938
0.523753 0.176960 0.005938
0.543943 0.176960 0.007126
0.555819 0.176960 0.007126
0.567696 0.176960 0.007126
0.433492 0.178147 0.004751
0.440618 0.178147 0.005938
0.450119 0.178147 0.004751
0.457245 0.178147 0.004751
0.486936 0.178147 0.005938
0.339667 0.179335 0.008314
0.350356 0.179335 0.005938
0.359857 0.179335 0.005938
0.371734 0.179335 0.007126
0.382423 0.179335 0.005938
0.391924 0.179335 0.005938
0.869359 0.179335 0.004751
0.880048 0.179335 0.007126
0.889549 0.179335 0.008314
0.186461 0.180523 0.008314
0.200713 0.180523 0.004751
0.236342 0.180523 0.004751
0.244656 0.180523 0.005938
0.263658 0.180523 0.008314
0.314727 0.180523 0.007126
0.325416 0.180523 0.008314
0.851544 0.180523 0.005938
0.193587 0.181710 0.004751
0.252969 0.181710 0.004751
0.280285 0.181710 0.007126
0.290974 0.181710 0.007126
0.304038 0.181710 0.007126
0.843230 0.181710 0.007126
0.136580 0.182898 0.004751
0.143705 0.182898 0.005938
0.153207 0.182898 0.004751
0.165083 0.182898 0.008314
0.176960 0.182898 0.004751
0.219715 0.182898 0.007126
0.832542 0.182898 0.004751
0.127078 0.184086 0.007126
0.799287 0.184086 0.013064
0.820665 0.184086 0.008314
0.808789 0.185273 0.008314
0.764846 0.187648 0.013064
0.504751 0.188836 0.004751
0.676960 0.188836 0.007126
0.692399 0.188836 0.008314
0.712589 0.188836 0.007126
0.722090 0.188836 0.008314
0.756532 0.188836 0.013064
0.579572 0.190024 0.004751
0.653207 0.190024 0.010689
0.661520 0.190024 0.004751
0.668646 0.190024 0.005938
0.700713 0.190024 0.005938
0.516627 0.191211 0.004751
0.527316 0.191211 0.004751
0.539192 0.191211 0.008314
0.548694 0.191211 0.005938
0.565321 0.191211 0.004751
0.571259 0.191211 0.010689
0.598575 0.191211 0.008314
0.636580 0.191211 0.008314
0.375297 0.192399 0.008314
0.389549 0.192399 0.008314
0.421615 0.192399 0.010689
0.496437 0.192399 0.005938
0.510689 0.192399 0.004751
0.557007 0.192399 0.004751
0.267221 0.193587 0.010689
0.364608 0.193587 0.004751
0.404988 0.193587 0.008314
0.427553 0.193587 0.004751
0.439430 0.193587 0.008314
0.450119 0.193587 0.005938
0.459620 0.193587 0.008314
0.471496 0.193587 0.004751
0.483373 0.193587 0.008314
0.286223 0.194774 0.008314
0.294537 0.194774 0.005938
0.302850 0.194774 0.004751
0.313539 0.194774 0.008314
0.326603 0.194774 0.005938
0.337292 0.194774 0.007126
0.346793 0.194774 0.005938
0.357482 0.194774 0.013064
0.127078 0.195962 0.007126
0.138955 0.195962 0.008314
0.213777 0.195962 0.004751
0.222090 0.195962 0.007126
0.235154 0.195962 0.004751
0.243468 0.195962 0.010689
0.148456 0.197150 0.007126
0.160333 0.197150 0.007126
0.168646 0.197150 0.007126
0.206651 0.198337 0.004751
0.195962 0.203088 0.016627
