0.679335 0.078385 0.004751
0.695962 0.078385 0.004751
0.619952 0.079572 0.005938
0.637767 0.079572 0.004751
0.648456 0.079572 0.007126
0.657957 0.079572 0.008314
0.671021 0.079572 0.005938
0.686461 0.079572 0.011876
0.749406 0.079572 0.005938
0.783848 0.079572 0.013064
0.805226 0.079572 0.009501
0.534442 0.080760 0.004751
0.542755 0.080760 0.005938
0.553444 0.080760 0.005938
0.580760 0.080760 0.007126
0.591449 0.080760 0.004751
0.599762 0.080760 0.004751
0.610451 0.080760 0.007126
0.630641 0.080760 0.008314
0.714964 0.080760 0.010689
0.730404 0.080760 0.013064
0.738717 0.080760 0.005938
0.764846 0.080760 0.013064
0.774347 0.080760 0.007126
0.790974 0.080760 0.005938
0.812352 0.080760 0.004751
0.831354 0.080760 0.005938
0.446556 0.081948 0.013064
0.486936 0.081948 0.005938
0.495249 0.081948 0.005938
0.503563 0.081948 0.004751
0.513064 0.081948 0.007126
0.523753 0.081948 0.007126
0.560570 0.081948 0.004751
0.570071 0.081948 0.007126
0.823040 0.081948 0.008314
0.842043 0.081948 0.005938
0.850356 0.081948 0.004751
0.857482 0.081948 0.004751
0.863420 0.081948 0.004751
0.454869 0.083135 0.005938
0.476247 0.083135 0.008314
0.880048 0.083135 0.007126
0.331354 0.084323 0.007126
0.366983 0.084323 0.008314
0.416865 0.084323 0.007126
0.427553 0.084323 0.007126
0.465558 0.084323 0.008314
0.340855 0.085511 0.008314
0.438242 0.085511 0.004751
0.276722 0.086698 0.008314
0.305226 0.086698 0.008314
0.315914 0.086698 0.004751
0.323040 0.086698 0.004751
0.292162 0.087886 0.009501
0.357482 0.087886 0.008314
0.156770 0.089074 0.008314
0.173397 0.089074 0.005938
0.190024 0.089074 0.004751
0.197150 0.089074 0.010689
0.207838 0.089074 0.008314
0.217340 0.089074 0.011876
0.244656 0.089074 0.007126
0.255344 0.089074 0.007126
0.263658 0.089074 0.008314
0.135392 0.090261 0.007126
0.143705 0.090261 0.010689
0.165083 0.090261 0.004751
0.180523 0.090261 0.011876
0.224466 0.090261 0.008314
0.233967 0.090261 0.005938
0.123515 0.092637 0.005938
0.627078 0.095012 0.007126
0.643705 0.095012 0.009501
0.685273 0.095012 0.008314
0.695962 0.095012 0.009501
0.808789 0.095012 0.007126
0.819477 0.095012 0.005938
0.828979 0.095012 0.007126
0.869359 0.095012 0.004751
0.884798 0.095012 0.009501
0.552257 0.096200 0.007126
0.573634 0.096200 0.007126
0.593824 0.096200 0.004751
0.657957 0.096200 0.004751
0.674584 0.096200 0.005938
0.705463 0.096200 0.007126
0.713777 0.096200 0.004751
0.749406 0.096200 0.005938
0.780285 0.096200 0.008314
0.787411 0.096200 0.004751
0.798100 0.096200 0.007126
0.840855 0.096200 0.008314
0.851544 0.096200 0.008314
0.862233 0.096200 0.004751
0.532067 0.097387 0.008314
0.542755 0.097387 0.005938
0.564133 0.097387 0.005938
0.603325 0.097387 0.007126
0.614014 0.097387 0.008314
0.724466 0.097387 0.008314
0.735154 0.097387 0.007126
0.758907 0.097387 0.007126
0.768409 0.097387 0.005938
0.476247 0.098575 0.007126
0.502375 0.098575 0.011876
0.520190 0.098575 0.004751
0.585511 0.098575 0.010689
0.425178 0.099762 0.008314
0.453682 0.099762 0.005938
0.461995 0.099762 0.011876
0.488124 0.099762 0.009501
0.510689 0.099762 0.005938
0.445368 0.100950 0.005938
0.276722 0.102138 0.004751
0.285036 0.102138 0.005938
0.298100 0.102138 0.007126
0.314727 0.102138 0.008314
0.325416 0.102138 0.007126
0.338480 0.102138 0.008314
0.370546 0.102138 0.005938
0.396675 0.102138 0.005938
0.435867 0.102138 0.005938
0.209026 0.103325 0.007126
0.268409 0.103325 0.005938
0.307601 0.103325 0.004751
0.351544 0.103325 0.007126
0.361045 0.103325 0.005938
0.381235 0.103325 0.005938
0.403800 0.103325 0.008314
0.414489 0.103325 0.004751
0.198337 0.104513 0.004751
0.238717 0.104513 0.004751
0.250594 0.104513 0.008314
0.258907 0.104513 0.005938
0.167458 0.105701 0.007126
0.178147 0.105701 0.005938
0.187648 0.105701 0.008314
0.219715 0.105701 0.007126
0.230404 0.105701 0.008314
0.134204 0.106888 0.007126
0.123515 0.108076 0.008314
0.146081 0.108076 0.005938
0.155582 0.108076 0.007126
0.863420 0.109264 0.007126
0.852732 0.110451 0.008314
0.650831 0.111639 0.005938
0.660333 0.111639 0.004751
0.669834 0.111639 0.005938
0.678147 0.111639 0.004751
0.688836 0.111639 0.007126
0.697150 0.111639 0.004751
0.793349 0.111639 0.009501
0.806413 0.111639 0.009501
0.825416 0.111639 0.004751
0.836105 0.111639 0.007126
0.843230 0.111639 0.004751
0.555819 0.112827 0.005938
0.619952 0.112827 0.007126
0.633017 0.112827 0.008314
0.643705 0.112827 0.004751
0.725653 0.112827 0.005938
0.737530 0.112827 0.007126
0.751781 0.112827 0.008314
0.762470 0.112827 0.008314
0.769596 0.112827 0.004751
0.779097 0.112827 0.004751
0.814727 0.112827 0.007126
0.543943 0.114014 0.008314
0.567696 0.114014 0.008314
0.576010 0.114014 0.010689
0.714964 0.114014 0.008314
0.353919 0.115202 0.008314
0.476247 0.115202 0.008314
0.497625 0.115202 0.008314
0.507126 0.115202 0.004751
0.528504 0.115202 0.010689
0.591449 0.115202 0.005938
0.602138 0.115202 0.008314
0.609264 0.115202 0.008314
0.295724 0.116390 0.005938
0.305226 0.116390 0.007126
0.317102 0.116390 0.007126
0.326603 0.116390 0.007126
0.362233 0.116390 0.007126
0.484561 0.116390 0.005938
0.282660 0.117577 0.008314
0.336105 0.117577 0.007126
0.345606 0.117577 0.005938
0.372922 0.117577 0.004751
0.387173 0.117577 0.005938
0.415677 0.117577 0.005938
0.463183 0.117577 0.005938
0.257720 0.118765 0.005938
0.266033 0.118765 0.005938
0.274347 0.118765 0.004751
0.397862 0.118765 0.005938
0.406176 0.118765 0.005938
0.452494 0.118765 0.008314
0.175772 0.119952 0.005938
0.212589 0.119952 0.004751
0.241093 0.119952 0.008314
0.249406 0.119952 0.007126
0.184086 0.121140 0.005938
0.193587 0.121140 0.004751
0.220903 0.121140 0.007126
0.124703 0.122328 0.007126
0.138955 0.122328 0.008314
0.150831 0.122328 0.008314
0.162708 0.122328 0.008314
0.849169 0.125891 0.004751
0.872922 0.125891 0.004751
0.636580 0.127078 0.005938
0.647268 0.127078 0.008314
0.654394 0.127078 0.007126
0.663895 0.127078 0.008314
0.782660 0.127078 0.005938
0.795724 0.127078 0.004751
0.806413 0.127078 0.007126
0.830166 0.127078 0.007126
0.839667 0.127078 0.007126
0.864608 0.127078 0.007126
0.618765 0.128266 0.008314
0.627078 0.128266 0.004751
0.763658 0.128266 0.004751
0.775534 0.128266 0.004751
0.819477 0.128266 0.008314
0.591449 0.129454 0.007126
0.603325 0.129454 0.008314
0.729216 0.129454 0.008314
0.742280 0.129454 0.008314
0.752969 0.129454 0.008314
0.558195 0.130641 0.010689
0.577197 0.130641 0.009501
0.712589 0.130641 0.008314
0.453682 0.131829 0.005938
0.485748 0.131829 0.008314
0.515439 0.131829 0.004751
0.539192 0.131829 0.008314
0.549881 0.131829 0.011876
0.385986 0.133017 0.008314
0.404988 0.133017 0.004751
0.425178 0.133017 0.008314
0.434679 0.133017 0.005938
0.444181 0.133017 0.007126
0.496437 0.133017 0.005938
0.504751 0.133017 0.007126
0.529691 0.133017 0.008314
0.223278 0.134204 0.008314
0.353919 0.134204 0.008314
0.363420 0.134204 0.007126
0.375297 0.134204 0.007126
0.396675 0.134204 0.011876
0.414489 0.134204 0.007126
0.210214 0.135392 0.008314
0.230404 0.135392 0.005938
0.242280 0.135392 0.008314
0.256532 0.135392 0.008314
0.266033 0.135392 0.005938
0.286223 0.135392 0.008314
0.345606 0.135392 0.011876
0.168646 0.136580 0.005938
0.178147 0.136580 0.008314
0.190024 0.136580 0.005938
0.199525 0.136580 0.005938
0.276722 0.136580 0.008314
0.135392 0.137767 0.008314
0.146081 0.137767 0.004751
0.157957 0.137767 0.008314
0.122328 0.140143 0.008314
0.862233 0.141330 0.004751
0.871734 0.141330 0.008314
0.815914 0.142518 0.007126
0.844418 0.142518 0.004751
0.777910 0.143705 0.011876
0.798100 0.143705 0.010689
0.805226 0.143705 0.009501
0.828979 0.143705 0.005938
0.837292 0.143705 0.004751
0.853919 0.143705 0.007126
0.631829 0.144893 0.008314
0.642518 0.144893 0.010689
0.649644 0.144893 0.004751
0.661520 0.144893 0.013064
0.750594 0.144893 0.005938
0.760095 0.144893 0.005938
0.768409 0.144893 0.005938
0.590261 0.146081 0.008314
0.612827 0.146081 0.011876
0.621140 0.146081 0.004751
0.711401 0.146081 0.007126
0.730404 0.146081 0.005938
0.739905 0.146081 0.008314
0.561758 0.147268 0.013064
0.579572 0.147268 0.008314
0.600950 0.147268 0.008314
0.719715 0.147268 0.013064
0.552257 0.148456 0.005938
0.567696 0.148456 0.010689
0.447743 0.149644 0.005938
0.458432 0.149644 0.008314
0.466746 0.149644 0.005938
0.476247 0.149644 0.008314
0.486936 0.149644 0.005938
0.497625 0.149644 0.007126
0.507126 0.149644 0.004751
0.515439 0.149644 0.010689
0.529691 0.149644 0.008314
0.232779 0.150831 0.008314
0.248219 0.150831 0.008314
0.339667 0.150831 0.008314
0.403800 0.150831 0.004751
0.410926 0.150831 0.004751
0.431116 0.150831 0.013064
0.438242 0.150831 0.013064
0.541568 0.150831 0.008314
0.187648 0.152019 0.004751
0.193587 0.152019 0.009501
0.258907 0.152019 0.005938
0.277910 0.152019 0.004751
0.285036 0.152019 0.011876
0.349169 0.152019 0.004751
0.356295 0.152019 0.013064
0.365796 0.152019 0.007126
0.375297 0.152019 0.004751
0.384798 0.152019 0.005938
0.394299 0.152019 0.007126
0.420428 0.152019 0.007126
0.179335 0.153207 0.008314
0.216152 0.153207 0.008314
0.223278 0.153207 0.005938
0.268409 0.153207 0.008314
0.162708 0.154394 0.008314
0.205463 0.154394 0.008314
0.135392 0.155582 0.005938
0.144893 0.155582 0.005938
0.153207 0.155582 0.005938
0.124703 0.156770 0.008314
0.875297 0.156770 0.008314
0.865796 0.157957 0.008314
0.881235 0.157957 0.004751
0.888361 0.157957 0.010689
0.843230 0.159145 0.008314
0.850356 0.159145 0.004751
0.857482 0.159145 0.004751
0.795724 0.160333 0.004751
0.802850 0.160333 0.004751
0.821853 0.160333 0.007126
0.831354 0.160333 0.007126
0.758907 0.161520 0.008314
0.770784 0.161520 0.007126
0.812352 0.161520 0.007126
0.725653 0.162708 0.005938
0.743468 0.162708 0.005938
0.751781 0.162708 0.004751
0.786223 0.162708 0.011876
0.635392 0.163895 0.005938
0.643705 0.163895 0.005938
0.653207 0.163895 0.004751
0.716152 0.163895 0.008314
0.733967 0.163895 0.011876
0.602138 0.165083 0.004751
0.611639 0.165083 0.005938
0.624703 0.165083 0.008314
0.515439 0.166271 0.008314
0.576010 0.166271 0.010689
0.592637 0.166271 0.008314
0.235154 0.167458 0.005938
0.264846 0.167458 0.004751
0.473872 0.167458 0.007126
0.483373 0.167458 0.008314
0.527316 0.167458 0.007126
0.548694 0.167458 0.007126
0.560570 0.167458 0.008314
0.350356 0.168646 0.009501
0.460808 0.168646 0.008314
0.494062 0.168646 0.005938
0.538005 0.168646 0.007126
0.203088 0.169834 0.008314
0.212589 0.169834 0.004751
0.220903 0.169834 0.007126
0.244656 0.169834 0.004751
0.254157 0.169834 0.008314
0.388361 0.169834 0.008314
0.416865 0.169834 0.007126
0.428741 0.169834 0.004751
0.440618 0.169834 0.007126
0.450119 0.169834 0.005938
0.121140 0.171021 0.007126
0.190024 0.171021 0.007126
0.399050 0.171021 0.007126
0.408551 0.171021 0.004751
0.160333 0.172209 0.011876
0.169834 0.172209 0.007126
0.179335 0.172209 0.007126
0.146081 0.173397 0.005938
0.509501 0.173397 0.010689
0.133017 0.174584 0.008314
0.858670 0.174584 0.008314
0.877672 0.174584 0.005938
0.887173 0.174584 0.004751
0.827791 0.175772 0.007126
0.838480 0.175772 0.007126
0.846793 0.175772 0.004751
0.869359 0.175772 0.008314
0.894299 0.175772 0.004751
0.230404 0.176960 0.004751
0.815914 0.176960 0.005938
0.761283 0.178147 0.004751
0.785036 0.178147 0.004751
0.796912 0.178147 0.007126
0.806413 0.178147 0.005938
0.751781 0.179335 0.008314
0.776722 0.179335 0.011876
0.718527 0.180523 0.008314
0.729216 0.180523 0.004751
0.736342 0.180523 0.004751
0.743468 0.180523 0.004751
0.597387 0.181710 0.008314
0.610451 0.181710 0.010689
0.628266 0.181710 0.007126
0.637767 0.181710 0.004751
0.644893 0.181710 0.010689
0.661520 0.181710 0.010689
0.667458 0.181710 0.010689
0.701900 0.181710 0.005938
0.711401 0.181710 0.004751
0.339667 0.184086 0.005938
0.331354 0.185273 0.011876
0.347981 0.185273 0.004751
0.414489 0.185273 0.008314
0.433492 0.185273 0.008314
0.445368 0.185273 0.008314
0.456057 0.185273 0.004751
0.520190 0.185273 0.004751
0.564133 0.185273 0.007126
0.583135 0.185273 0.008314
0.260095 0.186461 0.004751
0.267221 0.186461 0.004751
0.275534 0.186461 0.005938
0.285036 0.186461 0.008314
0.423990 0.186461 0.005938
0.507126 0.186461 0.008314
0.529691 0.186461 0.005938
0.540380 0.186461 0.005938
0.549881 0.186461 0.008314
0.251781 0.187648 0.004751
0.368171 0.187648 0.008314
0.376485 0.187648 0.005938
0.385986 0.187648 0.007126
0.397862 0.187648 0.009501
0.466746 0.187648 0.008314
0.477435 0.187648 0.008314
0.495249 0.187648 0.007126
0.184086 0.188836 0.004751
0.192399 0.188836 0.005938
0.203088 0.188836 0.005938
0.211401 0.188836 0.005938
0.242280 0.188836 0.007126
0.485748 0.188836 0.007126
0.138955 0.190024 0.005938
0.148456 0.190024 0.004751
0.156770 0.190024 0.004751
0.165083 0.190024 0.004751
0.219715 0.190024 0.004751
0.130641 0.191211 0.007126
0.229216 0.191211 0.005938
0.876485 0.191211 0.004751
0.883610 0.191211 0.004751
0.891924 0.191211 0.004751
0.858670 0.192399 0.007126
0.869359 0.192399 0.005938
0.838480 0.193587 0.005938
0.847981 0.193587 0.007126
0.790974 0.194774 0.005938
0.800475 0.194774 0.004751
0.812352 0.194774 0.008314
0.821853 0.194774 0.005938
0.663895 0.195962 0.008314
0.738717 0.195962 0.007126
0.751781 0.195962 0.008314
0.763658 0.195962 0.005938
0.771971 0.195962 0.005938
0.781473 0.195962 0.005938
0.635392 0.197150 0.004751
0.644893 0.197150 0.011876
0.652019 0.197150 0.004751
0.672209 0.197150 0.004751
0.697150 0.197150 0.008314
0.720903 0.197150 0.005938
0.729216 0.197150 0.007126
0.603325 0.198337 0.004751
0.627078 0.198337 0.005938
0.712589 0.198337 0.004751
0.572447 0.199525 0.007126
0.585511 0.199525 0.008314
0.595012 0.199525 0.005938
0.615202 0.199525 0.008314
0.332542 0.200713 0.005938
0.340855 0.200713 0.010689
0.529691 0.200713 0.004751
0.536817 0.200713 0.004751
0.548694 0.200713 0.008314
0.560570 0.200713 0.007126
0.301663 0.201900 0.004751
0.308789 0.201900 0.011876
0.323040 0.201900 0.007126
0.353919 0.201900 0.005938
0.456057 0.201900 0.004751
0.520190 0.201900 0.007126
0.199525 0.203088 0.007126
0.292162 0.203088 0.007126
0.363420 0.203088 0.005938
0.371734 0.203088 0.008314
0.382423 0.203088 0.007126
0.391924 0.203088 0.008314
0.445368 0.203088 0.008314
0.466746 0.203088 0.007126
0.477435 0.203088 0.005938
0.488124 0.203088 0.004751
0.497625 0.203088 0.007126
0.510689 0.203088 0.005938
0.178147 0.204276 0.008314
0.190024 0.204276 0.008314
0.211401 0.204276 0.008314
0.262470 0.204276 0.007126
0.404988 0.204276 0.008314
0.418052 0.204276 0.004751
0.425178 0.204276 0.011876
0.117577 0.205463 0.008314
0.157957 0.205463 0.005938
0.224466 0.205463 0.004751
0.273159 0.205463 0.008314
0.281473 0.205463 0.007126
0.871734 0.205463 0.007126
0.881235 0.205463 0.007126
0.891924 0.205463 0.007126
0.129454 0.206651 0.007126
0.141330 0.206651 0.008314
0.149644 0.206651 0.004751
0.167458 0.206651 0.004751
0.248219 0.206651 0.008314
0.826603 0.206651 0.007126
0.838480 0.206651 0.008314
0.861045 0.206651 0.005938
0.235154 0.207838 0.008314
0.851544 0.207838 0.005938
0.748219 0.209026 0.007126
0.800475 0.209026 0.004751
0.814727 0.209026 0.007126
0.762470 0.210214 0.008314
0.775534 0.210214 0.008314
0.789786 0.210214 0.008314
0.806413 0.210214 0.011876
0.712589 0.211401 0.008314
0.726841 0.211401 0.008314
0.737530 0.211401 0.008314
0.621140 0.212589 0.008314
0.633017 0.212589 0.005938
0.641330 0.212589 0.007126
0.653207 0.212589 0.005938
0.663895 0.212589 0.007126
0.673397 0.212589 0.007126
0.684086 0.212589 0.008314
0.700713 0.212589 0.008314
0.599762 0.213777 0.004751
0.608076 0.213777 0.007126
0.558195 0.214964 0.007126
0.570071 0.214964 0.008314
0.578385 0.214964 0.007126
0.590261 0.214964 0.007126
0.520190 0.216152 0.007126
0.173397 0.217340 0.007126
0.458432 0.217340 0.010689
0.480998 0.217340 0.008314
0.486936 0.217340 0.008314
0.497625 0.217340 0.007126
0.508314 0.217340 0.007126
0.546318 0.217340 0.008314
0.134204 0.218527 0.005938
0.355107 0.218527 0.008314
0.368171 0.218527 0.005938
0.428741 0.218527 0.004751
0.434679 0.218527 0.008314
0.444181 0.218527 0.005938
0.467933 0.218527 0.008314
0.534442 0.218527 0.007126
0.118765 0.219715 0.007126
0.127078 0.219715 0.004751
0.188836 0.219715 0.008314
0.199525 0.219715 0.005938
0.251781 0.219715 0.008314
0.257720 0.219715 0.004751
0.267221 0.219715 0.005938
0.292162 0.219715 0.007126
0.306413 0.219715 0.008314
0.342043 0.219715 0.008314
0.378860 0.219715 0.007126
0.389549 0.219715 0.004751
0.399050 0.219715 0.008314
0.418052 0.219715 0.008314
0.142518 0.220903 0.004751
0.162708 0.220903 0.005938
0.210214 0.220903 0.005938
0.220903 0.220903 0.007126
0.238717 0.220903 0.005938
0.276722 0.220903 0.008314
0.320665 0.220903 0.011876
0.330166 0.220903 0.005938
0.150831 0.222090 0.005938
0.231591 0.222090 0.003563
0.853919 0.222090 0.004751
0.864608 0.222090 0.007126
0.876485 0.222090 0.008314
0.888361 0.222090 0.011876
0.821853 0.223278 0.008314
0.833729 0.223278 0.008314
0.844418 0.223278 0.007126
0.806413 0.224466 0.008314
0.752969 0.225653 0.008314
0.764846 0.225653 0.008314
0.792162 0.225653 0.008314
0.633017 0.226841 0.007126
0.655582 0.226841 0.004751
0.663895 0.226841 0.005938
0.686461 0.226841 0.008314
0.738717 0.226841 0.008314
0.779097 0.226841 0.009501
0.623515 0.228029 0.007126
0.646081 0.228029 0.008314
0.673397 0.228029 0.013064
0.680523 0.228029 0.004751
0.700713 0.228029 0.008314
0.712589 0.228029 0.008314
0.725653 0.228029 0.008314
0.508314 0.229216 0.008314
0.587886 0.229216 0.007126
0.165083 0.230404 0.007126
0.210214 0.230404 0.007126
0.516627 0.230404 0.008314
0.559382 0.230404 0.008314
0.568884 0.230404 0.005938
0.578385 0.230404 0.007126
0.597387 0.230404 0.007126
0.611639 0.230404 0.008314
0.118765 0.231591 0.008314
0.133017 0.231591 0.007126
0.153207 0.231591 0.007126
0.175772 0.231591 0.007126
0.187648 0.231591 0.007126
0.199525 0.231591 0.008314
0.230404 0.231591 0.008314
0.305226 0.231591 0.008314
0.463183 0.231591 0.008314
0.473872 0.231591 0.004751
0.483373 0.231591 0.008314
0.496437 0.231591 0.008314
0.532067 0.231591 0.008314
0.543943 0.231591 0.008314
0.141330 0.232779 0.007126
0.219715 0.232779 0.007126
0.243468 0.232779 0.008314
0.292162 0.232779 0.005938
0.364608 0.232779 0.007126
0.378860 0.232779 0.008314
0.399050 0.232779 0.005938
0.416865 0.232779 0.005938
0.426366 0.232779 0.007126
0.434679 0.232779 0.008314
0.448931 0.232779 0.008314
0.251781 0.233967 0.011876
0.339667 0.233967 0.004751
0.388361 0.233967 0.007126
0.407363 0.233967 0.013064
0.266033 0.235154 0.008314
0.328979 0.235154 0.008314
0.346793 0.235154 0.011876
