0.709026 0.077197 0.008314
0.695962 0.078385 0.005938
0.717340 0.078385 0.010689
0.731591 0.078385 0.005938
0.760095 0.078385 0.008314
0.768409 0.078385 0.004751
0.813539 0.078385 0.008314
0.825416 0.078385 0.005938
0.738717 0.079572 0.013064
0.748219 0.079572 0.005938
0.776722 0.079572 0.004751
0.804038 0.079572 0.005938
0.502375 0.080760 0.007126
0.541568 0.080760 0.004751
0.549881 0.080760 0.005938
0.578385 0.080760 0.004751
0.586698 0.080760 0.004751
0.595012 0.080760 0.005938
0.604513 0.080760 0.008314
0.615202 0.080760 0.004751
0.631829 0.080760 0.004751
0.643705 0.080760 0.008314
0.654394 0.080760 0.005938
0.663895 0.080760 0.007126
0.685273 0.080760 0.005938
0.844418 0.080760 0.004751
0.852732 0.080760 0.004751
0.859857 0.080760 0.004751
0.868171 0.080760 0.005938
0.476247 0.081948 0.005938
0.484561 0.081948 0.004751
0.523753 0.081948 0.008314
0.558195 0.081948 0.008314
0.571259 0.081948 0.010689
0.675772 0.081948 0.008314
0.834917 0.081948 0.007126
0.877672 0.081948 0.008314
0.394299 0.083135 0.008314
0.447743 0.083135 0.005938
0.457245 0.083135 0.008314
0.467933 0.083135 0.005938
0.513064 0.083135 0.008314
0.384798 0.084323 0.005938
0.403800 0.084323 0.004751
0.426366 0.084323 0.007126
0.437055 0.084323 0.008314
0.319477 0.085511 0.005938
0.356295 0.085511 0.013064
0.363420 0.085511 0.013064
0.375297 0.085511 0.005938
0.293349 0.086698 0.005938
0.301663 0.086698 0.004751
0.309976 0.086698 0.005938
0.327791 0.086698 0.004751
0.344418 0.086698 0.007126
0.258907 0.087886 0.010689
0.266033 0.087886 0.004751
0.273159 0.087886 0.004751
0.282660 0.087886 0.005938
0.220903 0.089074 0.011876
0.232779 0.089074 0.004751
0.249406 0.089074 0.004751
0.185273 0.090261 0.004751
0.193587 0.090261 0.005938
0.204276 0.090261 0.008314
0.212589 0.090261 0.004751
0.239905 0.090261 0.010689
0.787411 0.091449 0.007126
0.125891 0.092637 0.008314
0.141330 0.092637 0.008314
0.152019 0.092637 0.007126
0.162708 0.092637 0.008314
0.752969 0.092637 0.004751
0.762470 0.092637 0.005938
0.770784 0.092637 0.004751
0.796912 0.092637 0.005938
0.805226 0.092637 0.004751
0.666271 0.093824 0.005938
0.699525 0.093824 0.010689
0.735154 0.093824 0.004751
0.744656 0.093824 0.005938
0.818290 0.093824 0.008314
0.828979 0.093824 0.005938
0.609264 0.095012 0.004751
0.714964 0.095012 0.008314
0.726841 0.095012 0.008314
0.837292 0.095012 0.005938
0.845606 0.095012 0.005938
0.852732 0.095012 0.004751
0.552257 0.096200 0.007126
0.599762 0.096200 0.005938
0.617577 0.096200 0.005938
0.640143 0.096200 0.009501
0.647268 0.096200 0.005938
0.655582 0.096200 0.005938
0.676960 0.096200 0.005938
0.686461 0.096200 0.008314
0.862233 0.096200 0.007126
0.870546 0.096200 0.004751
0.877672 0.096200 0.004751
0.519002 0.097387 0.007126
0.529691 0.097387 0.004751
0.539192 0.097387 0.007126
0.562945 0.097387 0.005938
0.627078 0.097387 0.005938
0.475059 0.098575 0.007126
0.486936 0.098575 0.007126
0.497625 0.098575 0.008314
0.508314 0.098575 0.007126
0.590261 0.098575 0.007126
0.389549 0.099762 0.007126
0.413302 0.099762 0.007126
0.453682 0.099762 0.004751
0.464371 0.099762 0.007126
0.577197 0.099762 0.008314
0.340855 0.100950 0.004751
0.381235 0.100950 0.005938
0.401425 0.100950 0.008314
0.425178 0.100950 0.005938
0.444181 0.100950 0.005938
0.286223 0.102138 0.007126
0.325416 0.102138 0.004751
0.332542 0.102138 0.004751
0.350356 0.102138 0.008314
0.361045 0.102138 0.007126
0.372922 0.102138 0.005938
0.434679 0.102138 0.005938
0.255344 0.103325 0.005938
0.263658 0.103325 0.007126
0.275534 0.103325 0.008314
0.294537 0.103325 0.004751
0.304038 0.103325 0.005938
0.184086 0.104513 0.004751
0.190024 0.104513 0.004751
0.209026 0.104513 0.008314
0.220903 0.104513 0.004751
0.226841 0.104513 0.008314
0.236342 0.104513 0.005938
0.247031 0.104513 0.005938
0.314727 0.104513 0.007126
0.173397 0.105701 0.007126
0.197150 0.105701 0.005938
0.141330 0.106888 0.004751
0.165083 0.106888 0.005938
0.767221 0.106888 0.004751
0.773159 0.106888 0.004751
0.124703 0.108076 0.008314
0.150831 0.108076 0.008314
0.760095 0.108076 0.008314
0.781473 0.108076 0.008314
0.792162 0.108076 0.007126
0.802850 0.108076 0.005938
0.720903 0.109264 0.005938
0.731591 0.109264 0.008314
0.812352 0.109264 0.007126
0.821853 0.109264 0.007126
0.840855 0.109264 0.004751
0.676960 0.110451 0.007126
0.709026 0.110451 0.007126
0.747031 0.110451 0.008314
0.832542 0.110451 0.007126
0.858670 0.110451 0.008314
0.870546 0.110451 0.008314
0.881235 0.110451 0.008314
0.606888 0.111639 0.008314
0.646081 0.111639 0.010689
0.698337 0.111639 0.005938
0.622328 0.112827 0.007126
0.631829 0.112827 0.004751
0.659145 0.112827 0.004751
0.688836 0.112827 0.008314
0.530879 0.114014 0.004751
0.570071 0.114014 0.004751
0.578385 0.114014 0.004751
0.586698 0.114014 0.005938
0.595012 0.114014 0.007126
0.428741 0.115202 0.004751
0.451306 0.115202 0.004751
0.463183 0.115202 0.007126
0.473872 0.115202 0.011876
0.491686 0.115202 0.007126
0.502375 0.115202 0.007126
0.513064 0.115202 0.005938
0.522565 0.115202 0.013064
0.539192 0.115202 0.007126
0.549881 0.115202 0.007126
0.560570 0.115202 0.005938
0.324228 0.116390 0.008314
0.343230 0.116390 0.004751
0.404988 0.116390 0.009501
0.420428 0.116390 0.008314
0.439430 0.116390 0.008314
0.479810 0.116390 0.010689
0.152019 0.117577 0.008314
0.270784 0.117577 0.007126
0.289786 0.117577 0.011876
0.298100 0.117577 0.004751
0.306413 0.117577 0.005938
0.315914 0.117577 0.004751
0.334917 0.117577 0.008314
0.350356 0.117577 0.004751
0.359857 0.117577 0.008314
0.372922 0.117577 0.008314
0.390736 0.117577 0.009501
0.192399 0.118765 0.005938
0.203088 0.118765 0.009501
0.239905 0.118765 0.007126
0.258907 0.118765 0.008314
0.280285 0.118765 0.004751
0.176960 0.119952 0.004751
0.218527 0.119952 0.007126
0.229216 0.119952 0.007126
0.249406 0.119952 0.005938
0.161520 0.121140 0.005938
0.169834 0.121140 0.004751
0.850356 0.123515 0.008314
0.857482 0.123515 0.004751
0.863420 0.123515 0.004751
0.789786 0.124703 0.008314
0.799287 0.124703 0.005938
0.807601 0.124703 0.007126
0.818290 0.124703 0.007126
0.838480 0.124703 0.005938
0.870546 0.124703 0.004751
0.880048 0.124703 0.005938
0.887173 0.124703 0.008314
0.774347 0.125891 0.004751
0.781473 0.125891 0.004751
0.828979 0.125891 0.005938
0.584323 0.127078 0.005938
0.736342 0.127078 0.004751
0.749406 0.127078 0.008314
0.764846 0.127078 0.008314
0.642518 0.128266 0.008314
0.707838 0.128266 0.008314
0.719715 0.128266 0.008314
0.729216 0.128266 0.004751
0.595012 0.129454 0.008314
0.654394 0.129454 0.005938
0.662708 0.129454 0.013064
0.608076 0.130641 0.007126
0.546318 0.131829 0.008314
0.557007 0.131829 0.008314
0.622328 0.131829 0.008314
0.630641 0.131829 0.005938
0.456057 0.133017 0.008314
0.514252 0.133017 0.004751
0.522565 0.133017 0.011876
0.534442 0.133017 0.005938
0.568884 0.133017 0.008314
0.248219 0.134204 0.008314
0.467933 0.134204 0.007126
0.477435 0.134204 0.005938
0.486936 0.134204 0.007126
0.497625 0.134204 0.005938
0.507126 0.134204 0.011876
0.195962 0.135392 0.008314
0.214964 0.135392 0.004751
0.237530 0.135392 0.007126
0.351544 0.135392 0.005938
0.361045 0.135392 0.005938
0.371734 0.135392 0.005938
0.382423 0.135392 0.008314
0.395487 0.135392 0.008314
0.407363 0.135392 0.010689
0.422803 0.135392 0.008314
0.434679 0.135392 0.008314
0.446556 0.135392 0.008314
0.172209 0.136580 0.008314
0.207838 0.136580 0.004751
0.339667 0.136580 0.015439
0.885986 0.137767 0.008314
0.123515 0.138955 0.008314
0.157957 0.138955 0.011876
0.875297 0.138955 0.004751
0.136580 0.140143 0.005938
0.855107 0.140143 0.007126
0.868171 0.140143 0.008314
0.827791 0.141330 0.008314
0.842043 0.141330 0.008314
0.805226 0.142518 0.007126
0.815914 0.142518 0.005938
0.735154 0.143705 0.008314
0.786223 0.143705 0.007126
0.795724 0.143705 0.005938
0.723278 0.144893 0.008314
0.743468 0.144893 0.005938
0.754157 0.144893 0.005938
0.774347 0.144893 0.008314
0.713777 0.146081 0.007126
0.762470 0.146081 0.004751
0.644893 0.147268 0.008314
0.653207 0.147268 0.004751
0.604513 0.148456 0.011876
0.622328 0.148456 0.008314
0.634204 0.148456 0.004751
0.472684 0.149644 0.005938
0.488124 0.149644 0.007126
0.498812 0.149644 0.008314
0.540380 0.149644 0.008314
0.551069 0.149644 0.008314
0.589074 0.149644 0.008314
0.510689 0.150831 0.010689
0.517815 0.150831 0.011876
0.527316 0.150831 0.008314
0.567696 0.150831 0.008314
0.258907 0.152019 0.007126
0.269596 0.152019 0.004751
0.277910 0.152019 0.013064
0.400238 0.152019 0.010689
0.439430 0.152019 0.008314
0.448931 0.152019 0.004751
0.457245 0.152019 0.011876
0.579572 0.152019 0.007126
0.237530 0.153207 0.007126
0.248219 0.153207 0.007126
0.380048 0.153207 0.008314
0.427553 0.153207 0.005938
0.197150 0.154394 0.007126
0.207838 0.154394 0.008314
0.217340 0.154394 0.008314
0.363420 0.154394 0.008314
0.174584 0.155582 0.007126
0.184086 0.155582 0.007126
0.861045 0.156770 0.010689
0.869359 0.156770 0.004751
0.876485 0.156770 0.009501
0.882423 0.156770 0.004751
0.154394 0.157957 0.008314
0.846793 0.157957 0.007126
0.123515 0.159145 0.008314
0.135392 0.159145 0.005938
0.143705 0.159145 0.008314
0.802850 0.159145 0.007126
0.820665 0.159145 0.004751
0.838480 0.159145 0.004751
0.748219 0.160333 0.005938
0.761283 0.160333 0.008314
0.770784 0.160333 0.007126
0.813539 0.160333 0.011876
0.828979 0.160333 0.011876
0.732779 0.161520 0.011876
0.741093 0.161520 0.005938
0.780285 0.161520 0.004751
0.789786 0.161520 0.008314
0.650831 0.165083 0.008314
0.543943 0.166271 0.011876
0.641330 0.166271 0.007126
0.484561 0.167458 0.005938
0.494062 0.167458 0.008314
0.553444 0.167458 0.014252
0.574822 0.167458 0.009501
0.375297 0.168646 0.010689
0.410926 0.168646 0.007126
0.473872 0.168646 0.007126
0.508314 0.168646 0.008314
0.517815 0.168646 0.008314
0.528504 0.168646 0.008314
0.561758 0.168646 0.009501
0.611639 0.168646 0.009501
0.423990 0.169834 0.008314
0.435867 0.169834 0.004751
0.444181 0.169834 0.004751
0.464371 0.169834 0.005938
0.243468 0.171021 0.005938
0.391924 0.171021 0.008314
0.401425 0.171021 0.005938
0.453682 0.171021 0.008314
0.182898 0.172209 0.007126
0.197150 0.172209 0.008314
0.209026 0.172209 0.005938
0.218527 0.172209 0.004751
0.251781 0.172209 0.004751
0.883610 0.172209 0.009501
0.123515 0.173397 0.007126
0.174584 0.173397 0.004751
0.865796 0.173397 0.010689
0.872922 0.173397 0.004751
0.134204 0.174584 0.007126
0.154394 0.174584 0.008314
0.852732 0.174584 0.007126
0.144893 0.175772 0.005938
0.840855 0.175772 0.008314
0.809976 0.176960 0.007126
0.821853 0.176960 0.008314
0.830166 0.176960 0.004751
0.767221 0.178147 0.007126
0.777910 0.178147 0.008314
0.788599 0.178147 0.007126
0.799287 0.178147 0.005938
0.726841 0.179335 0.007126
0.737530 0.179335 0.008314
0.747031 0.179335 0.007126
0.756532 0.179335 0.005938
0.714964 0.180523 0.007126
0.705463 0.181710 0.007126
0.641330 0.182898 0.008314
0.663895 0.182898 0.008314
0.630641 0.184086 0.008314
0.653207 0.184086 0.008314
0.609264 0.185273 0.008314
0.619952 0.185273 0.008314
0.592637 0.186461 0.004751
0.279097 0.187648 0.013064
0.420428 0.187648 0.008314
0.534442 0.187648 0.007126
0.576010 0.187648 0.007126
0.585511 0.187648 0.004751
0.263658 0.188836 0.004751
0.270784 0.188836 0.004751
0.380048 0.188836 0.007126
0.389549 0.188836 0.007126
0.400238 0.188836 0.007126
0.433492 0.188836 0.007126
0.444181 0.188836 0.005938
0.451306 0.188836 0.004751
0.479810 0.188836 0.009501
0.494062 0.188836 0.008314
0.503563 0.188836 0.005938
0.517815 0.188836 0.010689
0.542755 0.188836 0.008314
0.553444 0.188836 0.007126
0.565321 0.188836 0.008314
0.181710 0.190024 0.004751
0.187648 0.190024 0.004751
0.195962 0.190024 0.010689
0.210214 0.190024 0.007126
0.224466 0.190024 0.007126
0.235154 0.190024 0.007126
0.248219 0.190024 0.010689
0.255344 0.190024 0.004751
0.288599 0.190024 0.008314
0.331354 0.190024 0.009501
0.368171 0.190024 0.008314
0.409739 0.190024 0.005938
0.463183 0.190024 0.008314
0.119952 0.191211 0.005938
0.129454 0.191211 0.004751
0.146081 0.191211 0.005938
0.154394 0.191211 0.005938
0.163895 0.191211 0.005938
0.174584 0.191211 0.005938
0.345606 0.191211 0.008314
0.356295 0.191211 0.008314
0.136580 0.192399 0.005938
0.885986 0.192399 0.004751
0.893112 0.192399 0.010689
0.864608 0.193587 0.004751
0.872922 0.193587 0.004751
0.880048 0.193587 0.004751
0.818290 0.194774 0.007126
0.846793 0.194774 0.008314
0.856295 0.194774 0.007126
0.761283 0.195962 0.008314
0.804038 0.195962 0.010689
0.826603 0.195962 0.005938
0.834917 0.195962 0.013064
0.779097 0.197150 0.008314
0.792162 0.197150 0.008314
0.750594 0.198337 0.008314
0.738717 0.199525 0.008314
0.713777 0.200713 0.007126
0.726841 0.200713 0.008314
0.635392 0.203088 0.007126
0.646081 0.203088 0.008314
0.657957 0.203088 0.008314
0.669834 0.203088 0.008314
0.679335 0.203088 0.004751
0.685273 0.203088 0.009501
0.695962 0.203088 0.008314
0.602138 0.204276 0.008314
0.614014 0.204276 0.007126
0.624703 0.204276 0.007126
0.203088 0.205463 0.008314
0.212589 0.205463 0.008314
0.505938 0.205463 0.008314
0.517815 0.205463 0.005938
0.583135 0.205463 0.013064
0.591449 0.205463 0.008314
0.238717 0.206651 0.004751
0.266033 0.206651 0.007126
0.280285 0.206651 0.010689
0.296912 0.206651 0.010689
0.311164 0.206651 0.008314
0.447743 0.206651 0.011876
0.527316 0.206651 0.005938
0.536817 0.206651 0.008314
0.545131 0.206651 0.005938
0.558195 0.206651 0.008314
0.571259 0.206651 0.008314
0.140143 0.207838 0.011876
0.168646 0.207838 0.007126
0.222090 0.207838 0.004751
0.245843 0.207838 0.004751
0.255344 0.207838 0.005938
0.323040 0.207838 0.007126
0.420428 0.207838 0.008314
0.467933 0.207838 0.011876
0.476247 0.207838 0.008314
0.491686 0.207838 0.008314
0.146081 0.209026 0.011876
0.344418 0.209026 0.008314
0.370546 0.209026 0.007126
0.393112 0.209026 0.009501
0.408551 0.209026 0.009501
0.428741 0.209026 0.011876
0.331354 0.210214 0.010689
0.358670 0.210214 0.008314
0.381235 0.210214 0.005938
0.880048 0.213777 0.015439
0.844418 0.216152 0.004751
0.852732 0.216152 0.011876
0.861045 0.216152 0.004751
0.869359 0.216152 0.014252
0.837292 0.217340 0.004751
0.819477 0.218527 0.008314
0.828979 0.218527 0.005938
0.771971 0.219715 0.007126
0.799287 0.219715 0.008314
0.716152 0.220903 0.007126
0.729216 0.220903 0.007126
0.751781 0.220903 0.008314
0.762470 0.220903 0.008314
0.786223 0.220903 0.010689
0.705463 0.222090 0.008314
0.741093 0.222090 0.008314
0.671021 0.223278 0.010689
0.676960 0.223278 0.004751
0.688836 0.223278 0.004751
0.605701 0.224466 0.011876
0.614014 0.224466 0.004751
0.629454 0.224466 0.008314
0.641330 0.224466 0.008314
0.660333 0.224466 0.008314
0.555819 0.225653 0.008314
0.571259 0.225653 0.013064
0.580760 0.225653 0.008314
0.592637 0.225653 0.008314
0.263658 0.226841 0.005938
0.280285 0.226841 0.005938
0.471496 0.226841 0.007126
0.482185 0.226841 0.007126
0.491686 0.226841 0.005938
0.545131 0.226841 0.005938
0.165083 0.228029 0.008314
0.213777 0.228029 0.013064
0.220903 0.228029 0.004751
0.289786 0.228029 0.013064
0.340855 0.228029 0.008314
0.459620 0.228029 0.008314
0.503563 0.228029 0.010689
0.534442 0.228029 0.008314
0.296912 0.229216 0.004751
0.312352 0.229216 0.015439
0.324228 0.229216 0.013064
0.331354 0.229216 0.005938
0.353919 0.229216 0.007126
0.364608 0.229216 0.008314
0.376485 0.229216 0.008314
0.387173 0.229216 0.005938
0.400238 0.229216 0.008314
0.426366 0.229216 0.005938
0.435867 0.229216 0.008314
0.446556 0.229216 0.007126
0.520190 0.229216 0.008314
0.305226 0.230404 0.004751
0.415677 0.230404 0.008314
