0.695962 0.076010 0.007126
0.771971 0.076010 0.007126
0.782660 0.076010 0.004751
0.789786 0.076010 0.004751
0.800475 0.076010 0.007126
0.672209 0.077197 0.007126
0.682898 0.077197 0.007126
0.718527 0.077197 0.007126
0.729216 0.077197 0.007126
0.741093 0.077197 0.008314
0.752969 0.077197 0.008314
0.761283 0.077197 0.008314
0.809976 0.077197 0.005938
0.820665 0.077197 0.007126
0.831354 0.077197 0.005938
0.843230 0.077197 0.008314
0.863420 0.077197 0.008314
0.662708 0.078385 0.013064
0.707838 0.078385 0.008314
0.853919 0.078385 0.004751
0.635392 0.079572 0.007126
0.646081 0.079572 0.007126
0.655582 0.079572 0.004751
0.872922 0.079572 0.005938
0.606888 0.080760 0.004751
0.616390 0.080760 0.007126
0.625891 0.080760 0.007126
0.570071 0.081948 0.010689
0.597387 0.081948 0.008314
0.524941 0.083135 0.004751
0.541568 0.083135 0.005938
0.551069 0.083135 0.008314
0.561758 0.083135 0.005938
0.585511 0.083135 0.008314
0.489311 0.084323 0.005938
0.496437 0.084323 0.004751
0.505938 0.084323 0.004751
0.516627 0.084323 0.005938
0.451306 0.085511 0.013064
0.459620 0.085511 0.004751
0.469121 0.085511 0.005938
0.479810 0.085511 0.007126
0.428741 0.086698 0.007126
0.439430 0.086698 0.005938
0.420428 0.087886 0.004751
0.274347 0.091449 0.011876
0.790974 0.091449 0.007126
0.214964 0.092637 0.007126
0.235154 0.092637 0.014252
0.328979 0.092637 0.005938
0.513064 0.092637 0.004751
0.520190 0.092637 0.004751
0.749406 0.092637 0.003563
0.768409 0.092637 0.009501
0.781473 0.092637 0.008314
0.807601 0.092637 0.010689
0.837292 0.092637 0.007126
0.224466 0.093824 0.008314
0.826603 0.093824 0.010689
0.847981 0.093824 0.005938
0.857482 0.093824 0.007126
0.869359 0.093824 0.010689
0.181710 0.095012 0.008314
0.661520 0.095012 0.008314
0.679335 0.095012 0.004751
0.692399 0.095012 0.004751
0.733967 0.095012 0.008314
0.172209 0.096200 0.005938
0.195962 0.096200 0.008314
0.648456 0.096200 0.008314
0.671021 0.096200 0.005938
0.713777 0.096200 0.008314
0.725653 0.096200 0.005938
0.138955 0.097387 0.005938
0.149644 0.097387 0.005938
0.156770 0.097387 0.005938
0.592637 0.097387 0.004751
0.603325 0.097387 0.008314
0.616390 0.097387 0.007126
0.628266 0.097387 0.008314
0.637767 0.097387 0.007126
0.130641 0.098575 0.013064
0.163895 0.098575 0.013064
0.541568 0.098575 0.007126
0.552257 0.098575 0.005938
0.561758 0.098575 0.008314
0.571259 0.098575 0.007126
0.581948 0.098575 0.007126
0.532067 0.099762 0.005938
0.457245 0.102138 0.007126
0.467933 0.102138 0.005938
0.478622 0.102138 0.011876
0.486936 0.102138 0.004751
0.496437 0.102138 0.008314
0.509501 0.102138 0.007126
0.521378 0.102138 0.007126
0.437055 0.103325 0.004751
0.446556 0.103325 0.005938
0.420428 0.104513 0.004751
0.427553 0.104513 0.005938
0.410926 0.105701 0.005938
0.328979 0.106888 0.004751
0.349169 0.106888 0.013064
0.401425 0.106888 0.007126
0.299287 0.108076 0.008314
0.308789 0.108076 0.004751
0.317102 0.108076 0.010689
0.790974 0.108076 0.008314
0.832542 0.108076 0.009501
0.844418 0.108076 0.008314
0.855107 0.108076 0.008314
0.251781 0.109264 0.004751
0.262470 0.109264 0.008314
0.271971 0.109264 0.008314
0.283848 0.109264 0.008314
0.800475 0.109264 0.007126
0.811164 0.109264 0.004751
0.819477 0.109264 0.005938
0.226841 0.110451 0.007126
0.238717 0.110451 0.005938
0.766033 0.110451 0.008314
0.777910 0.110451 0.008314
0.187648 0.111639 0.007126
0.198337 0.111639 0.005938
0.205463 0.111639 0.008314
0.742280 0.111639 0.004751
0.757720 0.111639 0.004751
0.171021 0.112827 0.008314
0.179335 0.112827 0.004751
0.733967 0.112827 0.007126
0.140143 0.114014 0.004751
0.640143 0.114014 0.005938
0.648456 0.114014 0.004751
0.659145 0.114014 0.007126
0.669834 0.114014 0.005938
0.678147 0.114014 0.008314
0.690024 0.114014 0.007126
0.699525 0.114014 0.005938
0.707838 0.114014 0.005938
0.723278 0.114014 0.011876
0.131829 0.115202 0.011876
0.156770 0.115202 0.007126
0.571259 0.115202 0.005938
0.589074 0.115202 0.004751
0.602138 0.115202 0.008314
0.610451 0.115202 0.007126
0.621140 0.115202 0.005938
0.629454 0.115202 0.005938
0.529691 0.116390 0.007126
0.540380 0.116390 0.005938
0.549881 0.116390 0.007126
0.580760 0.116390 0.013064
0.520190 0.117577 0.007126
0.561758 0.117577 0.007126
0.498812 0.119952 0.007126
0.508314 0.119952 0.007126
0.467933 0.121140 0.008314
0.477435 0.121140 0.005938
0.434679 0.122328 0.007126
0.454869 0.122328 0.009501
0.486936 0.122328 0.008314
0.289786 0.123515 0.011876
0.323040 0.123515 0.004751
0.330166 0.123515 0.004751
0.423990 0.123515 0.005938
0.282660 0.124703 0.007126
0.342043 0.124703 0.007126
0.402613 0.124703 0.008314
0.414489 0.124703 0.007126
0.226841 0.125891 0.009501
0.242280 0.125891 0.008314
0.262470 0.125891 0.007126
0.270784 0.125891 0.008314
0.755344 0.125891 0.010689
0.762470 0.125891 0.004751
0.839667 0.125891 0.008314
0.859857 0.125891 0.004751
0.206651 0.127078 0.005938
0.214964 0.127078 0.005938
0.254157 0.127078 0.013064
0.773159 0.127078 0.004751
0.780285 0.127078 0.004751
0.788599 0.127078 0.004751
0.826603 0.127078 0.005938
0.194774 0.128266 0.008314
0.817102 0.128266 0.005938
0.181710 0.129454 0.008314
0.744656 0.129454 0.004751
0.808789 0.129454 0.005938
0.129454 0.130641 0.005938
0.167458 0.130641 0.008314
0.629454 0.130641 0.007126
0.671021 0.130641 0.009501
0.713777 0.130641 0.005938
0.736342 0.130641 0.007126
0.799287 0.130641 0.008314
0.152019 0.131829 0.009501
0.559382 0.131829 0.005938
0.615202 0.131829 0.008314
0.638955 0.131829 0.007126
0.657957 0.131829 0.004751
0.724466 0.131829 0.007126
0.138955 0.133017 0.008314
0.546318 0.133017 0.010689
0.570071 0.133017 0.007126
0.587886 0.133017 0.008314
0.599762 0.133017 0.009501
0.648456 0.133017 0.008314
0.535629 0.134204 0.008314
0.515439 0.135392 0.007126
0.526128 0.135392 0.005938
0.577197 0.135392 0.013064
0.466746 0.137767 0.008314
0.504751 0.137767 0.010689
0.389549 0.138955 0.008314
0.442993 0.138955 0.005938
0.453682 0.138955 0.005938
0.479810 0.138955 0.008314
0.490499 0.138955 0.005938
0.858670 0.138955 0.008314
0.352732 0.140143 0.009501
0.406176 0.140143 0.008314
0.419240 0.140143 0.008314
0.432304 0.140143 0.008314
0.869359 0.140143 0.004751
0.876485 0.140143 0.013064
0.340855 0.141330 0.009501
0.847981 0.142518 0.008314
0.257720 0.143705 0.004751
0.280285 0.143705 0.011876
0.288599 0.143705 0.004751
0.838480 0.143705 0.004751
0.229216 0.144893 0.008314
0.238717 0.144893 0.007126
0.249406 0.144893 0.008314
0.270784 0.144893 0.010689
0.756532 0.144893 0.005938
0.766033 0.144893 0.008314
0.777910 0.144893 0.008314
0.787411 0.144893 0.007126
0.796912 0.144893 0.007126
0.818290 0.144893 0.004751
0.832542 0.144893 0.010689
0.185273 0.146081 0.005938
0.198337 0.146081 0.008314
0.207838 0.146081 0.005938
0.749406 0.146081 0.004751
0.807601 0.146081 0.008314
0.217340 0.147268 0.008314
0.741093 0.147268 0.007126
0.165083 0.148456 0.005938
0.175772 0.148456 0.007126
0.725653 0.148456 0.008314
0.129454 0.149644 0.008314
0.140143 0.149644 0.010689
0.147268 0.149644 0.004751
0.156770 0.149644 0.007126
0.604513 0.149644 0.007126
0.614014 0.149644 0.004751
0.621140 0.149644 0.010689
0.633017 0.149644 0.007126
0.644893 0.149644 0.008314
0.654394 0.149644 0.005938
0.665083 0.149644 0.008314
0.548694 0.152019 0.008314
0.565321 0.152019 0.008314
0.584323 0.152019 0.008314
0.595012 0.152019 0.005938
0.576010 0.153207 0.008314
0.521378 0.154394 0.008314
0.536817 0.154394 0.008314
0.460808 0.156770 0.007126
0.501188 0.156770 0.005938
0.510689 0.156770 0.007126
0.438242 0.157957 0.007126
0.450119 0.157957 0.008314
0.472684 0.157957 0.007126
0.483373 0.157957 0.004751
0.491686 0.157957 0.005938
0.286223 0.159145 0.005938
0.342043 0.159145 0.011876
0.350356 0.159145 0.005938
0.407363 0.159145 0.008314
0.418052 0.159145 0.008314
0.428741 0.159145 0.007126
0.862233 0.159145 0.004751
0.870546 0.159145 0.008314
0.248219 0.160333 0.005938
0.257720 0.160333 0.004751
0.266033 0.160333 0.008314
0.852732 0.160333 0.008314
0.881235 0.160333 0.008314
0.238717 0.161520 0.005938
0.276722 0.161520 0.008314
0.207838 0.162708 0.010689
0.219715 0.162708 0.007126
0.229216 0.162708 0.005938
0.815914 0.162708 0.008314
0.826603 0.162708 0.008314
0.836105 0.162708 0.011876
0.200713 0.163895 0.004751
0.780285 0.163895 0.005938
0.178147 0.165083 0.007126
0.190024 0.165083 0.007126
0.732779 0.165083 0.013064
0.802850 0.165083 0.008314
0.168646 0.166271 0.004751
0.720903 0.166271 0.008314
0.763658 0.166271 0.005938
0.789786 0.166271 0.008314
0.156770 0.167458 0.007126
0.749406 0.167458 0.009501
0.144893 0.168646 0.005938
0.662708 0.168646 0.008314
0.738717 0.168646 0.008314
0.129454 0.169834 0.011876
0.136580 0.169834 0.004751
0.608076 0.169834 0.007126
0.618765 0.169834 0.008314
0.641330 0.169834 0.005938
0.653207 0.169834 0.008314
0.597387 0.171021 0.008314
0.631829 0.171021 0.010689
0.543943 0.172209 0.010689
0.559382 0.172209 0.004751
0.567696 0.172209 0.005938
0.577197 0.172209 0.005938
0.587886 0.172209 0.007126
0.533254 0.173397 0.008314
0.520190 0.174584 0.008314
0.338480 0.175772 0.009501
0.478622 0.176960 0.009501
0.489311 0.176960 0.008314
0.508314 0.176960 0.010689
0.350356 0.178147 0.004751
0.359857 0.178147 0.005938
0.368171 0.178147 0.014252
0.428741 0.178147 0.013064
0.437055 0.178147 0.005938
0.447743 0.178147 0.005938
0.454869 0.178147 0.004751
0.463183 0.178147 0.011876
0.856295 0.178147 0.008314
0.864608 0.178147 0.004751
0.874109 0.178147 0.013064
0.261283 0.179335 0.008314
0.285036 0.179335 0.009501
0.396675 0.179335 0.007126
0.408551 0.179335 0.008314
0.419240 0.179335 0.005938
0.243468 0.180523 0.004751
0.270784 0.180523 0.004751
0.844418 0.180523 0.008314
0.193587 0.181710 0.007126
0.204276 0.181710 0.008314
0.224466 0.181710 0.007126
0.233967 0.181710 0.008314
0.250594 0.181710 0.013064
0.339667 0.181710 0.008314
0.823040 0.181710 0.004751
0.833729 0.181710 0.007126
0.181710 0.182898 0.008314
0.212589 0.182898 0.013064
0.780285 0.182898 0.010689
0.795724 0.182898 0.005938
0.805226 0.182898 0.005938
0.815914 0.182898 0.008314
0.157957 0.184086 0.009501
0.171021 0.184086 0.007126
0.768409 0.184086 0.008314
0.140143 0.185273 0.007126
0.706651 0.185273 0.008314
0.729216 0.185273 0.005938
0.737530 0.185273 0.004751
0.748219 0.185273 0.007126
0.757720 0.185273 0.004751
0.128266 0.186461 0.008314
0.567696 0.186461 0.005938
0.641330 0.186461 0.005938
0.652019 0.186461 0.008314
0.662708 0.186461 0.007126
0.673397 0.186461 0.004751
0.718527 0.186461 0.004751
0.622328 0.187648 0.008314
0.633017 0.187648 0.005938
0.579572 0.188836 0.008314
0.586698 0.188836 0.004751
0.680523 0.188836 0.010689
0.559382 0.190024 0.008314
0.593824 0.190024 0.010689
0.606888 0.190024 0.008314
0.695962 0.190024 0.007126
0.540380 0.191211 0.004751
0.548694 0.191211 0.005938
0.488124 0.193587 0.005938
0.495249 0.193587 0.013064
0.505938 0.193587 0.005938
0.515439 0.193587 0.004751
0.522565 0.193587 0.004751
0.530879 0.193587 0.011876
0.453682 0.194774 0.010689
0.469121 0.194774 0.005938
0.477435 0.194774 0.008314
0.439430 0.195962 0.007126
0.460808 0.195962 0.004751
0.838480 0.195962 0.007126
0.847981 0.195962 0.007126
0.857482 0.195962 0.005938
0.869359 0.195962 0.007126
0.283848 0.197150 0.011876
0.345606 0.197150 0.008314
0.407363 0.197150 0.007126
0.418052 0.197150 0.008314
0.426366 0.197150 0.008314
0.268409 0.198337 0.007126
0.292162 0.198337 0.007126
0.302850 0.198337 0.007126
0.325416 0.198337 0.008314
0.336105 0.198337 0.005938
0.397862 0.198337 0.004751
0.807601 0.198337 0.007126
0.817102 0.198337 0.004751
0.827791 0.198337 0.008314
0.185273 0.199525 0.005938
0.250594 0.199525 0.005938
0.258907 0.199525 0.004751
0.312352 0.199525 0.005938
0.788599 0.199525 0.008314
0.796912 0.199525 0.004751
0.174584 0.200713 0.008314
0.216152 0.200713 0.005938
0.226841 0.200713 0.007126
0.237530 0.200713 0.008314
0.731591 0.200713 0.008314
0.148456 0.201900 0.008314
0.193587 0.201900 0.007126
0.206651 0.201900 0.007126
0.743468 0.201900 0.005938
0.752969 0.201900 0.008314
0.764846 0.201900 0.005938
0.777910 0.201900 0.008314
0.128266 0.203088 0.007126
0.138955 0.203088 0.004751
0.720903 0.203088 0.008314
0.652019 0.204276 0.007126
0.685273 0.204276 0.008314
0.709026 0.204276 0.008314
0.604513 0.205463 0.004751
0.622328 0.205463 0.010689
0.630641 0.205463 0.004751
0.662708 0.205463 0.013064
0.675772 0.205463 0.008314
0.698337 0.205463 0.005938
0.574822 0.206651 0.008314
0.638955 0.206651 0.011876
0.586698 0.207838 0.008314
0.596200 0.207838 0.005938
0.552257 0.209026 0.005938
0.565321 0.209026 0.008314
0.881235 0.209026 0.011876
0.541568 0.210214 0.008314
0.610451 0.210214 0.009501
0.874109 0.210214 0.004751
0.519002 0.211401 0.008314
0.529691 0.211401 0.005938
0.868171 0.211401 0.014252
0.427553 0.212589 0.007126
0.441805 0.212589 0.008314
0.452494 0.212589 0.013064
0.459620 0.212589 0.008314
0.470309 0.212589 0.005938
0.482185 0.212589 0.008314
0.498812 0.212589 0.004751
0.843230 0.212589 0.008314
0.851544 0.212589 0.004751
0.859857 0.212589 0.005938
0.406176 0.213777 0.007126
0.415677 0.213777 0.008314
0.491686 0.213777 0.011876
0.508314 0.213777 0.008314
0.827791 0.213777 0.013064
0.277910 0.214964 0.008314
0.288599 0.214964 0.004751
0.819477 0.214964 0.005938
0.243468 0.216152 0.004751
0.266033 0.216152 0.005938
0.295724 0.216152 0.004751
0.314727 0.216152 0.008314
0.326603 0.216152 0.007126
0.337292 0.216152 0.007126
0.347981 0.216152 0.005938
0.357482 0.216152 0.004751
0.366983 0.216152 0.008314
0.774347 0.216152 0.008314
0.782660 0.216152 0.007126
0.792162 0.216152 0.005938
0.801663 0.216152 0.004751
0.809976 0.216152 0.005938
0.213777 0.217340 0.008314
0.235154 0.217340 0.004751
0.249406 0.217340 0.003563
0.256532 0.217340 0.004751
0.307601 0.217340 0.011876
0.762470 0.217340 0.008314
0.127078 0.218527 0.008314
0.178147 0.218527 0.005938
0.203088 0.218527 0.007126
0.225653 0.218527 0.013064
0.749406 0.218527 0.007126
0.138955 0.219715 0.007126
0.149644 0.219715 0.005938
0.157957 0.219715 0.008314
0.169834 0.219715 0.004751
0.191211 0.219715 0.007126
0.738717 0.219715 0.008314
0.712589 0.220903 0.008314
0.728029 0.220903 0.010689
0.647268 0.222090 0.004751
0.661520 0.222090 0.011876
0.673397 0.222090 0.008314
0.699525 0.222090 0.008314
0.629454 0.223278 0.008314
0.640143 0.223278 0.005938
0.616390 0.224466 0.007126
0.684086 0.224466 0.008314
0.562945 0.225653 0.015439
0.585511 0.225653 0.008314
0.596200 0.225653 0.008314
0.605701 0.225653 0.007126
0.517815 0.226841 0.008314
0.543943 0.226841 0.007126
0.553444 0.226841 0.008314
0.482185 0.228029 0.005938
0.530879 0.228029 0.008314
0.415677 0.229216 0.007126
0.433492 0.229216 0.007126
0.472684 0.229216 0.008314
0.492874 0.229216 0.005938
0.504751 0.229216 0.008314
0.396675 0.230404 0.004751
0.404988 0.230404 0.005938
0.448931 0.230404 0.011876
0.460808 0.230404 0.008314
0.174584 0.231591 0.007126
0.184086 0.231591 0.007126
0.345606 0.231591 0.010689
0.357482 0.231591 0.008314
0.369359 0.231591 0.008314
0.441805 0.231591 0.004751
0.155582 0.232779 0.004751
0.238717 0.232779 0.009501
0.249406 0.232779 0.007126
0.268409 0.232779 0.005938
0.299287 0.232779 0.004751
0.306413 0.232779 0.004751
0.314727 0.232779 0.008314
0.127078 0.233967 0.008314
0.137767 0.233967 0.007126
0.148456 0.233967 0.005938
0.212589 0.233967 0.008314
0.258907 0.233967 0.005938
0.279097 0.233967 0.005938
0.327791 0.233967 0.008314
0.334917 0.233967 0.014252
0.378860 0.233967 0.008314
0.286223 0.235154 0.011876
