0.942993 0.004751 0.023753
0.847981 0.008314 0.022565
0.764846 0.011876 0.022565
0.817102 0.011876 0.013064
0.880048 0.011876 0.013064
0.606888 0.039192 0.008314
0.628266 0.039192 0.004751
0.637767 0.039192 0.007126
0.680523 0.039192 0.005938
0.593824 0.040380 0.005938
0.618765 0.040380 0.008314
0.661520 0.040380 0.008314
0.672209 0.040380 0.007126
0.741093 0.040380 0.004751
0.760095 0.040380 0.004751
0.789786 0.040380 0.004751
0.440618 0.041568 0.005938
0.489311 0.041568 0.013064
0.504751 0.041568 0.009501
0.519002 0.041568 0.008314
0.529691 0.041568 0.008314
0.540380 0.041568 0.004751
0.549881 0.041568 0.007126
0.561758 0.041568 0.007126
0.573634 0.041568 0.007126
0.584323 0.041568 0.007126
0.649644 0.041568 0.008314
0.691211 0.041568 0.007126
0.703088 0.041568 0.007126
0.713777 0.041568 0.008314
0.725653 0.041568 0.008314
0.733967 0.041568 0.004751
0.751781 0.041568 0.008314
0.767221 0.041568 0.010689
0.780285 0.041568 0.008314
0.800475 0.041568 0.007126
0.811164 0.041568 0.005938
0.819477 0.041568 0.004751
0.830166 0.041568 0.007126
0.840855 0.041568 0.010689
0.406176 0.042755 0.005938
0.414489 0.042755 0.004751
0.447743 0.042755 0.004751
0.453682 0.042755 0.004751
0.460808 0.042755 0.004751
0.480998 0.042755 0.005938
0.855107 0.042755 0.008314
0.866983 0.042755 0.008314
0.876485 0.042755 0.005938
0.350356 0.043943 0.005938
0.396675 0.043943 0.004751
0.432304 0.043943 0.005938
0.325416 0.045131 0.008314
0.338480 0.045131 0.007126
0.358670 0.045131 0.008314
0.369359 0.045131 0.004751
0.377672 0.045131 0.011876
0.422803 0.045131 0.007126
0.267221 0.046318 0.004751
0.275534 0.046318 0.011876
0.289786 0.046318 0.008314
0.313539 0.046318 0.005938
0.220903 0.047506 0.007126
0.230404 0.047506 0.007126
0.245843 0.047506 0.008314
0.256532 0.047506 0.007126
0.304038 0.047506 0.013064
0.209026 0.048694 0.004751
0.174584 0.049881 0.008314
0.200713 0.049881 0.013064
0.135392 0.052257 0.008314
0.149644 0.052257 0.007126
0.161520 0.052257 0.008314
0.187648 0.052257 0.008314
0.691211 0.053444 0.005938
0.615202 0.054632 0.005938
0.627078 0.054632 0.008314
0.674584 0.054632 0.005938
0.684086 0.054632 0.011876
0.733967 0.054632 0.005938
0.773159 0.054632 0.004751
0.576010 0.055819 0.005938
0.589074 0.055819 0.008314
0.605701 0.055819 0.008314
0.638955 0.055819 0.007126
0.648456 0.055819 0.004751
0.655582 0.055819 0.004751
0.665083 0.055819 0.007126
0.703088 0.055819 0.007126
0.714964 0.055819 0.005938
0.724466 0.055819 0.004751
0.745843 0.055819 0.005938
0.754157 0.055819 0.004751
0.763658 0.055819 0.005938
0.782660 0.055819 0.005938
0.792162 0.055819 0.007126
0.801663 0.055819 0.005938
0.811164 0.055819 0.005938
0.820665 0.055819 0.005938
0.872922 0.055819 0.005938
0.536817 0.057007 0.005938
0.566508 0.057007 0.007126
0.830166 0.057007 0.004751
0.852732 0.057007 0.005938
0.862233 0.057007 0.007126
0.343230 0.058195 0.008314
0.404988 0.058195 0.011876
0.413302 0.058195 0.007126
0.490499 0.058195 0.004751
0.516627 0.058195 0.005938
0.526128 0.058195 0.007126
0.547506 0.058195 0.008314
0.558195 0.058195 0.005938
0.840855 0.058195 0.007126
0.287411 0.059382 0.004751
0.328979 0.059382 0.007126
0.365796 0.059382 0.007126
0.423990 0.059382 0.005938
0.435867 0.059382 0.005938
0.444181 0.059382 0.008314
0.456057 0.059382 0.007126
0.465558 0.059382 0.005938
0.473872 0.059382 0.004751
0.508314 0.059382 0.005938
0.302850 0.060570 0.005938
0.315914 0.060570 0.008314
0.248219 0.061758 0.010689
0.255344 0.061758 0.004751
0.266033 0.061758 0.007126
0.274347 0.061758 0.004751
0.235154 0.062945 0.005938
0.207838 0.064133 0.005938
0.225653 0.064133 0.005938
0.188836 0.065321 0.004751
0.216152 0.065321 0.007126
0.148456 0.066508 0.007126
0.159145 0.066508 0.007126
0.169834 0.066508 0.004751
0.176960 0.066508 0.008314
0.135392 0.067696 0.008314
0.870546 0.067696 0.004751
0.685273 0.068884 0.007126
0.717340 0.068884 0.007126
0.862233 0.068884 0.004751
0.877672 0.068884 0.005938
0.579572 0.070071 0.005938
0.609264 0.070071 0.004751
0.629454 0.070071 0.005938
0.672209 0.070071 0.005938
0.705463 0.070071 0.008314
0.726841 0.070071 0.007126
0.738717 0.070071 0.008314
0.749406 0.070071 0.005938
0.758907 0.070071 0.005938
0.768409 0.070071 0.004751
0.782660 0.070071 0.009501
0.798100 0.070071 0.008314
0.809976 0.070071 0.008314
0.817102 0.070071 0.007126
0.840855 0.070071 0.005938
0.852732 0.070071 0.007126
0.590261 0.071259 0.008314
0.600950 0.071259 0.007126
0.616390 0.071259 0.009501
0.640143 0.071259 0.005938
0.649644 0.071259 0.005938
0.662708 0.071259 0.007126
0.407363 0.072447 0.004751
0.488124 0.072447 0.004751
0.554632 0.072447 0.005938
0.564133 0.072447 0.004751
0.571259 0.072447 0.004751
0.827791 0.072447 0.005938
0.397862 0.073634 0.005938
0.414489 0.073634 0.008314
0.437055 0.073634 0.007126
0.470309 0.073634 0.005938
0.478622 0.073634 0.005938
0.505938 0.073634 0.005938
0.514252 0.073634 0.005938
0.524941 0.073634 0.007126
0.535629 0.073634 0.005938
0.543943 0.073634 0.005938
0.308789 0.074822 0.004751
0.345606 0.074822 0.007126
0.356295 0.074822 0.004751
0.426366 0.074822 0.007126
0.448931 0.074822 0.008314
0.460808 0.074822 0.007126
0.496437 0.074822 0.007126
0.290974 0.077197 0.013064
0.282660 0.078385 0.007126
0.190024 0.079572 0.008314
0.219715 0.079572 0.008314
0.181710 0.080760 0.005938
0.209026 0.080760 0.009501
0.159145 0.081948 0.004751
0.168646 0.081948 0.008314
0.877672 0.081948 0.010689
0.853919 0.083135 0.005938
0.862233 0.083135 0.004751
0.870546 0.083135 0.004751
0.133017 0.084323 0.007126
0.142518 0.084323 0.005938
0.150831 0.084323 0.005938
0.657957 0.084323 0.005938
0.745843 0.084323 0.007126
0.756532 0.084323 0.004751
0.763658 0.084323 0.004751
0.789786 0.084323 0.005938
0.808789 0.084323 0.005938
0.819477 0.084323 0.007126
0.830166 0.084323 0.005938
0.840855 0.084323 0.008314
0.633017 0.085511 0.008314
0.644893 0.085511 0.008314
0.666271 0.085511 0.008314
0.726841 0.085511 0.005938
0.736342 0.085511 0.005938
0.780285 0.085511 0.007126
0.798100 0.085511 0.008314
0.618765 0.086698 0.008314
0.716152 0.086698 0.007126
0.413302 0.087886 0.004751
0.483373 0.087886 0.005938
0.526128 0.087886 0.004751
0.535629 0.087886 0.005938
0.545131 0.087886 0.004751
0.568884 0.087886 0.004751
0.580760 0.087886 0.008314
0.597387 0.087886 0.004751
0.606888 0.087886 0.008314
0.346793 0.089074 0.013064
0.353919 0.089074 0.010689
0.423990 0.089074 0.007126
0.433492 0.089074 0.004751
0.502375 0.089074 0.007126
0.589074 0.089074 0.007126
0.440618 0.090261 0.008314
0.463183 0.090261 0.004751
0.472684 0.090261 0.007126
0.491686 0.090261 0.008314
0.514252 0.090261 0.008314
0.558195 0.090261 0.008314
0.273159 0.091449 0.005938
0.453682 0.091449 0.007126
0.214964 0.093824 0.005938
0.404988 0.093824 0.013064
0.167458 0.096200 0.005938
0.184086 0.096200 0.010689
0.192399 0.096200 0.008314
0.146081 0.097387 0.005938
0.155582 0.097387 0.007126
0.769596 0.098575 0.005938
0.782660 0.098575 0.008314
0.878860 0.098575 0.007126
0.133017 0.099762 0.009501
0.716152 0.099762 0.005938
0.724466 0.099762 0.010689
0.745843 0.099762 0.010689
0.757720 0.099762 0.008314
0.793349 0.099762 0.007126
0.859857 0.099762 0.007126
0.868171 0.099762 0.004751
0.738717 0.100950 0.004751
0.812352 0.100950 0.008314
0.825416 0.100950 0.008314
0.838480 0.100950 0.008314
0.627078 0.102138 0.007126
0.662708 0.102138 0.010689
0.804038 0.102138 0.005938
0.849169 0.102138 0.007126
0.572447 0.103325 0.005938
0.581948 0.103325 0.007126
0.591449 0.103325 0.007126
0.605701 0.103325 0.008314
0.637767 0.103325 0.008314
0.652019 0.103325 0.008314
0.429929 0.104513 0.008314
0.511876 0.104513 0.007126
0.523753 0.104513 0.007126
0.533254 0.104513 0.005938
0.615202 0.104513 0.007126
0.446556 0.105701 0.005938
0.457245 0.105701 0.008314
0.471496 0.105701 0.008314
0.482185 0.105701 0.008314
0.500000 0.105701 0.008314
0.420428 0.106888 0.007126
0.350356 0.108076 0.005938
0.397862 0.108076 0.007126
0.409739 0.108076 0.007126
0.211401 0.109264 0.008314
0.361045 0.109264 0.008314
0.193587 0.110451 0.005938
0.340855 0.110451 0.008314
0.369359 0.110451 0.008314
0.172209 0.111639 0.005938
0.181710 0.111639 0.008314
0.878860 0.111639 0.008314
0.162708 0.112827 0.007126
0.868171 0.112827 0.005938
0.153207 0.114014 0.005938
0.718527 0.114014 0.010689
0.725653 0.115202 0.004751
0.747031 0.115202 0.005938
0.755344 0.115202 0.007126
0.764846 0.115202 0.008314
0.786223 0.115202 0.007126
0.796912 0.115202 0.007126
0.808789 0.115202 0.004751
0.828979 0.115202 0.008314
0.131829 0.116390 0.008314
0.143705 0.116390 0.005938
0.777910 0.116390 0.004751
0.842043 0.116390 0.005938
0.853919 0.116390 0.004751
0.650831 0.119952 0.004751
0.533254 0.121140 0.010689
0.578385 0.121140 0.007126
0.587886 0.121140 0.005938
0.622328 0.121140 0.008314
0.634204 0.121140 0.007126
0.643705 0.121140 0.005938
0.657957 0.121140 0.004751
0.663895 0.121140 0.010689
0.485748 0.122328 0.004751
0.504751 0.122328 0.004751
0.513064 0.122328 0.004751
0.521378 0.122328 0.008314
0.548694 0.122328 0.008314
0.564133 0.122328 0.009501
0.598575 0.122328 0.008314
0.612827 0.122328 0.007126
0.421615 0.123515 0.008314
0.432304 0.123515 0.008314
0.477435 0.123515 0.007126
0.495249 0.123515 0.008314
0.402613 0.124703 0.008314
0.413302 0.124703 0.005938
0.465558 0.124703 0.010689
0.266033 0.125891 0.005938
0.274347 0.125891 0.007126
0.343230 0.125891 0.008314
0.355107 0.125891 0.008314
0.369359 0.125891 0.008314
0.448931 0.127078 0.009501
0.162708 0.128266 0.007126
0.874109 0.128266 0.008314
0.882423 0.128266 0.004751
0.152019 0.129454 0.007126
0.853919 0.129454 0.004751
0.861045 0.129454 0.010689
0.889549 0.129454 0.010689
0.845606 0.130641 0.008314
0.793349 0.131829 0.003563
0.809976 0.131829 0.008314
0.821853 0.131829 0.008314
0.833729 0.131829 0.008314
0.744656 0.133017 0.008314
0.757720 0.133017 0.010689
0.786223 0.133017 0.004751
0.799287 0.133017 0.009501
0.732779 0.134204 0.004751
0.766033 0.134204 0.008314
0.776722 0.134204 0.005938
0.725653 0.135392 0.013064
0.714964 0.136580 0.014252
0.548694 0.140143 0.008314
0.564133 0.140143 0.005938
0.573634 0.140143 0.008314
0.617577 0.140143 0.007126
0.625891 0.140143 0.004751
0.497625 0.141330 0.007126
0.526128 0.141330 0.008314
0.584323 0.141330 0.007126
0.605701 0.141330 0.008314
0.635392 0.141330 0.008314
0.648456 0.141330 0.008314
0.661520 0.141330 0.008314
0.428741 0.142518 0.005938
0.438242 0.142518 0.004751
0.446556 0.142518 0.007126
0.461995 0.142518 0.008314
0.483373 0.142518 0.008314
0.513064 0.142518 0.009501
0.538005 0.142518 0.008314
0.592637 0.142518 0.007126
0.222090 0.143705 0.014252
0.258907 0.143705 0.005938
0.268409 0.143705 0.007126
0.393112 0.143705 0.008314
0.407363 0.143705 0.008314
0.419240 0.143705 0.008314
0.472684 0.143705 0.008314
0.250594 0.144893 0.008314
0.346793 0.144893 0.009501
0.210214 0.146081 0.008314
0.229216 0.146081 0.013064
0.239905 0.146081 0.004751
0.381235 0.146081 0.004751
0.889549 0.146081 0.011876
0.869359 0.147268 0.003563
0.881235 0.147268 0.005938
0.163895 0.148456 0.010689
0.844418 0.148456 0.008314
0.863420 0.148456 0.004751
0.836105 0.149644 0.010689
0.853919 0.149644 0.008314
0.130641 0.150831 0.008314
0.825416 0.152019 0.005938
0.792162 0.153207 0.008314
0.801663 0.153207 0.007126
0.814727 0.153207 0.008314
0.777910 0.154394 0.007126
0.747031 0.155582 0.008314
0.766033 0.155582 0.011876
0.735154 0.156770 0.008314
0.559382 0.157957 0.005938
0.640143 0.157957 0.008314
0.652019 0.157957 0.008314
0.687648 0.157957 0.008314
0.698337 0.157957 0.005938
0.720903 0.157957 0.009501
0.490499 0.159145 0.007126
0.549881 0.159145 0.007126
0.572447 0.159145 0.007126
0.662708 0.159145 0.010689
0.668646 0.159145 0.004751
0.676960 0.159145 0.005938
0.707838 0.159145 0.004751
0.480998 0.160333 0.008314
0.513064 0.160333 0.008314
0.539192 0.160333 0.005938
0.583135 0.160333 0.007126
0.593824 0.160333 0.007126
0.608076 0.160333 0.008314
0.628266 0.160333 0.007126
0.408551 0.161520 0.013064
0.420428 0.161520 0.008314
0.431116 0.161520 0.005938
0.448931 0.161520 0.007126
0.459620 0.161520 0.007126
0.469121 0.161520 0.008314
0.500000 0.161520 0.008314
0.526128 0.161520 0.009501
0.618765 0.161520 0.005938
0.399050 0.162708 0.005938
0.438242 0.162708 0.004751
0.236342 0.163895 0.004751
0.260095 0.163895 0.010689
0.267221 0.163895 0.005938
0.295724 0.163895 0.013064
0.315914 0.163895 0.008314
0.324228 0.163895 0.010689
0.339667 0.163895 0.008314
0.351544 0.163895 0.008314
0.372922 0.163895 0.008314
0.130641 0.165083 0.007126
0.153207 0.165083 0.009501
0.182898 0.165083 0.013064
0.228029 0.165083 0.013064
0.245843 0.165083 0.013064
0.276722 0.165083 0.008314
0.362233 0.165083 0.007126
0.141330 0.166271 0.005938
0.191211 0.166271 0.013064
0.201900 0.166271 0.008314
0.214964 0.167458 0.010689
0.875297 0.169834 0.004751
0.881235 0.169834 0.004751
0.869359 0.171021 0.004751
0.850356 0.172209 0.010689
0.862233 0.173397 0.008314
0.836105 0.174584 0.008314
0.799287 0.175772 0.008314
0.811164 0.175772 0.008314
0.824228 0.175772 0.008314
0.785036 0.176960 0.009501
0.771971 0.178147 0.008314
0.634204 0.179335 0.008314
0.725653 0.179335 0.004751
0.749406 0.179335 0.008314
0.762470 0.179335 0.008314
0.592637 0.180523 0.005938
0.615202 0.180523 0.013064
0.644893 0.180523 0.005938
0.656770 0.180523 0.008314
0.701900 0.180523 0.005938
0.713777 0.180523 0.008314
0.567696 0.181710 0.016627
0.581948 0.181710 0.008314
0.599762 0.181710 0.004751
0.606888 0.181710 0.019002
0.666271 0.181710 0.004751
0.692399 0.181710 0.008314
0.736342 0.181710 0.008314
0.129454 0.182898 0.008314
0.138955 0.182898 0.008314
0.330166 0.182898 0.015439
0.337292 0.182898 0.004751
0.448931 0.182898 0.008314
0.459620 0.182898 0.007126
0.470309 0.182898 0.007126
0.558195 0.182898 0.005938
0.673397 0.182898 0.013064
0.682898 0.182898 0.005938
0.149644 0.184086 0.008314
0.162708 0.184086 0.008314
0.194774 0.184086 0.008314
0.216152 0.184086 0.004751
0.321853 0.184086 0.007126
0.343230 0.184086 0.004751
0.402613 0.184086 0.008314
0.413302 0.184086 0.008314
0.420428 0.184086 0.004751
0.435867 0.184086 0.008314
0.482185 0.184086 0.008314
0.505938 0.184086 0.015439
0.514252 0.184086 0.005938
0.524941 0.184086 0.007126
0.534442 0.184086 0.008314
0.547506 0.184086 0.016627
0.184086 0.185273 0.008314
0.206651 0.185273 0.007126
0.226841 0.185273 0.008314
0.292162 0.185273 0.013064
0.309976 0.185273 0.008314
0.350356 0.185273 0.004751
0.371734 0.185273 0.008314
0.495249 0.185273 0.007126
0.171021 0.186461 0.016627
0.300475 0.186461 0.007126
0.362233 0.186461 0.008314
0.236342 0.187648 0.005938
0.267221 0.187648 0.013064
