0.538005 0.078385 0.007126
0.771971 0.078385 0.008314
0.796912 0.078385 0.005938
0.821853 0.078385 0.008314
0.832542 0.078385 0.007126
0.855107 0.078385 0.004751
0.637767 0.079572 0.004751
0.743468 0.079572 0.008314
0.752969 0.079572 0.007126
0.764846 0.079572 0.008314
0.783848 0.079572 0.005938
0.811164 0.079572 0.008314
0.578385 0.080760 0.010689
0.619952 0.080760 0.008314
0.628266 0.080760 0.007126
0.656770 0.080760 0.008314
0.668646 0.080760 0.005938
0.678147 0.080760 0.011876
0.693587 0.080760 0.005938
0.703088 0.080760 0.004751
0.710214 0.080760 0.011876
0.719715 0.080760 0.005938
0.729216 0.080760 0.008314
0.528504 0.081948 0.005938
0.548694 0.081948 0.008314
0.559382 0.081948 0.008314
0.586698 0.081948 0.004751
0.608076 0.081948 0.008314
0.842043 0.081948 0.004751
0.469121 0.083135 0.005938
0.482185 0.083135 0.008314
0.490499 0.083135 0.005938
0.498812 0.083135 0.004751
0.596200 0.083135 0.007126
0.863420 0.083135 0.005938
0.432304 0.084323 0.005938
0.451306 0.084323 0.007126
0.459620 0.084323 0.005938
0.508314 0.084323 0.005938
0.441805 0.085511 0.005938
0.519002 0.085511 0.007126
0.351544 0.086698 0.004751
0.358670 0.086698 0.008314
0.267221 0.087886 0.004751
0.302850 0.087886 0.015439
0.342043 0.087886 0.008314
0.382423 0.087886 0.009501
0.258907 0.089074 0.005938
0.282660 0.089074 0.008314
0.294537 0.089074 0.007126
0.331354 0.089074 0.009501
0.185273 0.090261 0.007126
0.197150 0.090261 0.009501
0.211401 0.090261 0.007126
0.222090 0.090261 0.014252
0.230404 0.090261 0.005938
0.239905 0.090261 0.008314
0.249406 0.090261 0.007126
0.174584 0.092637 0.005938
0.808789 0.092637 0.008314
0.865796 0.092637 0.008314
0.162708 0.093824 0.008314
0.762470 0.093824 0.004751
0.771971 0.093824 0.007126
0.783848 0.093824 0.008314
0.799287 0.093824 0.010689
0.820665 0.093824 0.004751
0.827791 0.093824 0.010689
0.856295 0.093824 0.004751
0.144893 0.095012 0.013064
0.153207 0.095012 0.005938
0.623515 0.095012 0.007126
0.710214 0.095012 0.004751
0.730404 0.095012 0.005938
0.738717 0.095012 0.004751
0.747031 0.095012 0.005938
0.755344 0.095012 0.004751
0.838480 0.095012 0.008314
0.635392 0.096200 0.004751
0.644893 0.096200 0.007126
0.655582 0.096200 0.007126
0.667458 0.096200 0.005938
0.676960 0.096200 0.007126
0.688836 0.096200 0.008314
0.700713 0.096200 0.007126
0.847981 0.096200 0.005938
0.134204 0.097387 0.007126
0.580760 0.097387 0.008314
0.592637 0.097387 0.007126
0.603325 0.097387 0.007126
0.614014 0.097387 0.005938
0.488124 0.098575 0.004751
0.534442 0.098575 0.004751
0.542755 0.098575 0.004751
0.559382 0.098575 0.008314
0.570071 0.098575 0.007126
0.475059 0.099762 0.010689
0.526128 0.099762 0.005938
0.432304 0.100950 0.013064
0.439430 0.100950 0.005938
0.450119 0.100950 0.007126
0.463183 0.100950 0.010689
0.498812 0.100950 0.011876
0.507126 0.100950 0.004751
0.515439 0.100950 0.005938
0.326603 0.102138 0.004751
0.334917 0.102138 0.007126
0.349169 0.102138 0.007126
0.357482 0.102138 0.005938
0.422803 0.102138 0.008314
0.280285 0.103325 0.004751
0.290974 0.103325 0.008314
0.300475 0.103325 0.008314
0.317102 0.103325 0.008314
0.410926 0.103325 0.007126
0.270784 0.104513 0.005938
0.198337 0.105701 0.005938
0.241093 0.105701 0.007126
0.260095 0.105701 0.005938
0.188836 0.106888 0.007126
0.206651 0.106888 0.004751
0.216152 0.106888 0.007126
0.230404 0.106888 0.008314
0.250594 0.106888 0.007126
0.180523 0.108076 0.008314
0.168646 0.109264 0.008314
0.712589 0.109264 0.008314
0.802850 0.109264 0.005938
0.814727 0.109264 0.007126
0.823040 0.109264 0.004751
0.831354 0.109264 0.005938
0.861045 0.109264 0.005938
0.870546 0.109264 0.008314
0.793349 0.110451 0.007126
0.840855 0.110451 0.008314
0.850356 0.110451 0.007126
0.155582 0.111639 0.008314
0.688836 0.111639 0.005938
0.700713 0.111639 0.007126
0.722090 0.111639 0.007126
0.732779 0.111639 0.007126
0.769596 0.111639 0.008314
0.781473 0.111639 0.008314
0.134204 0.112827 0.007126
0.144893 0.112827 0.007126
0.648456 0.112827 0.005938
0.666271 0.112827 0.004751
0.680523 0.112827 0.004751
0.742280 0.112827 0.007126
0.369359 0.114014 0.007126
0.628266 0.114014 0.008314
0.640143 0.114014 0.004751
0.656770 0.114014 0.005938
0.561758 0.115202 0.004751
0.579572 0.115202 0.005938
0.589074 0.115202 0.005938
0.598575 0.115202 0.005938
0.606888 0.115202 0.005938
0.618765 0.115202 0.007126
0.377672 0.116390 0.014252
0.501188 0.116390 0.005938
0.552257 0.116390 0.007126
0.568884 0.116390 0.005938
0.408551 0.117577 0.004751
0.483373 0.117577 0.005938
0.491686 0.117577 0.004751
0.509501 0.117577 0.004751
0.519002 0.117577 0.007126
0.528504 0.117577 0.008314
0.541568 0.117577 0.005938
0.420428 0.118765 0.008314
0.429929 0.118765 0.005938
0.451306 0.118765 0.004751
0.458432 0.118765 0.004751
0.293349 0.119952 0.007126
0.441805 0.119952 0.008314
0.472684 0.119952 0.007126
0.218527 0.121140 0.005938
0.262470 0.121140 0.004751
0.270784 0.121140 0.004751
0.209026 0.122328 0.007126
0.229216 0.122328 0.007126
0.241093 0.122328 0.008314
0.252969 0.122328 0.007126
0.280285 0.122328 0.007126
0.188836 0.123515 0.004751
0.197150 0.123515 0.004751
0.179335 0.124703 0.005938
0.882423 0.124703 0.013064
0.172209 0.125891 0.005938
0.875297 0.125891 0.011876
0.147268 0.127078 0.007126
0.160333 0.127078 0.008314
0.792162 0.127078 0.008314
0.802850 0.127078 0.004751
0.809976 0.127078 0.004751
0.818290 0.127078 0.004751
0.830166 0.127078 0.008314
0.840855 0.127078 0.007126
0.850356 0.127078 0.004751
0.858670 0.127078 0.005938
0.135392 0.129454 0.008314
0.652019 0.129454 0.005938
0.713777 0.129454 0.008314
0.723278 0.129454 0.008314
0.732779 0.129454 0.005938
0.742280 0.129454 0.004751
0.767221 0.129454 0.004751
0.775534 0.129454 0.008314
0.625891 0.130641 0.007126
0.642518 0.130641 0.011876
0.660333 0.130641 0.004751
0.749406 0.130641 0.011876
0.760095 0.130641 0.004751
0.547506 0.131829 0.007126
0.560570 0.131829 0.008314
0.570071 0.131829 0.007126
0.580760 0.131829 0.008314
0.595012 0.131829 0.009501
0.605701 0.131829 0.005938
0.615202 0.131829 0.007126
0.634204 0.131829 0.004751
0.404988 0.133017 0.013064
0.515439 0.133017 0.008314
0.526128 0.133017 0.008314
0.536817 0.133017 0.007126
0.478622 0.134204 0.005938
0.501188 0.134204 0.009501
0.416865 0.135392 0.005938
0.426366 0.135392 0.007126
0.438242 0.135392 0.007126
0.450119 0.135392 0.005938
0.458432 0.135392 0.005938
0.469121 0.135392 0.007126
0.488124 0.135392 0.008314
0.218527 0.136580 0.008314
0.257720 0.136580 0.007126
0.268409 0.136580 0.005938
0.279097 0.136580 0.005938
0.198337 0.137767 0.005938
0.207838 0.137767 0.007126
0.228029 0.137767 0.007126
0.242280 0.137767 0.008314
0.288599 0.137767 0.007126
0.188836 0.138955 0.007126
0.171021 0.140143 0.004751
0.865796 0.140143 0.004751
0.160333 0.141330 0.007126
0.178147 0.141330 0.010689
0.874109 0.141330 0.004751
0.840855 0.142518 0.008314
0.852732 0.142518 0.008314
0.882423 0.142518 0.005938
0.149644 0.143705 0.005938
0.777910 0.143705 0.005938
0.792162 0.143705 0.010689
0.805226 0.143705 0.008314
0.814727 0.143705 0.004751
0.828979 0.143705 0.008314
0.131829 0.144893 0.007126
0.745843 0.144893 0.004751
0.752969 0.144893 0.004751
0.769596 0.144893 0.008314
0.821853 0.144893 0.010689
0.140143 0.146081 0.013064
0.669834 0.146081 0.013064
0.717340 0.146081 0.008314
0.729216 0.146081 0.011876
0.760095 0.146081 0.010689
0.631829 0.147268 0.007126
0.643705 0.147268 0.007126
0.661520 0.147268 0.005938
0.737530 0.147268 0.005938
0.565321 0.148456 0.008314
0.590261 0.148456 0.008314
0.621140 0.148456 0.007126
0.652019 0.148456 0.007126
0.437055 0.149644 0.008314
0.445368 0.149644 0.011876
0.543943 0.149644 0.005938
0.553444 0.149644 0.007126
0.577197 0.149644 0.008314
0.600950 0.149644 0.007126
0.611639 0.149644 0.008314
0.273159 0.150831 0.008314
0.413302 0.150831 0.008314
0.423990 0.150831 0.008314
0.243468 0.152019 0.004751
0.260095 0.152019 0.007126
0.285036 0.152019 0.005938
0.401425 0.152019 0.005938
0.457245 0.152019 0.008314
0.507126 0.152019 0.005938
0.520190 0.152019 0.009501
0.534442 0.152019 0.008314
0.225653 0.153207 0.008314
0.236342 0.153207 0.004751
0.472684 0.153207 0.008314
0.498812 0.153207 0.008314
0.214964 0.154394 0.004751
0.488124 0.154394 0.008314
0.204276 0.155582 0.008314
0.184086 0.156770 0.007126
0.194774 0.156770 0.007126
0.870546 0.156770 0.004751
0.877672 0.156770 0.004751
0.885986 0.156770 0.013064
0.163895 0.159145 0.004751
0.804038 0.159145 0.005938
0.814727 0.159145 0.008314
0.824228 0.159145 0.008314
0.830166 0.159145 0.004751
0.843230 0.159145 0.008314
0.855107 0.159145 0.008314
0.864608 0.159145 0.008314
0.142518 0.160333 0.007126
0.154394 0.160333 0.007126
0.795724 0.160333 0.007126
0.787411 0.161520 0.005938
0.780285 0.162708 0.011876
0.716152 0.163895 0.008314
0.591449 0.165083 0.011876
0.726841 0.165083 0.005938
0.735154 0.165083 0.011876
0.583135 0.166271 0.004751
0.599762 0.166271 0.004751
0.611639 0.166271 0.008314
0.622328 0.166271 0.008314
0.631829 0.166271 0.007126
0.660333 0.166271 0.005938
0.641330 0.167458 0.005938
0.650831 0.167458 0.005938
0.406176 0.168646 0.007126
0.416865 0.168646 0.005938
0.425178 0.168646 0.007126
0.434679 0.168646 0.004751
0.446556 0.168646 0.007126
0.457245 0.168646 0.007126
0.466746 0.168646 0.005938
0.559382 0.168646 0.011876
0.573634 0.168646 0.008314
0.237530 0.169834 0.008314
0.247031 0.169834 0.007126
0.256532 0.169834 0.005938
0.368171 0.169834 0.007126
0.397862 0.169834 0.004751
0.502375 0.169834 0.004751
0.532067 0.169834 0.007126
0.541568 0.169834 0.007126
0.551069 0.169834 0.004751
0.219715 0.171021 0.004751
0.228029 0.171021 0.005938
0.267221 0.171021 0.013064
0.274347 0.171021 0.013064
0.378860 0.171021 0.005938
0.389549 0.171021 0.008314
0.477435 0.171021 0.008314
0.494062 0.171021 0.011876
0.522565 0.171021 0.008314
0.209026 0.172209 0.005938
0.513064 0.172209 0.008314
0.200713 0.173397 0.007126
0.191211 0.174584 0.005938
0.182898 0.175772 0.008314
0.847981 0.175772 0.008314
0.858670 0.175772 0.008314
0.172209 0.176960 0.005938
0.838480 0.176960 0.010689
0.162708 0.178147 0.008314
0.821853 0.178147 0.008314
0.140143 0.179335 0.007126
0.150831 0.179335 0.005938
0.789786 0.179335 0.004751
0.808789 0.179335 0.007126
0.131829 0.180523 0.013064
0.798100 0.180523 0.008314
0.747031 0.181710 0.005938
0.767221 0.181710 0.008314
0.780285 0.181710 0.008314
0.731591 0.182898 0.007126
0.756532 0.182898 0.007126
0.713777 0.184086 0.011876
0.720903 0.184086 0.013064
0.605701 0.185273 0.007126
0.619952 0.185273 0.008314
0.659145 0.185273 0.010689
0.701900 0.185273 0.008314
0.565321 0.186461 0.008314
0.574822 0.186461 0.005938
0.595012 0.186461 0.005938
0.631829 0.186461 0.008314
0.646081 0.186461 0.008314
0.419240 0.187648 0.008314
0.429929 0.187648 0.005938
0.585511 0.187648 0.007126
0.675772 0.187648 0.008314
0.686461 0.187648 0.008314
0.268409 0.188836 0.007126
0.277910 0.188836 0.005938
0.286223 0.188836 0.004751
0.332542 0.188836 0.008314
0.357482 0.188836 0.008314
0.380048 0.188836 0.008314
0.397862 0.188836 0.005938
0.439430 0.188836 0.013064
0.454869 0.188836 0.005938
0.475059 0.188836 0.008314
0.485748 0.188836 0.007126
0.495249 0.188836 0.005938
0.214964 0.190024 0.004751
0.251781 0.190024 0.008314
0.260095 0.190024 0.004751
0.406176 0.190024 0.007126
0.503563 0.190024 0.005938
0.521378 0.190024 0.004751
0.529691 0.190024 0.004751
0.546318 0.190024 0.008314
0.194774 0.191211 0.004751
0.205463 0.191211 0.007126
0.231591 0.191211 0.004751
0.239905 0.191211 0.008314
0.513064 0.191211 0.007126
0.871734 0.191211 0.007126
0.186461 0.192399 0.011876
0.222090 0.192399 0.013064
0.853919 0.192399 0.004751
0.861045 0.192399 0.011876
0.844418 0.193587 0.008314
0.160333 0.194774 0.005938
0.168646 0.194774 0.011876
0.824228 0.194774 0.008314
0.131829 0.195962 0.005938
0.140143 0.195962 0.005938
0.150831 0.195962 0.005938
0.802850 0.195962 0.004751
0.813539 0.195962 0.008314
0.789786 0.197150 0.008314
0.735154 0.198337 0.008314
0.744656 0.198337 0.008314
0.757720 0.198337 0.005938
0.766033 0.198337 0.004751
0.777910 0.198337 0.008314
0.726841 0.199525 0.007126
0.714964 0.200713 0.008314
0.557007 0.201900 0.004751
0.579572 0.201900 0.008314
0.681710 0.201900 0.007126
0.690024 0.201900 0.007126
0.548694 0.203088 0.004751
0.567696 0.203088 0.008314
0.603325 0.203088 0.011876
0.617577 0.203088 0.008314
0.629454 0.203088 0.004751
0.636580 0.203088 0.004751
0.647268 0.203088 0.007126
0.659145 0.203088 0.007126
0.669834 0.203088 0.005938
0.704276 0.203088 0.008314
0.420428 0.204276 0.010689
0.445368 0.204276 0.008314
0.457245 0.204276 0.008314
0.514252 0.204276 0.005938
0.523753 0.204276 0.005938
0.248219 0.205463 0.008314
0.433492 0.205463 0.004751
0.471496 0.205463 0.005938
0.479810 0.205463 0.010689
0.492874 0.205463 0.007126
0.503563 0.205463 0.004751
0.532067 0.205463 0.007126
0.238717 0.206651 0.007126
0.264846 0.206651 0.008314
0.275534 0.206651 0.007126
0.285036 0.206651 0.004751
0.343230 0.206651 0.009501
0.412114 0.206651 0.005938
0.887173 0.206651 0.013064
0.205463 0.207838 0.005938
0.222090 0.207838 0.010689
0.293349 0.207838 0.008314
0.305226 0.207838 0.008314
0.315914 0.207838 0.005938
0.328979 0.207838 0.008314
0.357482 0.207838 0.008314
0.869359 0.207838 0.008314
0.878860 0.207838 0.004751
0.185273 0.209026 0.008314
0.195962 0.209026 0.005938
0.212589 0.209026 0.005938
0.858670 0.209026 0.007126
0.173397 0.210214 0.008314
0.846793 0.210214 0.008314
0.148456 0.211401 0.007126
0.130641 0.212589 0.011876
0.138955 0.212589 0.004751
0.159145 0.212589 0.008314
0.805226 0.212589 0.004751
0.819477 0.212589 0.005938
0.789786 0.213777 0.004751
0.832542 0.213777 0.016627
0.748219 0.214964 0.008314
0.781473 0.214964 0.005938
0.796912 0.214964 0.011876
0.725653 0.216152 0.004751
0.758907 0.216152 0.008314
0.701900 0.217340 0.007126
0.770784 0.217340 0.008314
0.657957 0.218527 0.008314
0.668646 0.218527 0.004751
0.674584 0.218527 0.010689
0.711401 0.218527 0.013064
0.732779 0.218527 0.011876
0.687648 0.219715 0.010689
0.463183 0.220903 0.007126
0.483373 0.220903 0.007126
0.536817 0.220903 0.010689
0.611639 0.220903 0.008314
0.621140 0.220903 0.005938
0.630641 0.220903 0.008314
0.643705 0.220903 0.008314
0.409739 0.222090 0.013064
0.505938 0.222090 0.009501
0.551069 0.222090 0.008314
0.590261 0.222090 0.008314
0.602138 0.222090 0.007126
0.347981 0.223278 0.013064
0.356295 0.223278 0.007126
0.369359 0.223278 0.008314
0.400238 0.223278 0.005938
0.472684 0.223278 0.007126
0.519002 0.223278 0.013064
0.564133 0.223278 0.009501
0.577197 0.223278 0.008314
0.241093 0.224466 0.005938
0.290974 0.224466 0.008314
0.301663 0.224466 0.007126
0.309976 0.224466 0.010689
0.378860 0.224466 0.005938
0.173397 0.225653 0.008314
0.250594 0.225653 0.007126
0.263658 0.225653 0.008314
0.277910 0.225653 0.008314
0.185273 0.226841 0.007126
0.194774 0.226841 0.008314
0.231591 0.226841 0.008314
0.323040 0.226841 0.008314
0.144893 0.228029 0.005938
0.157957 0.228029 0.008314
0.206651 0.228029 0.008314
0.219715 0.228029 0.008314
0.136580 0.229216 0.004751
0.129454 0.230404 0.011876
