0.534442 0.080760 0.008314
0.545131 0.080760 0.007126
0.580760 0.080760 0.009501
0.598575 0.080760 0.008314
0.609264 0.080760 0.004751
0.625891 0.080760 0.005938
0.634204 0.080760 0.008314
0.643705 0.080760 0.008314
0.657957 0.080760 0.008314
0.555819 0.081948 0.008314
0.567696 0.081948 0.008314
0.616390 0.081948 0.013064
0.671021 0.081948 0.005938
0.680523 0.081948 0.008314
0.691211 0.081948 0.004751
0.745843 0.081948 0.004751
0.438242 0.083135 0.008314
0.492874 0.083135 0.004751
0.500000 0.083135 0.013064
0.521378 0.083135 0.007126
0.699525 0.083135 0.005938
0.754157 0.083135 0.004751
0.763658 0.083135 0.007126
0.773159 0.083135 0.005938
0.476247 0.084323 0.005938
0.484561 0.084323 0.005938
0.509501 0.084323 0.007126
0.707838 0.084323 0.007126
0.720903 0.084323 0.008314
0.738717 0.084323 0.010689
0.385986 0.085511 0.008314
0.448931 0.085511 0.007126
0.459620 0.085511 0.013064
0.466746 0.085511 0.004751
0.325416 0.086698 0.005938
0.805226 0.086698 0.008314
0.313539 0.087886 0.008314
0.333729 0.087886 0.004751
0.361045 0.087886 0.007126
0.371734 0.087886 0.008314
0.815914 0.087886 0.007126
0.846793 0.087886 0.007126
0.292162 0.089074 0.008314
0.304038 0.089074 0.007126
0.351544 0.089074 0.007126
0.825416 0.089074 0.007126
0.836105 0.089074 0.007126
0.857482 0.089074 0.007126
0.273159 0.090261 0.007126
0.261283 0.091449 0.008314
0.282660 0.091449 0.005938
0.211401 0.092637 0.004751
0.250594 0.092637 0.005938
0.199525 0.093824 0.008314
0.220903 0.093824 0.007126
0.229216 0.093824 0.008314
0.239905 0.093824 0.005938
0.191211 0.095012 0.005938
0.182898 0.096200 0.005938
0.599762 0.096200 0.005938
0.623515 0.096200 0.004751
0.631829 0.096200 0.004751
0.640143 0.096200 0.004751
0.647268 0.096200 0.005938
0.656770 0.096200 0.007126
0.144893 0.097387 0.005938
0.153207 0.097387 0.005938
0.162708 0.097387 0.004751
0.171021 0.097387 0.015439
0.478622 0.097387 0.005938
0.529691 0.097387 0.008314
0.545131 0.097387 0.008314
0.554632 0.097387 0.004751
0.572447 0.097387 0.004751
0.580760 0.097387 0.004751
0.589074 0.097387 0.005938
0.608076 0.097387 0.004751
0.615202 0.097387 0.004751
0.686461 0.097387 0.008314
0.136580 0.098575 0.004751
0.561758 0.098575 0.008314
0.668646 0.098575 0.008314
0.695962 0.098575 0.005938
0.712589 0.098575 0.004751
0.730404 0.098575 0.007126
0.748219 0.098575 0.007126
0.127078 0.099762 0.007126
0.486936 0.099762 0.005938
0.511876 0.099762 0.004751
0.519002 0.099762 0.010689
0.704276 0.099762 0.005938
0.720903 0.099762 0.005938
0.758907 0.099762 0.004751
0.767221 0.099762 0.005938
0.777910 0.099762 0.005938
0.428741 0.100950 0.008314
0.504751 0.100950 0.004751
0.786223 0.100950 0.007126
0.796912 0.100950 0.005938
0.353919 0.102138 0.004751
0.368171 0.102138 0.005938
0.409739 0.102138 0.013064
0.416865 0.102138 0.005938
0.441805 0.102138 0.007126
0.464371 0.102138 0.009501
0.495249 0.102138 0.007126
0.806413 0.102138 0.007126
0.817102 0.102138 0.007126
0.836105 0.102138 0.007126
0.846793 0.102138 0.005938
0.359857 0.103325 0.005938
0.389549 0.103325 0.007126
0.400238 0.103325 0.005938
0.452494 0.103325 0.007126
0.826603 0.103325 0.004751
0.853919 0.103325 0.004751
0.315914 0.104513 0.010689
0.323040 0.104513 0.004751
0.337292 0.104513 0.010689
0.345606 0.104513 0.004751
0.252969 0.105701 0.007126
0.263658 0.105701 0.005938
0.274347 0.105701 0.008314
0.294537 0.105701 0.004751
0.305226 0.105701 0.007126
0.242280 0.106888 0.008314
0.286223 0.106888 0.008314
0.218527 0.108076 0.005938
0.229216 0.108076 0.007126
0.168646 0.109264 0.005938
0.178147 0.109264 0.005938
0.187648 0.109264 0.007126
0.198337 0.109264 0.007126
0.209026 0.109264 0.005938
0.141330 0.111639 0.007126
0.152019 0.111639 0.004751
0.160333 0.111639 0.005938
0.655582 0.111639 0.004751
0.663895 0.111639 0.010689
0.128266 0.112827 0.008314
0.597387 0.112827 0.007126
0.608076 0.112827 0.004751
0.614014 0.112827 0.004751
0.635392 0.112827 0.011876
0.646081 0.112827 0.007126
0.698337 0.112827 0.008314
0.586698 0.114014 0.007126
0.628266 0.114014 0.004751
0.678147 0.114014 0.005938
0.686461 0.114014 0.005938
0.711401 0.114014 0.007126
0.720903 0.114014 0.004751
0.776722 0.114014 0.008314
0.796912 0.114014 0.007126
0.547506 0.115202 0.008314
0.558195 0.115202 0.005938
0.567696 0.115202 0.005938
0.576010 0.115202 0.008314
0.747031 0.115202 0.005938
0.756532 0.115202 0.005938
0.766033 0.115202 0.007126
0.785036 0.115202 0.008314
0.729216 0.116390 0.005938
0.737530 0.116390 0.007126
0.809976 0.116390 0.008314
0.473872 0.117577 0.005938
0.482185 0.117577 0.005938
0.495249 0.117577 0.008314
0.504751 0.117577 0.008314
0.515439 0.117577 0.005938
0.524941 0.117577 0.013064
0.533254 0.117577 0.008314
0.825416 0.117577 0.008314
0.837292 0.117577 0.004751
0.858670 0.117577 0.004751
0.434679 0.118765 0.008314
0.847981 0.118765 0.008314
0.864608 0.118765 0.008314
0.399050 0.119952 0.008314
0.422803 0.119952 0.005938
0.875297 0.119952 0.004751
0.290974 0.121140 0.008314
0.312352 0.121140 0.004751
0.319477 0.121140 0.010689
0.330166 0.121140 0.008314
0.357482 0.121140 0.013064
0.366983 0.121140 0.008314
0.413302 0.121140 0.008314
0.223278 0.122328 0.004751
0.231591 0.122328 0.005938
0.239905 0.122328 0.004751
0.261283 0.122328 0.008314
0.271971 0.122328 0.004751
0.279097 0.122328 0.004751
0.305226 0.122328 0.011876
0.342043 0.122328 0.007126
0.249406 0.123515 0.008314
0.173397 0.124703 0.007126
0.181710 0.124703 0.004751
0.201900 0.124703 0.007126
0.211401 0.124703 0.008314
0.154394 0.125891 0.004751
0.162708 0.125891 0.004751
0.190024 0.125891 0.008314
0.146081 0.127078 0.005938
0.136580 0.128266 0.007126
0.127078 0.129454 0.007126
0.640143 0.130641 0.005938
0.710214 0.130641 0.013064
0.763658 0.130641 0.004751
0.586698 0.131829 0.008314
0.598575 0.131829 0.005938
0.630641 0.131829 0.008314
0.649644 0.131829 0.008314
0.661520 0.131829 0.008314
0.720903 0.131829 0.007126
0.737530 0.131829 0.004751
0.747031 0.131829 0.007126
0.755344 0.131829 0.004751
0.779097 0.131829 0.010689
0.608076 0.133017 0.007126
0.618765 0.133017 0.008314
0.730404 0.133017 0.004751
0.786223 0.133017 0.004751
0.807601 0.133017 0.007126
0.815914 0.133017 0.004751
0.824228 0.133017 0.004751
0.868171 0.133017 0.004751
0.876485 0.133017 0.011876
0.529691 0.134204 0.004751
0.538005 0.134204 0.004751
0.545131 0.134204 0.004751
0.554632 0.134204 0.005938
0.564133 0.134204 0.007126
0.572447 0.134204 0.013064
0.840855 0.134204 0.010689
0.847981 0.134204 0.004751
0.855107 0.134204 0.004751
0.861045 0.134204 0.004751
0.456057 0.135392 0.005938
0.473872 0.135392 0.004751
0.491686 0.135392 0.007126
0.502375 0.135392 0.008314
0.510689 0.135392 0.004751
0.520190 0.135392 0.007126
0.832542 0.135392 0.008314
0.400238 0.136580 0.014252
0.410926 0.136580 0.005938
0.419240 0.136580 0.010689
0.433492 0.136580 0.008314
0.330166 0.137767 0.005938
0.339667 0.137767 0.005938
0.349169 0.137767 0.005938
0.444181 0.137767 0.008314
0.222090 0.138955 0.004751
0.231591 0.138955 0.008314
0.241093 0.138955 0.005938
0.279097 0.138955 0.008314
0.292162 0.138955 0.009501
0.210214 0.140143 0.008314
0.251781 0.140143 0.007126
0.263658 0.140143 0.009501
0.187648 0.141330 0.005938
0.198337 0.141330 0.008314
0.165083 0.142518 0.005938
0.173397 0.143705 0.011876
0.146081 0.144893 0.005938
0.154394 0.144893 0.007126
0.125891 0.146081 0.008314
0.136580 0.146081 0.007126
0.799287 0.147268 0.007126
0.757720 0.148456 0.008314
0.767221 0.148456 0.007126
0.777910 0.148456 0.007126
0.789786 0.148456 0.008314
0.807601 0.148456 0.007126
0.817102 0.148456 0.008314
0.831354 0.148456 0.005938
0.842043 0.148456 0.004751
0.591449 0.149644 0.007126
0.600950 0.149644 0.008314
0.617577 0.149644 0.008314
0.628266 0.149644 0.005938
0.649644 0.149644 0.008314
0.657957 0.149644 0.008314
0.711401 0.149644 0.010689
0.719715 0.149644 0.004751
0.857482 0.149644 0.005938
0.866983 0.149644 0.007126
0.568884 0.150831 0.007126
0.578385 0.150831 0.008314
0.637767 0.150831 0.013064
0.521378 0.152019 0.008314
0.533254 0.152019 0.008314
0.545131 0.152019 0.008314
0.557007 0.152019 0.008314
0.396675 0.153207 0.004751
0.508314 0.153207 0.010689
0.425178 0.154394 0.007126
0.434679 0.154394 0.004751
0.445368 0.154394 0.007126
0.460808 0.154394 0.013064
0.471496 0.154394 0.007126
0.492874 0.154394 0.008314
0.337292 0.155582 0.010689
0.404988 0.155582 0.008314
0.415677 0.155582 0.008314
0.482185 0.155582 0.008314
0.231591 0.156770 0.004751
0.241093 0.156770 0.007126
0.251781 0.156770 0.007126
0.269596 0.156770 0.011876
0.285036 0.156770 0.007126
0.222090 0.157957 0.008314
0.261283 0.157957 0.008314
0.198337 0.159145 0.005938
0.209026 0.159145 0.008314
0.181710 0.160333 0.004751
0.188836 0.160333 0.011876
0.152019 0.161520 0.005938
0.162708 0.161520 0.007126
0.172209 0.161520 0.005938
0.135392 0.163895 0.004751
0.143705 0.163895 0.004751
0.750594 0.163895 0.007126
0.125891 0.165083 0.007126
0.710214 0.165083 0.013064
0.728029 0.165083 0.004751
0.739905 0.165083 0.008314
0.760095 0.165083 0.011876
0.805226 0.165083 0.004751
0.819477 0.165083 0.004751
0.830166 0.165083 0.008314
0.843230 0.165083 0.008314
0.851544 0.165083 0.004751
0.859857 0.165083 0.005938
0.718527 0.166271 0.005938
0.779097 0.166271 0.008314
0.789786 0.166271 0.011876
0.798100 0.166271 0.004751
0.641330 0.167458 0.008314
0.653207 0.167458 0.011876
0.603325 0.168646 0.007126
0.611639 0.168646 0.005938
0.621140 0.168646 0.005938
0.629454 0.168646 0.005938
0.567696 0.169834 0.004751
0.589074 0.169834 0.008314
0.536817 0.171021 0.007126
0.547506 0.171021 0.005938
0.558195 0.171021 0.007126
0.576010 0.171021 0.010689
0.382423 0.172209 0.004751
0.399050 0.172209 0.005938
0.426366 0.172209 0.007126
0.438242 0.172209 0.005938
0.456057 0.172209 0.004751
0.526128 0.172209 0.007126
0.334917 0.173397 0.008314
0.344418 0.173397 0.007126
0.353919 0.173397 0.005938
0.361045 0.173397 0.004751
0.369359 0.173397 0.004751
0.376485 0.173397 0.004751
0.390736 0.173397 0.005938
0.412114 0.173397 0.009501
0.445368 0.173397 0.010689
0.485748 0.173397 0.004751
0.508314 0.173397 0.008314
0.517815 0.173397 0.004751
0.257720 0.174584 0.004751
0.264846 0.174584 0.010689
0.476247 0.174584 0.008314
0.495249 0.174584 0.008314
0.212589 0.175772 0.007126
0.222090 0.175772 0.004751
0.230404 0.175772 0.007126
0.249406 0.175772 0.011876
0.275534 0.175772 0.008314
0.172209 0.176960 0.009501
0.193587 0.176960 0.004751
0.201900 0.176960 0.007126
0.133017 0.178147 0.005938
0.141330 0.178147 0.004751
0.148456 0.178147 0.004751
0.157957 0.178147 0.008314
0.184086 0.178147 0.005938
0.123515 0.179335 0.008314
0.733967 0.182898 0.005938
0.744656 0.182898 0.005938
0.815914 0.182898 0.010689
0.824228 0.182898 0.004751
0.831354 0.182898 0.011876
0.849169 0.182898 0.013064
0.858670 0.182898 0.008314
0.870546 0.182898 0.004751
0.710214 0.184086 0.007126
0.722090 0.184086 0.008314
0.751781 0.184086 0.011876
0.789786 0.184086 0.004751
0.840855 0.184086 0.007126
0.604513 0.185273 0.008314
0.619952 0.185273 0.007126
0.638955 0.185273 0.005938
0.647268 0.185273 0.005938
0.666271 0.185273 0.004751
0.700713 0.185273 0.008314
0.781473 0.185273 0.010689
0.799287 0.185273 0.008314
0.584323 0.186461 0.007126
0.593824 0.186461 0.007126
0.630641 0.186461 0.005938
0.659145 0.186461 0.008314
0.766033 0.186461 0.008314
0.542755 0.187648 0.008314
0.555819 0.187648 0.010689
0.564133 0.187648 0.004751
0.387173 0.188836 0.005938
0.426366 0.188836 0.007126
0.434679 0.188836 0.004751
0.441805 0.188836 0.004751
0.451306 0.188836 0.005938
0.463183 0.188836 0.007126
0.472684 0.188836 0.007126
0.483373 0.188836 0.008314
0.498812 0.188836 0.007126
0.520190 0.188836 0.007126
0.528504 0.188836 0.011876
0.573634 0.188836 0.008314
0.361045 0.190024 0.013064
0.369359 0.190024 0.005938
0.378860 0.190024 0.004751
0.395487 0.190024 0.008314
0.406176 0.190024 0.005938
0.415677 0.190024 0.007126
0.508314 0.190024 0.007126
0.254157 0.191211 0.010689
0.344418 0.191211 0.011876
0.352732 0.191211 0.004751
0.242280 0.192399 0.007126
0.269596 0.192399 0.005938
0.279097 0.192399 0.005938
0.288599 0.192399 0.007126
0.332542 0.192399 0.015439
0.193587 0.193587 0.008314
0.228029 0.193587 0.008314
0.122328 0.194774 0.008314
0.157957 0.194774 0.008314
0.171021 0.194774 0.005938
0.180523 0.194774 0.008314
0.204276 0.194774 0.008314
0.135392 0.195962 0.008314
0.213777 0.195962 0.008314
0.857482 0.198337 0.004751
0.871734 0.199525 0.010689
0.883610 0.199525 0.008314
0.732779 0.200713 0.008314
0.827791 0.200713 0.008314
0.833729 0.200713 0.003563
0.839667 0.200713 0.004751
0.850356 0.200713 0.007126
0.719715 0.201900 0.004751
0.796912 0.201900 0.004751
0.805226 0.201900 0.013064
0.815914 0.201900 0.007126
0.593824 0.203088 0.013064
0.612827 0.203088 0.007126
0.710214 0.203088 0.008314
0.744656 0.203088 0.007126
0.755344 0.203088 0.007126
0.764846 0.203088 0.005938
0.775534 0.203088 0.005938
0.788599 0.203088 0.010689
0.583135 0.204276 0.005938
0.621140 0.204276 0.005938
0.644893 0.204276 0.008314
0.657957 0.204276 0.007126
0.668646 0.204276 0.004751
0.676960 0.204276 0.004751
0.695962 0.204276 0.008314
0.546318 0.205463 0.008314
0.565321 0.205463 0.005938
0.574822 0.205463 0.005938
0.630641 0.205463 0.008314
0.415677 0.206651 0.004751
0.458432 0.206651 0.013064
0.478622 0.206651 0.009501
0.491686 0.206651 0.013064
0.510689 0.206651 0.007126
0.527316 0.206651 0.010689
0.555819 0.206651 0.007126
0.397862 0.207838 0.005938
0.447743 0.207838 0.007126
0.466746 0.207838 0.004751
0.500000 0.207838 0.010689
0.372922 0.209026 0.010689
0.387173 0.209026 0.005938
0.407363 0.209026 0.005938
0.429929 0.209026 0.004751
0.438242 0.209026 0.005938
0.273159 0.210214 0.007126
0.294537 0.210214 0.008314
0.353919 0.210214 0.005938
0.224466 0.211401 0.005938
0.262470 0.211401 0.008314
0.282660 0.211401 0.008314
0.304038 0.211401 0.004751
0.334917 0.211401 0.008314
0.343230 0.211401 0.008314
0.363420 0.211401 0.007126
0.121140 0.212589 0.005938
0.129454 0.212589 0.008314
0.141330 0.212589 0.008314
0.153207 0.212589 0.008314
0.161520 0.212589 0.004751
0.171021 0.212589 0.005938
0.179335 0.212589 0.004751
0.213777 0.212589 0.008314
0.235154 0.212589 0.008314
0.249406 0.212589 0.009501
0.323040 0.212589 0.008314
0.187648 0.213777 0.008314
0.198337 0.213777 0.008314
0.849169 0.216152 0.004751
0.869359 0.216152 0.004751
0.876485 0.216152 0.004751
0.837292 0.217340 0.008314
0.856295 0.217340 0.004751
0.745843 0.218527 0.013064
0.826603 0.219715 0.007126
0.755344 0.220903 0.007126
0.764846 0.220903 0.007126
0.774347 0.220903 0.007126
0.807601 0.220903 0.004751
0.630641 0.222090 0.008314
0.638955 0.222090 0.004751
0.647268 0.222090 0.013064
0.657957 0.222090 0.007126
0.666271 0.222090 0.004751
0.676960 0.222090 0.007126
0.705463 0.222090 0.008314
0.716152 0.222090 0.008314
0.728029 0.222090 0.007126
0.786223 0.222090 0.007126
0.798100 0.222090 0.007126
0.590261 0.223278 0.015439
0.608076 0.223278 0.008314
0.617577 0.223278 0.008314
0.579572 0.224466 0.007126
0.533254 0.225653 0.008314
0.546318 0.225653 0.008314
0.557007 0.225653 0.008314
0.568884 0.225653 0.008314
0.121140 0.226841 0.008314
0.130641 0.226841 0.005938
0.428741 0.226841 0.008314
0.442993 0.226841 0.008314
0.452494 0.226841 0.004751
0.460808 0.226841 0.013064
0.470309 0.226841 0.007126
0.491686 0.226841 0.005938
0.501188 0.226841 0.005938
0.511876 0.226841 0.008314
0.522565 0.226841 0.007126
0.141330 0.228029 0.007126
0.156770 0.228029 0.009501
0.355107 0.228029 0.007126
0.365796 0.228029 0.008314
0.395487 0.228029 0.007126
0.416865 0.228029 0.008314
0.479810 0.228029 0.008314
0.173397 0.229216 0.013064
0.182898 0.229216 0.008314
0.345606 0.229216 0.005938
0.406176 0.229216 0.008314
0.192399 0.230404 0.007126
0.203088 0.230404 0.007126
0.213777 0.230404 0.007126
0.262470 0.230404 0.008314
0.281473 0.230404 0.005938
0.321853 0.230404 0.008314
0.333729 0.230404 0.008314
0.271971 0.231591 0.007126
0.290974 0.231591 0.015439
0.304038 0.231591 0.009501
0.224466 0.232779 0.007126
0.235154 0.232779 0.008314
0.250594 0.232779 0.008314
