0.768409 0.007126 0.024941
0.783848 0.007126 0.022565
0.754157 0.008314 0.016627
0.853919 0.008314 0.020190
0.818290 0.010689 0.013064
0.880048 0.010689 0.013064
0.692399 0.013064 0.015439
0.219715 0.019002 0.019002
0.155582 0.020190 0.020190
0.122328 0.024941 0.013064
0.875297 0.035629 0.005938
0.758907 0.036817 0.004751
0.774347 0.036817 0.004751
0.807601 0.036817 0.010689
0.838480 0.036817 0.004751
0.856295 0.036817 0.005938
0.695962 0.038005 0.008314
0.729216 0.038005 0.008314
0.749406 0.038005 0.005938
0.764846 0.038005 0.010689
0.781473 0.038005 0.011876
0.792162 0.038005 0.007126
0.819477 0.038005 0.007126
0.830166 0.038005 0.005938
0.847981 0.038005 0.007126
0.865796 0.038005 0.007126
0.885986 0.038005 0.008314
0.623515 0.039192 0.008314
0.648456 0.039192 0.008314
0.660333 0.039192 0.007126
0.669834 0.039192 0.007126
0.679335 0.039192 0.008314
0.687648 0.039192 0.005938
0.709026 0.039192 0.005938
0.716152 0.039192 0.008314
0.739905 0.039192 0.005938
0.602138 0.040380 0.005938
0.610451 0.040380 0.007126
0.635392 0.040380 0.008314
0.553444 0.041568 0.004751
0.561758 0.041568 0.005938
0.570071 0.041568 0.004751
0.591449 0.041568 0.007126
0.519002 0.042755 0.005938
0.535629 0.042755 0.005938
0.543943 0.042755 0.005938
0.579572 0.042755 0.008314
0.270784 0.045131 0.007126
0.476247 0.045131 0.005938
0.485748 0.045131 0.008314
0.498812 0.045131 0.007126
0.509501 0.045131 0.007126
0.526128 0.045131 0.005938
0.237530 0.046318 0.008314
0.249406 0.046318 0.004751
0.258907 0.046318 0.005938
0.279097 0.046318 0.010689
0.427553 0.046318 0.008314
0.450119 0.046318 0.004751
0.458432 0.046318 0.005938
0.467933 0.046318 0.008314
0.184086 0.047506 0.004751
0.191211 0.047506 0.004751
0.200713 0.047506 0.007126
0.210214 0.047506 0.005938
0.220903 0.047506 0.008314
0.293349 0.047506 0.008314
0.312352 0.047506 0.005938
0.345606 0.047506 0.004751
0.372922 0.047506 0.004751
0.381235 0.047506 0.004751
0.399050 0.047506 0.007126
0.407363 0.047506 0.004751
0.414489 0.047506 0.010689
0.438242 0.047506 0.008314
0.143705 0.048694 0.010689
0.157957 0.048694 0.004751
0.166271 0.048694 0.005938
0.174584 0.048694 0.005938
0.302850 0.048694 0.007126
0.324228 0.048694 0.008314
0.331354 0.048694 0.005938
0.352732 0.048694 0.004751
0.361045 0.048694 0.011876
0.133017 0.049881 0.007126
0.884798 0.049881 0.013064
0.855107 0.051069 0.008314
0.866983 0.051069 0.004751
0.877672 0.051069 0.007126
0.792162 0.052257 0.008314
0.821853 0.052257 0.007126
0.836105 0.052257 0.008314
0.844418 0.052257 0.008314
0.769596 0.053444 0.007126
0.780285 0.053444 0.004751
0.799287 0.053444 0.004751
0.812352 0.053444 0.008314
0.710214 0.054632 0.008314
0.718527 0.054632 0.004751
0.735154 0.054632 0.008314
0.749406 0.054632 0.005938
0.757720 0.054632 0.007126
0.653207 0.055819 0.004751
0.661520 0.055819 0.005938
0.673397 0.055819 0.008314
0.686461 0.055819 0.007126
0.694774 0.055819 0.008314
0.643705 0.057007 0.007126
0.545131 0.058195 0.005938
0.561758 0.058195 0.005938
0.581948 0.058195 0.005938
0.599762 0.058195 0.004751
0.608076 0.058195 0.010689
0.623515 0.058195 0.005938
0.631829 0.058195 0.007126
0.553444 0.059382 0.007126
0.572447 0.059382 0.007126
0.590261 0.059382 0.008314
0.490499 0.060570 0.004751
0.497625 0.060570 0.005938
0.507126 0.060570 0.007126
0.517815 0.060570 0.007126
0.527316 0.060570 0.004751
0.535629 0.060570 0.005938
0.242280 0.061758 0.007126
0.251781 0.061758 0.004751
0.402613 0.061758 0.005938
0.480998 0.061758 0.008314
0.169834 0.062945 0.007126
0.211401 0.062945 0.005938
0.219715 0.062945 0.004751
0.230404 0.062945 0.008314
0.261283 0.062945 0.008314
0.275534 0.062945 0.008314
0.286223 0.062945 0.007126
0.317102 0.062945 0.005938
0.330166 0.062945 0.008314
0.342043 0.062945 0.007126
0.466746 0.062945 0.008314
0.130641 0.064133 0.007126
0.142518 0.064133 0.007126
0.153207 0.064133 0.004751
0.160333 0.064133 0.010689
0.180523 0.064133 0.008314
0.191211 0.064133 0.007126
0.201900 0.064133 0.005938
0.295724 0.064133 0.007126
0.306413 0.064133 0.005938
0.378860 0.064133 0.004751
0.387173 0.064133 0.004751
0.414489 0.064133 0.007126
0.423990 0.064133 0.005938
0.444181 0.064133 0.007126
0.454869 0.064133 0.008314
0.355107 0.065321 0.008314
0.369359 0.065321 0.008314
0.433492 0.065321 0.008314
0.859857 0.065321 0.007126
0.869359 0.065321 0.005938
0.878860 0.065321 0.005938
0.887173 0.065321 0.005938
0.849169 0.066508 0.004751
0.781473 0.067696 0.007126
0.790974 0.067696 0.011876
0.798100 0.067696 0.005938
0.819477 0.067696 0.004751
0.826603 0.067696 0.004751
0.833729 0.067696 0.004751
0.842043 0.067696 0.004751
0.732779 0.068884 0.004751
0.743468 0.068884 0.007126
0.770784 0.068884 0.004751
0.807601 0.068884 0.004751
0.813539 0.068884 0.004751
0.676960 0.070071 0.008314
0.704276 0.070071 0.008314
0.720903 0.070071 0.008314
0.762470 0.070071 0.004751
0.692399 0.071259 0.005938
0.751781 0.071259 0.008314
0.642518 0.072447 0.008314
0.655582 0.072447 0.008314
0.667458 0.072447 0.007126
0.566508 0.073634 0.007126
0.577197 0.073634 0.005938
0.589074 0.073634 0.008314
0.598575 0.073634 0.007126
0.633017 0.073634 0.005938
0.609264 0.074822 0.005938
0.619952 0.074822 0.008314
0.247031 0.076010 0.007126
0.288599 0.076010 0.005938
0.555819 0.076010 0.008314
0.223278 0.077197 0.008314
0.236342 0.077197 0.007126
0.258907 0.077197 0.005938
0.268409 0.077197 0.005938
0.280285 0.077197 0.005938
0.299287 0.077197 0.005938
0.508314 0.077197 0.005938
0.516627 0.077197 0.004751
0.527316 0.077197 0.005938
0.535629 0.077197 0.004751
0.543943 0.077197 0.008314
0.200713 0.078385 0.008314
0.308789 0.078385 0.007126
0.484561 0.078385 0.007126
0.495249 0.078385 0.007126
0.129454 0.079572 0.008314
0.141330 0.079572 0.008314
0.153207 0.079572 0.007126
0.162708 0.079572 0.007126
0.174584 0.079572 0.008314
0.188836 0.079572 0.008314
0.212589 0.079572 0.008314
0.319477 0.079572 0.004751
0.370546 0.079572 0.007126
0.415677 0.079572 0.004751
0.423990 0.079572 0.005938
0.442993 0.079572 0.005938
0.464371 0.079572 0.007126
0.473872 0.079572 0.005938
0.345606 0.080760 0.008314
0.358670 0.080760 0.007126
0.381235 0.080760 0.008314
0.406176 0.080760 0.007126
0.432304 0.080760 0.008314
0.452494 0.080760 0.005938
0.327791 0.081948 0.004751
0.393112 0.081948 0.005938
0.855107 0.081948 0.004751
0.862233 0.081948 0.008314
0.872922 0.081948 0.004751
0.881235 0.081948 0.011876
0.834917 0.083135 0.005938
0.846793 0.083135 0.008314
0.285036 0.084323 0.005938
0.824228 0.084323 0.009501
0.277910 0.085511 0.004751
0.713777 0.085511 0.008314
0.736342 0.085511 0.010689
0.773159 0.085511 0.005938
0.808789 0.085511 0.007126
0.647268 0.086698 0.004751
0.673397 0.086698 0.008314
0.744656 0.086698 0.004751
0.754157 0.086698 0.007126
0.764846 0.086698 0.004751
0.788599 0.086698 0.007126
0.798100 0.086698 0.005938
0.634204 0.087886 0.008314
0.665083 0.087886 0.007126
0.724466 0.087886 0.008314
0.505938 0.089074 0.007126
0.606888 0.089074 0.004751
0.653207 0.089074 0.009501
0.570071 0.090261 0.004751
0.578385 0.090261 0.004751
0.589074 0.090261 0.007126
0.598575 0.090261 0.005938
0.623515 0.090261 0.008314
0.308789 0.091449 0.007126
0.515439 0.091449 0.007126
0.561758 0.091449 0.005938
0.255344 0.092637 0.007126
0.299287 0.092637 0.011876
0.323040 0.092637 0.005938
0.331354 0.092637 0.004751
0.526128 0.092637 0.005938
0.533254 0.092637 0.004751
0.541568 0.092637 0.005938
0.182898 0.093824 0.005938
0.211401 0.093824 0.010689
0.225653 0.093824 0.008314
0.236342 0.093824 0.007126
0.347981 0.093824 0.007126
0.363420 0.093824 0.005938
0.371734 0.093824 0.007126
0.461995 0.093824 0.008314
0.471496 0.093824 0.004751
0.478622 0.093824 0.004751
0.489311 0.093824 0.007126
0.551069 0.093824 0.007126
0.154394 0.095012 0.005938
0.163895 0.095012 0.005938
0.172209 0.095012 0.007126
0.193587 0.095012 0.008314
0.292162 0.095012 0.004751
0.381235 0.095012 0.008314
0.393112 0.095012 0.007126
0.402613 0.095012 0.004751
0.448931 0.095012 0.007126
0.143705 0.096200 0.007126
0.409739 0.096200 0.008314
0.422803 0.096200 0.008314
0.439430 0.096200 0.008314
0.883610 0.096200 0.004751
0.131829 0.097387 0.009501
0.274347 0.097387 0.007126
0.282660 0.097387 0.005938
0.875297 0.097387 0.004751
0.856295 0.098575 0.004751
0.866983 0.098575 0.007126
0.838480 0.099762 0.007126
0.849169 0.099762 0.008314
0.818290 0.100950 0.007126
0.827791 0.100950 0.004751
0.714964 0.102138 0.004751
0.737530 0.102138 0.008314
0.749406 0.102138 0.004751
0.758907 0.102138 0.005938
0.771971 0.102138 0.004751
0.781473 0.102138 0.008314
0.789786 0.102138 0.004751
0.806413 0.102138 0.007126
0.668646 0.103325 0.013064
0.725653 0.103325 0.007126
0.796912 0.103325 0.004751
0.638955 0.104513 0.008314
0.649644 0.104513 0.007126
0.660333 0.104513 0.008314
0.625891 0.105701 0.004751
0.583135 0.106888 0.008314
0.591449 0.106888 0.004751
0.600950 0.106888 0.008314
0.611639 0.106888 0.010689
0.567696 0.108076 0.008314
0.250594 0.109264 0.008314
0.464371 0.109264 0.010689
0.490499 0.109264 0.010689
0.513064 0.109264 0.008314
0.533254 0.109264 0.004751
0.541568 0.109264 0.010689
0.557007 0.109264 0.008314
0.167458 0.110451 0.005938
0.176960 0.110451 0.007126
0.188836 0.110451 0.004751
0.207838 0.110451 0.007126
0.218527 0.110451 0.005938
0.226841 0.110451 0.005938
0.237530 0.110451 0.008314
0.292162 0.110451 0.005938
0.399050 0.110451 0.008314
0.482185 0.110451 0.008314
0.504751 0.110451 0.004751
0.524941 0.110451 0.010689
0.140143 0.111639 0.005938
0.148456 0.111639 0.005938
0.156770 0.111639 0.007126
0.195962 0.111639 0.010689
0.262470 0.111639 0.005938
0.273159 0.111639 0.007126
0.282660 0.111639 0.007126
0.350356 0.111639 0.008314
0.377672 0.111639 0.005938
0.388361 0.111639 0.007126
0.410926 0.111639 0.013064
0.419240 0.111639 0.004751
0.427553 0.111639 0.004751
0.435867 0.111639 0.011876
0.448931 0.111639 0.010689
0.470309 0.111639 0.008314
0.129454 0.112827 0.007126
0.339667 0.112827 0.007126
0.887173 0.112827 0.004751
0.868171 0.114014 0.004751
0.876485 0.114014 0.005938
0.858670 0.115202 0.007126
0.833729 0.116390 0.007126
0.846793 0.116390 0.008314
0.820665 0.117577 0.008314
0.742280 0.118765 0.008314
0.750594 0.118765 0.008314
0.763658 0.118765 0.005938
0.776722 0.118765 0.008314
0.786223 0.118765 0.007126
0.796912 0.118765 0.004751
0.808789 0.118765 0.008314
0.718527 0.119952 0.004751
0.730404 0.119952 0.009501
0.636580 0.122328 0.004751
0.653207 0.122328 0.005938
0.662708 0.122328 0.008314
0.617577 0.123515 0.004751
0.625891 0.123515 0.007126
0.643705 0.123515 0.004751
0.561758 0.124703 0.008314
0.571259 0.124703 0.005938
0.586698 0.124703 0.010689
0.609264 0.124703 0.005938
0.482185 0.125891 0.004751
0.532067 0.125891 0.007126
0.542755 0.125891 0.004751
0.552257 0.125891 0.005938
0.597387 0.125891 0.008314
0.890736 0.125891 0.010689
0.216152 0.127078 0.010689
0.254157 0.127078 0.008314
0.264846 0.127078 0.005938
0.274347 0.127078 0.007126
0.464371 0.127078 0.010689
0.473872 0.127078 0.005938
0.490499 0.127078 0.005938
0.522565 0.127078 0.007126
0.124703 0.128266 0.009501
0.155582 0.128266 0.008314
0.163895 0.128266 0.005938
0.174584 0.128266 0.005938
0.182898 0.128266 0.008314
0.199525 0.128266 0.011876
0.207838 0.128266 0.004751
0.287411 0.128266 0.008314
0.377672 0.128266 0.005938
0.498812 0.128266 0.008314
0.509501 0.128266 0.007126
0.230404 0.129454 0.008314
0.243468 0.129454 0.008314
0.368171 0.129454 0.008314
0.388361 0.129454 0.008314
0.401425 0.129454 0.008314
0.413302 0.129454 0.008314
0.448931 0.129454 0.007126
0.337292 0.130641 0.008314
0.346793 0.130641 0.008314
0.357482 0.130641 0.005938
0.426366 0.130641 0.007126
0.868171 0.130641 0.005938
0.876485 0.130641 0.004751
0.437055 0.131829 0.005938
0.859857 0.131829 0.005938
0.826603 0.134204 0.007126
0.842043 0.134204 0.004751
0.850356 0.134204 0.007126
0.796912 0.135392 0.007126
0.771971 0.136580 0.010689
0.786223 0.136580 0.009501
0.807601 0.136580 0.007126
0.819477 0.136580 0.010689
0.752969 0.137767 0.008314
0.763658 0.137767 0.008314
0.730404 0.138955 0.007126
0.739905 0.138955 0.004751
0.657957 0.140143 0.007126
0.667458 0.140143 0.008314
0.676960 0.140143 0.007126
0.706651 0.140143 0.008314
0.719715 0.140143 0.008314
0.615202 0.141330 0.007126
0.624703 0.141330 0.007126
0.634204 0.141330 0.008314
0.642518 0.141330 0.010689
0.572447 0.142518 0.008314
0.584323 0.142518 0.005938
0.605701 0.142518 0.008314
0.257720 0.143705 0.008314
0.547506 0.143705 0.008314
0.560570 0.143705 0.009501
0.595012 0.143705 0.008314
0.180523 0.144893 0.011876
0.195962 0.144893 0.011876
0.203088 0.144893 0.004751
0.247031 0.144893 0.007126
0.266033 0.144893 0.007126
0.470309 0.144893 0.004751
0.536817 0.144893 0.007126
0.137767 0.146081 0.008314
0.147268 0.146081 0.005938
0.157957 0.146081 0.010689
0.165083 0.146081 0.004751
0.212589 0.146081 0.008314
0.224466 0.146081 0.005938
0.276722 0.146081 0.005938
0.331354 0.146081 0.008314
0.339667 0.146081 0.005938
0.399050 0.146081 0.005938
0.461995 0.146081 0.004751
0.478622 0.146081 0.004751
0.498812 0.146081 0.007126
0.510689 0.146081 0.007126
0.522565 0.146081 0.008314
0.125891 0.147268 0.005938
0.232779 0.147268 0.004751
0.286223 0.147268 0.008314
0.296912 0.147268 0.007126
0.350356 0.147268 0.007126
0.362233 0.147268 0.008314
0.374109 0.147268 0.008314
0.387173 0.147268 0.008314
0.408551 0.147268 0.005938
0.418052 0.147268 0.007126
0.429929 0.147268 0.007126
0.440618 0.147268 0.004751
0.447743 0.147268 0.010689
0.486936 0.147268 0.013064
0.855107 0.149644 0.011876
0.863420 0.149644 0.004751
0.874109 0.149644 0.008314
0.891924 0.149644 0.010689
0.830166 0.152019 0.008314
0.840855 0.152019 0.008314
0.809976 0.153207 0.004751
0.817102 0.153207 0.005938
0.769596 0.154394 0.005938
0.802850 0.154394 0.010689
0.741093 0.155582 0.005938
0.761283 0.155582 0.007126
0.777910 0.155582 0.008314
0.789786 0.155582 0.008314
0.720903 0.156770 0.004751
0.749406 0.156770 0.013064
0.691211 0.157957 0.007126
0.703088 0.157957 0.008314
0.713777 0.157957 0.004751
0.665083 0.159145 0.007126
0.674584 0.159145 0.008314
0.595012 0.160333 0.004751
0.614014 0.160333 0.007126
0.627078 0.160333 0.009501
0.642518 0.160333 0.007126
0.654394 0.160333 0.007126
0.540380 0.161520 0.011876
0.549881 0.161520 0.007126
0.559382 0.161520 0.007126
0.571259 0.161520 0.009501
0.587886 0.161520 0.005938
0.604513 0.161520 0.008314
0.198337 0.162708 0.008314
0.257720 0.162708 0.005938
0.267221 0.162708 0.004751
0.275534 0.162708 0.008314
0.287411 0.162708 0.005938
0.299287 0.162708 0.007126
0.311164 0.162708 0.008314
0.324228 0.162708 0.008314
0.336105 0.162708 0.005938
0.357482 0.162708 0.007126
0.400238 0.162708 0.008314
0.412114 0.162708 0.005938
0.420428 0.162708 0.010689
0.451306 0.162708 0.007126
0.524941 0.162708 0.007126
0.154394 0.163895 0.005938
0.163895 0.163895 0.005938
0.176960 0.163895 0.008314
0.248219 0.163895 0.005938
0.344418 0.163895 0.013064
0.366983 0.163895 0.008314
0.377672 0.163895 0.005938
0.433492 0.163895 0.004751
0.440618 0.163895 0.004751
0.461995 0.163895 0.007126
0.472684 0.163895 0.007126
0.482185 0.163895 0.005938
0.490499 0.163895 0.008314
0.502375 0.163895 0.005938
0.510689 0.163895 0.010689
0.144893 0.165083 0.007126
0.186461 0.165083 0.007126
0.207838 0.165083 0.008314
0.225653 0.165083 0.007126
0.237530 0.165083 0.008314
0.134204 0.166271 0.007126
0.216152 0.166271 0.014252
0.897862 0.166271 0.011876
0.124703 0.167458 0.005938
0.889549 0.167458 0.005938
0.875297 0.171021 0.011876
0.832542 0.172209 0.008314
0.843230 0.172209 0.013064
0.850356 0.172209 0.011876
0.864608 0.172209 0.008314
0.774347 0.173397 0.009501
0.787411 0.173397 0.010689
0.800475 0.173397 0.008314
0.813539 0.173397 0.004751
0.820665 0.173397 0.011876
0.754157 0.174584 0.007126
0.764846 0.174584 0.007126
0.682898 0.175772 0.008314
0.694774 0.175772 0.007126
0.703088 0.175772 0.005938
0.712589 0.175772 0.007126
0.722090 0.175772 0.007126
0.733967 0.175772 0.008314
0.744656 0.175772 0.005938
0.662708 0.176960 0.005938
0.673397 0.176960 0.007126
0.643705 0.178147 0.005938
0.572447 0.179335 0.005938
0.584323 0.179335 0.008314
0.622328 0.179335 0.008314
0.635392 0.179335 0.014252
0.653207 0.179335 0.008314
0.517815 0.180523 0.008314
0.528504 0.180523 0.008314
0.538005 0.180523 0.007126
0.548694 0.180523 0.008314
0.561758 0.180523 0.007126
0.598575 0.180523 0.008314
0.609264 0.180523 0.008314
0.347981 0.181710 0.008314
0.359857 0.181710 0.008314
0.385986 0.181710 0.007126
0.471496 0.181710 0.007126
0.480998 0.181710 0.004751
0.497625 0.181710 0.005938
0.332542 0.182898 0.008314
0.375297 0.182898 0.008314
0.396675 0.182898 0.005938
0.420428 0.182898 0.004751
0.431116 0.182898 0.008314
0.446556 0.182898 0.008314
0.488124 0.182898 0.011876
0.507126 0.182898 0.008314
0.142518 0.184086 0.007126
0.154394 0.184086 0.008314
0.163895 0.184086 0.007126
0.190024 0.184086 0.008314
0.199525 0.184086 0.004751
0.206651 0.184086 0.011876
0.218527 0.184086 0.008314
0.243468 0.184086 0.005938
0.263658 0.184086 0.008314
0.286223 0.184086 0.015439
0.294537 0.184086 0.015439
0.308789 0.184086 0.013064
0.320665 0.184086 0.008314
0.404988 0.184086 0.008314
0.457245 0.184086 0.013064
0.124703 0.185273 0.011876
0.131829 0.185273 0.004751
0.176960 0.185273 0.008314
0.231591 0.185273 0.008314
0.251781 0.185273 0.008314
0.273159 0.185273 0.008314
