0.314727 0.000000 0.011876
0.336105 0.000000 0.005938
0.381235 0.000000 0.016627
0.606888 0.000000 0.038005
0.391924 0.001188 0.013064
0.941805 0.002375 0.019002
0.623515 0.004751 0.022565
0.598575 0.007126 0.022565
0.846793 0.007126 0.024941
0.328979 0.008314 0.004751
0.726841 0.008314 0.019002
0.756532 0.010689 0.016627
0.763658 0.010689 0.027316
0.878860 0.010689 0.013064
0.628266 0.011876 0.016627
0.817102 0.011876 0.011876
0.692399 0.013064 0.013064
0.410926 0.017815 0.021378
0.338480 0.020190 0.023753
0.309976 0.021378 0.011876
0.372922 0.021378 0.010689
0.214964 0.022565 0.020190
0.248219 0.022565 0.020190
0.275534 0.022565 0.023753
0.185273 0.023753 0.013064
0.827791 0.041568 0.015439
0.858670 0.042755 0.005938
0.865796 0.042755 0.004751
0.876485 0.042755 0.008314
0.686461 0.043943 0.008314
0.700713 0.043943 0.008314
0.768409 0.043943 0.013064
0.777910 0.043943 0.005938
0.817102 0.043943 0.004751
0.849169 0.043943 0.004751
0.714964 0.045131 0.010689
0.722090 0.045131 0.004751
0.730404 0.045131 0.005938
0.739905 0.045131 0.007126
0.752969 0.045131 0.008314
0.761283 0.045131 0.004751
0.807601 0.045131 0.008314
0.840855 0.045131 0.010689
0.635392 0.046318 0.005938
0.646081 0.046318 0.008314
0.655582 0.046318 0.004751
0.671021 0.046318 0.008314
0.795724 0.046318 0.010689
0.568884 0.047506 0.016627
0.579572 0.047506 0.005938
0.589074 0.047506 0.007126
0.599762 0.047506 0.008314
0.627078 0.047506 0.008314
0.661520 0.047506 0.010689
0.555819 0.048694 0.008314
0.615202 0.048694 0.010689
0.500000 0.049881 0.010689
0.507126 0.049881 0.004751
0.514252 0.049881 0.004751
0.520190 0.049881 0.008314
0.532067 0.049881 0.008314
0.546318 0.049881 0.007126
0.458432 0.051069 0.008314
0.484561 0.051069 0.008314
0.128266 0.052257 0.007126
0.137767 0.052257 0.008314
0.148456 0.052257 0.005938
0.156770 0.052257 0.004751
0.165083 0.052257 0.008314
0.176960 0.052257 0.007126
0.255344 0.052257 0.004751
0.362233 0.052257 0.008314
0.413302 0.052257 0.008314
0.423990 0.052257 0.005938
0.469121 0.052257 0.005938
0.186461 0.053444 0.008314
0.198337 0.053444 0.008314
0.211401 0.053444 0.008314
0.224466 0.053444 0.013064
0.262470 0.053444 0.004751
0.269596 0.053444 0.004751
0.276722 0.053444 0.009501
0.290974 0.053444 0.008314
0.302850 0.053444 0.007126
0.313539 0.053444 0.007126
0.374109 0.053444 0.007126
0.441805 0.053444 0.013064
0.231591 0.054632 0.011876
0.247031 0.054632 0.010689
0.324228 0.054632 0.008314
0.343230 0.054632 0.013064
0.351544 0.054632 0.005938
0.384798 0.054632 0.008314
0.399050 0.054632 0.010689
0.331354 0.055819 0.013064
0.861045 0.059382 0.004751
0.871734 0.060570 0.009501
0.700713 0.061758 0.008314
0.764846 0.061758 0.008314
0.776722 0.061758 0.005938
0.785036 0.061758 0.005938
0.794537 0.061758 0.004751
0.801663 0.061758 0.008314
0.812352 0.061758 0.007126
0.823040 0.061758 0.005938
0.831354 0.061758 0.005938
0.839667 0.061758 0.004751
0.847981 0.061758 0.004751
0.663895 0.062945 0.004751
0.671021 0.062945 0.004751
0.682898 0.062945 0.009501
0.713777 0.062945 0.005938
0.720903 0.062945 0.011876
0.732779 0.062945 0.007126
0.637767 0.064133 0.004751
0.644893 0.064133 0.005938
0.654394 0.064133 0.005938
0.744656 0.064133 0.005938
0.752969 0.064133 0.011876
0.618765 0.065321 0.008314
0.630641 0.065321 0.004751
0.606888 0.066508 0.008314
0.128266 0.067696 0.008314
0.138955 0.067696 0.008314
0.596200 0.067696 0.004751
0.152019 0.068884 0.007126
0.162708 0.068884 0.005938
0.174584 0.068884 0.007126
0.182898 0.068884 0.007126
0.193587 0.068884 0.007126
0.267221 0.068884 0.004751
0.457245 0.068884 0.004751
0.491686 0.068884 0.007126
0.511876 0.068884 0.004751
0.520190 0.068884 0.005938
0.529691 0.068884 0.005938
0.539192 0.068884 0.007126
0.548694 0.068884 0.005938
0.559382 0.068884 0.008314
0.577197 0.068884 0.008314
0.587886 0.068884 0.008314
0.206651 0.070071 0.008314
0.222090 0.070071 0.008314
0.249406 0.070071 0.005938
0.283848 0.070071 0.005938
0.290974 0.070071 0.004751
0.300475 0.070071 0.005938
0.378860 0.070071 0.005938
0.483373 0.070071 0.004751
0.502375 0.070071 0.007126
0.238717 0.071259 0.008314
0.256532 0.071259 0.008314
0.273159 0.071259 0.010689
0.309976 0.071259 0.008314
0.353919 0.071259 0.008314
0.365796 0.071259 0.008314
0.389549 0.071259 0.008314
0.399050 0.071259 0.007126
0.410926 0.071259 0.008314
0.426366 0.071259 0.004751
0.438242 0.071259 0.008314
0.473872 0.071259 0.008314
0.324228 0.072447 0.008314
0.334917 0.072447 0.005938
0.344418 0.072447 0.005938
0.447743 0.072447 0.005938
0.875297 0.077197 0.009501
0.809976 0.078385 0.005938
0.830166 0.078385 0.007126
0.839667 0.078385 0.007126
0.851544 0.078385 0.007126
0.861045 0.078385 0.008314
0.697150 0.079572 0.007126
0.720903 0.079572 0.005938
0.730404 0.079572 0.007126
0.741093 0.079572 0.008314
0.751781 0.079572 0.005938
0.763658 0.079572 0.008314
0.774347 0.079572 0.005938
0.782660 0.079572 0.004751
0.790974 0.079572 0.008314
0.800475 0.079572 0.005938
0.819477 0.079572 0.007126
0.678147 0.080760 0.010689
0.710214 0.080760 0.008314
0.644893 0.081948 0.008314
0.653207 0.081948 0.005938
0.665083 0.081948 0.008314
0.634204 0.083135 0.005938
0.147268 0.084323 0.004751
0.184086 0.084323 0.007126
0.583135 0.084323 0.005938
0.592637 0.084323 0.004751
0.603325 0.084323 0.007126
0.615202 0.084323 0.008314
0.625891 0.084323 0.007126
0.133017 0.085511 0.011876
0.154394 0.085511 0.004751
0.163895 0.085511 0.005938
0.173397 0.085511 0.005938
0.195962 0.085511 0.005938
0.216152 0.085511 0.007126
0.224466 0.085511 0.004751
0.238717 0.085511 0.008314
0.249406 0.085511 0.005938
0.572447 0.085511 0.005938
0.125891 0.086698 0.011876
0.203088 0.086698 0.005938
0.258907 0.086698 0.004751
0.268409 0.086698 0.007126
0.283848 0.086698 0.008314
0.294537 0.086698 0.005938
0.304038 0.086698 0.004751
0.495249 0.086698 0.008314
0.536817 0.086698 0.005938
0.545131 0.086698 0.004751
0.561758 0.086698 0.005938
0.342043 0.087886 0.008314
0.355107 0.087886 0.008314
0.364608 0.087886 0.007126
0.391924 0.087886 0.008314
0.402613 0.087886 0.004751
0.410926 0.087886 0.008314
0.421615 0.087886 0.007126
0.431116 0.087886 0.008314
0.440618 0.087886 0.005938
0.451306 0.087886 0.007126
0.463183 0.087886 0.007126
0.472684 0.087886 0.004751
0.479810 0.087886 0.008314
0.504751 0.087886 0.007126
0.515439 0.087886 0.007126
0.526128 0.087886 0.008314
0.326603 0.089074 0.009501
0.376485 0.089074 0.008314
0.871734 0.092637 0.010689
0.863420 0.093824 0.005938
0.768409 0.095012 0.005938
0.826603 0.095012 0.013064
0.833729 0.095012 0.011876
0.844418 0.095012 0.004751
0.852732 0.095012 0.005938
0.798100 0.096200 0.008314
0.818290 0.096200 0.005938
0.657957 0.097387 0.008314
0.667458 0.097387 0.005938
0.750594 0.097387 0.004751
0.758907 0.097387 0.008314
0.786223 0.097387 0.008314
0.807601 0.097387 0.005938
0.642518 0.098575 0.010689
0.743468 0.098575 0.011876
0.623515 0.099762 0.008314
0.634204 0.099762 0.004751
0.709026 0.099762 0.013064
0.726841 0.099762 0.004751
0.733967 0.099762 0.011876
0.273159 0.100950 0.008314
0.612827 0.100950 0.008314
0.717340 0.100950 0.007126
0.128266 0.102138 0.007126
0.140143 0.102138 0.005938
0.149644 0.102138 0.008314
0.172209 0.102138 0.007126
0.181710 0.102138 0.004751
0.190024 0.102138 0.007126
0.203088 0.102138 0.008314
0.213777 0.102138 0.008314
0.223278 0.102138 0.008314
0.282660 0.102138 0.008314
0.293349 0.102138 0.008314
0.581948 0.102138 0.008314
0.592637 0.102138 0.013064
0.599762 0.102138 0.011876
0.160333 0.103325 0.007126
0.262470 0.103325 0.004751
0.535629 0.103325 0.005938
0.547506 0.103325 0.007126
0.559382 0.103325 0.008314
0.570071 0.103325 0.005938
0.239905 0.104513 0.009501
0.252969 0.104513 0.007126
0.332542 0.104513 0.007126
0.471496 0.104513 0.011876
0.516627 0.104513 0.008314
0.526128 0.104513 0.005938
0.343230 0.105701 0.008314
0.362233 0.105701 0.011876
0.369359 0.105701 0.005938
0.378860 0.105701 0.005938
0.387173 0.105701 0.005938
0.396675 0.105701 0.005938
0.445368 0.105701 0.008314
0.457245 0.105701 0.008314
0.482185 0.105701 0.007126
0.406176 0.106888 0.005938
0.414489 0.106888 0.004751
0.423990 0.106888 0.005938
0.433492 0.106888 0.007126
0.492874 0.106888 0.008314
0.503563 0.106888 0.008314
0.869359 0.110451 0.008314
0.878860 0.110451 0.008314
0.857482 0.111639 0.008314
0.811164 0.112827 0.007126
0.831354 0.112827 0.008314
0.845606 0.112827 0.008314
0.096200 0.114014 0.007126
0.750594 0.114014 0.004751
0.762470 0.114014 0.008314
0.773159 0.114014 0.008314
0.788599 0.114014 0.008314
0.800475 0.114014 0.008314
0.823040 0.114014 0.011876
0.738717 0.115202 0.003563
0.744656 0.115202 0.004751
0.716152 0.116390 0.010689
0.638955 0.117577 0.010689
0.653207 0.117577 0.004751
0.723278 0.117577 0.008314
0.123515 0.118765 0.007126
0.608076 0.118765 0.008314
0.616390 0.118765 0.005938
0.625891 0.118765 0.008314
0.133017 0.119952 0.005938
0.142518 0.119952 0.007126
0.153207 0.119952 0.007126
0.187648 0.119952 0.010689
0.194774 0.119952 0.004751
0.570071 0.119952 0.004751
0.578385 0.119952 0.008314
0.595012 0.119952 0.008314
0.163895 0.121140 0.005938
0.174584 0.121140 0.008314
0.212589 0.121140 0.010689
0.219715 0.121140 0.010689
0.247031 0.121140 0.009501
0.261283 0.121140 0.008314
0.270784 0.121140 0.007126
0.282660 0.121140 0.008314
0.561758 0.121140 0.011876
0.230404 0.122328 0.008314
0.538005 0.122328 0.008314
0.551069 0.122328 0.008314
0.357482 0.123515 0.008314
0.369359 0.123515 0.009501
0.382423 0.123515 0.008314
0.400238 0.123515 0.005938
0.464371 0.123515 0.008314
0.475059 0.123515 0.005938
0.511876 0.123515 0.007126
0.521378 0.123515 0.004751
0.338480 0.124703 0.015439
0.349169 0.124703 0.007126
0.390736 0.124703 0.004751
0.408551 0.124703 0.004751
0.456057 0.124703 0.004751
0.489311 0.124703 0.008314
0.501188 0.124703 0.008314
0.095012 0.125891 0.007126
0.418052 0.125891 0.005938
0.426366 0.125891 0.004751
0.433492 0.125891 0.004751
0.444181 0.125891 0.008314
0.874109 0.129454 0.008314
0.830166 0.130641 0.008314
0.840855 0.130641 0.008314
0.851544 0.130641 0.008314
0.864608 0.130641 0.008314
0.707838 0.131829 0.007126
0.801663 0.131829 0.008314
0.814727 0.131829 0.008314
0.649644 0.133017 0.004751
0.730404 0.133017 0.008314
0.756532 0.133017 0.010689
0.764846 0.133017 0.004751
0.771971 0.133017 0.005938
0.781473 0.133017 0.007126
0.792162 0.133017 0.007126
0.657957 0.134204 0.011876
0.719715 0.134204 0.008314
0.736342 0.134204 0.008314
0.745843 0.134204 0.007126
0.621140 0.135392 0.008314
0.633017 0.135392 0.007126
0.642518 0.135392 0.004751
0.602138 0.136580 0.005938
0.611639 0.136580 0.004751
0.567696 0.137767 0.007126
0.581948 0.137767 0.008314
0.591449 0.137767 0.008314
0.122328 0.138955 0.010689
0.142518 0.138955 0.008314
0.150831 0.138955 0.005938
0.190024 0.138955 0.004751
0.172209 0.140143 0.007126
0.181710 0.140143 0.004751
0.197150 0.140143 0.013064
0.207838 0.140143 0.007126
0.217340 0.140143 0.007126
0.229216 0.140143 0.008314
0.241093 0.140143 0.004751
0.249406 0.140143 0.008314
0.262470 0.140143 0.008314
0.280285 0.140143 0.013064
0.549881 0.140143 0.005938
0.557007 0.140143 0.011876
0.160333 0.141330 0.007126
0.332542 0.141330 0.008314
0.374109 0.141330 0.008314
0.399050 0.141330 0.005938
0.407363 0.141330 0.013064
0.418052 0.141330 0.007126
0.427553 0.141330 0.005938
0.460808 0.141330 0.007126
0.471496 0.141330 0.005938
0.486936 0.141330 0.005938
0.495249 0.141330 0.004751
0.504751 0.141330 0.008314
0.526128 0.141330 0.008314
0.538005 0.141330 0.007126
0.269596 0.142518 0.013064
0.387173 0.142518 0.008314
0.435867 0.142518 0.005938
0.446556 0.142518 0.008314
0.516627 0.142518 0.007126
0.345606 0.143705 0.008314
0.356295 0.143705 0.004751
0.830166 0.146081 0.008314
0.781473 0.147268 0.008314
0.869359 0.147268 0.005938
0.877672 0.147268 0.005938
0.774347 0.148456 0.004751
0.809976 0.148456 0.007126
0.819477 0.148456 0.007126
0.842043 0.148456 0.008314
0.857482 0.148456 0.010689
0.766033 0.149644 0.004751
0.790974 0.149644 0.004751
0.799287 0.149644 0.007126
0.668646 0.150831 0.008314
0.679335 0.150831 0.005938
0.743468 0.150831 0.008314
0.758907 0.150831 0.004751
0.650831 0.152019 0.004751
0.687648 0.152019 0.005938
0.697150 0.152019 0.005938
0.706651 0.152019 0.005938
0.731591 0.152019 0.007126
0.608076 0.153207 0.004751
0.634204 0.153207 0.004751
0.642518 0.153207 0.011876
0.660333 0.153207 0.013064
0.718527 0.153207 0.007126
0.581948 0.154394 0.007126
0.590261 0.154394 0.005938
0.598575 0.154394 0.004751
0.625891 0.154394 0.005938
0.554632 0.155582 0.005938
0.562945 0.155582 0.004751
0.571259 0.155582 0.005938
0.138955 0.156770 0.005938
0.148456 0.156770 0.008314
0.534442 0.156770 0.005938
0.543943 0.156770 0.008314
0.122328 0.157957 0.011876
0.130641 0.157957 0.004751
0.159145 0.157957 0.005938
0.168646 0.157957 0.007126
0.179335 0.157957 0.004751
0.413302 0.157957 0.005938
0.435867 0.157957 0.008314
0.507126 0.157957 0.007126
0.515439 0.157957 0.007126
0.526128 0.157957 0.007126
0.186461 0.159145 0.005938
0.195962 0.159145 0.005938
0.205463 0.159145 0.005938
0.214964 0.159145 0.008314
0.423990 0.159145 0.008314
0.447743 0.159145 0.007126
0.457245 0.159145 0.004751
0.476247 0.159145 0.010689
0.483373 0.159145 0.004751
0.497625 0.159145 0.007126
0.251781 0.160333 0.008314
0.264846 0.160333 0.008314
0.375297 0.160333 0.005938
0.387173 0.160333 0.008314
0.465558 0.160333 0.007126
0.876485 0.160333 0.008314
0.292162 0.161520 0.008314
0.304038 0.161520 0.008314
0.313539 0.161520 0.008314
0.324228 0.161520 0.005938
0.338480 0.161520 0.010689
0.365796 0.161520 0.005938
0.399050 0.161520 0.008314
0.866983 0.161520 0.007126
0.277910 0.162708 0.008314
0.353919 0.162708 0.010689
0.787411 0.162708 0.009501
0.776722 0.163895 0.007126
0.799287 0.163895 0.009501
0.813539 0.163895 0.008314
0.820665 0.163895 0.004751
0.830166 0.163895 0.005938
0.838480 0.163895 0.004751
0.847981 0.163895 0.005938
0.856295 0.163895 0.004751
0.766033 0.165083 0.007126
0.755344 0.166271 0.007126
0.680523 0.167458 0.008314
0.694774 0.167458 0.008314
0.705463 0.167458 0.007126
0.714964 0.168646 0.007126
0.627078 0.169834 0.007126
0.638955 0.169834 0.009501
0.644893 0.169834 0.004751
0.656770 0.169834 0.008314
0.668646 0.169834 0.008314
0.586698 0.171021 0.005938
0.604513 0.171021 0.008314
0.611639 0.171021 0.010689
0.577197 0.172209 0.007126
0.595012 0.172209 0.005938
0.543943 0.173397 0.007126
0.555819 0.173397 0.007126
0.565321 0.173397 0.007126
0.524941 0.174584 0.005938
0.533254 0.174584 0.011876
0.121140 0.175772 0.008314
0.130641 0.175772 0.005938
0.141330 0.175772 0.007126
0.153207 0.175772 0.007126
0.165083 0.175772 0.007126
0.175772 0.175772 0.005938
0.184086 0.175772 0.004751
0.192399 0.175772 0.005938
0.514252 0.175772 0.007126
0.203088 0.176960 0.008314
0.445368 0.176960 0.008314
0.461995 0.176960 0.007126
0.472684 0.176960 0.008314
0.485748 0.176960 0.007126
0.504751 0.176960 0.004751
0.216152 0.178147 0.008314
0.232779 0.178147 0.010689
0.244656 0.178147 0.008314
0.332542 0.178147 0.007126
0.395487 0.178147 0.008314
0.421615 0.178147 0.008314
0.495249 0.178147 0.007126
0.269596 0.179335 0.008314
0.281473 0.179335 0.007126
0.293349 0.179335 0.008314
0.305226 0.179335 0.005938
0.324228 0.179335 0.008314
0.344418 0.179335 0.005938
0.353919 0.179335 0.004751
0.375297 0.179335 0.010689
0.385986 0.179335 0.005938
0.412114 0.179335 0.008314
0.257720 0.180523 0.007126
0.313539 0.180523 0.008314
0.870546 0.180523 0.013064
0.878860 0.180523 0.007126
0.852732 0.181710 0.007126
0.861045 0.181710 0.004751
0.820665 0.182898 0.008314
0.832542 0.182898 0.007126
0.842043 0.182898 0.008314
0.762470 0.184086 0.008314
0.809976 0.184086 0.008314
0.705463 0.185273 0.008314
0.729216 0.185273 0.008314
0.752969 0.185273 0.008314
0.773159 0.185273 0.008314
0.785036 0.185273 0.008314
0.798100 0.185273 0.008314
0.661520 0.186461 0.008314
0.687648 0.186461 0.013064
0.695962 0.186461 0.005938
0.739905 0.186461 0.005938
0.147268 0.187648 0.007126
0.608076 0.187648 0.007126
0.618765 0.187648 0.013064
0.625891 0.187648 0.011876
0.638955 0.187648 0.007126
0.649644 0.187648 0.008314
0.675772 0.187648 0.008314
0.719715 0.187648 0.007126
0.118765 0.190024 0.008314
0.155582 0.190024 0.005938
0.566508 0.190024 0.005938
0.574822 0.190024 0.008314
0.585511 0.190024 0.007126
0.596200 0.190024 0.008314
0.130641 0.191211 0.007126
0.557007 0.191211 0.007126
0.165083 0.192399 0.004751
0.174584 0.192399 0.008314
0.188836 0.192399 0.008314
0.199525 0.192399 0.007126
0.210214 0.192399 0.005938
0.486936 0.192399 0.008314
0.496437 0.192399 0.004751
0.505938 0.192399 0.005938
0.516627 0.192399 0.008314
0.527316 0.192399 0.005938
0.539192 0.192399 0.013064
0.220903 0.193587 0.008314
0.236342 0.193587 0.005938
0.244656 0.193587 0.004751
0.263658 0.193587 0.008314
0.276722 0.193587 0.004751
0.364608 0.193587 0.004751
0.372922 0.193587 0.004751
0.412114 0.193587 0.008314
0.444181 0.193587 0.008314
0.454869 0.193587 0.008314
0.472684 0.193587 0.010689
0.285036 0.194774 0.011876
0.301663 0.194774 0.008314
0.321853 0.194774 0.004751
0.344418 0.194774 0.007126
0.356295 0.194774 0.008314
0.422803 0.194774 0.005938
0.434679 0.194774 0.007126
0.313539 0.195962 0.005938
