0.941805 0.002375 0.020190
0.846793 0.005938 0.023753
0.764846 0.010689 0.026128
0.880048 0.010689 0.013064
0.817102 0.011876 0.015439
0.692399 0.014252 0.013064
0.213777 0.021378 0.022565
0.275534 0.021378 0.020190
0.309976 0.021378 0.011876
0.247031 0.022565 0.016627
0.185273 0.023753 0.013064
0.742280 0.042755 0.007126
0.703088 0.043943 0.004751
0.720903 0.043943 0.007126
0.731591 0.043943 0.007126
0.751781 0.043943 0.007126
0.763658 0.043943 0.007126
0.774347 0.045131 0.009501
0.787411 0.045131 0.008314
0.798100 0.045131 0.008314
0.811164 0.045131 0.008314
0.647268 0.046318 0.007126
0.661520 0.046318 0.008314
0.672209 0.046318 0.005938
0.682898 0.046318 0.008314
0.712589 0.046318 0.008314
0.821853 0.046318 0.007126
0.830166 0.046318 0.004751
0.552257 0.047506 0.008314
0.596200 0.047506 0.007126
0.606888 0.047506 0.008314
0.617577 0.047506 0.005938
0.625891 0.047506 0.008314
0.636580 0.047506 0.008314
0.693587 0.047506 0.007126
0.846793 0.047506 0.008314
0.562945 0.048694 0.007126
0.574822 0.048694 0.008314
0.586698 0.048694 0.008314
0.501188 0.049881 0.005938
0.509501 0.049881 0.013064
0.517815 0.049881 0.005938
0.527316 0.049881 0.007126
0.539192 0.049881 0.008314
0.864608 0.049881 0.011876
0.877672 0.049881 0.008314
0.308789 0.051069 0.008314
0.365796 0.051069 0.005938
0.383610 0.051069 0.008314
0.395487 0.051069 0.004751
0.406176 0.051069 0.007126
0.432304 0.051069 0.007126
0.442993 0.051069 0.007126
0.453682 0.051069 0.007126
0.465558 0.051069 0.008314
0.479810 0.051069 0.007126
0.489311 0.051069 0.008314
0.256532 0.052257 0.007126
0.268409 0.052257 0.007126
0.279097 0.052257 0.008314
0.287411 0.052257 0.004751
0.293349 0.052257 0.004751
0.324228 0.052257 0.008314
0.346793 0.052257 0.005938
0.356295 0.052257 0.005938
0.372922 0.052257 0.011876
0.419240 0.052257 0.008314
0.224466 0.053444 0.005938
0.235154 0.053444 0.008314
0.247031 0.053444 0.004751
0.336105 0.053444 0.008314
0.135392 0.054632 0.005938
0.146081 0.054632 0.009501
0.180523 0.054632 0.008314
0.191211 0.054632 0.008314
0.205463 0.054632 0.008314
0.216152 0.054632 0.005938
0.160333 0.055819 0.007126
0.169834 0.055819 0.008314
0.745843 0.059382 0.009501
0.758907 0.059382 0.004751
0.766033 0.059382 0.009501
0.777910 0.059382 0.005938
0.790974 0.059382 0.008314
0.682898 0.060570 0.008314
0.723278 0.060570 0.008314
0.730404 0.060570 0.010689
0.814727 0.060570 0.004751
0.671021 0.061758 0.008314
0.693587 0.061758 0.005938
0.710214 0.061758 0.008314
0.799287 0.061758 0.010689
0.823040 0.061758 0.007126
0.842043 0.061758 0.010689
0.864608 0.061758 0.005938
0.883610 0.061758 0.008314
0.589074 0.062945 0.005938
0.598575 0.062945 0.005938
0.661520 0.062945 0.005938
0.834917 0.062945 0.004751
0.856295 0.062945 0.005938
0.872922 0.062945 0.008314
0.526128 0.064133 0.004751
0.564133 0.064133 0.007126
0.573634 0.064133 0.004751
0.581948 0.064133 0.004751
0.606888 0.064133 0.005938
0.616390 0.064133 0.005938
0.627078 0.064133 0.008314
0.638955 0.064133 0.004751
0.646081 0.064133 0.010689
0.450119 0.065321 0.007126
0.507126 0.065321 0.005938
0.516627 0.065321 0.007126
0.534442 0.065321 0.004751
0.541568 0.065321 0.008314
0.552257 0.065321 0.005938
0.401425 0.066508 0.004751
0.463183 0.066508 0.008314
0.479810 0.066508 0.008314
0.495249 0.066508 0.008314
0.274347 0.067696 0.007126
0.283848 0.067696 0.004751
0.294537 0.067696 0.007126
0.301663 0.067696 0.004751
0.362233 0.067696 0.008314
0.408551 0.067696 0.004751
0.416865 0.067696 0.005938
0.426366 0.067696 0.007126
0.437055 0.067696 0.008314
0.209026 0.068884 0.008314
0.225653 0.068884 0.005938
0.235154 0.068884 0.007126
0.252969 0.068884 0.005938
0.263658 0.068884 0.005938
0.320665 0.068884 0.007126
0.375297 0.068884 0.007126
0.190024 0.070071 0.004751
0.197150 0.070071 0.004751
0.218527 0.070071 0.004751
0.244656 0.070071 0.008314
0.339667 0.070071 0.008314
0.349169 0.070071 0.007126
0.146081 0.071259 0.009501
0.173397 0.071259 0.008314
0.182898 0.071259 0.004751
0.134204 0.072447 0.007126
0.160333 0.072447 0.005938
0.819477 0.074822 0.008314
0.681710 0.076010 0.011876
0.697150 0.076010 0.005938
0.673397 0.077197 0.007126
0.718527 0.077197 0.011876
0.743468 0.077197 0.005938
0.752969 0.077197 0.007126
0.806413 0.077197 0.010689
0.832542 0.077197 0.010689
0.839667 0.077197 0.004751
0.882423 0.077197 0.007126
0.764846 0.078385 0.008314
0.775534 0.078385 0.005938
0.783848 0.078385 0.011876
0.799287 0.078385 0.011876
0.849169 0.078385 0.007126
0.858670 0.078385 0.004751
0.865796 0.078385 0.011876
0.511876 0.079572 0.005938
0.603325 0.079572 0.005938
0.652019 0.079572 0.009501
0.660333 0.079572 0.007126
0.502375 0.080760 0.008314
0.532067 0.080760 0.010689
0.557007 0.080760 0.004751
0.567696 0.080760 0.007126
0.578385 0.080760 0.005938
0.586698 0.080760 0.004751
0.612827 0.080760 0.007126
0.624703 0.080760 0.008314
0.637767 0.080760 0.008314
0.279097 0.081948 0.005938
0.288599 0.081948 0.004751
0.305226 0.081948 0.004751
0.547506 0.081948 0.005938
0.199525 0.083135 0.007126
0.222090 0.083135 0.008314
0.237530 0.083135 0.005938
0.258907 0.083135 0.008314
0.268409 0.083135 0.008314
0.296912 0.083135 0.005938
0.353919 0.083135 0.008314
0.366983 0.083135 0.007126
0.422803 0.083135 0.008314
0.432304 0.083135 0.004751
0.439430 0.083135 0.011876
0.450119 0.083135 0.008314
0.465558 0.083135 0.008314
0.476247 0.083135 0.007126
0.490499 0.083135 0.005938
0.247031 0.084323 0.008314
0.326603 0.084323 0.004751
0.334917 0.084323 0.008314
0.378860 0.084323 0.007126
0.399050 0.084323 0.004751
0.408551 0.084323 0.008314
0.187648 0.085511 0.005938
0.385986 0.085511 0.009501
0.165083 0.086698 0.007126
0.174584 0.086698 0.007126
0.143705 0.087886 0.005938
0.152019 0.087886 0.005938
0.134204 0.089074 0.013064
0.771971 0.093824 0.005938
0.781473 0.093824 0.005938
0.789786 0.093824 0.008314
0.805226 0.093824 0.008314
0.532067 0.095012 0.007126
0.542755 0.095012 0.008314
0.577197 0.095012 0.004751
0.584323 0.095012 0.005938
0.665083 0.095012 0.007126
0.761283 0.095012 0.008314
0.818290 0.095012 0.007126
0.828979 0.095012 0.008314
0.838480 0.095012 0.008314
0.853919 0.095012 0.008314
0.557007 0.096200 0.004751
0.593824 0.096200 0.007126
0.603325 0.096200 0.007126
0.631829 0.096200 0.004751
0.640143 0.096200 0.010689
0.654394 0.096200 0.008314
0.508314 0.097387 0.004751
0.567696 0.097387 0.008314
0.612827 0.097387 0.005938
0.623515 0.097387 0.005938
0.276722 0.098575 0.004751
0.500000 0.098575 0.005938
0.523753 0.098575 0.007126
0.225653 0.099762 0.004751
0.248219 0.099762 0.008314
0.258907 0.099762 0.007126
0.268409 0.099762 0.005938
0.347981 0.099762 0.009501
0.363420 0.099762 0.007126
0.385986 0.099762 0.008314
0.428741 0.099762 0.004751
0.439430 0.099762 0.007126
0.451306 0.099762 0.008314
0.465558 0.099762 0.009501
0.478622 0.099762 0.004751
0.488124 0.099762 0.007126
0.374109 0.100950 0.004751
0.395487 0.100950 0.010689
0.408551 0.100950 0.005938
0.186461 0.102138 0.007126
0.207838 0.102138 0.008314
0.418052 0.102138 0.008314
0.175772 0.103325 0.008314
0.143705 0.104513 0.005938
0.153207 0.104513 0.008314
0.163895 0.104513 0.007126
0.133017 0.105701 0.007126
0.776722 0.110451 0.008314
0.808789 0.110451 0.007126
0.820665 0.110451 0.008314
0.853919 0.110451 0.007126
0.880048 0.110451 0.010689
0.748219 0.111639 0.008314
0.788599 0.111639 0.007126
0.796912 0.111639 0.007126
0.833729 0.111639 0.008314
0.843230 0.111639 0.007126
0.865796 0.111639 0.008314
0.515439 0.114014 0.005938
0.526128 0.114014 0.005938
0.534442 0.114014 0.004751
0.579572 0.114014 0.008314
0.596200 0.114014 0.005938
0.630641 0.114014 0.009501
0.642518 0.114014 0.007126
0.650831 0.114014 0.004751
0.724466 0.114014 0.005938
0.347981 0.115202 0.008314
0.377672 0.115202 0.009501
0.389549 0.115202 0.004751
0.546318 0.115202 0.008314
0.716152 0.115202 0.013064
0.260095 0.116390 0.009501
0.358670 0.116390 0.007126
0.370546 0.116390 0.010689
0.457245 0.116390 0.004751
0.471496 0.116390 0.005938
0.504751 0.116390 0.007126
0.203088 0.117577 0.008314
0.223278 0.117577 0.008314
0.248219 0.117577 0.004751
0.406176 0.117577 0.007126
0.415677 0.117577 0.004751
0.423990 0.117577 0.007126
0.435867 0.117577 0.009501
0.448931 0.117577 0.004751
0.190024 0.118765 0.008314
0.236342 0.118765 0.007126
0.168646 0.119952 0.007126
0.179335 0.119952 0.005938
0.142518 0.121140 0.008314
0.157957 0.121140 0.007126
0.131829 0.122328 0.007126
0.802850 0.125891 0.008314
0.814727 0.125891 0.007126
0.843230 0.125891 0.007126
0.852732 0.125891 0.005938
0.863420 0.125891 0.005938
0.779097 0.127078 0.011876
0.789786 0.127078 0.008314
0.824228 0.127078 0.004751
0.831354 0.127078 0.010689
0.872922 0.127078 0.007126
0.744656 0.128266 0.005938
0.763658 0.128266 0.007126
0.754157 0.129454 0.008314
0.662708 0.130641 0.008314
0.714964 0.130641 0.005938
0.736342 0.130641 0.005938
0.541568 0.131829 0.008314
0.553444 0.131829 0.007126
0.596200 0.131829 0.007126
0.638955 0.131829 0.008314
0.652019 0.131829 0.008314
0.724466 0.131829 0.008314
0.336105 0.133017 0.007126
0.346793 0.133017 0.005938
0.413302 0.133017 0.004751
0.429929 0.133017 0.005938
0.490499 0.133017 0.008314
0.562945 0.133017 0.008314
0.573634 0.133017 0.008314
0.586698 0.133017 0.008314
0.606888 0.133017 0.004751
0.628266 0.133017 0.007126
0.263658 0.134204 0.007126
0.382423 0.134204 0.007126
0.401425 0.134204 0.008314
0.420428 0.134204 0.004751
0.480998 0.134204 0.004751
0.619952 0.134204 0.010689
0.220903 0.135392 0.008314
0.231591 0.135392 0.007126
0.242280 0.135392 0.008314
0.254157 0.135392 0.015439
0.206651 0.136580 0.008314
0.129454 0.137767 0.007126
0.142518 0.137767 0.008314
0.154394 0.137767 0.007126
0.174584 0.137767 0.004751
0.182898 0.137767 0.011876
0.195962 0.137767 0.008314
0.166271 0.138955 0.011876
0.884798 0.142518 0.005938
0.868171 0.143705 0.004751
0.824228 0.144893 0.007126
0.832542 0.144893 0.008314
0.842043 0.144893 0.007126
0.852732 0.144893 0.004751
0.861045 0.144893 0.004751
0.814727 0.146081 0.008314
0.792162 0.147268 0.005938
0.801663 0.147268 0.007126
0.773159 0.148456 0.005938
0.781473 0.148456 0.008314
0.724466 0.149644 0.004751
0.764846 0.149644 0.005938
0.586698 0.150831 0.007126
0.755344 0.150831 0.005938
0.249406 0.152019 0.004751
0.452494 0.152019 0.007126
0.485748 0.152019 0.009501
0.500000 0.152019 0.005938
0.514252 0.152019 0.010689
0.529691 0.152019 0.007126
0.542755 0.152019 0.007126
0.567696 0.152019 0.004751
0.577197 0.152019 0.007126
0.596200 0.152019 0.008314
0.611639 0.152019 0.009501
0.628266 0.152019 0.008314
0.637767 0.152019 0.005938
0.647268 0.152019 0.005938
0.656770 0.152019 0.005938
0.665083 0.152019 0.008314
0.678147 0.152019 0.010689
0.694774 0.152019 0.008314
0.745843 0.152019 0.005938
0.552257 0.153207 0.005938
0.707838 0.153207 0.008314
0.735154 0.153207 0.008314
0.238717 0.154394 0.008314
0.263658 0.154394 0.007126
0.150831 0.155582 0.004751
0.198337 0.155582 0.005938
0.207838 0.155582 0.005938
0.218527 0.155582 0.007126
0.229216 0.155582 0.005938
0.271971 0.155582 0.007126
0.285036 0.155582 0.007126
0.294537 0.155582 0.008314
0.141330 0.156770 0.005938
0.159145 0.156770 0.008314
0.168646 0.156770 0.007126
0.179335 0.156770 0.004751
0.304038 0.156770 0.007126
0.315914 0.156770 0.007126
0.327791 0.159145 0.007126
0.337292 0.160333 0.008314
0.861045 0.160333 0.007126
0.850356 0.162708 0.007126
0.823040 0.163895 0.004751
0.775534 0.165083 0.004751
0.785036 0.165083 0.011876
0.806413 0.165083 0.010689
0.813539 0.165083 0.013064
0.838480 0.165083 0.008314
0.584323 0.166271 0.004751
0.590261 0.166271 0.004751
0.599762 0.166271 0.005938
0.614014 0.166271 0.004751
0.621140 0.166271 0.004751
0.665083 0.166271 0.007126
0.527316 0.167458 0.007126
0.539192 0.167458 0.007126
0.567696 0.167458 0.007126
0.577197 0.167458 0.004751
0.630641 0.167458 0.011876
0.654394 0.167458 0.007126
0.678147 0.167458 0.007126
0.745843 0.167458 0.005938
0.767221 0.167458 0.005938
0.135392 0.168646 0.007126
0.508314 0.168646 0.005938
0.517815 0.168646 0.007126
0.547506 0.168646 0.008314
0.557007 0.168646 0.004751
0.646081 0.168646 0.008314
0.737530 0.168646 0.011876
0.754157 0.168646 0.009501
0.124703 0.169834 0.005938
0.146081 0.169834 0.005938
0.440618 0.169834 0.011876
0.464371 0.169834 0.008314
0.473872 0.169834 0.005938
0.484561 0.169834 0.007126
0.496437 0.169834 0.008314
0.687648 0.169834 0.007126
0.699525 0.169834 0.007126
0.729216 0.169834 0.004751
0.163895 0.171021 0.007126
0.176960 0.171021 0.007126
0.407363 0.171021 0.009501
0.422803 0.171021 0.008314
0.433492 0.171021 0.011876
0.450119 0.171021 0.007126
0.718527 0.171021 0.008314
0.244656 0.172209 0.007126
0.267221 0.172209 0.005938
0.277910 0.172209 0.007126
0.194774 0.173397 0.004751
0.203088 0.173397 0.004751
0.210214 0.173397 0.004751
0.224466 0.173397 0.007126
0.256532 0.173397 0.005938
0.306413 0.173397 0.007126
0.344418 0.173397 0.007126
0.374109 0.173397 0.008314
0.384798 0.173397 0.008314
0.186461 0.174584 0.005938
0.287411 0.174584 0.005938
0.296912 0.174584 0.005938
0.331354 0.174584 0.007126
0.353919 0.174584 0.013064
0.361045 0.174584 0.011876
0.802850 0.178147 0.005938
0.856295 0.178147 0.008314
0.843230 0.179335 0.008314
0.819477 0.180523 0.004751
0.828979 0.180523 0.008314
0.773159 0.181710 0.008314
0.811164 0.181710 0.013064
0.611639 0.182898 0.008314
0.760095 0.182898 0.008314
0.786223 0.182898 0.008314
0.589074 0.184086 0.011876
0.679335 0.184086 0.007126
0.687648 0.184086 0.008314
0.698337 0.184086 0.005938
0.710214 0.184086 0.008314
0.722090 0.184086 0.008314
0.731591 0.184086 0.005938
0.739905 0.184086 0.005938
0.748219 0.184086 0.007126
0.602138 0.185273 0.005938
0.636580 0.185273 0.005938
0.649644 0.185273 0.008314
0.659145 0.185273 0.015439
0.667458 0.185273 0.007126
0.794537 0.185273 0.015439
0.534442 0.186461 0.007126
0.562945 0.186461 0.008314
0.573634 0.186461 0.008314
0.625891 0.186461 0.007126
0.123515 0.187648 0.008314
0.522565 0.187648 0.008314
0.543943 0.187648 0.013064
0.155582 0.188836 0.007126
0.165083 0.188836 0.013064
0.321853 0.188836 0.007126
0.435867 0.188836 0.008314
0.492874 0.188836 0.014252
0.501188 0.188836 0.007126
0.510689 0.188836 0.007126
0.181710 0.190024 0.005938
0.243468 0.190024 0.008314
0.254157 0.190024 0.008314
0.294537 0.190024 0.008314
0.302850 0.190024 0.004751
0.311164 0.190024 0.004751
0.447743 0.190024 0.007126
0.460808 0.190024 0.009501
0.473872 0.190024 0.007126
0.483373 0.190024 0.005938
0.199525 0.191211 0.011876
0.226841 0.191211 0.005938
0.235154 0.191211 0.004751
0.279097 0.191211 0.009501
0.330166 0.191211 0.005938
0.359857 0.191211 0.007126
0.339667 0.192399 0.007126
0.349169 0.192399 0.005938
0.368171 0.192399 0.013064
