0.842043 0.080760 0.008314
0.852732 0.080760 0.004751
0.874109 0.080760 0.008314
0.763658 0.081948 0.011876
0.781473 0.081948 0.008314
0.789786 0.081948 0.004751
0.800475 0.081948 0.007126
0.811164 0.081948 0.008314
0.823040 0.081948 0.008314
0.863420 0.081948 0.008314
0.611639 0.083135 0.007126
0.682898 0.083135 0.009501
0.729216 0.083135 0.007126
0.754157 0.083135 0.005938
0.833729 0.083135 0.007126
0.599762 0.084323 0.005938
0.640143 0.084323 0.007126
0.649644 0.084323 0.008314
0.661520 0.084323 0.005938
0.669834 0.084323 0.005938
0.690024 0.084323 0.004751
0.699525 0.084323 0.007126
0.710214 0.084323 0.007126
0.718527 0.084323 0.007126
0.742280 0.084323 0.008314
0.491686 0.085511 0.007126
0.555819 0.085511 0.008314
0.566508 0.085511 0.007126
0.577197 0.085511 0.008314
0.589074 0.085511 0.008314
0.628266 0.085511 0.008314
0.503563 0.086698 0.008314
0.543943 0.086698 0.007126
0.459620 0.087886 0.010689
0.466746 0.087886 0.004751
0.477435 0.087886 0.008314
0.519002 0.087886 0.008314
0.533254 0.087886 0.008314
0.444181 0.089074 0.005938
0.433492 0.090261 0.007126
0.232779 0.092637 0.008314
0.244656 0.092637 0.007126
0.156770 0.093824 0.007126
0.218527 0.093824 0.010689
0.146081 0.095012 0.007126
0.167458 0.095012 0.005938
0.209026 0.095012 0.005938
0.805226 0.095012 0.008314
0.792162 0.096200 0.005938
0.815914 0.096200 0.004751
0.846793 0.096200 0.008314
0.858670 0.096200 0.004751
0.866983 0.096200 0.008314
0.128266 0.097387 0.011876
0.749406 0.097387 0.007126
0.760095 0.097387 0.007126
0.769596 0.097387 0.005938
0.781473 0.097387 0.008314
0.825416 0.097387 0.007126
0.837292 0.097387 0.005938
0.699525 0.098575 0.008314
0.730404 0.098575 0.008314
0.738717 0.098575 0.008314
0.684086 0.099762 0.007126
0.692399 0.099762 0.004751
0.710214 0.099762 0.008314
0.587886 0.100950 0.007126
0.600950 0.100950 0.008314
0.633017 0.100950 0.005938
0.647268 0.100950 0.008314
0.657957 0.100950 0.007126
0.671021 0.100950 0.008314
0.551069 0.102138 0.007126
0.561758 0.102138 0.007126
0.573634 0.102138 0.008314
0.612827 0.102138 0.008314
0.623515 0.102138 0.007126
0.410926 0.103325 0.007126
0.448931 0.103325 0.005938
0.458432 0.103325 0.005938
0.469121 0.103325 0.007126
0.477435 0.103325 0.008314
0.489311 0.103325 0.004751
0.497625 0.103325 0.007126
0.539192 0.103325 0.008314
0.420428 0.104513 0.007126
0.429929 0.104513 0.005938
0.440618 0.104513 0.004751
0.507126 0.104513 0.005938
0.517815 0.105701 0.007126
0.237530 0.108076 0.007126
0.247031 0.108076 0.007126
0.277910 0.108076 0.007126
0.211401 0.109264 0.008314
0.220903 0.109264 0.008314
0.257720 0.109264 0.007126
0.268409 0.109264 0.005938
0.288599 0.109264 0.008314
0.300475 0.109264 0.004751
0.833729 0.110451 0.005938
0.868171 0.110451 0.004751
0.127078 0.111639 0.008314
0.786223 0.111639 0.011876
0.805226 0.111639 0.004751
0.811164 0.111639 0.004751
0.824228 0.111639 0.008314
0.843230 0.111639 0.008314
0.858670 0.111639 0.008314
0.144893 0.112827 0.009501
0.152019 0.112827 0.008314
0.737530 0.112827 0.008314
0.760095 0.112827 0.007126
0.798100 0.112827 0.008314
0.730404 0.114014 0.004751
0.749406 0.114014 0.008314
0.769596 0.114014 0.004751
0.777910 0.114014 0.008314
0.703088 0.115202 0.004751
0.711401 0.115202 0.005938
0.719715 0.115202 0.007126
0.693587 0.116390 0.007126
0.419240 0.117577 0.007126
0.513064 0.117577 0.005938
0.557007 0.117577 0.008314
0.612827 0.117577 0.005938
0.631829 0.117577 0.008314
0.653207 0.117577 0.005938
0.662708 0.117577 0.004751
0.671021 0.117577 0.005938
0.682898 0.117577 0.008314
0.428741 0.118765 0.007126
0.437055 0.118765 0.004751
0.446556 0.118765 0.005938
0.456057 0.118765 0.004751
0.464371 0.118765 0.008314
0.473872 0.118765 0.007126
0.485748 0.118765 0.007126
0.497625 0.118765 0.008314
0.522565 0.118765 0.005938
0.567696 0.118765 0.007126
0.577197 0.118765 0.005938
0.585511 0.118765 0.005938
0.595012 0.118765 0.004751
0.602138 0.118765 0.010689
0.623515 0.118765 0.007126
0.643705 0.118765 0.008314
0.410926 0.119952 0.010689
0.533254 0.119952 0.007126
0.543943 0.119952 0.008314
0.296912 0.121140 0.008314
0.209026 0.122328 0.005938
0.218527 0.122328 0.005938
0.228029 0.122328 0.005938
0.238717 0.122328 0.007126
0.273159 0.122328 0.007126
0.285036 0.122328 0.005938
0.172209 0.123515 0.007126
0.251781 0.123515 0.008314
0.262470 0.123515 0.007126
0.883610 0.123515 0.010689
0.161520 0.124703 0.007126
0.180523 0.124703 0.013064
0.844418 0.124703 0.004751
0.143705 0.125891 0.011876
0.152019 0.125891 0.004751
0.815914 0.125891 0.010689
0.824228 0.125891 0.004751
0.834917 0.125891 0.008314
0.851544 0.125891 0.004751
0.862233 0.125891 0.008314
0.869359 0.125891 0.004751
0.773159 0.128266 0.008314
0.783848 0.128266 0.004751
0.795724 0.128266 0.008314
0.743468 0.129454 0.007126
0.752969 0.129454 0.005938
0.761283 0.129454 0.004751
0.802850 0.129454 0.010689
0.729216 0.131829 0.008314
0.644893 0.133017 0.005938
0.663895 0.133017 0.007126
0.716152 0.133017 0.010689
0.600950 0.134204 0.007126
0.624703 0.134204 0.007126
0.635392 0.134204 0.005938
0.447743 0.135392 0.007126
0.469121 0.135392 0.007126
0.477435 0.135392 0.008314
0.489311 0.135392 0.008314
0.496437 0.135392 0.004751
0.504751 0.135392 0.004751
0.515439 0.135392 0.008314
0.524941 0.135392 0.007126
0.534442 0.135392 0.004751
0.541568 0.135392 0.011876
0.551069 0.135392 0.004751
0.560570 0.135392 0.008314
0.583135 0.135392 0.013064
0.591449 0.135392 0.013064
0.616390 0.135392 0.011876
0.211401 0.136580 0.008314
0.403800 0.136580 0.007126
0.434679 0.136580 0.009501
0.456057 0.136580 0.008314
0.572447 0.136580 0.008314
0.653207 0.136580 0.008314
0.414489 0.137767 0.013064
0.198337 0.138955 0.007126
0.223278 0.138955 0.008314
0.236342 0.138955 0.008314
0.245843 0.138955 0.004751
0.160333 0.140143 0.008314
0.254157 0.140143 0.004751
0.261283 0.140143 0.008314
0.271971 0.140143 0.005938
0.149644 0.141330 0.008314
0.171021 0.141330 0.008314
0.186461 0.141330 0.008314
0.283848 0.141330 0.008314
0.137767 0.142518 0.008314
0.849169 0.142518 0.007126
0.859857 0.142518 0.004751
0.869359 0.142518 0.008314
0.880048 0.142518 0.011876
0.789786 0.143705 0.004751
0.812352 0.143705 0.010689
0.838480 0.143705 0.005938
0.887173 0.143705 0.004751
0.780285 0.144893 0.008314
0.796912 0.144893 0.010689
0.828979 0.144893 0.008314
0.756532 0.147268 0.008314
0.768409 0.147268 0.007126
0.742280 0.148456 0.005938
0.654394 0.149644 0.011876
0.732779 0.149644 0.011876
0.634204 0.150831 0.008314
0.647268 0.150831 0.004751
0.714964 0.150831 0.008314
0.725653 0.150831 0.007126
0.275534 0.152019 0.007126
0.522565 0.152019 0.005938
0.532067 0.152019 0.008314
0.565321 0.152019 0.005938
0.587886 0.152019 0.004751
0.599762 0.152019 0.009501
0.614014 0.152019 0.007126
0.623515 0.152019 0.004751
0.408551 0.153207 0.004751
0.446556 0.153207 0.008314
0.458432 0.153207 0.005938
0.500000 0.153207 0.008314
0.511876 0.153207 0.007126
0.542755 0.153207 0.008314
0.552257 0.153207 0.008314
0.579572 0.153207 0.010689
0.229216 0.154394 0.008314
0.241093 0.154394 0.007126
0.254157 0.154394 0.008314
0.264846 0.154394 0.007126
0.401425 0.154394 0.004751
0.422803 0.154394 0.009501
0.219715 0.155582 0.005938
0.394299 0.155582 0.004751
0.433492 0.155582 0.008314
0.146081 0.156770 0.005938
0.209026 0.156770 0.007126
0.887173 0.156770 0.005938
0.175772 0.157957 0.008314
0.199525 0.157957 0.008314
0.124703 0.159145 0.008314
0.136580 0.159145 0.007126
0.153207 0.159145 0.010689
0.165083 0.159145 0.007126
0.187648 0.159145 0.008314
0.865796 0.159145 0.008314
0.874109 0.159145 0.009501
0.880048 0.159145 0.010689
0.832542 0.160333 0.005938
0.843230 0.160333 0.008314
0.853919 0.160333 0.008314
0.763658 0.161520 0.007126
0.820665 0.161520 0.013064
0.745843 0.162708 0.004751
0.804038 0.162708 0.007126
0.813539 0.162708 0.004751
0.737530 0.163895 0.008314
0.783848 0.163895 0.013064
0.793349 0.163895 0.004751
0.724466 0.165083 0.007126
0.712589 0.166271 0.008314
0.637767 0.167458 0.004751
0.643705 0.167458 0.004751
0.649644 0.167458 0.004751
0.558195 0.168646 0.004751
0.565321 0.168646 0.008314
0.578385 0.168646 0.007126
0.587886 0.168646 0.008314
0.598575 0.168646 0.008314
0.628266 0.168646 0.007126
0.444181 0.169834 0.008314
0.457245 0.169834 0.008314
0.540380 0.169834 0.007126
0.551069 0.169834 0.005938
0.611639 0.169834 0.009501
0.393112 0.171021 0.014252
0.416865 0.171021 0.008314
0.467933 0.171021 0.004751
0.494062 0.171021 0.011876
0.502375 0.171021 0.013064
0.530879 0.171021 0.008314
0.402613 0.172209 0.010689
0.429929 0.172209 0.007126
0.279097 0.173397 0.014252
0.376485 0.173397 0.005938
0.384798 0.173397 0.005938
0.251781 0.174584 0.008314
0.260095 0.174584 0.014252
0.269596 0.174584 0.004751
0.122328 0.175772 0.008314
0.228029 0.175772 0.008314
0.241093 0.175772 0.008314
0.870546 0.175772 0.007126
0.880048 0.175772 0.013064
0.887173 0.175772 0.010689
0.187648 0.176960 0.004751
0.197150 0.176960 0.008314
0.210214 0.176960 0.010689
0.217340 0.176960 0.004751
0.859857 0.176960 0.008314
0.135392 0.178147 0.008314
0.146081 0.178147 0.013064
0.154394 0.178147 0.005938
0.163895 0.178147 0.007126
0.178147 0.178147 0.007126
0.851544 0.178147 0.013064
0.839667 0.179335 0.008314
0.813539 0.180523 0.005938
0.788599 0.181710 0.004751
0.805226 0.181710 0.005938
0.825416 0.181710 0.008314
0.730404 0.184086 0.004751
0.750594 0.184086 0.005938
0.760095 0.184086 0.004751
0.794537 0.184086 0.010689
0.713777 0.185273 0.013064
0.722090 0.185273 0.013064
0.649644 0.186461 0.016627
0.703088 0.186461 0.008314
0.515439 0.187648 0.008314
0.528504 0.187648 0.008314
0.549881 0.187648 0.005938
0.558195 0.187648 0.004751
0.566508 0.187648 0.004751
0.584323 0.187648 0.009501
0.599762 0.187648 0.011876
0.617577 0.187648 0.005938
0.627078 0.187648 0.008314
0.641330 0.187648 0.013064
0.492874 0.188836 0.010689
0.504751 0.188836 0.008314
0.539192 0.188836 0.007126
0.572447 0.188836 0.010689
0.660333 0.188836 0.008314
0.671021 0.188836 0.013064
0.410926 0.190024 0.007126
0.480998 0.190024 0.011876
0.432304 0.191211 0.008314
0.444181 0.191211 0.008314
0.454869 0.191211 0.005938
0.465558 0.191211 0.008314
0.882423 0.191211 0.004751
0.420428 0.192399 0.008314
0.868171 0.192399 0.007126
0.261283 0.193587 0.008314
0.271971 0.193587 0.004751
0.123515 0.194774 0.008314
0.146081 0.194774 0.005938
0.249406 0.194774 0.008314
0.858670 0.194774 0.007126
0.874109 0.194774 0.010689
0.137767 0.195962 0.010689
0.155582 0.195962 0.005938
0.165083 0.195962 0.005938
0.175772 0.195962 0.008314
0.186461 0.195962 0.008314
0.198337 0.195962 0.005938
0.224466 0.197150 0.008314
0.236342 0.197150 0.008314
0.837292 0.197150 0.005938
0.847981 0.197150 0.008314
0.802850 0.198337 0.008314
0.828979 0.198337 0.008314
0.794537 0.199525 0.007126
0.814727 0.199525 0.008314
0.782660 0.200713 0.008314
0.754157 0.201900 0.013064
0.771971 0.201900 0.005938
0.716152 0.203088 0.005938
0.725653 0.203088 0.004751
0.742280 0.203088 0.007126
0.761283 0.203088 0.008314
0.634204 0.204276 0.009501
0.706651 0.204276 0.008314
0.732779 0.204276 0.004751
0.553444 0.205463 0.009501
0.587886 0.205463 0.008314
0.622328 0.205463 0.007126
0.669834 0.205463 0.007126
0.680523 0.205463 0.008314
0.695962 0.205463 0.008314
0.528504 0.206651 0.005938
0.559382 0.206651 0.004751
0.566508 0.206651 0.004751
0.577197 0.206651 0.007126
0.361045 0.207838 0.008314
0.369359 0.207838 0.008314
0.381235 0.207838 0.008314
0.429929 0.207838 0.007126
0.440618 0.207838 0.009501
0.457245 0.207838 0.008314
0.467933 0.207838 0.005938
0.477435 0.207838 0.004751
0.496437 0.207838 0.005938
0.509501 0.207838 0.008314
0.519002 0.207838 0.005938
0.536817 0.207838 0.004751
0.598575 0.207838 0.005938
0.890736 0.207838 0.007126
0.406176 0.209026 0.011876
0.414489 0.209026 0.007126
0.484561 0.209026 0.010689
0.350356 0.210214 0.007126
0.872922 0.210214 0.004751
0.881235 0.210214 0.013064
0.331354 0.211401 0.008314
0.342043 0.211401 0.008314
0.122328 0.212589 0.008314
0.283848 0.212589 0.007126
0.294537 0.212589 0.007126
0.306413 0.212589 0.008314
0.320665 0.212589 0.008314
0.862233 0.212589 0.008314
0.174584 0.213777 0.008314
0.182898 0.213777 0.007126
0.193587 0.213777 0.009501
0.226841 0.213777 0.008314
0.274347 0.213777 0.005938
0.850356 0.213777 0.008314
0.134204 0.214964 0.007126
0.143705 0.214964 0.004751
0.161520 0.214964 0.008314
0.213777 0.214964 0.010689
0.241093 0.214964 0.008314
0.263658 0.214964 0.008314
0.839667 0.214964 0.008314
0.254157 0.216152 0.005938
0.819477 0.216152 0.007126
0.828979 0.216152 0.005938
0.755344 0.217340 0.008314
0.808789 0.217340 0.008314
0.745843 0.218527 0.007126
0.770784 0.218527 0.008314
0.792162 0.218527 0.013064
0.800475 0.218527 0.004751
0.122328 0.219715 0.008314
0.698337 0.219715 0.008314
0.709026 0.219715 0.007126
0.718527 0.219715 0.008314
0.735154 0.219715 0.005938
0.782660 0.219715 0.007126
0.646081 0.220903 0.008314
0.653207 0.222090 0.013064
0.684086 0.222090 0.007126
0.432304 0.223278 0.007126
0.567696 0.223278 0.008314
0.621140 0.223278 0.008314
0.634204 0.223278 0.008314
0.673397 0.223278 0.013064
0.466746 0.224466 0.008314
0.501188 0.224466 0.011876
0.520190 0.224466 0.008314
0.532067 0.224466 0.007126
0.542755 0.224466 0.008314
0.553444 0.224466 0.008314
0.578385 0.224466 0.007126
0.589074 0.224466 0.007126
0.598575 0.224466 0.007126
0.441805 0.225653 0.013064
0.456057 0.225653 0.013064
0.476247 0.225653 0.007126
0.488124 0.225653 0.008314
0.608076 0.225653 0.007126
0.421615 0.226841 0.004751
0.136580 0.228029 0.005938
0.361045 0.228029 0.013064
0.388361 0.228029 0.005938
0.401425 0.228029 0.008314
0.413302 0.228029 0.013064
0.154394 0.229216 0.008314
0.166271 0.229216 0.007126
0.294537 0.229216 0.008314
0.347981 0.229216 0.008314
0.368171 0.229216 0.015439
0.176960 0.230404 0.008314
0.187648 0.230404 0.005938
0.198337 0.230404 0.004751
0.205463 0.230404 0.004751
0.283848 0.230404 0.008314
0.302850 0.230404 0.007126
0.333729 0.230404 0.014252
0.378860 0.230404 0.007126
0.225653 0.231591 0.004751
0.237530 0.231591 0.008314
0.248219 0.231591 0.005938
0.258907 0.231591 0.005938
0.269596 0.231591 0.007126
0.314727 0.231591 0.007126
0.324228 0.231591 0.008314
0.216152 0.232779 0.008314
