0.941805 0.004751 0.019002
0.885986 0.035629 0.013064
0.660333 0.036817 0.008314
0.633017 0.038005 0.007126
0.650831 0.038005 0.004751
0.707838 0.038005 0.005938
0.717340 0.038005 0.007126
0.728029 0.038005 0.008314
0.739905 0.038005 0.007126
0.761283 0.038005 0.005938
0.770784 0.038005 0.007126
0.780285 0.038005 0.005938
0.837292 0.038005 0.013064
0.596200 0.039192 0.005938
0.606888 0.039192 0.008314
0.623515 0.039192 0.007126
0.643705 0.039192 0.013064
0.675772 0.039192 0.008314
0.686461 0.039192 0.007126
0.698337 0.039192 0.008314
0.750594 0.039192 0.008314
0.789786 0.039192 0.011876
0.818290 0.039192 0.007126
0.828979 0.039192 0.005938
0.853919 0.039192 0.008314
0.864608 0.039192 0.008314
0.585511 0.040380 0.008314
0.807601 0.040380 0.008314
0.561758 0.041568 0.004751
0.572447 0.041568 0.008314
0.488124 0.042755 0.008314
0.500000 0.042755 0.008314
0.511876 0.042755 0.007126
0.533254 0.042755 0.007126
0.553444 0.042755 0.005938
0.453682 0.043943 0.008314
0.475059 0.043943 0.007126
0.522565 0.043943 0.008314
0.542755 0.043943 0.007126
0.415677 0.045131 0.007126
0.425178 0.045131 0.007126
0.439430 0.045131 0.008314
0.464371 0.045131 0.008314
0.385986 0.046318 0.004751
0.404988 0.046318 0.008314
0.365796 0.047506 0.007126
0.377672 0.047506 0.005938
0.394299 0.047506 0.005938
0.349169 0.048694 0.011876
0.266033 0.049881 0.004751
0.274347 0.049881 0.013064
0.283848 0.049881 0.008314
0.298100 0.049881 0.008314
0.311164 0.049881 0.008314
0.323040 0.049881 0.004751
0.331354 0.049881 0.013064
0.340855 0.049881 0.004751
0.201900 0.051069 0.008314
0.213777 0.051069 0.008314
0.243468 0.051069 0.008314
0.256532 0.051069 0.008314
0.172209 0.052257 0.008314
0.182898 0.052257 0.005938
0.192399 0.052257 0.004751
0.225653 0.052257 0.008314
0.144893 0.053444 0.005938
0.154394 0.053444 0.004751
0.757720 0.053444 0.007126
0.135392 0.054632 0.008314
0.611639 0.055819 0.007126
0.621140 0.055819 0.004751
0.629454 0.055819 0.005938
0.643705 0.055819 0.004751
0.654394 0.055819 0.007126
0.673397 0.055819 0.005938
0.682898 0.055819 0.005938
0.691211 0.055819 0.005938
0.701900 0.055819 0.007126
0.713777 0.055819 0.007126
0.723278 0.055819 0.005938
0.736342 0.055819 0.008314
0.747031 0.055819 0.007126
0.770784 0.055819 0.005938
0.780285 0.055819 0.004751
0.790974 0.055819 0.007126
0.800475 0.055819 0.005938
0.821853 0.055819 0.007126
0.589074 0.057007 0.007126
0.600950 0.057007 0.007126
0.663895 0.057007 0.008314
0.811164 0.057007 0.007126
0.831354 0.057007 0.004751
0.838480 0.057007 0.004751
0.846793 0.057007 0.005938
0.565321 0.058195 0.010689
0.578385 0.058195 0.004751
0.856295 0.058195 0.008314
0.866983 0.058195 0.013064
0.509501 0.059382 0.007126
0.520190 0.059382 0.004751
0.528504 0.059382 0.005938
0.549881 0.059382 0.004751
0.558195 0.059382 0.004751
0.485748 0.060570 0.008314
0.497625 0.060570 0.007126
0.539192 0.060570 0.008314
0.412114 0.061758 0.008314
0.423990 0.061758 0.004751
0.433492 0.061758 0.007126
0.445368 0.061758 0.008314
0.454869 0.061758 0.011876
0.461995 0.061758 0.013064
0.472684 0.061758 0.008314
0.389549 0.062945 0.007126
0.321853 0.064133 0.007126
0.334917 0.064133 0.005938
0.355107 0.064133 0.005938
0.365796 0.064133 0.005938
0.375297 0.064133 0.008314
0.400238 0.064133 0.007126
0.302850 0.065321 0.004751
0.309976 0.065321 0.010689
0.345606 0.065321 0.008314
0.178147 0.066508 0.005938
0.190024 0.066508 0.008314
0.199525 0.066508 0.005938
0.274347 0.066508 0.004751
0.282660 0.066508 0.008314
0.294537 0.066508 0.004751
0.168646 0.067696 0.004751
0.209026 0.067696 0.005938
0.238717 0.067696 0.005938
0.256532 0.067696 0.005938
0.152019 0.068884 0.004751
0.160333 0.068884 0.004751
0.220903 0.068884 0.008314
0.229216 0.068884 0.004751
0.248219 0.068884 0.005938
0.264846 0.068884 0.011876
0.774347 0.068884 0.010689
0.141330 0.070071 0.007126
0.131829 0.071259 0.007126
0.618765 0.071259 0.007126
0.684086 0.071259 0.007126
0.698337 0.071259 0.007126
0.710214 0.071259 0.007126
0.720903 0.071259 0.007126
0.735154 0.071259 0.008314
0.747031 0.071259 0.007126
0.756532 0.071259 0.004751
0.790974 0.071259 0.008314
0.819477 0.072447 0.004751
0.826603 0.072447 0.004751
0.836105 0.072447 0.005938
0.845606 0.072447 0.008314
0.589074 0.073634 0.008314
0.599762 0.073634 0.013064
0.628266 0.073634 0.008314
0.638955 0.073634 0.004751
0.652019 0.073634 0.008314
0.662708 0.073634 0.005938
0.673397 0.073634 0.008314
0.809976 0.073634 0.011876
0.857482 0.073634 0.007126
0.866983 0.073634 0.005938
0.608076 0.074822 0.004751
0.562945 0.076010 0.004751
0.574822 0.076010 0.008314
0.471496 0.077197 0.007126
0.485748 0.077197 0.007126
0.496437 0.077197 0.007126
0.505938 0.077197 0.005938
0.514252 0.077197 0.004751
0.523753 0.077197 0.007126
0.545131 0.077197 0.007126
0.554632 0.077197 0.013064
0.433492 0.078385 0.008314
0.450119 0.078385 0.004751
0.534442 0.078385 0.008314
0.313539 0.079572 0.007126
0.409739 0.079572 0.007126
0.421615 0.079572 0.008314
0.442993 0.079572 0.004751
0.304038 0.080760 0.008314
0.343230 0.080760 0.005938
0.401425 0.080760 0.004751
0.372922 0.081948 0.008314
0.383610 0.081948 0.004751
0.192399 0.083135 0.004751
0.200713 0.083135 0.004751
0.209026 0.083135 0.004751
0.288599 0.083135 0.010689
0.355107 0.083135 0.004751
0.363420 0.083135 0.007126
0.147268 0.084323 0.007126
0.171021 0.084323 0.007126
0.182898 0.084323 0.005938
0.238717 0.084323 0.007126
0.262470 0.084323 0.008314
0.270784 0.084323 0.005938
0.280285 0.084323 0.004751
0.137767 0.085511 0.010689
0.228029 0.085511 0.008314
0.130641 0.086698 0.011876
0.157957 0.086698 0.008314
0.751781 0.089074 0.008314
0.844418 0.089074 0.004751
0.642518 0.090261 0.004751
0.649644 0.090261 0.004751
0.668646 0.090261 0.008314
0.711401 0.090261 0.008314
0.719715 0.090261 0.005938
0.729216 0.090261 0.005938
0.738717 0.090261 0.008314
0.762470 0.090261 0.008314
0.776722 0.090261 0.008314
0.789786 0.090261 0.008314
0.805226 0.090261 0.008314
0.813539 0.090261 0.004751
0.824228 0.090261 0.008314
0.834917 0.090261 0.007126
0.855107 0.090261 0.008314
0.866983 0.090261 0.009501
0.621140 0.091449 0.010689
0.631829 0.091449 0.007126
0.657957 0.091449 0.011876
0.615202 0.092637 0.004751
0.608076 0.093824 0.004751
0.467933 0.096200 0.005938
0.502375 0.096200 0.007126
0.513064 0.096200 0.008314
0.522565 0.096200 0.008314
0.534442 0.096200 0.005938
0.584323 0.096200 0.008314
0.598575 0.096200 0.008314
0.413302 0.097387 0.007126
0.435867 0.097387 0.007126
0.445368 0.097387 0.007126
0.456057 0.097387 0.007126
0.478622 0.097387 0.008314
0.490499 0.097387 0.008314
0.543943 0.097387 0.005938
0.554632 0.097387 0.005938
0.562945 0.097387 0.005938
0.572447 0.097387 0.007126
0.400238 0.098575 0.016627
0.156770 0.099762 0.007126
0.168646 0.099762 0.005938
0.179335 0.099762 0.008314
0.191211 0.099762 0.004751
0.200713 0.099762 0.005938
0.388361 0.099762 0.005938
0.422803 0.099762 0.008314
0.147268 0.100950 0.005938
0.210214 0.100950 0.004751
0.219715 0.100950 0.008314
0.235154 0.100950 0.004751
0.244656 0.100950 0.008314
0.258907 0.100950 0.008314
0.275534 0.100950 0.005938
0.282660 0.100950 0.004751
0.290974 0.100950 0.010689
0.337292 0.100950 0.008314
0.359857 0.100950 0.008314
0.368171 0.100950 0.004751
0.376485 0.100950 0.007126
0.137767 0.102138 0.013064
0.267221 0.102138 0.004751
0.349169 0.102138 0.005938
0.129454 0.103325 0.005938
0.865796 0.104513 0.007126
0.826603 0.105701 0.008314
0.837292 0.105701 0.005938
0.846793 0.105701 0.008314
0.855107 0.105701 0.008314
0.751781 0.106888 0.008314
0.762470 0.106888 0.007126
0.773159 0.106888 0.008314
0.807601 0.106888 0.013064
0.817102 0.106888 0.005938
0.648456 0.108076 0.007126
0.720903 0.108076 0.008314
0.730404 0.108076 0.008314
0.742280 0.108076 0.008314
0.786223 0.108076 0.005938
0.795724 0.108076 0.007126
0.628266 0.109264 0.008314
0.638955 0.109264 0.005938
0.659145 0.109264 0.008314
0.615202 0.111639 0.009501
0.535629 0.112827 0.007126
0.572447 0.112827 0.004751
0.494062 0.114014 0.007126
0.505938 0.114014 0.008314
0.515439 0.114014 0.004751
0.526128 0.114014 0.007126
0.547506 0.114014 0.008314
0.557007 0.114014 0.004751
0.564133 0.114014 0.004751
0.581948 0.114014 0.007126
0.602138 0.114014 0.005938
0.477435 0.115202 0.005938
0.484561 0.115202 0.004751
0.593824 0.115202 0.008314
0.450119 0.116390 0.008314
0.463183 0.116390 0.008314
0.186461 0.117577 0.008314
0.195962 0.117577 0.004751
0.205463 0.117577 0.005938
0.214964 0.117577 0.005938
0.224466 0.117577 0.004751
0.438242 0.117577 0.008314
0.131829 0.118765 0.008314
0.142518 0.118765 0.007126
0.173397 0.118765 0.007126
0.230404 0.118765 0.010689
0.241093 0.118765 0.004751
0.252969 0.118765 0.009501
0.264846 0.118765 0.008314
0.277910 0.118765 0.010689
0.351544 0.118765 0.008314
0.374109 0.118765 0.005938
0.406176 0.118765 0.007126
0.415677 0.118765 0.005938
0.425178 0.118765 0.007126
0.152019 0.119952 0.008314
0.163895 0.119952 0.008314
0.342043 0.119952 0.007126
0.363420 0.119952 0.005938
0.383610 0.119952 0.005938
0.393112 0.119952 0.008314
0.831354 0.123515 0.008314
0.844418 0.123515 0.010689
0.851544 0.123515 0.004751
0.868171 0.123515 0.008314
0.771971 0.124703 0.014252
0.779097 0.124703 0.008314
0.820665 0.124703 0.008314
0.760095 0.125891 0.015439
0.790974 0.125891 0.005938
0.800475 0.125891 0.008314
0.808789 0.125891 0.004751
0.665083 0.127078 0.010689
0.739905 0.127078 0.007126
0.750594 0.127078 0.007126
0.711401 0.128266 0.009501
0.729216 0.128266 0.008314
0.627078 0.129454 0.005938
0.649644 0.129454 0.008314
0.638955 0.130641 0.008314
0.488124 0.131829 0.007126
0.586698 0.131829 0.004751
0.595012 0.131829 0.005938
0.605701 0.131829 0.008314
0.617577 0.131829 0.008314
0.500000 0.133017 0.004751
0.510689 0.133017 0.008314
0.524941 0.133017 0.013064
0.534442 0.133017 0.005938
0.555819 0.133017 0.007126
0.566508 0.133017 0.008314
0.578385 0.133017 0.007126
0.383610 0.134204 0.008314
0.444181 0.134204 0.011876
0.451306 0.134204 0.015439
0.471496 0.134204 0.004751
0.478622 0.134204 0.004751
0.545131 0.134204 0.008314
0.130641 0.135392 0.008314
0.144893 0.135392 0.008314
0.157957 0.135392 0.008314
0.172209 0.135392 0.007126
0.230404 0.135392 0.008314
0.338480 0.135392 0.008314
0.350356 0.135392 0.008314
0.362233 0.135392 0.008314
0.372922 0.135392 0.008314
0.396675 0.135392 0.008314
0.463183 0.135392 0.008314
0.218527 0.136580 0.005938
0.244656 0.136580 0.008314
0.254157 0.136580 0.008314
0.185273 0.137767 0.008314
0.197150 0.137767 0.008314
0.209026 0.137767 0.008314
0.407363 0.137767 0.008314
0.416865 0.137767 0.005938
0.426366 0.137767 0.007126
0.806413 0.142518 0.008314
0.827791 0.142518 0.007126
0.842043 0.142518 0.008314
0.853919 0.142518 0.007126
0.863420 0.142518 0.004751
0.872922 0.142518 0.008314
0.779097 0.143705 0.005938
0.792162 0.143705 0.010689
0.818290 0.143705 0.007126
0.709026 0.144893 0.005938
0.730404 0.144893 0.008314
0.739905 0.144893 0.008314
0.749406 0.144893 0.005938
0.758907 0.144893 0.008314
0.770784 0.144893 0.005938
0.718527 0.146081 0.005938
0.650831 0.147268 0.008314
0.674584 0.147268 0.008314
0.686461 0.147268 0.008314
0.697150 0.147268 0.008314
0.616390 0.148456 0.008314
0.622328 0.148456 0.004751
0.638955 0.148456 0.005938
0.663895 0.148456 0.008314
0.513064 0.149644 0.008314
0.597387 0.149644 0.005938
0.606888 0.149644 0.005938
0.630641 0.149644 0.004751
0.522565 0.150831 0.008314
0.546318 0.150831 0.004751
0.553444 0.150831 0.010689
0.565321 0.150831 0.008314
0.577197 0.150831 0.005938
0.587886 0.150831 0.008314
0.315914 0.152019 0.007126
0.326603 0.152019 0.009501
0.465558 0.152019 0.007126
0.498812 0.152019 0.007126
0.536817 0.152019 0.008314
0.129454 0.153207 0.008314
0.161520 0.153207 0.004751
0.233967 0.153207 0.013064
0.274347 0.153207 0.004751
0.286223 0.153207 0.015439
0.389549 0.153207 0.013064
0.476247 0.153207 0.007126
0.486936 0.153207 0.008314
0.141330 0.154394 0.007126
0.152019 0.154394 0.008314
0.169834 0.154394 0.011876
0.255344 0.154394 0.008314
0.264846 0.154394 0.005938
0.296912 0.154394 0.007126
0.338480 0.154394 0.008314
0.349169 0.154394 0.005938
0.357482 0.154394 0.004751
0.365796 0.154394 0.004751
0.380048 0.154394 0.007126
0.406176 0.154394 0.008314
0.454869 0.154394 0.008314
0.182898 0.155582 0.007126
0.205463 0.155582 0.004751
0.214964 0.155582 0.007126
0.226841 0.155582 0.005938
0.242280 0.155582 0.005938
0.305226 0.155582 0.005938
0.415677 0.155582 0.005938
0.431116 0.155582 0.010689
0.442993 0.155582 0.008314
0.194774 0.156770 0.008314
0.863420 0.157957 0.010689
0.870546 0.157957 0.013064
0.878860 0.157957 0.005938
0.839667 0.160333 0.007126
0.849169 0.160333 0.008314
0.762470 0.161520 0.008314
0.771971 0.161520 0.005938
0.781473 0.161520 0.005938
0.789786 0.161520 0.008314
0.801663 0.161520 0.007126
0.817102 0.161520 0.008314
0.827791 0.161520 0.008314
0.732779 0.162708 0.007126
0.743468 0.162708 0.008314
0.714964 0.163895 0.008314
0.724466 0.163895 0.004751
0.752969 0.163895 0.007126
0.625891 0.165083 0.004751
0.661520 0.165083 0.007126
0.701900 0.165083 0.005938
0.634204 0.166271 0.011876
0.648456 0.166271 0.008314
0.672209 0.166271 0.007126
0.684086 0.166271 0.005938
0.692399 0.166271 0.007126
0.562945 0.167458 0.008314
0.577197 0.167458 0.008314
0.586698 0.167458 0.008314
0.599762 0.167458 0.008314
0.614014 0.167458 0.008314
0.268409 0.168646 0.009501
0.548694 0.168646 0.005938
0.254157 0.169834 0.005938
0.502375 0.169834 0.008314
0.513064 0.169834 0.005938
0.521378 0.169834 0.005938
0.530879 0.169834 0.005938
0.128266 0.171021 0.007126
0.168646 0.171021 0.004751
0.231591 0.171021 0.004751
0.244656 0.171021 0.010689
0.317102 0.171021 0.008314
0.340855 0.171021 0.005938
0.459620 0.171021 0.008314
0.471496 0.171021 0.008314
0.479810 0.171021 0.005938
0.540380 0.171021 0.005938
0.141330 0.172209 0.008314
0.150831 0.172209 0.005938
0.160333 0.172209 0.004751
0.180523 0.172209 0.004751
0.190024 0.172209 0.007126
0.201900 0.172209 0.007126
0.211401 0.172209 0.005938
0.220903 0.172209 0.008314
0.305226 0.172209 0.007126
0.330166 0.172209 0.007126
0.428741 0.172209 0.007126
0.438242 0.172209 0.007126
0.450119 0.172209 0.004751
0.488124 0.172209 0.008314
0.877672 0.172209 0.005938
0.888361 0.172209 0.015439
0.902613 0.172209 0.008314
0.351544 0.173397 0.008314
0.363420 0.173397 0.007126
0.388361 0.173397 0.008314
0.400238 0.173397 0.005938
0.410926 0.173397 0.004751
0.419240 0.173397 0.005938
0.868171 0.173397 0.008314
0.374109 0.174584 0.005938
0.838480 0.175772 0.008314
0.847981 0.175772 0.007126
0.857482 0.175772 0.007126
0.796912 0.176960 0.008314
0.815914 0.176960 0.005938
0.826603 0.176960 0.005938
0.785036 0.178147 0.013064
0.736342 0.179335 0.007126
0.745843 0.179335 0.008314
0.777910 0.179335 0.013064
0.685273 0.180523 0.008314
0.725653 0.180523 0.013064
0.755344 0.180523 0.007126
0.766033 0.180523 0.008314
0.697150 0.181710 0.007126
0.707838 0.181710 0.005938
0.717340 0.181710 0.005938
0.654394 0.182898 0.008314
0.663895 0.182898 0.007126
0.674584 0.182898 0.007126
0.596200 0.184086 0.008314
0.605701 0.184086 0.005938
0.615202 0.184086 0.008314
0.630641 0.184086 0.008314
0.642518 0.184086 0.005938
0.548694 0.185273 0.007126
0.583135 0.185273 0.005938
0.142518 0.186461 0.004751
0.433492 0.186461 0.010689
0.560570 0.186461 0.008314
0.572447 0.186461 0.008314
0.152019 0.187648 0.008314
0.163895 0.187648 0.005938
0.333729 0.187648 0.007126
0.413302 0.187648 0.005938
0.460808 0.187648 0.004751
0.466746 0.187648 0.008314
0.490499 0.187648 0.008314
0.500000 0.187648 0.005938
0.521378 0.187648 0.007126
0.134204 0.188836 0.013064
0.182898 0.188836 0.004751
0.199525 0.188836 0.007126
0.209026 0.188836 0.007126
0.219715 0.188836 0.005938
0.320665 0.188836 0.007126
0.343230 0.188836 0.004751
0.381235 0.188836 0.007126
0.403800 0.188836 0.005938
0.511876 0.188836 0.008314
0.535629 0.188836 0.010689
0.124703 0.190024 0.007126
0.309976 0.190024 0.005938
0.371734 0.190024 0.005938
0.391924 0.190024 0.008314
0.450119 0.190024 0.007126
0.362233 0.191211 0.008314
0.258907 0.192399 0.016627
0.320665 0.198337 0.004751
0.470309 0.199525 0.009501
0.334917 0.203088 0.005938
