0.796912 0.080760 0.011876
0.806413 0.081948 0.007126
0.830166 0.081948 0.013064
0.861045 0.081948 0.005938
0.870546 0.081948 0.004751
0.723278 0.083135 0.008314
0.733967 0.083135 0.005938
0.755344 0.083135 0.007126
0.764846 0.083135 0.005938
0.774347 0.083135 0.005938
0.782660 0.083135 0.004751
0.815914 0.083135 0.005938
0.850356 0.083135 0.007126
0.519002 0.084323 0.007126
0.568884 0.084323 0.005938
0.578385 0.084323 0.005938
0.700713 0.084323 0.004751
0.710214 0.084323 0.007126
0.743468 0.084323 0.007126
0.789786 0.084323 0.004751
0.840855 0.084323 0.007126
0.421615 0.085511 0.013064
0.447743 0.085511 0.008314
0.508314 0.085511 0.005938
0.529691 0.085511 0.005938
0.540380 0.085511 0.007126
0.551069 0.085511 0.005938
0.560570 0.085511 0.013064
0.586698 0.085511 0.004751
0.597387 0.085511 0.007126
0.606888 0.085511 0.004751
0.615202 0.085511 0.005938
0.624703 0.085511 0.004751
0.656770 0.085511 0.005938
0.666271 0.085511 0.005938
0.679335 0.085511 0.008314
0.691211 0.085511 0.007126
0.413302 0.086698 0.019002
0.437055 0.086698 0.005938
0.458432 0.086698 0.005938
0.466746 0.086698 0.013064
0.486936 0.086698 0.008314
0.498812 0.086698 0.007126
0.644893 0.086698 0.008314
0.401425 0.087886 0.008314
0.476247 0.087886 0.007126
0.633017 0.087886 0.008314
0.292162 0.089074 0.011876
0.308789 0.089074 0.004751
0.318290 0.089074 0.008314
0.334917 0.089074 0.011876
0.343230 0.089074 0.005938
0.389549 0.089074 0.007126
0.217340 0.090261 0.008314
0.269596 0.090261 0.004751
0.279097 0.090261 0.005938
0.300475 0.090261 0.005938
0.353919 0.090261 0.008314
0.368171 0.090261 0.008314
0.378860 0.090261 0.007126
0.144893 0.091449 0.007126
0.153207 0.091449 0.007126
0.229216 0.091449 0.004751
0.237530 0.091449 0.005938
0.262470 0.091449 0.004751
0.125891 0.092637 0.007126
0.135392 0.092637 0.004751
0.165083 0.092637 0.004751
0.172209 0.092637 0.004751
0.194774 0.092637 0.010689
0.205463 0.092637 0.008314
0.251781 0.092637 0.008314
0.802850 0.097387 0.005938
0.830166 0.097387 0.004751
0.874109 0.097387 0.011876
0.881235 0.097387 0.011876
0.733967 0.098575 0.005938
0.742280 0.098575 0.004751
0.750594 0.098575 0.010689
0.758907 0.098575 0.007126
0.771971 0.098575 0.010689
0.779097 0.098575 0.004751
0.787411 0.098575 0.010689
0.793349 0.098575 0.004751
0.813539 0.098575 0.005938
0.821853 0.098575 0.004751
0.842043 0.098575 0.004751
0.849169 0.098575 0.004751
0.857482 0.098575 0.005938
0.679335 0.099762 0.007126
0.690024 0.099762 0.005938
0.710214 0.099762 0.005938
0.718527 0.099762 0.004751
0.553444 0.100950 0.007126
0.573634 0.100950 0.004751
0.580760 0.100950 0.004751
0.589074 0.100950 0.004751
0.597387 0.100950 0.004751
0.605701 0.100950 0.004751
0.612827 0.100950 0.004751
0.622328 0.100950 0.005938
0.631829 0.100950 0.004751
0.641330 0.100950 0.005938
0.655582 0.100950 0.008314
0.667458 0.100950 0.007126
0.700713 0.100950 0.005938
0.457245 0.102138 0.007126
0.484561 0.102138 0.005938
0.519002 0.102138 0.004751
0.527316 0.102138 0.005938
0.539192 0.102138 0.008314
0.564133 0.102138 0.005938
0.446556 0.103325 0.004751
0.466746 0.103325 0.007126
0.495249 0.103325 0.007126
0.504751 0.103325 0.010689
0.511876 0.103325 0.004751
0.365796 0.104513 0.004751
0.393112 0.104513 0.005938
0.403800 0.104513 0.007126
0.356295 0.105701 0.005938
0.374109 0.105701 0.004751
0.383610 0.105701 0.005938
0.211401 0.106888 0.007126
0.222090 0.106888 0.008314
0.231591 0.106888 0.004751
0.256532 0.106888 0.005938
0.264846 0.106888 0.004751
0.274347 0.106888 0.005938
0.283848 0.106888 0.004751
0.290974 0.106888 0.004751
0.299287 0.106888 0.008314
0.311164 0.106888 0.007126
0.320665 0.106888 0.008314
0.327791 0.106888 0.008314
0.339667 0.106888 0.008314
0.346793 0.106888 0.005938
0.195962 0.108076 0.004751
0.204276 0.108076 0.004751
0.239905 0.108076 0.005938
0.248219 0.108076 0.004751
0.150831 0.109264 0.008314
0.160333 0.109264 0.007126
0.173397 0.109264 0.008314
0.186461 0.109264 0.007126
0.137767 0.110451 0.008314
0.124703 0.111639 0.010689
0.823040 0.112827 0.008314
0.837292 0.112827 0.007126
0.846793 0.112827 0.007126
0.857482 0.112827 0.005938
0.865796 0.112827 0.004751
0.872922 0.112827 0.005938
0.729216 0.114014 0.008314
0.738717 0.114014 0.008314
0.809976 0.114014 0.008314
0.882423 0.114014 0.008314
0.644893 0.115202 0.007126
0.698337 0.115202 0.004751
0.705463 0.115202 0.004751
0.716152 0.115202 0.008314
0.751781 0.115202 0.004751
0.758907 0.115202 0.004751
0.773159 0.115202 0.010689
0.782660 0.115202 0.005938
0.792162 0.115202 0.004751
0.595012 0.116390 0.008314
0.610451 0.116390 0.007126
0.622328 0.116390 0.008314
0.634204 0.116390 0.008314
0.656770 0.116390 0.008314
0.668646 0.116390 0.005938
0.678147 0.116390 0.005938
0.687648 0.116390 0.008314
0.577197 0.117577 0.008314
0.585511 0.117577 0.005938
0.414489 0.118765 0.008314
0.484561 0.118765 0.008314
0.498812 0.118765 0.008314
0.519002 0.118765 0.005938
0.527316 0.118765 0.005938
0.536817 0.118765 0.007126
0.549881 0.118765 0.008314
0.562945 0.118765 0.009501
0.383610 0.119952 0.008314
0.396675 0.119952 0.010689
0.404988 0.119952 0.004751
0.508314 0.119952 0.007126
0.266033 0.121140 0.007126
0.334917 0.121140 0.005938
0.344418 0.121140 0.005938
0.353919 0.121140 0.007126
0.365796 0.121140 0.007126
0.375297 0.121140 0.005938
0.203088 0.122328 0.007126
0.213777 0.122328 0.004751
0.222090 0.122328 0.005938
0.232779 0.122328 0.007126
0.244656 0.122328 0.007126
0.254157 0.122328 0.007126
0.275534 0.122328 0.005938
0.286223 0.122328 0.007126
0.323040 0.122328 0.008314
0.185273 0.123515 0.005938
0.193587 0.123515 0.007126
0.300475 0.123515 0.008314
0.309976 0.123515 0.008314
0.174584 0.124703 0.008314
0.141330 0.125891 0.004751
0.150831 0.125891 0.008314
0.162708 0.125891 0.008314
0.134204 0.127078 0.004751
0.124703 0.128266 0.008314
0.882423 0.128266 0.005938
0.742280 0.129454 0.004751
0.777910 0.129454 0.005938
0.788599 0.129454 0.007126
0.824228 0.129454 0.005938
0.833729 0.129454 0.005938
0.843230 0.129454 0.007126
0.853919 0.129454 0.004751
0.874109 0.129454 0.008314
0.733967 0.130641 0.008314
0.749406 0.130641 0.004751
0.758907 0.130641 0.007126
0.769596 0.130641 0.005938
0.799287 0.130641 0.008314
0.807601 0.130641 0.004751
0.861045 0.130641 0.010689
0.622328 0.131829 0.008314
0.638955 0.131829 0.004751
0.647268 0.131829 0.007126
0.659145 0.131829 0.004751
0.667458 0.131829 0.011876
0.712589 0.131829 0.008314
0.722090 0.131829 0.007126
0.610451 0.133017 0.007126
0.628266 0.133017 0.013064
0.570071 0.134204 0.005938
0.579572 0.134204 0.008314
0.590261 0.134204 0.007126
0.599762 0.134204 0.007126
0.538005 0.135392 0.007126
0.549881 0.135392 0.005938
0.559382 0.135392 0.007126
0.410926 0.136580 0.005938
0.490499 0.136580 0.004751
0.498812 0.136580 0.005938
0.508314 0.136580 0.007126
0.517815 0.136580 0.005938
0.527316 0.136580 0.008314
0.288599 0.137767 0.008314
0.388361 0.137767 0.004751
0.395487 0.137767 0.004751
0.402613 0.137767 0.004751
0.422803 0.137767 0.008314
0.435867 0.137767 0.008314
0.458432 0.137767 0.008314
0.469121 0.137767 0.008314
0.482185 0.137767 0.005938
0.235154 0.138955 0.013064
0.258907 0.138955 0.011876
0.267221 0.138955 0.005938
0.276722 0.138955 0.008314
0.349169 0.138955 0.005938
0.359857 0.138955 0.008314
0.369359 0.138955 0.008314
0.378860 0.138955 0.007126
0.445368 0.138955 0.008314
0.214964 0.140143 0.004751
0.243468 0.140143 0.011876
0.339667 0.140143 0.013064
0.198337 0.141330 0.004751
0.206651 0.141330 0.011876
0.223278 0.141330 0.011876
0.123515 0.142518 0.005938
0.168646 0.142518 0.008314
0.190024 0.142518 0.013064
0.134204 0.143705 0.008314
0.155582 0.143705 0.008314
0.179335 0.143705 0.007126
0.144893 0.144893 0.005938
0.776722 0.146081 0.005938
0.794537 0.146081 0.008314
0.818290 0.146081 0.010689
0.828979 0.146081 0.005938
0.855107 0.146081 0.004751
0.872922 0.146081 0.008314
0.883610 0.146081 0.010689
0.896675 0.146081 0.008314
0.624703 0.147268 0.008314
0.714964 0.147268 0.008314
0.729216 0.147268 0.008314
0.738717 0.147268 0.008314
0.751781 0.147268 0.008314
0.760095 0.147268 0.004751
0.767221 0.147268 0.004751
0.804038 0.147268 0.005938
0.838480 0.147268 0.004751
0.846793 0.147268 0.005938
0.862233 0.147268 0.004751
0.666271 0.148456 0.008314
0.615202 0.149644 0.004751
0.644893 0.149644 0.008314
0.655582 0.149644 0.007126
0.572447 0.152019 0.007126
0.584323 0.152019 0.007126
0.596200 0.152019 0.008314
0.606888 0.152019 0.005938
0.562945 0.153207 0.008314
0.542755 0.154394 0.004751
0.447743 0.155582 0.004751
0.471496 0.155582 0.008314
0.510689 0.155582 0.005938
0.520190 0.155582 0.007126
0.532067 0.155582 0.008314
0.551069 0.155582 0.013064
0.372922 0.156770 0.008314
0.383610 0.156770 0.007126
0.408551 0.156770 0.013064
0.416865 0.156770 0.004751
0.426366 0.156770 0.007126
0.438242 0.156770 0.005938
0.454869 0.156770 0.004751
0.483373 0.156770 0.007126
0.497625 0.156770 0.009501
0.279097 0.157957 0.008314
0.288599 0.157957 0.014252
0.362233 0.157957 0.007126
0.213777 0.159145 0.005938
0.230404 0.159145 0.004751
0.244656 0.159145 0.007126
0.254157 0.159145 0.007126
0.266033 0.159145 0.008314
0.340855 0.159145 0.008314
0.351544 0.159145 0.005938
0.193587 0.160333 0.005938
0.203088 0.160333 0.005938
0.223278 0.160333 0.004751
0.122328 0.161520 0.013064
0.131829 0.161520 0.007126
0.140143 0.161520 0.004751
0.182898 0.161520 0.008314
0.169834 0.162708 0.010689
0.874109 0.162708 0.004751
0.818290 0.163895 0.005938
0.836105 0.163895 0.004751
0.845606 0.163895 0.007126
0.857482 0.163895 0.008314
0.865796 0.163895 0.004751
0.887173 0.163895 0.009501
0.897862 0.163895 0.008314
0.770784 0.165083 0.007126
0.785036 0.165083 0.008314
0.794537 0.165083 0.008314
0.827791 0.165083 0.013064
0.742280 0.166271 0.007126
0.751781 0.166271 0.004751
0.758907 0.166271 0.009501
0.806413 0.166271 0.008314
0.711401 0.167458 0.008314
0.723278 0.167458 0.008314
0.732779 0.167458 0.008314
0.636580 0.168646 0.007126
0.663895 0.168646 0.004751
0.616390 0.169834 0.007126
0.624703 0.169834 0.005938
0.647268 0.169834 0.005938
0.655582 0.169834 0.005938
0.592637 0.171021 0.007126
0.603325 0.171021 0.007126
0.567696 0.172209 0.010689
0.583135 0.172209 0.005938
0.522565 0.173397 0.008314
0.536817 0.173397 0.007126
0.545131 0.173397 0.004751
0.554632 0.173397 0.008314
0.461995 0.174584 0.011876
0.471496 0.174584 0.008314
0.482185 0.174584 0.007126
0.496437 0.174584 0.008314
0.509501 0.174584 0.008314
0.254157 0.175772 0.010689
0.287411 0.175772 0.005938
0.372922 0.175772 0.013064
0.413302 0.175772 0.008314
0.426366 0.175772 0.008314
0.434679 0.175772 0.008314
0.447743 0.175772 0.007126
0.238717 0.176960 0.008314
0.248219 0.176960 0.008314
0.268409 0.176960 0.007126
0.279097 0.176960 0.008314
0.337292 0.176960 0.008314
0.350356 0.176960 0.008314
0.393112 0.176960 0.007126
0.403800 0.176960 0.008314
0.188836 0.178147 0.008314
0.197150 0.178147 0.005938
0.206651 0.178147 0.008314
0.219715 0.178147 0.008314
0.229216 0.178147 0.005938
0.380048 0.178147 0.009501
0.150831 0.179335 0.007126
0.161520 0.179335 0.007126
0.169834 0.179335 0.004751
0.178147 0.179335 0.004751
0.888361 0.180523 0.011876
0.130641 0.181710 0.004751
0.138955 0.181710 0.013064
0.871734 0.181710 0.007126
0.880048 0.181710 0.004751
0.121140 0.182898 0.007126
0.775534 0.182898 0.014252
0.796912 0.182898 0.008314
0.807601 0.182898 0.007126
0.836105 0.182898 0.007126
0.762470 0.184086 0.010689
0.785036 0.184086 0.005938
0.819477 0.184086 0.009501
0.847981 0.184086 0.008314
0.857482 0.184086 0.010689
0.748219 0.185273 0.007126
0.643705 0.186461 0.007126
0.737530 0.186461 0.013064
0.612827 0.187648 0.008314
0.623515 0.187648 0.005938
0.633017 0.187648 0.004751
0.654394 0.187648 0.005938
0.663895 0.187648 0.005938
0.672209 0.187648 0.004751
0.680523 0.187648 0.011876
0.729216 0.187648 0.004751
0.580760 0.188836 0.007126
0.705463 0.188836 0.008314
0.718527 0.188836 0.008314
0.503563 0.190024 0.005938
0.513064 0.190024 0.008314
0.564133 0.190024 0.004751
0.591449 0.190024 0.007126
0.602138 0.190024 0.005938
0.427553 0.191211 0.007126
0.472684 0.191211 0.007126
0.488124 0.191211 0.010689
0.541568 0.191211 0.010689
0.555819 0.191211 0.011876
0.286223 0.192399 0.003563
0.418052 0.192399 0.008314
0.450119 0.192399 0.008314
0.460808 0.192399 0.005938
0.494062 0.192399 0.013064
0.238717 0.193587 0.008314
0.249406 0.193587 0.008314
0.257720 0.193587 0.005938
0.268409 0.193587 0.005938
0.277910 0.193587 0.005938
0.437055 0.193587 0.008314
0.528504 0.193587 0.008314
0.320665 0.194774 0.008314
0.331354 0.194774 0.004751
0.339667 0.194774 0.005938
0.349169 0.194774 0.005938
0.357482 0.194774 0.005938
0.370546 0.194774 0.008314
0.393112 0.194774 0.008314
0.175772 0.195962 0.008314
0.200713 0.195962 0.005938
0.382423 0.195962 0.007126
0.152019 0.197150 0.005938
0.162708 0.197150 0.008314
0.188836 0.197150 0.008314
0.211401 0.197150 0.007126
0.223278 0.197150 0.008314
0.305226 0.197150 0.009501
0.121140 0.198337 0.008314
0.142518 0.198337 0.005938
0.842043 0.198337 0.008314
0.130641 0.199525 0.007126
0.831354 0.199525 0.008314
0.849169 0.199525 0.008314
0.859857 0.199525 0.005938
0.870546 0.199525 0.005938
0.878860 0.199525 0.004751
0.818290 0.200713 0.008314
0.564133 0.201900 0.007126
0.763658 0.201900 0.007126
0.779097 0.201900 0.009501
0.786223 0.201900 0.004751
0.799287 0.201900 0.008314
0.809976 0.201900 0.011876
0.577197 0.203088 0.008314
0.631829 0.203088 0.008314
0.644893 0.204276 0.005938
0.654394 0.204276 0.005938
0.672209 0.204276 0.008314
0.752969 0.204276 0.011876
0.511876 0.205463 0.004751
0.522565 0.205463 0.005938
0.534442 0.205463 0.005938
0.590261 0.205463 0.007126
0.600950 0.205463 0.008314
0.662708 0.205463 0.013064
0.714964 0.205463 0.005938
0.723278 0.205463 0.004751
0.730404 0.205463 0.004751
0.744656 0.205463 0.005938
0.504751 0.206651 0.008314
0.548694 0.206651 0.005938
0.617577 0.206651 0.009501
0.684086 0.206651 0.004751
0.703088 0.206651 0.008314
0.485748 0.207838 0.005938
0.494062 0.207838 0.007126
0.450119 0.209026 0.007126
0.476247 0.209026 0.010689
0.439430 0.210214 0.008314
0.461995 0.210214 0.005938
0.252969 0.211401 0.005938
0.262470 0.211401 0.004751
0.268409 0.211401 0.009501
0.279097 0.211401 0.005938
0.333729 0.211401 0.008314
0.365796 0.211401 0.007126
0.376485 0.211401 0.007126
0.390736 0.211401 0.008314
0.401425 0.211401 0.008314
0.412114 0.211401 0.005938
0.422803 0.211401 0.008314
0.232779 0.212589 0.010689
0.292162 0.212589 0.007126
0.312352 0.212589 0.008314
0.324228 0.212589 0.007126
0.345606 0.212589 0.005938
0.355107 0.212589 0.007126
0.197150 0.213777 0.007126
0.206651 0.213777 0.007126
0.217340 0.213777 0.008314
0.301663 0.213777 0.004751
0.138955 0.214964 0.004751
0.146081 0.214964 0.008314
0.157957 0.214964 0.008314
0.171021 0.214964 0.008314
0.185273 0.214964 0.008314
0.239905 0.214964 0.008314
0.128266 0.216152 0.007126
0.858670 0.216152 0.008314
0.118765 0.217340 0.005938
0.796912 0.217340 0.009501
0.843230 0.217340 0.011876
0.869359 0.217340 0.008314
0.882423 0.217340 0.009501
0.804038 0.218527 0.004751
0.811164 0.218527 0.011876
0.821853 0.218527 0.007126
0.764846 0.219715 0.008314
0.773159 0.219715 0.007126
0.783848 0.219715 0.008314
0.830166 0.219715 0.007126
0.638955 0.220903 0.004751
0.722090 0.220903 0.010689
0.743468 0.220903 0.011876
0.752969 0.220903 0.008314
0.530879 0.222090 0.010689
0.593824 0.222090 0.008314
0.647268 0.222090 0.008314
0.693587 0.222090 0.010689
0.509501 0.223278 0.005938
0.517815 0.223278 0.013064
0.540380 0.223278 0.008314
0.553444 0.223278 0.008314
0.564133 0.223278 0.004751
0.571259 0.223278 0.004751
0.581948 0.223278 0.008314
0.602138 0.223278 0.007126
0.614014 0.223278 0.008314
0.628266 0.223278 0.013064
0.657957 0.223278 0.007126
0.667458 0.223278 0.005938
0.678147 0.223278 0.007126
0.706651 0.223278 0.008314
0.466746 0.224466 0.007126
0.476247 0.224466 0.007126
0.497625 0.224466 0.008314
0.375297 0.225653 0.007126
0.414489 0.225653 0.008314
0.425178 0.225653 0.007126
0.434679 0.225653 0.007126
0.445368 0.225653 0.007126
0.454869 0.225653 0.008314
0.488124 0.225653 0.007126
0.148456 0.226841 0.005938
0.311164 0.226841 0.005938
0.324228 0.226841 0.008314
0.356295 0.226841 0.007126
0.365796 0.226841 0.005938
0.140143 0.228029 0.010689
0.258907 0.228029 0.008314
0.273159 0.228029 0.010689
0.281473 0.228029 0.004751
0.293349 0.228029 0.008314
0.304038 0.228029 0.011876
0.338480 0.228029 0.011876
0.389549 0.228029 0.009501
0.401425 0.228029 0.008314
0.134204 0.229216 0.004751
0.159145 0.229216 0.005938
0.225653 0.229216 0.008314
0.248219 0.229216 0.007126
0.127078 0.230404 0.004751
0.169834 0.230404 0.008314
0.176960 0.230404 0.004751
0.185273 0.230404 0.005938
0.195962 0.230404 0.007126
0.206651 0.230404 0.005938
0.214964 0.230404 0.013064
0.238717 0.230404 0.005938
0.119952 0.231591 0.011876
