0.859857 0.076010 0.008314
0.839667 0.077197 0.008314
0.851544 0.077197 0.005938
0.707838 0.078385 0.008314
0.716152 0.078385 0.004751
0.725653 0.078385 0.008314
0.770784 0.078385 0.008314
0.786223 0.078385 0.008314
0.826603 0.078385 0.008314
0.871734 0.078385 0.008314
0.673397 0.079572 0.008314
0.685273 0.079572 0.008314
0.698337 0.079572 0.007126
0.749406 0.079572 0.008314
0.761283 0.079572 0.008314
0.800475 0.079572 0.008314
0.812352 0.079572 0.007126
0.553444 0.080760 0.008314
0.604513 0.080760 0.008314
0.614014 0.080760 0.004751
0.630641 0.080760 0.005938
0.649644 0.080760 0.005938
0.659145 0.080760 0.008314
0.737530 0.080760 0.008314
0.527316 0.081948 0.008314
0.540380 0.081948 0.008314
0.565321 0.081948 0.008314
0.576010 0.081948 0.010689
0.590261 0.081948 0.007126
0.640143 0.081948 0.005938
0.504751 0.083135 0.007126
0.515439 0.083135 0.008314
0.478622 0.084323 0.008314
0.492874 0.084323 0.008314
0.416865 0.085511 0.005938
0.433492 0.085511 0.005938
0.450119 0.085511 0.004751
0.459620 0.085511 0.013064
0.466746 0.085511 0.013064
0.343230 0.086698 0.007126
0.381235 0.086698 0.004751
0.390736 0.086698 0.005938
0.402613 0.086698 0.008314
0.423990 0.086698 0.011876
0.442993 0.086698 0.004751
0.319477 0.087886 0.008314
0.328979 0.087886 0.016627
0.232779 0.089074 0.008314
0.296912 0.089074 0.005938
0.307601 0.089074 0.007126
0.352732 0.089074 0.008314
0.364608 0.089074 0.008314
0.372922 0.089074 0.005938
0.217340 0.090261 0.008314
0.245843 0.090261 0.008314
0.271971 0.090261 0.008314
0.286223 0.090261 0.008314
0.205463 0.091449 0.008314
0.258907 0.091449 0.008314
0.836105 0.091449 0.004751
0.845606 0.091449 0.007126
0.875297 0.091449 0.007126
0.190024 0.092637 0.010689
0.785036 0.092637 0.007126
0.806413 0.092637 0.005938
0.815914 0.092637 0.005938
0.825416 0.092637 0.007126
0.855107 0.092637 0.007126
0.866983 0.092637 0.007126
0.166271 0.093824 0.005938
0.174584 0.093824 0.005938
0.714964 0.093824 0.007126
0.725653 0.093824 0.007126
0.745843 0.093824 0.005938
0.754157 0.093824 0.005938
0.762470 0.093824 0.004751
0.773159 0.093824 0.007126
0.795724 0.093824 0.007126
0.156770 0.095012 0.007126
0.611639 0.095012 0.008314
0.695962 0.095012 0.005938
0.705463 0.095012 0.005938
0.735154 0.095012 0.005938
0.143705 0.096200 0.008314
0.598575 0.096200 0.007126
0.623515 0.096200 0.007126
0.686461 0.096200 0.005938
0.547506 0.097387 0.004751
0.555819 0.097387 0.005938
0.564133 0.097387 0.004751
0.581948 0.097387 0.008314
0.634204 0.097387 0.005938
0.642518 0.097387 0.004751
0.652019 0.097387 0.005938
0.660333 0.097387 0.004751
0.667458 0.097387 0.005938
0.676960 0.097387 0.005938
0.125891 0.098575 0.009501
0.517815 0.098575 0.004751
0.526128 0.098575 0.004751
0.536817 0.098575 0.008314
0.573634 0.098575 0.005938
0.489311 0.099762 0.007126
0.509501 0.099762 0.005938
0.439430 0.100950 0.008314
0.500000 0.100950 0.007126
0.415677 0.102138 0.007126
0.426366 0.102138 0.007126
0.450119 0.102138 0.005938
0.459620 0.102138 0.007126
0.470309 0.102138 0.007126
0.376485 0.103325 0.008314
0.385986 0.103325 0.005938
0.395487 0.103325 0.005938
0.404988 0.103325 0.005938
0.270784 0.104513 0.005938
0.347981 0.104513 0.007126
0.363420 0.104513 0.007126
0.880048 0.104513 0.008314
0.251781 0.105701 0.005938
0.281473 0.105701 0.007126
0.292162 0.105701 0.007126
0.302850 0.105701 0.007126
0.312352 0.105701 0.008314
0.324228 0.105701 0.007126
0.334917 0.105701 0.007126
0.864608 0.105701 0.009501
0.871734 0.105701 0.005938
0.242280 0.106888 0.007126
0.261283 0.106888 0.007126
0.850356 0.106888 0.004751
0.231591 0.108076 0.007126
0.792162 0.108076 0.004751
0.802850 0.108076 0.007126
0.812352 0.108076 0.007126
0.821853 0.108076 0.008314
0.833729 0.108076 0.008314
0.843230 0.108076 0.008314
0.179335 0.109264 0.005938
0.187648 0.109264 0.010689
0.200713 0.109264 0.005938
0.211401 0.109264 0.005938
0.219715 0.109264 0.005938
0.769596 0.109264 0.008314
0.785036 0.109264 0.004751
0.156770 0.110451 0.007126
0.167458 0.110451 0.008314
0.566508 0.110451 0.007126
0.685273 0.110451 0.005938
0.749406 0.110451 0.007126
0.758907 0.110451 0.007126
0.147268 0.111639 0.008314
0.614014 0.111639 0.008314
0.627078 0.111639 0.008314
0.674584 0.111639 0.005938
0.693587 0.111639 0.005938
0.704276 0.111639 0.007126
0.716152 0.111639 0.008314
0.729216 0.111639 0.008314
0.738717 0.111639 0.007126
0.595012 0.112827 0.013064
0.640143 0.112827 0.008314
0.650831 0.112827 0.004751
0.656770 0.112827 0.011876
0.665083 0.112827 0.004751
0.585511 0.114014 0.008314
0.135392 0.115202 0.004751
0.543943 0.115202 0.004751
0.125891 0.116390 0.007126
0.503563 0.116390 0.007126
0.513064 0.116390 0.011876
0.519002 0.116390 0.010689
0.420428 0.117577 0.005938
0.290974 0.118765 0.005938
0.340855 0.118765 0.005938
0.355107 0.118765 0.008314
0.409739 0.118765 0.007126
0.428741 0.118765 0.004751
0.453682 0.118765 0.007126
0.301663 0.119952 0.005938
0.331354 0.119952 0.004751
0.368171 0.119952 0.008314
0.380048 0.119952 0.005938
0.388361 0.119952 0.005938
0.397862 0.119952 0.005938
0.248219 0.121140 0.005938
0.256532 0.121140 0.008314
0.267221 0.121140 0.008314
0.280285 0.121140 0.008314
0.312352 0.121140 0.008314
0.324228 0.121140 0.011876
0.877672 0.122328 0.011876
0.200713 0.124703 0.005938
0.210214 0.124703 0.007126
0.222090 0.124703 0.007126
0.231591 0.124703 0.008314
0.796912 0.124703 0.008314
0.828979 0.124703 0.007126
0.837292 0.124703 0.007126
0.869359 0.124703 0.013064
0.783848 0.125891 0.007126
0.807601 0.125891 0.008314
0.818290 0.125891 0.007126
0.861045 0.125891 0.010689
0.168646 0.127078 0.008314
0.181710 0.127078 0.007126
0.191211 0.127078 0.007126
0.849169 0.127078 0.008314
0.157957 0.128266 0.007126
0.751781 0.128266 0.007126
0.762470 0.128266 0.007126
0.774347 0.128266 0.008314
0.144893 0.129454 0.008314
0.641330 0.129454 0.005938
0.649644 0.129454 0.005938
0.659145 0.129454 0.008314
0.720903 0.129454 0.008314
0.729216 0.129454 0.005938
0.741093 0.129454 0.008314
0.134204 0.130641 0.007126
0.614014 0.130641 0.004751
0.621140 0.130641 0.013064
0.630641 0.130641 0.007126
0.124703 0.131829 0.008314
0.527316 0.131829 0.004751
0.535629 0.131829 0.005938
0.580760 0.131829 0.008314
0.590261 0.131829 0.007126
0.603325 0.131829 0.008314
0.706651 0.131829 0.008314
0.514252 0.133017 0.004751
0.555819 0.133017 0.008314
0.567696 0.133017 0.008314
0.452494 0.135392 0.007126
0.495249 0.135392 0.007126
0.505938 0.135392 0.004751
0.331354 0.136580 0.011876
0.339667 0.136580 0.007126
0.350356 0.136580 0.013064
0.377672 0.136580 0.007126
0.399050 0.136580 0.007126
0.409739 0.136580 0.007126
0.420428 0.136580 0.013064
0.427553 0.136580 0.011876
0.463183 0.136580 0.011876
0.274347 0.137767 0.004751
0.280285 0.137767 0.003563
0.357482 0.137767 0.013064
0.368171 0.137767 0.007126
0.440618 0.137767 0.008314
0.263658 0.138955 0.008314
0.389549 0.138955 0.008314
0.237530 0.140143 0.008314
0.250594 0.140143 0.008314
0.833729 0.140143 0.008314
0.226841 0.142518 0.005938
0.820665 0.142518 0.007126
0.711401 0.143705 0.008314
0.788599 0.143705 0.007126
0.798100 0.143705 0.004751
0.157957 0.144893 0.008314
0.168646 0.144893 0.007126
0.180523 0.144893 0.007126
0.193587 0.144893 0.008314
0.213777 0.144893 0.011876
0.723278 0.144893 0.007126
0.779097 0.144893 0.005938
0.733967 0.146081 0.007126
0.747031 0.146081 0.008314
0.757720 0.146081 0.008314
0.769596 0.146081 0.007126
0.146081 0.147268 0.005938
0.640143 0.147268 0.008314
0.616390 0.148456 0.008314
0.629454 0.148456 0.008314
0.124703 0.149644 0.008314
0.135392 0.149644 0.008314
0.577197 0.149644 0.007126
0.590261 0.149644 0.009501
0.604513 0.149644 0.008314
0.530879 0.150831 0.008314
0.541568 0.150831 0.008314
0.555819 0.152019 0.007126
0.567696 0.152019 0.008314
0.482185 0.153207 0.007126
0.432304 0.154394 0.008314
0.440618 0.154394 0.011876
0.464371 0.154394 0.004751
0.492874 0.154394 0.007126
0.888361 0.154394 0.005938
0.362233 0.155582 0.008314
0.420428 0.155582 0.008314
0.453682 0.155582 0.007126
0.471496 0.155582 0.007126
0.504751 0.155582 0.008314
0.878860 0.155582 0.008314
0.337292 0.156770 0.009501
0.350356 0.156770 0.005938
0.372922 0.156770 0.008314
0.833729 0.157957 0.008314
0.843230 0.157957 0.013064
0.866983 0.157957 0.010689
0.267221 0.159145 0.004751
0.275534 0.159145 0.011876
0.820665 0.159145 0.008314
0.258907 0.160333 0.007126
0.790974 0.160333 0.007126
0.804038 0.160333 0.010689
0.811164 0.160333 0.013064
0.232779 0.161520 0.008314
0.245843 0.161520 0.008314
0.711401 0.161520 0.013064
0.719715 0.161520 0.005938
0.216152 0.162708 0.008314
0.655582 0.162708 0.009501
0.729216 0.162708 0.007126
0.737530 0.162708 0.013064
0.745843 0.162708 0.004751
0.780285 0.162708 0.008314
0.161520 0.163895 0.004751
0.175772 0.163895 0.008314
0.188836 0.163895 0.008314
0.201900 0.163895 0.008314
0.766033 0.163895 0.008314
0.123515 0.166271 0.008314
0.134204 0.166271 0.007126
0.143705 0.166271 0.005938
0.153207 0.166271 0.005938
0.623515 0.166271 0.013064
0.633017 0.166271 0.007126
0.643705 0.166271 0.004751
0.509501 0.167458 0.005938
0.572447 0.168646 0.009501
0.585511 0.168646 0.008314
0.598575 0.168646 0.008314
0.606888 0.168646 0.004751
0.615202 0.168646 0.004751
0.532067 0.171021 0.008314
0.554632 0.171021 0.008314
0.480998 0.172209 0.008314
0.368171 0.173397 0.008314
0.377672 0.173397 0.007126
0.400238 0.173397 0.005938
0.409739 0.173397 0.004751
0.432304 0.173397 0.008314
0.445368 0.173397 0.008314
0.459620 0.173397 0.008314
0.469121 0.173397 0.005938
0.491686 0.173397 0.004751
0.500000 0.173397 0.005938
0.874109 0.173397 0.004751
0.883610 0.173397 0.007126
0.334917 0.174584 0.008314
0.345606 0.174584 0.007126
0.355107 0.174584 0.008314
0.387173 0.174584 0.005938
0.418052 0.174584 0.011876
0.864608 0.174584 0.008314
0.256532 0.175772 0.004751
0.269596 0.175772 0.004751
0.276722 0.175772 0.010689
0.809976 0.176960 0.005938
0.838480 0.176960 0.007126
0.850356 0.176960 0.008314
0.212589 0.178147 0.005938
0.222090 0.178147 0.004751
0.230404 0.178147 0.008314
0.244656 0.178147 0.008314
0.794537 0.178147 0.010689
0.818290 0.178147 0.008314
0.828979 0.178147 0.005938
0.201900 0.179335 0.008314
0.179335 0.180523 0.005938
0.188836 0.180523 0.007126
0.750594 0.180523 0.004751
0.758907 0.180523 0.005938
0.783848 0.180523 0.007126
0.168646 0.181710 0.008314
0.742280 0.181710 0.007126
0.767221 0.181710 0.011876
0.140143 0.182898 0.004751
0.152019 0.182898 0.009501
0.666271 0.182898 0.005938
0.719715 0.182898 0.004751
0.726841 0.182898 0.010689
0.133017 0.184086 0.013064
0.649644 0.184086 0.014252
0.657957 0.184086 0.008314
0.700713 0.184086 0.013064
0.709026 0.184086 0.007126
0.630641 0.185273 0.004751
0.638955 0.185273 0.007126
0.122328 0.186461 0.008314
0.621140 0.186461 0.008314
0.508314 0.187648 0.004751
0.514252 0.187648 0.009501
0.602138 0.187648 0.004751
0.529691 0.188836 0.008314
0.553444 0.188836 0.008314
0.566508 0.188836 0.007126
0.580760 0.188836 0.008314
0.592637 0.188836 0.007126
0.489311 0.190024 0.008314
0.501188 0.190024 0.010689
0.542755 0.190024 0.008314
0.880048 0.190024 0.010689
0.295724 0.192399 0.013064
0.408551 0.192399 0.005938
0.418052 0.192399 0.008314
0.452494 0.192399 0.008314
0.465558 0.192399 0.007126
0.477435 0.192399 0.008314
0.286223 0.193587 0.007126
0.321853 0.193587 0.007126
0.334917 0.193587 0.008314
0.347981 0.193587 0.008314
0.359857 0.193587 0.008314
0.370546 0.193587 0.005938
0.399050 0.193587 0.007126
0.432304 0.193587 0.007126
0.442993 0.193587 0.008314
0.864608 0.193587 0.004751
0.275534 0.194774 0.008314
0.378860 0.194774 0.004751
0.833729 0.195962 0.005938
0.855107 0.195962 0.007126
0.223278 0.197150 0.008314
0.237530 0.197150 0.008314
0.248219 0.197150 0.007126
0.258907 0.197150 0.013064
0.790974 0.197150 0.007126
0.801663 0.197150 0.007126
0.811164 0.197150 0.007126
0.820665 0.197150 0.008314
0.845606 0.197150 0.008314
0.190024 0.198337 0.004751
0.198337 0.198337 0.010689
0.211401 0.198337 0.008314
0.754157 0.198337 0.004751
0.781473 0.198337 0.005938
0.180523 0.199525 0.008314
0.733967 0.199525 0.008314
0.744656 0.199525 0.005938
0.762470 0.199525 0.008314
0.773159 0.199525 0.004751
0.712589 0.200713 0.010689
0.167458 0.201900 0.008314
0.667458 0.201900 0.008314
0.678147 0.201900 0.008314
0.700713 0.201900 0.013064
0.141330 0.203088 0.008314
0.152019 0.203088 0.008314
0.635392 0.203088 0.008314
0.647268 0.203088 0.007126
0.655582 0.203088 0.013064
0.691211 0.203088 0.005938
0.121140 0.204276 0.008314
0.131829 0.204276 0.007126
0.605701 0.204276 0.010689
0.623515 0.204276 0.008314
0.510689 0.205463 0.008314
0.539192 0.205463 0.007126
0.581948 0.205463 0.004751
0.590261 0.205463 0.007126
0.484561 0.206651 0.008314
0.521378 0.206651 0.013064
0.529691 0.206651 0.008314
0.553444 0.206651 0.008314
0.564133 0.206651 0.005938
0.574822 0.206651 0.013064
0.319477 0.207838 0.008314
0.330166 0.209026 0.008314
0.457245 0.209026 0.007126
0.471496 0.209026 0.008314
0.363420 0.210214 0.004751
0.878860 0.210214 0.013064
0.304038 0.211401 0.007126
0.342043 0.211401 0.007126
0.858670 0.211401 0.004751
0.864608 0.211401 0.008314
0.282660 0.212589 0.008314
0.293349 0.212589 0.008314
0.353919 0.212589 0.008314
0.851544 0.212589 0.004751
0.249406 0.213777 0.005938
0.258907 0.213777 0.007126
0.271971 0.213777 0.008314
0.237530 0.214964 0.008314
0.795724 0.214964 0.010689
0.805226 0.214964 0.008314
0.843230 0.214964 0.013064
0.203088 0.216152 0.008314
0.211401 0.216152 0.005938
0.223278 0.216152 0.008314
0.764846 0.216152 0.005938
0.782660 0.216152 0.004751
0.191211 0.217340 0.004751
0.751781 0.217340 0.007126
0.774347 0.217340 0.013064
0.830166 0.217340 0.009501
0.729216 0.218527 0.008314
0.741093 0.218527 0.008314
0.817102 0.218527 0.008314
0.181710 0.219715 0.008314
0.718527 0.219715 0.007126
0.168646 0.220903 0.008314
0.156770 0.222090 0.005938
0.681710 0.222090 0.008314
0.692399 0.222090 0.013064
0.709026 0.222090 0.007126
0.649644 0.223278 0.007126
0.660333 0.223278 0.007126
0.672209 0.223278 0.008314
0.699525 0.223278 0.013064
0.134204 0.224466 0.008314
0.146081 0.224466 0.008314
0.615202 0.224466 0.004751
0.630641 0.224466 0.004751
0.638955 0.224466 0.015439
0.119952 0.225653 0.008314
0.437055 0.225653 0.008314
0.458432 0.225653 0.008314
0.469121 0.225653 0.008314
0.534442 0.225653 0.007126
0.576010 0.225653 0.011876
0.583135 0.225653 0.005938
0.595012 0.225653 0.008314
0.605701 0.225653 0.005938
0.622328 0.225653 0.011876
0.425178 0.226841 0.008314
0.444181 0.226841 0.013064
0.482185 0.226841 0.008314
0.494062 0.226841 0.008314
0.523753 0.226841 0.014252
0.546318 0.226841 0.008314
0.321853 0.228029 0.008314
0.330166 0.228029 0.004751
0.339667 0.228029 0.005938
0.350356 0.228029 0.008314
0.375297 0.228029 0.007126
0.384798 0.228029 0.005938
0.403800 0.228029 0.004751
0.412114 0.228029 0.013064
0.505938 0.228029 0.005938
0.515439 0.228029 0.014252
0.557007 0.228029 0.013064
0.286223 0.229216 0.008314
0.298100 0.229216 0.014252
0.305226 0.229216 0.013064
0.365796 0.229216 0.008314
0.395487 0.229216 0.008314
0.261283 0.231591 0.008314
0.273159 0.231591 0.008314
0.222090 0.232779 0.008314
0.233967 0.232779 0.007126
0.247031 0.232779 0.008314
0.184086 0.233967 0.008314
0.199525 0.233967 0.014252
0.207838 0.233967 0.016627
0.150831 0.235154 0.004751
0.171021 0.235154 0.008314
0.159145 0.236342 0.008314
0.119952 0.237530 0.007126
0.142518 0.237530 0.007126
0.129454 0.238717 0.005938
