0.431116 0.085511 0.008314
0.483373 0.085511 0.007126
0.534442 0.085511 0.008314
0.545131 0.085511 0.007126
0.686461 0.085511 0.010689
0.703088 0.085511 0.005938
0.714964 0.085511 0.007126
0.739905 0.085511 0.005938
0.749406 0.085511 0.005938
0.806413 0.085511 0.004751
0.813539 0.085511 0.004751
0.823040 0.085511 0.008314
0.844418 0.085511 0.007126
0.856295 0.085511 0.007126
0.864608 0.085511 0.005938
0.319477 0.086698 0.013064
0.338480 0.086698 0.008314
0.418052 0.086698 0.008314
0.448931 0.086698 0.004751
0.494062 0.086698 0.008314
0.504751 0.086698 0.007126
0.516627 0.086698 0.009501
0.555819 0.086698 0.007126
0.566508 0.086698 0.007126
0.576010 0.086698 0.004751
0.584323 0.086698 0.004751
0.592637 0.086698 0.008314
0.605701 0.086698 0.008314
0.616390 0.086698 0.005938
0.629454 0.086698 0.008314
0.641330 0.086698 0.007126
0.652019 0.086698 0.005938
0.673397 0.086698 0.008314
0.693587 0.086698 0.005938
0.730404 0.086698 0.011876
0.761283 0.086698 0.007126
0.770784 0.086698 0.004751
0.780285 0.086698 0.007126
0.789786 0.086698 0.004751
0.798100 0.086698 0.005938
0.833729 0.086698 0.004751
0.875297 0.086698 0.008314
0.350356 0.087886 0.005938
0.382423 0.087886 0.008314
0.389549 0.087886 0.005938
0.397862 0.087886 0.004751
0.406176 0.087886 0.005938
0.661520 0.087886 0.007126
0.271971 0.089074 0.005938
0.311164 0.089074 0.010689
0.370546 0.089074 0.009501
0.243468 0.090261 0.007126
0.254157 0.090261 0.011876
0.262470 0.090261 0.007126
0.280285 0.090261 0.013064
0.288599 0.090261 0.010689
0.210214 0.091449 0.004751
0.218527 0.091449 0.011876
0.190024 0.092637 0.004751
0.199525 0.092637 0.007126
0.178147 0.093824 0.008314
0.238717 0.098575 0.004751
0.869359 0.100950 0.004751
0.876485 0.100950 0.004751
0.450119 0.102138 0.004751
0.457245 0.102138 0.004751
0.545131 0.102138 0.005938
0.573634 0.102138 0.004751
0.606888 0.102138 0.005938
0.615202 0.102138 0.008314
0.627078 0.102138 0.004751
0.698337 0.102138 0.010689
0.706651 0.102138 0.007126
0.726841 0.102138 0.004751
0.735154 0.102138 0.005938
0.744656 0.102138 0.005938
0.756532 0.102138 0.007126
0.766033 0.102138 0.005938
0.782660 0.102138 0.004751
0.789786 0.102138 0.004751
0.799287 0.102138 0.004751
0.823040 0.102138 0.007126
0.832542 0.102138 0.004751
0.839667 0.102138 0.004751
0.849169 0.102138 0.005938
0.416865 0.103325 0.005938
0.427553 0.103325 0.010689
0.434679 0.103325 0.004751
0.465558 0.103325 0.013064
0.510689 0.103325 0.007126
0.529691 0.103325 0.005938
0.536817 0.103325 0.004751
0.553444 0.103325 0.005938
0.564133 0.103325 0.005938
0.583135 0.103325 0.008314
0.596200 0.103325 0.008314
0.635392 0.103325 0.007126
0.647268 0.103325 0.010689
0.676960 0.103325 0.007126
0.687648 0.103325 0.007126
0.717340 0.103325 0.005938
0.774347 0.103325 0.011876
0.809976 0.103325 0.008314
0.857482 0.103325 0.008314
0.312352 0.104513 0.004751
0.321853 0.104513 0.005938
0.330166 0.104513 0.004751
0.337292 0.104513 0.004751
0.347981 0.104513 0.008314
0.358670 0.104513 0.005938
0.368171 0.104513 0.005938
0.377672 0.104513 0.005938
0.385986 0.104513 0.004751
0.394299 0.104513 0.004751
0.401425 0.104513 0.004751
0.476247 0.104513 0.007126
0.486936 0.104513 0.007126
0.520190 0.104513 0.004751
0.655582 0.104513 0.004751
0.663895 0.104513 0.007126
0.238717 0.105701 0.004751
0.274347 0.105701 0.007126
0.286223 0.105701 0.008314
0.498812 0.105701 0.007126
0.245843 0.106888 0.004751
0.252969 0.106888 0.008314
0.263658 0.106888 0.007126
0.302850 0.106888 0.008314
0.213777 0.108076 0.007126
0.225653 0.108076 0.008314
0.203088 0.110451 0.008314
0.182898 0.111639 0.004751
0.192399 0.111639 0.005938
0.171021 0.112827 0.007126
0.148456 0.114014 0.007126
0.161520 0.114014 0.007126
0.128266 0.115202 0.009501
0.709026 0.116390 0.004751
0.719715 0.116390 0.007126
0.728029 0.116390 0.007126
0.739905 0.116390 0.008314
0.763658 0.116390 0.004751
0.774347 0.116390 0.007126
0.783848 0.116390 0.004751
0.817102 0.116390 0.010689
0.825416 0.116390 0.004751
0.832542 0.116390 0.004751
0.843230 0.116390 0.007126
0.852732 0.116390 0.004751
0.869359 0.116390 0.008314
0.558195 0.117577 0.007126
0.571259 0.117577 0.008314
0.636580 0.117577 0.004751
0.701900 0.117577 0.004751
0.754157 0.117577 0.008314
0.422803 0.118765 0.005938
0.434679 0.118765 0.008314
0.450119 0.118765 0.005938
0.492874 0.118765 0.004751
0.528504 0.118765 0.011876
0.539192 0.118765 0.007126
0.549881 0.118765 0.004751
0.581948 0.118765 0.005938
0.604513 0.118765 0.008314
0.615202 0.118765 0.008314
0.627078 0.118765 0.005938
0.648456 0.118765 0.008314
0.657957 0.118765 0.007126
0.673397 0.118765 0.007126
0.682898 0.118765 0.007126
0.692399 0.118765 0.005938
0.290974 0.119952 0.010689
0.300475 0.119952 0.005938
0.368171 0.119952 0.007126
0.400238 0.119952 0.007126
0.410926 0.119952 0.007126
0.441805 0.119952 0.004751
0.459620 0.119952 0.004751
0.470309 0.119952 0.007126
0.483373 0.119952 0.008314
0.502375 0.119952 0.005938
0.511876 0.119952 0.007126
0.590261 0.119952 0.005938
0.261283 0.121140 0.005938
0.283848 0.121140 0.011876
0.309976 0.121140 0.005938
0.321853 0.121140 0.008314
0.333729 0.121140 0.005938
0.357482 0.121140 0.005938
0.378860 0.121140 0.005938
0.388361 0.121140 0.008314
0.243468 0.122328 0.005938
0.252969 0.122328 0.004751
0.273159 0.122328 0.007126
0.344418 0.122328 0.009501
0.225653 0.123515 0.005938
0.233967 0.123515 0.004751
0.217340 0.124703 0.004751
0.181710 0.125891 0.004751
0.187648 0.125891 0.004751
0.197150 0.125891 0.005938
0.206651 0.125891 0.007126
0.160333 0.127078 0.004751
0.167458 0.127078 0.005938
0.149644 0.129454 0.008314
0.123515 0.130641 0.004751
0.130641 0.130641 0.010689
0.138955 0.130641 0.005938
0.869359 0.131829 0.005938
0.877672 0.131829 0.005938
0.711401 0.133017 0.011876
0.720903 0.133017 0.004751
0.738717 0.133017 0.005938
0.769596 0.133017 0.005938
0.796912 0.133017 0.007126
0.834917 0.133017 0.004751
0.842043 0.133017 0.004751
0.851544 0.133017 0.008314
0.861045 0.133017 0.007126
0.467933 0.134204 0.007126
0.568884 0.134204 0.008314
0.578385 0.134204 0.007126
0.600950 0.134204 0.005938
0.610451 0.134204 0.008314
0.625891 0.134204 0.008314
0.640143 0.134204 0.010689
0.655582 0.134204 0.004751
0.729216 0.134204 0.011876
0.750594 0.134204 0.008314
0.780285 0.134204 0.008314
0.825416 0.134204 0.007126
0.407363 0.135392 0.008314
0.432304 0.135392 0.004751
0.448931 0.135392 0.004751
0.477435 0.135392 0.008314
0.491686 0.135392 0.007126
0.545131 0.135392 0.007126
0.554632 0.135392 0.008314
0.590261 0.135392 0.007126
0.647268 0.135392 0.004751
0.757720 0.135392 0.008314
0.290974 0.136580 0.008314
0.375297 0.136580 0.009501
0.388361 0.136580 0.004751
0.418052 0.136580 0.008314
0.440618 0.136580 0.005938
0.502375 0.136580 0.005938
0.510689 0.136580 0.005938
0.521378 0.136580 0.005938
0.532067 0.136580 0.008314
0.666271 0.136580 0.008314
0.811164 0.136580 0.009501
0.333729 0.137767 0.013064
0.382423 0.137767 0.004751
0.394299 0.137767 0.008314
0.232779 0.138955 0.005938
0.243468 0.138955 0.008314
0.252969 0.138955 0.008314
0.262470 0.138955 0.005938
0.342043 0.138955 0.007126
0.352732 0.138955 0.005938
0.362233 0.138955 0.008314
0.204276 0.140143 0.007126
0.213777 0.140143 0.005938
0.223278 0.140143 0.005938
0.273159 0.140143 0.008314
0.281473 0.140143 0.013064
0.193587 0.141330 0.008314
0.172209 0.142518 0.005938
0.181710 0.142518 0.008314
0.146081 0.143705 0.005938
0.155582 0.143705 0.004751
0.162708 0.143705 0.004751
0.123515 0.144893 0.007126
0.137767 0.144893 0.007126
0.752969 0.148456 0.010689
0.763658 0.148456 0.008314
0.843230 0.148456 0.011876
0.850356 0.148456 0.004751
0.862233 0.148456 0.007126
0.870546 0.148456 0.004751
0.877672 0.148456 0.010689
0.660333 0.149644 0.004751
0.781473 0.149644 0.005938
0.796912 0.149644 0.004751
0.815914 0.149644 0.007126
0.826603 0.149644 0.004751
0.833729 0.149644 0.004751
0.509501 0.150831 0.007126
0.521378 0.150831 0.008314
0.533254 0.150831 0.005938
0.541568 0.150831 0.004751
0.587886 0.150831 0.008314
0.619952 0.150831 0.008314
0.714964 0.150831 0.011876
0.723278 0.150831 0.008314
0.733967 0.150831 0.008314
0.745843 0.150831 0.004751
0.804038 0.150831 0.004751
0.477435 0.152019 0.010689
0.498812 0.152019 0.007126
0.554632 0.152019 0.004751
0.565321 0.152019 0.008314
0.577197 0.152019 0.007126
0.598575 0.152019 0.008314
0.608076 0.152019 0.005938
0.630641 0.152019 0.005938
0.359857 0.153207 0.007126
0.401425 0.153207 0.008314
0.466746 0.153207 0.013064
0.640143 0.153207 0.005938
0.649644 0.153207 0.007126
0.266033 0.154394 0.005938
0.275534 0.154394 0.005938
0.283848 0.154394 0.005938
0.350356 0.154394 0.004751
0.369359 0.154394 0.005938
0.378860 0.154394 0.004751
0.389549 0.154394 0.008314
0.412114 0.154394 0.005938
0.446556 0.154394 0.010689
0.161520 0.155582 0.004751
0.209026 0.155582 0.004751
0.218527 0.155582 0.008314
0.232779 0.155582 0.008314
0.255344 0.155582 0.008314
0.422803 0.155582 0.005938
0.434679 0.155582 0.008314
0.660333 0.155582 0.004751
0.168646 0.156770 0.004751
0.194774 0.156770 0.005938
0.203088 0.156770 0.004751
0.243468 0.156770 0.008314
0.339667 0.156770 0.008314
0.155582 0.157957 0.009501
0.176960 0.157957 0.005938
0.185273 0.157957 0.005938
0.144893 0.160333 0.007126
0.123515 0.161520 0.008314
0.133017 0.161520 0.007126
0.870546 0.163895 0.004751
0.811164 0.165083 0.005938
0.820665 0.165083 0.004751
0.828979 0.165083 0.005938
0.838480 0.165083 0.004751
0.847981 0.165083 0.005938
0.862233 0.165083 0.008314
0.766033 0.166271 0.005938
0.779097 0.166271 0.007126
0.787411 0.166271 0.005938
0.795724 0.166271 0.004751
0.530879 0.167458 0.008314
0.716152 0.167458 0.008314
0.725653 0.167458 0.005938
0.733967 0.167458 0.004751
0.757720 0.167458 0.008314
0.497625 0.168646 0.007126
0.510689 0.168646 0.007126
0.520190 0.168646 0.007126
0.542755 0.168646 0.007126
0.573634 0.168646 0.005938
0.583135 0.168646 0.007126
0.593824 0.168646 0.007126
0.606888 0.168646 0.007126
0.616390 0.168646 0.007126
0.633017 0.168646 0.010689
0.644893 0.168646 0.007126
0.655582 0.168646 0.010689
0.745843 0.168646 0.008314
0.553444 0.169834 0.005938
0.562945 0.169834 0.008314
0.205463 0.171021 0.008314
0.254157 0.171021 0.005938
0.263658 0.171021 0.008314
0.273159 0.171021 0.005938
0.282660 0.171021 0.007126
0.457245 0.171021 0.010689
0.485748 0.171021 0.008314
0.214964 0.172209 0.008314
0.225653 0.172209 0.005938
0.235154 0.172209 0.005938
0.243468 0.172209 0.007126
0.336105 0.172209 0.008314
0.418052 0.172209 0.005938
0.464371 0.172209 0.004751
0.473872 0.172209 0.008314
0.192399 0.173397 0.007126
0.346793 0.173397 0.005938
0.356295 0.173397 0.005938
0.376485 0.173397 0.004751
0.387173 0.173397 0.007126
0.396675 0.173397 0.004751
0.408551 0.173397 0.004751
0.426366 0.173397 0.013064
0.435867 0.173397 0.005938
0.444181 0.173397 0.004751
0.366983 0.174584 0.007126
0.163895 0.175772 0.007126
0.152019 0.176960 0.007126
0.131829 0.178147 0.007126
0.141330 0.178147 0.005938
0.122328 0.179335 0.008314
0.874109 0.179335 0.008314
0.836105 0.180523 0.008314
0.844418 0.180523 0.007126
0.855107 0.180523 0.007126
0.864608 0.180523 0.008314
0.880048 0.180523 0.008314
0.767221 0.181710 0.008314
0.773159 0.181710 0.009501
0.787411 0.181710 0.004751
0.806413 0.181710 0.004751
0.814727 0.181710 0.007126
0.825416 0.181710 0.004751
0.704276 0.184086 0.008314
0.714964 0.184086 0.008314
0.725653 0.184086 0.008314
0.739905 0.184086 0.011876
0.748219 0.184086 0.004751
0.755344 0.184086 0.004751
0.562945 0.185273 0.004751
0.576010 0.185273 0.004751
0.643705 0.185273 0.008314
0.663895 0.185273 0.008314
0.674584 0.185273 0.007126
0.546318 0.186461 0.007126
0.555819 0.186461 0.004751
0.592637 0.186461 0.007126
0.605701 0.186461 0.011876
0.612827 0.186461 0.005938
0.622328 0.186461 0.004751
0.630641 0.186461 0.011876
0.654394 0.186461 0.005938
0.483373 0.187648 0.004751
0.490499 0.187648 0.004751
0.519002 0.187648 0.004751
0.534442 0.187648 0.008314
0.267221 0.188836 0.008314
0.280285 0.188836 0.005938
0.288599 0.188836 0.008314
0.328979 0.188836 0.010689
0.459620 0.188836 0.004751
0.471496 0.188836 0.008314
0.509501 0.188836 0.008314
0.222090 0.190024 0.008314
0.239905 0.190024 0.008314
0.250594 0.190024 0.004751
0.258907 0.190024 0.004751
0.413302 0.190024 0.008314
0.452494 0.190024 0.004751
0.201900 0.191211 0.007126
0.212589 0.191211 0.004751
0.358670 0.191211 0.011876
0.389549 0.191211 0.008314
0.423990 0.191211 0.008314
0.439430 0.191211 0.010689
0.161520 0.192399 0.008314
0.171021 0.192399 0.004751
0.178147 0.192399 0.011876
0.190024 0.192399 0.008314
0.369359 0.192399 0.008314
0.377672 0.192399 0.010689
0.400238 0.193587 0.008314
0.135392 0.194774 0.009501
0.149644 0.194774 0.007126
0.869359 0.195962 0.009501
0.876485 0.195962 0.011876
0.857482 0.197150 0.005938
0.123515 0.198337 0.008314
0.839667 0.198337 0.011876
0.847981 0.199525 0.004751
0.785036 0.200713 0.008314
0.806413 0.200713 0.004751
0.255344 0.201900 0.008314
0.773159 0.201900 0.008314
0.800475 0.201900 0.004751
0.583135 0.203088 0.004751
0.590261 0.203088 0.010689
0.736342 0.203088 0.007126
0.748219 0.203088 0.008314
0.243468 0.204276 0.004751
0.263658 0.204276 0.008314
0.543943 0.204276 0.008314
0.555819 0.204276 0.008314
0.570071 0.204276 0.009501
0.724466 0.204276 0.009501
0.763658 0.204276 0.008314
0.233967 0.205463 0.007126
0.276722 0.205463 0.008314
0.287411 0.205463 0.011876
0.295724 0.205463 0.004751
0.471496 0.205463 0.008314
0.502375 0.205463 0.005938
0.529691 0.205463 0.008314
0.605701 0.205463 0.008314
0.616390 0.205463 0.005938
0.624703 0.205463 0.004751
0.637767 0.205463 0.009501
0.650831 0.205463 0.005938
0.661520 0.205463 0.007126
0.672209 0.205463 0.008314
0.711401 0.205463 0.007126
0.206651 0.206651 0.008314
0.222090 0.206651 0.008314
0.302850 0.206651 0.011876
0.309976 0.206651 0.004751
0.426366 0.206651 0.008314
0.434679 0.206651 0.005938
0.459620 0.206651 0.005938
0.480998 0.206651 0.004751
0.490499 0.206651 0.007126
0.511876 0.206651 0.013064
0.686461 0.206651 0.009501
0.700713 0.206651 0.007126
0.346793 0.207838 0.008314
0.402613 0.207838 0.007126
0.412114 0.207838 0.007126
0.186461 0.209026 0.005938
0.195962 0.209026 0.004751
0.325416 0.209026 0.008314
0.336105 0.209026 0.008314
0.359857 0.209026 0.005938
0.368171 0.209026 0.008314
0.377672 0.209026 0.008314
0.391924 0.209026 0.011876
0.165083 0.210214 0.007126
0.176960 0.210214 0.007126
0.142518 0.211401 0.004751
0.133017 0.212589 0.008314
0.153207 0.212589 0.008314
0.122328 0.213777 0.004751
0.872922 0.213777 0.004751
0.852732 0.216152 0.004751
0.864608 0.216152 0.008314
0.809976 0.217340 0.011876
0.823040 0.217340 0.008314
0.834917 0.217340 0.007126
0.843230 0.217340 0.014252
0.794537 0.218527 0.004751
0.802850 0.218527 0.004751
0.775534 0.219715 0.007126
0.785036 0.219715 0.008314
0.763658 0.220903 0.008314
0.756532 0.222090 0.011876
0.735154 0.223278 0.004751
0.743468 0.223278 0.014252
0.565321 0.224466 0.008314
0.581948 0.224466 0.008314
0.597387 0.224466 0.009501
0.628266 0.224466 0.008314
0.637767 0.224466 0.004751
0.688836 0.224466 0.008314
0.699525 0.224466 0.007126
0.709026 0.224466 0.004751
0.718527 0.224466 0.013064
0.725653 0.224466 0.005938
0.496437 0.225653 0.005938
0.516627 0.225653 0.013064
0.542755 0.225653 0.008314
0.554632 0.225653 0.008314
0.614014 0.225653 0.010689
0.648456 0.225653 0.008314
0.657957 0.225653 0.008314
0.672209 0.225653 0.011876
0.681710 0.225653 0.011876
0.220903 0.226841 0.008314
0.233967 0.226841 0.008314
0.243468 0.226841 0.005938
0.252969 0.226841 0.005938
0.280285 0.226841 0.015439
0.287411 0.226841 0.016627
0.296912 0.226841 0.007126
0.308789 0.226841 0.008314
0.340855 0.226841 0.008314
0.416865 0.226841 0.013064
0.434679 0.226841 0.008314
0.473872 0.226841 0.004751
0.485748 0.226841 0.008314
0.505938 0.226841 0.007126
0.530879 0.226841 0.007126
0.159145 0.228029 0.007126
0.169834 0.228029 0.015439
0.180523 0.228029 0.005938
0.191211 0.228029 0.008314
0.203088 0.228029 0.013064
0.210214 0.228029 0.004751
0.268409 0.228029 0.005938
0.328979 0.228029 0.008314
0.352732 0.228029 0.008314
0.363420 0.228029 0.008314
0.377672 0.228029 0.008314
0.390736 0.228029 0.008314
0.403800 0.228029 0.008314
0.446556 0.228029 0.008314
0.457245 0.228029 0.005938
0.466746 0.228029 0.004751
0.121140 0.229216 0.009501
0.318290 0.229216 0.005938
0.148456 0.230404 0.007126
0.135392 0.231591 0.008314
