0.941805 0.000000 0.035629
0.781473 0.009501 0.022565
0.847981 0.009501 0.023753
0.755344 0.010689 0.013064
0.769596 0.011876 0.023753
0.817102 0.011876 0.013064
0.880048 0.011876 0.013064
0.871734 0.038005 0.010689
0.691211 0.040380 0.008314
0.731591 0.040380 0.005938
0.756532 0.040380 0.004751
0.764846 0.040380 0.005938
0.776722 0.040380 0.007126
0.805226 0.040380 0.010689
0.830166 0.040380 0.008314
0.838480 0.040380 0.008314
0.851544 0.040380 0.008314
0.858670 0.040380 0.005938
0.562945 0.041568 0.005938
0.572447 0.041568 0.007126
0.583135 0.041568 0.007126
0.596200 0.041568 0.007126
0.638955 0.041568 0.008314
0.649644 0.041568 0.007126
0.657957 0.041568 0.005938
0.703088 0.041568 0.008314
0.720903 0.041568 0.005938
0.741093 0.041568 0.005938
0.749406 0.041568 0.004751
0.785036 0.041568 0.010689
0.818290 0.041568 0.008314
0.539192 0.042755 0.005938
0.551069 0.042755 0.008314
0.605701 0.042755 0.007126
0.615202 0.042755 0.005938
0.667458 0.042755 0.008314
0.678147 0.042755 0.008314
0.710214 0.042755 0.004751
0.520190 0.043943 0.005938
0.529691 0.043943 0.005938
0.628266 0.043943 0.008314
0.496437 0.045131 0.008314
0.508314 0.045131 0.008314
0.415677 0.046318 0.007126
0.437055 0.046318 0.015439
0.450119 0.046318 0.008314
0.464371 0.046318 0.007126
0.473872 0.046318 0.007126
0.484561 0.046318 0.008314
0.403800 0.047506 0.005938
0.425178 0.047506 0.008314
0.381235 0.048694 0.004751
0.390736 0.048694 0.007126
0.239905 0.049881 0.004751
0.269596 0.049881 0.007126
0.281473 0.049881 0.008314
0.295724 0.049881 0.007126
0.319477 0.049881 0.007126
0.330166 0.049881 0.007126
0.343230 0.049881 0.008314
0.355107 0.049881 0.007126
0.144893 0.051069 0.010689
0.165083 0.051069 0.005938
0.184086 0.051069 0.005938
0.192399 0.051069 0.011876
0.230404 0.051069 0.007126
0.258907 0.051069 0.008314
0.372922 0.051069 0.013064
0.174584 0.052257 0.007126
0.206651 0.052257 0.007126
0.218527 0.052257 0.008314
0.249406 0.052257 0.008314
0.306413 0.052257 0.010689
0.767221 0.052257 0.009501
0.131829 0.053444 0.008314
0.752969 0.054632 0.009501
0.774347 0.054632 0.004751
0.781473 0.054632 0.005938
0.849169 0.054632 0.004751
0.856295 0.054632 0.005938
0.866983 0.054632 0.007126
0.699525 0.055819 0.007126
0.739905 0.055819 0.008314
0.761283 0.055819 0.004751
0.809976 0.055819 0.007126
0.821853 0.055819 0.008314
0.833729 0.055819 0.008314
0.842043 0.055819 0.004751
0.649644 0.057007 0.008314
0.713777 0.057007 0.009501
0.722090 0.057007 0.010689
0.790974 0.057007 0.005938
0.799287 0.057007 0.004751
0.604513 0.058195 0.005938
0.614014 0.058195 0.004751
0.667458 0.058195 0.007126
0.557007 0.059382 0.008314
0.577197 0.059382 0.011876
0.584323 0.059382 0.005938
0.596200 0.059382 0.007126
0.630641 0.059382 0.004751
0.676960 0.059382 0.008314
0.546318 0.060570 0.008314
0.565321 0.060570 0.005938
0.637767 0.060570 0.010689
0.365796 0.061758 0.007126
0.535629 0.061758 0.008314
0.514252 0.062945 0.007126
0.260095 0.064133 0.007126
0.406176 0.064133 0.007126
0.418052 0.064133 0.007126
0.431116 0.064133 0.008314
0.467933 0.064133 0.005938
0.477435 0.064133 0.004751
0.485748 0.064133 0.005938
0.492874 0.064133 0.004751
0.504751 0.064133 0.008314
0.199525 0.065321 0.007126
0.219715 0.065321 0.003563
0.237530 0.065321 0.007126
0.249406 0.065321 0.004751
0.271971 0.065321 0.005938
0.282660 0.065321 0.005938
0.343230 0.065321 0.007126
0.375297 0.065321 0.007126
0.395487 0.065321 0.008314
0.444181 0.065321 0.008314
0.457245 0.065321 0.008314
0.146081 0.066508 0.005938
0.185273 0.066508 0.008314
0.209026 0.066508 0.008314
0.332542 0.066508 0.005938
0.352732 0.066508 0.004751
0.385986 0.066508 0.005938
0.137767 0.067696 0.004751
0.162708 0.067696 0.005938
0.173397 0.067696 0.005938
0.861045 0.067696 0.004751
0.130641 0.068884 0.010689
0.851544 0.068884 0.007126
0.840855 0.070071 0.007126
0.767221 0.071259 0.010689
0.781473 0.071259 0.007126
0.792162 0.071259 0.008314
0.807601 0.071259 0.007126
0.818290 0.071259 0.005938
0.828979 0.071259 0.007126
0.730404 0.072447 0.004751
0.744656 0.072447 0.008314
0.756532 0.072447 0.007126
0.663895 0.073634 0.009501
0.669834 0.073634 0.004751
0.675772 0.073634 0.004751
0.684086 0.073634 0.011876
0.695962 0.073634 0.007126
0.719715 0.073634 0.007126
0.710214 0.074822 0.004751
0.605701 0.076010 0.005938
0.614014 0.076010 0.008314
0.625891 0.076010 0.005938
0.584323 0.077197 0.007126
0.346793 0.078385 0.005938
0.554632 0.078385 0.007126
0.565321 0.078385 0.005938
0.574822 0.078385 0.005938
0.225653 0.079572 0.005938
0.248219 0.079572 0.008314
0.258907 0.079572 0.005938
0.268409 0.079572 0.008314
0.426366 0.079572 0.011876
0.163895 0.080760 0.007126
0.174584 0.080760 0.007126
0.197150 0.080760 0.007126
0.214964 0.080760 0.008314
0.477435 0.080760 0.004751
0.485748 0.080760 0.007126
0.154394 0.081948 0.005938
0.187648 0.081948 0.007126
0.130641 0.084323 0.008314
0.142518 0.084323 0.008314
0.861045 0.084323 0.008314
0.870546 0.084323 0.008314
0.851544 0.085511 0.005938
0.831354 0.087886 0.008314
0.843230 0.087886 0.007126
0.786223 0.089074 0.008314
0.798100 0.089074 0.004751
0.819477 0.089074 0.008314
0.710214 0.090261 0.008314
0.730404 0.090261 0.007126
0.741093 0.090261 0.008314
0.756532 0.090261 0.008314
0.768409 0.090261 0.008314
0.776722 0.090261 0.004751
0.806413 0.090261 0.013064
0.720903 0.091449 0.005938
0.644893 0.092637 0.011876
0.610451 0.093824 0.005938
0.619952 0.093824 0.007126
0.634204 0.093824 0.008314
0.557007 0.095012 0.005938
0.579572 0.095012 0.004751
0.586698 0.095012 0.005938
0.596200 0.095012 0.010689
0.659145 0.095012 0.007126
0.565321 0.096200 0.005938
0.249406 0.097387 0.005938
0.282660 0.097387 0.008314
0.442993 0.097387 0.008314
0.501188 0.097387 0.008314
0.162708 0.098575 0.007126
0.172209 0.098575 0.008314
0.191211 0.098575 0.008314
0.204276 0.098575 0.010689
0.258907 0.098575 0.008314
0.269596 0.098575 0.005938
0.223278 0.099762 0.010689
0.237530 0.099762 0.008314
0.152019 0.100950 0.008314
0.365796 0.100950 0.008314
0.377672 0.100950 0.004751
0.128266 0.102138 0.007126
0.140143 0.102138 0.008314
0.870546 0.102138 0.004751
0.864608 0.103325 0.004751
0.842043 0.104513 0.010689
0.855107 0.104513 0.008314
0.717340 0.108076 0.010689
0.729216 0.108076 0.007126
0.748219 0.108076 0.008314
0.815914 0.108076 0.008314
0.827791 0.108076 0.008314
0.653207 0.109264 0.007126
0.739905 0.109264 0.014252
0.771971 0.109264 0.008314
0.781473 0.109264 0.007126
0.790974 0.109264 0.008314
0.635392 0.110451 0.007126
0.644893 0.110451 0.005938
0.760095 0.110451 0.008314
0.802850 0.110451 0.008314
0.092637 0.111639 0.008314
0.568884 0.111639 0.005938
0.577197 0.111639 0.004751
0.595012 0.111639 0.005938
0.612827 0.111639 0.007126
0.604513 0.112827 0.007126
0.279097 0.114014 0.014252
0.238717 0.115202 0.004751
0.260095 0.115202 0.007126
0.270784 0.115202 0.005938
0.248219 0.116390 0.007126
0.464371 0.116390 0.013064
0.210214 0.117577 0.004751
0.218527 0.117577 0.005938
0.229216 0.117577 0.007126
0.453682 0.117577 0.007126
0.176960 0.118765 0.008314
0.191211 0.118765 0.008314
0.201900 0.118765 0.005938
0.401425 0.118765 0.005938
0.409739 0.118765 0.005938
0.419240 0.118765 0.007126
0.146081 0.119952 0.004751
0.154394 0.119952 0.013064
0.162708 0.119952 0.008314
0.880048 0.119952 0.014252
0.125891 0.121140 0.008314
0.862233 0.121140 0.008314
0.872922 0.121140 0.014252
0.137767 0.122328 0.010689
0.849169 0.123515 0.007126
0.837292 0.124703 0.008314
0.812352 0.125891 0.009501
0.828979 0.125891 0.008314
0.768409 0.127078 0.011876
0.785036 0.127078 0.008314
0.796912 0.127078 0.008314
0.711401 0.128266 0.008314
0.723278 0.128266 0.008314
0.760095 0.128266 0.005938
0.738717 0.129454 0.008314
0.750594 0.129454 0.008314
0.619952 0.130641 0.010689
0.637767 0.130641 0.008314
0.656770 0.130641 0.011876
0.648456 0.131829 0.005938
0.572447 0.133017 0.007126
0.459620 0.134204 0.005938
0.516627 0.134204 0.007126
0.558195 0.134204 0.013064
0.580760 0.134204 0.014252
0.591449 0.134204 0.014252
0.328979 0.135392 0.009501
0.350356 0.135392 0.013064
0.526128 0.135392 0.004751
0.547506 0.135392 0.004751
0.257720 0.136580 0.005938
0.340855 0.136580 0.008314
0.376485 0.136580 0.013064
0.472684 0.136580 0.011876
0.480998 0.136580 0.004751
0.490499 0.136580 0.008314
0.538005 0.136580 0.008314
0.212589 0.137767 0.005938
0.236342 0.137767 0.005938
0.248219 0.137767 0.008314
0.368171 0.137767 0.007126
0.397862 0.137767 0.004751
0.406176 0.137767 0.007126
0.416865 0.137767 0.007126
0.444181 0.137767 0.013064
0.194774 0.138955 0.007126
0.203088 0.138955 0.005938
0.220903 0.138955 0.013064
0.426366 0.138955 0.005938
0.435867 0.138955 0.004751
0.136580 0.140143 0.005938
0.154394 0.140143 0.008314
0.165083 0.140143 0.004751
0.171021 0.140143 0.009501
0.181710 0.140143 0.008314
0.851544 0.140143 0.004751
0.146081 0.141330 0.007126
0.843230 0.141330 0.005938
0.124703 0.142518 0.008314
0.812352 0.142518 0.005938
0.833729 0.142518 0.008314
0.802850 0.143705 0.007126
0.821853 0.143705 0.007126
0.758907 0.146081 0.007126
0.773159 0.146081 0.009501
0.786223 0.146081 0.008314
0.641330 0.147268 0.008314
0.652019 0.147268 0.007126
0.687648 0.147268 0.005938
0.714964 0.147268 0.007126
0.723278 0.147268 0.008314
0.735154 0.147268 0.008314
0.748219 0.147268 0.008314
0.628266 0.148456 0.007126
0.659145 0.148456 0.004751
0.668646 0.148456 0.005938
0.676960 0.148456 0.007126
0.697150 0.148456 0.005938
0.705463 0.148456 0.005938
0.617577 0.150831 0.005938
0.507126 0.152019 0.007126
0.598575 0.152019 0.007126
0.608076 0.152019 0.005938
0.349169 0.153207 0.005938
0.517815 0.153207 0.013064
0.539192 0.153207 0.010689
0.558195 0.153207 0.009501
0.570071 0.153207 0.008314
0.587886 0.153207 0.005938
0.293349 0.154394 0.004751
0.309976 0.154394 0.007126
0.403800 0.154394 0.009501
0.496437 0.154394 0.008314
0.578385 0.154394 0.005938
0.880048 0.154394 0.010689
0.267221 0.155582 0.008314
0.277910 0.155582 0.005938
0.286223 0.155582 0.004751
0.320665 0.155582 0.007126
0.330166 0.155582 0.005938
0.339667 0.155582 0.005938
0.368171 0.155582 0.008314
0.855107 0.155582 0.004751
0.865796 0.155582 0.009501
0.169834 0.156770 0.005938
0.228029 0.156770 0.008314
0.252969 0.156770 0.005938
0.206651 0.157957 0.008314
0.218527 0.157957 0.008314
0.846793 0.157957 0.011876
0.148456 0.159145 0.008314
0.159145 0.159145 0.007126
0.824228 0.159145 0.007126
0.839667 0.159145 0.008314
0.136580 0.160333 0.007126
0.805226 0.160333 0.005938
0.814727 0.160333 0.005938
0.122328 0.161520 0.008314
0.773159 0.161520 0.007126
0.785036 0.161520 0.007126
0.793349 0.161520 0.007126
0.757720 0.162708 0.010689
0.735154 0.163895 0.005938
0.747031 0.163895 0.007126
0.653207 0.165083 0.004751
0.660333 0.165083 0.004751
0.678147 0.165083 0.005938
0.712589 0.165083 0.008314
0.724466 0.165083 0.008314
0.631829 0.166271 0.008314
0.647268 0.166271 0.010689
0.667458 0.166271 0.005938
0.592637 0.167458 0.008314
0.619952 0.167458 0.010689
0.567696 0.168646 0.008314
0.581948 0.168646 0.009501
0.608076 0.168646 0.008314
0.896675 0.168646 0.015439
0.555819 0.169834 0.008314
0.877672 0.169834 0.015439
0.885986 0.169834 0.005938
0.514252 0.171021 0.007126
0.524941 0.171021 0.005938
0.533254 0.171021 0.005938
0.542755 0.171021 0.008314
0.147268 0.172209 0.005938
0.249406 0.172209 0.004751
0.258907 0.172209 0.005938
0.362233 0.172209 0.007126
0.415677 0.172209 0.005938
0.492874 0.172209 0.005938
0.224466 0.173397 0.004751
0.231591 0.173397 0.011876
0.241093 0.173397 0.004751
0.313539 0.173397 0.008314
0.426366 0.173397 0.008314
0.448931 0.173397 0.007126
0.478622 0.173397 0.010689
0.501188 0.173397 0.010689
0.853919 0.173397 0.008314
0.868171 0.173397 0.008314
0.122328 0.174584 0.007126
0.155582 0.174584 0.005938
0.165083 0.174584 0.005938
0.173397 0.174584 0.005938
0.185273 0.174584 0.007126
0.198337 0.174584 0.011876
0.216152 0.174584 0.005938
0.269596 0.174584 0.007126
0.279097 0.174584 0.005938
0.292162 0.174584 0.008314
0.301663 0.174584 0.007126
0.470309 0.174584 0.004751
0.843230 0.174584 0.007126
0.137767 0.175772 0.008314
0.205463 0.175772 0.014252
0.458432 0.175772 0.007126
0.830166 0.175772 0.010689
0.804038 0.176960 0.007126
0.814727 0.176960 0.008314
0.782660 0.178147 0.008314
0.792162 0.178147 0.008314
0.641330 0.179335 0.007126
0.758907 0.180523 0.005938
0.774347 0.180523 0.004751
0.749406 0.181710 0.005938
0.665083 0.182898 0.008314
0.687648 0.182898 0.007126
0.700713 0.182898 0.008314
0.711401 0.182898 0.007126
0.724466 0.182898 0.008314
0.738717 0.182898 0.008314
0.633017 0.184086 0.004751
0.653207 0.184086 0.008314
0.676960 0.184086 0.004751
0.624703 0.185273 0.014252
0.565321 0.186461 0.014252
0.573634 0.186461 0.005938
0.585511 0.186461 0.008314
0.595012 0.186461 0.007126
0.605701 0.186461 0.008314
0.614014 0.186461 0.015439
0.415677 0.187648 0.005938
0.540380 0.187648 0.008314
0.554632 0.187648 0.008314
0.129454 0.188836 0.008314
0.237530 0.188836 0.008314
0.249406 0.188836 0.008314
0.471496 0.188836 0.008314
0.517815 0.188836 0.005938
0.121140 0.190024 0.013064
0.142518 0.190024 0.008314
0.159145 0.190024 0.004751
0.174584 0.190024 0.007126
0.224466 0.190024 0.007126
0.261283 0.190024 0.007126
0.270784 0.190024 0.007126
0.293349 0.190024 0.007126
0.406176 0.190024 0.007126
0.426366 0.190024 0.005938
0.437055 0.190024 0.007126
0.447743 0.190024 0.007126
0.457245 0.190024 0.008314
0.482185 0.190024 0.005938
0.492874 0.190024 0.008314
0.505938 0.190024 0.008314
0.528504 0.190024 0.008314
0.150831 0.191211 0.004751
0.182898 0.191211 0.011876
0.197150 0.191211 0.007126
0.206651 0.191211 0.005938
0.214964 0.191211 0.004751
0.281473 0.191211 0.008314
0.302850 0.191211 0.007126
