0.944181 0.000000 0.022565
0.755344 0.008314 0.021378
0.818290 0.010689 0.013064
0.880048 0.010689 0.013064
0.692399 0.011876 0.011876
0.185273 0.022565 0.011876
0.214964 0.022565 0.022565
0.248219 0.022565 0.019002
0.123515 0.024941 0.013064
0.147268 0.024941 0.021378
0.824228 0.035629 0.008314
0.855107 0.035629 0.007126
0.872922 0.035629 0.004751
0.880048 0.035629 0.004751
0.788599 0.036817 0.005938
0.799287 0.036817 0.007126
0.809976 0.036817 0.005938
0.834917 0.036817 0.007126
0.844418 0.036817 0.004751
0.865796 0.036817 0.004751
0.730404 0.038005 0.004751
0.738717 0.038005 0.005938
0.750594 0.038005 0.007126
0.760095 0.038005 0.005938
0.779097 0.038005 0.008314
0.688836 0.039192 0.007126
0.706651 0.039192 0.005938
0.768409 0.039192 0.005938
0.653207 0.040380 0.007126
0.680523 0.040380 0.008314
0.698337 0.040380 0.004751
0.717340 0.040380 0.015439
0.628266 0.041568 0.007126
0.642518 0.041568 0.008314
0.661520 0.041568 0.004751
0.671021 0.041568 0.005938
0.565321 0.042755 0.008314
0.595012 0.042755 0.008314
0.608076 0.042755 0.008314
0.618765 0.042755 0.005938
0.510689 0.043943 0.005938
0.557007 0.043943 0.004751
0.577197 0.043943 0.005938
0.585511 0.043943 0.004751
0.501188 0.045131 0.005938
0.517815 0.045131 0.013064
0.527316 0.045131 0.005938
0.538005 0.045131 0.008314
0.547506 0.045131 0.005938
0.489311 0.046318 0.009501
0.423990 0.047506 0.005938
0.465558 0.047506 0.007126
0.476247 0.047506 0.004751
0.403800 0.048694 0.005938
0.414489 0.048694 0.008314
0.434679 0.048694 0.007126
0.454869 0.048694 0.007126
0.884798 0.048694 0.010689
0.250594 0.049881 0.008314
0.304038 0.049881 0.005938
0.363420 0.049881 0.005938
0.371734 0.049881 0.005938
0.394299 0.049881 0.007126
0.444181 0.049881 0.008314
0.786223 0.049881 0.007126
0.798100 0.049881 0.008314
0.828979 0.049881 0.007126
0.842043 0.049881 0.007126
0.855107 0.049881 0.008314
0.863420 0.049881 0.005938
0.877672 0.049881 0.004751
0.222090 0.051069 0.008314
0.229216 0.051069 0.004751
0.237530 0.051069 0.007126
0.292162 0.051069 0.008314
0.321853 0.051069 0.004751
0.330166 0.051069 0.010689
0.337292 0.051069 0.010689
0.351544 0.051069 0.007126
0.382423 0.051069 0.007126
0.871734 0.051069 0.010689
0.263658 0.052257 0.010689
0.270784 0.052257 0.015439
0.281473 0.052257 0.007126
0.649644 0.052257 0.004751
0.818290 0.052257 0.008314
0.154394 0.053444 0.005938
0.161520 0.053444 0.004751
0.180523 0.053444 0.004751
0.187648 0.053444 0.009501
0.199525 0.053444 0.005938
0.693587 0.053444 0.004751
0.756532 0.053444 0.004751
0.137767 0.054632 0.004751
0.144893 0.054632 0.010689
0.171021 0.054632 0.007126
0.210214 0.054632 0.007126
0.685273 0.054632 0.004751
0.733967 0.054632 0.010689
0.739905 0.054632 0.004751
0.128266 0.055819 0.007126
0.618765 0.055819 0.007126
0.637767 0.055819 0.007126
0.669834 0.055819 0.011876
0.678147 0.055819 0.004751
0.596200 0.057007 0.008314
0.628266 0.057007 0.004751
0.562945 0.058195 0.008314
0.573634 0.058195 0.007126
0.583135 0.058195 0.004751
0.606888 0.058195 0.008314
0.471496 0.059382 0.004751
0.497625 0.059382 0.004751
0.524941 0.059382 0.004751
0.540380 0.059382 0.005938
0.551069 0.059382 0.004751
0.420428 0.060570 0.004751
0.488124 0.060570 0.005938
0.505938 0.060570 0.008314
0.516627 0.060570 0.005938
0.410926 0.061758 0.005938
0.463183 0.061758 0.005938
0.383610 0.062945 0.007126
0.393112 0.062945 0.004751
0.429929 0.062945 0.008314
0.438242 0.062945 0.004751
0.445368 0.062945 0.004751
0.453682 0.062945 0.005938
0.308789 0.064133 0.008314
0.356295 0.064133 0.010689
0.369359 0.064133 0.005938
0.400238 0.064133 0.008314
0.850356 0.064133 0.008314
0.857482 0.064133 0.004751
0.864608 0.064133 0.004751
0.888361 0.064133 0.008314
0.218527 0.065321 0.005938
0.229216 0.065321 0.005938
0.238717 0.065321 0.005938
0.247031 0.065321 0.007126
0.261283 0.065321 0.007126
0.270784 0.065321 0.005938
0.296912 0.065321 0.008314
0.324228 0.065321 0.009501
0.339667 0.065321 0.005938
0.347981 0.065321 0.005938
0.807601 0.065321 0.007126
0.817102 0.065321 0.004751
0.839667 0.065321 0.007126
0.875297 0.065321 0.008314
0.195962 0.066508 0.005938
0.206651 0.066508 0.007126
0.282660 0.066508 0.007126
0.796912 0.066508 0.005938
0.826603 0.066508 0.008314
0.167458 0.067696 0.004751
0.174584 0.067696 0.008314
0.186461 0.067696 0.004751
0.125891 0.068884 0.007126
0.136580 0.068884 0.005938
0.146081 0.068884 0.007126
0.156770 0.068884 0.007126
0.668646 0.071259 0.004751
0.674584 0.071259 0.009501
0.577197 0.072447 0.005938
0.622328 0.072447 0.005938
0.656770 0.072447 0.008314
0.536817 0.073634 0.004751
0.614014 0.073634 0.005938
0.445368 0.074822 0.007126
0.483373 0.074822 0.004751
0.552257 0.074822 0.007126
0.562945 0.074822 0.008314
0.387173 0.076010 0.005938
0.396675 0.076010 0.005938
0.406176 0.076010 0.005938
0.415677 0.076010 0.008314
0.425178 0.076010 0.005938
0.435867 0.076010 0.007126
0.459620 0.076010 0.007126
0.470309 0.076010 0.008314
0.494062 0.076010 0.008314
0.501188 0.076010 0.004751
0.244656 0.079572 0.007126
0.254157 0.079572 0.005938
0.262470 0.079572 0.004751
0.270784 0.079572 0.007126
0.283848 0.079572 0.005938
0.375297 0.079572 0.007126
0.220903 0.080760 0.005938
0.231591 0.080760 0.008314
0.804038 0.080760 0.007126
0.175772 0.081948 0.004751
0.194774 0.081948 0.008314
0.209026 0.081948 0.008314
0.887173 0.081948 0.007126
0.167458 0.083135 0.008314
0.813539 0.083135 0.011876
0.821853 0.083135 0.004751
0.839667 0.083135 0.008314
0.875297 0.083135 0.008314
0.124703 0.084323 0.007126
0.135392 0.084323 0.005938
0.144893 0.084323 0.004751
0.154394 0.084323 0.005938
0.795724 0.084323 0.005938
0.862233 0.085511 0.008314
0.742280 0.086698 0.004751
0.590261 0.087886 0.007126
0.555819 0.089074 0.008314
0.567696 0.089074 0.008314
0.579572 0.089074 0.005938
0.605701 0.089074 0.008314
0.616390 0.089074 0.013064
0.545131 0.090261 0.005938
0.371734 0.091449 0.008314
0.438242 0.092637 0.010689
0.454869 0.092637 0.011876
0.485748 0.092637 0.004751
0.494062 0.092637 0.007126
0.508314 0.092637 0.008314
0.387173 0.093824 0.005938
0.250594 0.095012 0.005938
0.260095 0.095012 0.008314
0.270784 0.095012 0.007126
0.279097 0.095012 0.004751
0.188836 0.096200 0.005938
0.201900 0.096200 0.008314
0.214964 0.096200 0.008314
0.233967 0.096200 0.004751
0.242280 0.096200 0.004751
0.171021 0.097387 0.008314
0.179335 0.097387 0.005938
0.225653 0.097387 0.005938
0.888361 0.097387 0.008314
0.900238 0.097387 0.017815
0.124703 0.098575 0.007126
0.136580 0.098575 0.008314
0.160333 0.098575 0.005938
0.864608 0.098575 0.007126
0.876485 0.098575 0.008314
0.148456 0.099762 0.008314
0.802850 0.099762 0.004751
0.828979 0.099762 0.013064
0.809976 0.100950 0.011876
0.820665 0.100950 0.005938
0.842043 0.100950 0.008314
0.851544 0.100950 0.013064
0.634204 0.106888 0.004751
0.542755 0.108076 0.008314
0.564133 0.108076 0.008314
0.576010 0.108076 0.007126
0.623515 0.108076 0.008314
0.652019 0.108076 0.010689
0.497625 0.109264 0.008314
0.508314 0.109264 0.004751
0.529691 0.109264 0.008314
0.553444 0.109264 0.008314
0.586698 0.109264 0.007126
0.596200 0.109264 0.005938
0.431116 0.110451 0.015439
0.477435 0.110451 0.005938
0.486936 0.110451 0.005938
0.516627 0.110451 0.010689
0.266033 0.111639 0.007126
0.281473 0.111639 0.010689
0.377672 0.111639 0.008314
0.439430 0.111639 0.011876
0.466746 0.111639 0.008314
0.275534 0.112827 0.004751
0.391924 0.112827 0.008314
0.402613 0.112827 0.005938
0.412114 0.112827 0.005938
0.420428 0.112827 0.013064
0.457245 0.112827 0.008314
0.178147 0.114014 0.008314
0.190024 0.114014 0.005938
0.212589 0.114014 0.005938
0.222090 0.114014 0.004751
0.251781 0.114014 0.010689
0.201900 0.115202 0.007126
0.229216 0.115202 0.011876
0.125891 0.116390 0.008314
0.136580 0.116390 0.007126
0.147268 0.116390 0.007126
0.157957 0.116390 0.005938
0.168646 0.116390 0.005938
0.239905 0.116390 0.008314
0.880048 0.116390 0.008314
0.890736 0.116390 0.009501
0.872922 0.117577 0.013064
0.787411 0.119952 0.004751
0.795724 0.119952 0.005938
0.842043 0.119952 0.007126
0.853919 0.119952 0.008314
0.863420 0.119952 0.004751
0.805226 0.121140 0.008314
0.831354 0.121140 0.005938
0.819477 0.122328 0.008314
0.638955 0.123515 0.004751
0.650831 0.123515 0.008314
0.104513 0.124703 0.011876
0.599762 0.124703 0.005938
0.611639 0.124703 0.008314
0.622328 0.124703 0.013064
0.630641 0.124703 0.005938
0.589074 0.125891 0.007126
0.574822 0.127078 0.007126
0.522565 0.128266 0.008314
0.534442 0.128266 0.008314
0.546318 0.128266 0.008314
0.560570 0.128266 0.008314
0.400238 0.129454 0.009501
0.471496 0.129454 0.008314
0.480998 0.129454 0.007126
0.490499 0.129454 0.005938
0.500000 0.129454 0.005938
0.509501 0.129454 0.005938
0.154394 0.130641 0.005938
0.266033 0.130641 0.008314
0.276722 0.130641 0.007126
0.287411 0.130641 0.008314
0.387173 0.130641 0.010689
0.415677 0.130641 0.010689
0.446556 0.130641 0.008314
0.459620 0.130641 0.008314
0.121140 0.131829 0.009501
0.135392 0.131829 0.005938
0.146081 0.131829 0.008314
0.176960 0.131829 0.004751
0.214964 0.131829 0.008314
0.224466 0.131829 0.008314
0.237530 0.131829 0.008314
0.245843 0.131829 0.004751
0.254157 0.131829 0.008314
0.432304 0.131829 0.008314
0.165083 0.133017 0.008314
0.192399 0.133017 0.008314
0.203088 0.133017 0.008314
0.868171 0.135392 0.010689
0.889549 0.135392 0.004751
0.896675 0.135392 0.011876
0.788599 0.136580 0.005938
0.796912 0.136580 0.005938
0.806413 0.136580 0.005938
0.859857 0.136580 0.008314
0.875297 0.136580 0.010689
0.764846 0.137767 0.004751
0.777910 0.137767 0.008314
0.850356 0.137767 0.008314
0.757720 0.138955 0.004751
0.818290 0.138955 0.008314
0.825416 0.138955 0.005938
0.836105 0.140143 0.008314
0.663895 0.142518 0.005938
0.646081 0.143705 0.005938
0.654394 0.143705 0.005938
0.624703 0.144893 0.008314
0.636580 0.144893 0.008314
0.612827 0.146081 0.007126
0.546318 0.147268 0.007126
0.432304 0.148456 0.011876
0.440618 0.148456 0.004751
0.459620 0.148456 0.005938
0.483373 0.148456 0.008314
0.494062 0.148456 0.007126
0.504751 0.148456 0.007126
0.514252 0.148456 0.007126
0.535629 0.148456 0.005938
0.261283 0.149644 0.005938
0.274347 0.149644 0.004751
0.282660 0.149644 0.005938
0.290974 0.149644 0.004751
0.340855 0.149644 0.008314
0.355107 0.149644 0.005938
0.406176 0.149644 0.010689
0.450119 0.149644 0.007126
0.471496 0.149644 0.008314
0.524941 0.149644 0.008314
0.557007 0.149644 0.005938
0.123515 0.150831 0.008314
0.134204 0.150831 0.008314
0.207838 0.150831 0.005938
0.249406 0.150831 0.008314
0.331354 0.150831 0.005938
0.377672 0.150831 0.005938
0.387173 0.150831 0.005938
0.894299 0.150831 0.008314
0.146081 0.152019 0.007126
0.160333 0.152019 0.008314
0.197150 0.152019 0.008314
0.214964 0.152019 0.013064
0.225653 0.152019 0.007126
0.237530 0.152019 0.008314
0.856295 0.152019 0.007126
0.877672 0.152019 0.008314
0.172209 0.153207 0.008314
0.185273 0.153207 0.008314
0.420428 0.153207 0.007126
0.847981 0.153207 0.004751
0.865796 0.153207 0.008314
0.815914 0.154394 0.005938
0.764846 0.155582 0.011876
0.788599 0.155582 0.005938
0.795724 0.155582 0.013064
0.806413 0.155582 0.005938
0.828979 0.155582 0.007126
0.839667 0.155582 0.005938
0.716152 0.156770 0.008314
0.747031 0.156770 0.007126
0.704276 0.157957 0.005938
0.756532 0.157957 0.004751
0.779097 0.157957 0.005938
0.667458 0.160333 0.008314
0.679335 0.160333 0.008314
0.691211 0.160333 0.008314
0.631829 0.161520 0.011876
0.640143 0.161520 0.008314
0.654394 0.161520 0.008314
0.608076 0.162708 0.007126
0.576010 0.163895 0.008314
0.585511 0.163895 0.005938
0.596200 0.163895 0.005938
0.623515 0.163895 0.010689
0.514252 0.165083 0.007126
0.541568 0.165083 0.007126
0.562945 0.165083 0.005938
0.891924 0.165083 0.004751
0.433492 0.166271 0.005938
0.442993 0.166271 0.008314
0.456057 0.166271 0.005938
0.469121 0.166271 0.008314
0.494062 0.166271 0.013064
0.503563 0.166271 0.007126
0.248219 0.167458 0.008314
0.382423 0.167458 0.008314
0.422803 0.167458 0.008314
0.485748 0.167458 0.011876
0.528504 0.167458 0.010689
0.258907 0.168646 0.009501
0.273159 0.168646 0.008314
0.331354 0.168646 0.007126
0.351544 0.168646 0.011876
0.371734 0.168646 0.008314
0.874109 0.168646 0.005938
0.882423 0.168646 0.007126
0.122328 0.169834 0.010689
0.133017 0.169834 0.008314
0.147268 0.169834 0.005938
0.155582 0.169834 0.005938
0.163895 0.169834 0.011876
0.192399 0.169834 0.008314
0.203088 0.169834 0.008314
0.214964 0.169834 0.005938
0.236342 0.169834 0.005938
0.300475 0.169834 0.008314
0.311164 0.169834 0.005938
0.319477 0.169834 0.008314
0.359857 0.169834 0.007126
0.840855 0.169834 0.007126
0.852732 0.169834 0.008314
0.863420 0.169834 0.007126
0.180523 0.171021 0.007126
0.225653 0.171021 0.007126
0.830166 0.171021 0.005938
0.814727 0.172209 0.008314
0.820665 0.172209 0.008314
0.802850 0.173397 0.007126
0.731591 0.174584 0.008314
0.741093 0.174584 0.007126
0.751781 0.174584 0.008314
0.766033 0.174584 0.008314
0.779097 0.174584 0.007126
0.787411 0.174584 0.008314
0.722090 0.175772 0.005938
0.661520 0.176960 0.011876
0.691211 0.176960 0.005938
0.712589 0.176960 0.007126
0.652019 0.178147 0.005938
0.682898 0.178147 0.004751
0.700713 0.178147 0.007126
0.572447 0.179335 0.008314
0.611639 0.179335 0.005938
0.619952 0.179335 0.005938
0.642518 0.179335 0.005938
0.674584 0.179335 0.010689
0.559382 0.180523 0.007126
0.586698 0.180523 0.007126
0.596200 0.180523 0.011876
0.889549 0.180523 0.008314
0.538005 0.181710 0.005938
0.547506 0.181710 0.007126
0.485748 0.182898 0.004751
0.515439 0.182898 0.007126
0.527316 0.182898 0.007126
0.878860 0.182898 0.004751
0.342043 0.184086 0.008314
0.351544 0.184086 0.008314
0.397862 0.184086 0.007126
0.433492 0.184086 0.008314
0.471496 0.184086 0.008314
0.495249 0.184086 0.005938
0.505938 0.184086 0.007126
0.870546 0.184086 0.005938
0.119952 0.185273 0.005938
0.129454 0.185273 0.004751
0.136580 0.185273 0.008314
0.148456 0.185273 0.005938
0.166271 0.185273 0.005938
0.257720 0.185273 0.008314
0.315914 0.185273 0.008314
0.328979 0.185273 0.008314
0.364608 0.185273 0.005938
0.375297 0.185273 0.007126
0.388361 0.185273 0.008314
0.451306 0.185273 0.007126
0.460808 0.185273 0.007126
0.839667 0.185273 0.004751
0.850356 0.185273 0.008314
0.156770 0.186461 0.004751
0.176960 0.186461 0.007126
0.197150 0.186461 0.005938
0.218527 0.186461 0.008314
0.245843 0.186461 0.007126
0.295724 0.186461 0.005938
0.305226 0.186461 0.007126
0.815914 0.186461 0.008314
0.187648 0.187648 0.005938
0.206651 0.187648 0.008314
0.271971 0.187648 0.008314
0.283848 0.187648 0.008314
0.773159 0.187648 0.008314
0.781473 0.187648 0.007126
0.792162 0.187648 0.005938
0.804038 0.187648 0.008314
0.235154 0.188836 0.008314
0.758907 0.188836 0.005938
0.747031 0.190024 0.008314
0.718527 0.191211 0.007126
0.688836 0.192399 0.007126
0.699525 0.192399 0.008314
0.678147 0.193587 0.008314
0.728029 0.193587 0.008314
0.737530 0.193587 0.007126
0.621140 0.194774 0.004751
0.628266 0.194774 0.004751
0.635392 0.194774 0.016627
0.554632 0.195962 0.007126
0.564133 0.195962 0.007126
0.579572 0.195962 0.009501
0.614014 0.195962 0.005938
0.646081 0.195962 0.007126
0.666271 0.195962 0.007126
0.503563 0.197150 0.007126
0.513064 0.197150 0.005938
0.522565 0.197150 0.008314
0.530879 0.197150 0.005938
0.543943 0.197150 0.008314
0.591449 0.197150 0.008314
0.603325 0.197150 0.008314
0.655582 0.197150 0.008314
0.482185 0.198337 0.009501
0.494062 0.198337 0.008314
0.410926 0.199525 0.013064
0.441805 0.199525 0.007126
0.466746 0.199525 0.008314
0.130641 0.200713 0.008314
0.141330 0.200713 0.007126
0.351544 0.200713 0.004751
0.363420 0.200713 0.004751
0.372922 0.200713 0.007126
0.399050 0.200713 0.007126
0.416865 0.200713 0.013064
0.453682 0.200713 0.008314
0.119952 0.201900 0.008314
0.150831 0.201900 0.005938
0.163895 0.201900 0.008314
0.174584 0.201900 0.007126
0.228029 0.201900 0.008314
0.249406 0.201900 0.004751
0.257720 0.201900 0.007126
0.302850 0.201900 0.005938
0.321853 0.201900 0.008314
0.343230 0.201900 0.004751
0.384798 0.201900 0.008314
0.428741 0.201900 0.008314
0.238717 0.203088 0.005938
0.268409 0.203088 0.008314
0.281473 0.203088 0.007126
0.293349 0.203088 0.007126
0.311164 0.203088 0.008314
0.332542 0.203088 0.008314
0.217340 0.204276 0.008314
0.206651 0.205463 0.008314
