0.941805 0.004751 0.023753
0.771971 0.008314 0.026128
0.783848 0.008314 0.023753
0.844418 0.008314 0.024941
0.661520 0.009501 0.026128
0.754157 0.010689 0.011876
0.818290 0.011876 0.013064
0.880048 0.011876 0.013064
0.274347 0.021378 0.021378
0.248219 0.023753 0.015439
0.775534 0.041568 0.008314
0.786223 0.041568 0.008314
0.799287 0.041568 0.007126
0.808789 0.042755 0.008314
0.818290 0.042755 0.008314
0.855107 0.042755 0.007126
0.864608 0.042755 0.005938
0.874109 0.042755 0.007126
0.603325 0.043943 0.007126
0.830166 0.043943 0.008314
0.842043 0.043943 0.007126
0.638955 0.045131 0.007126
0.691211 0.045131 0.008314
0.741093 0.045131 0.008314
0.749406 0.045131 0.008314
0.762470 0.045131 0.008314
0.538005 0.046318 0.008314
0.549881 0.046318 0.013064
0.557007 0.046318 0.013064
0.592637 0.046318 0.007126
0.618765 0.046318 0.009501
0.629454 0.046318 0.007126
0.650831 0.046318 0.008314
0.660333 0.046318 0.007126
0.669834 0.046318 0.005938
0.678147 0.046318 0.005938
0.703088 0.046318 0.007126
0.712589 0.046318 0.008314
0.720903 0.046318 0.004751
0.729216 0.046318 0.013064
0.523753 0.047506 0.007126
0.566508 0.047506 0.005938
0.573634 0.047506 0.004751
0.583135 0.047506 0.005938
0.503563 0.048694 0.007126
0.514252 0.048694 0.004751
0.394299 0.049881 0.007126
0.403800 0.049881 0.013064
0.488124 0.049881 0.004751
0.495249 0.049881 0.004751
0.252969 0.051069 0.008314
0.383610 0.051069 0.013064
0.419240 0.051069 0.013064
0.425178 0.051069 0.004751
0.433492 0.051069 0.004751
0.450119 0.051069 0.005938
0.460808 0.051069 0.007126
0.470309 0.051069 0.004751
0.479810 0.051069 0.007126
0.195962 0.052257 0.007126
0.205463 0.052257 0.004751
0.213777 0.052257 0.004751
0.223278 0.052257 0.008314
0.230404 0.052257 0.007126
0.241093 0.052257 0.004751
0.263658 0.052257 0.008314
0.274347 0.052257 0.005938
0.282660 0.052257 0.005938
0.290974 0.052257 0.005938
0.300475 0.052257 0.005938
0.331354 0.052257 0.007126
0.353919 0.052257 0.004751
0.366983 0.052257 0.004751
0.376485 0.052257 0.005938
0.188836 0.053444 0.004751
0.308789 0.053444 0.008314
0.321853 0.053444 0.007126
0.343230 0.053444 0.007126
0.359857 0.053444 0.004751
0.150831 0.054632 0.007126
0.161520 0.054632 0.008314
0.171021 0.054632 0.005938
0.180523 0.054632 0.005938
0.130641 0.055819 0.008314
0.140143 0.055819 0.005938
0.871734 0.055819 0.008314
0.812352 0.059382 0.007126
0.820665 0.059382 0.004751
0.828979 0.059382 0.005938
0.847981 0.059382 0.007126
0.857482 0.059382 0.005938
0.691211 0.060570 0.007126
0.793349 0.060570 0.008314
0.837292 0.060570 0.005938
0.635392 0.061758 0.004751
0.643705 0.061758 0.005938
0.668646 0.061758 0.008314
0.681710 0.061758 0.008314
0.700713 0.061758 0.007126
0.711401 0.061758 0.005938
0.732779 0.061758 0.008314
0.761283 0.061758 0.008314
0.769596 0.061758 0.005938
0.781473 0.061758 0.008314
0.560570 0.062945 0.004751
0.570071 0.062945 0.007126
0.581948 0.062945 0.007126
0.616390 0.062945 0.005938
0.625891 0.062945 0.005938
0.652019 0.062945 0.004751
0.661520 0.062945 0.011876
0.720903 0.062945 0.004751
0.739905 0.062945 0.004751
0.552257 0.064133 0.005938
0.593824 0.064133 0.007126
0.605701 0.064133 0.007126
0.524941 0.065321 0.005938
0.533254 0.065321 0.004751
0.541568 0.065321 0.013064
0.479810 0.066508 0.004751
0.488124 0.066508 0.005938
0.497625 0.066508 0.004751
0.505938 0.066508 0.004751
0.513064 0.066508 0.011876
0.435867 0.067696 0.004751
0.441805 0.067696 0.004751
0.463183 0.067696 0.005938
0.472684 0.067696 0.004751
0.129454 0.068884 0.008314
0.186461 0.068884 0.005938
0.197150 0.068884 0.007126
0.206651 0.068884 0.008314
0.217340 0.068884 0.005938
0.228029 0.068884 0.007126
0.241093 0.068884 0.007126
0.249406 0.068884 0.004751
0.258907 0.068884 0.004751
0.277910 0.068884 0.007126
0.296912 0.068884 0.005938
0.347981 0.068884 0.007126
0.358670 0.068884 0.004751
0.370546 0.068884 0.007126
0.381235 0.068884 0.005938
0.400238 0.068884 0.005938
0.410926 0.068884 0.005938
0.420428 0.068884 0.007126
0.452494 0.068884 0.007126
0.138955 0.070071 0.004751
0.175772 0.070071 0.007126
0.266033 0.070071 0.008314
0.288599 0.070071 0.005938
0.308789 0.070071 0.007126
0.338480 0.070071 0.007126
0.390736 0.070071 0.005938
0.146081 0.071259 0.005938
0.155582 0.071259 0.004751
0.165083 0.071259 0.007126
0.321853 0.071259 0.008314
0.858670 0.072447 0.004751
0.866983 0.072447 0.010689
0.805226 0.073634 0.007126
0.851544 0.073634 0.004751
0.794537 0.074822 0.004751
0.813539 0.074822 0.004751
0.823040 0.074822 0.005938
0.832542 0.074822 0.008314
0.844418 0.074822 0.008314
0.684086 0.076010 0.004751
0.703088 0.076010 0.007126
0.731591 0.076010 0.007126
0.741093 0.076010 0.004751
0.748219 0.076010 0.004751
0.754157 0.076010 0.004751
0.786223 0.076010 0.007126
0.661520 0.077197 0.004751
0.669834 0.077197 0.004751
0.675772 0.077197 0.004751
0.691211 0.077197 0.010689
0.713777 0.077197 0.004751
0.763658 0.077197 0.005938
0.774347 0.077197 0.008314
0.593824 0.078385 0.005938
0.614014 0.078385 0.005938
0.622328 0.078385 0.005938
0.630641 0.078385 0.004751
0.640143 0.078385 0.005938
0.576010 0.079572 0.008314
0.584323 0.079572 0.004751
0.603325 0.079572 0.007126
0.648456 0.079572 0.011876
0.542755 0.080760 0.007126
0.554632 0.080760 0.004751
0.564133 0.080760 0.005938
0.533254 0.081948 0.005938
0.463183 0.083135 0.007126
0.501188 0.083135 0.008314
0.513064 0.083135 0.004751
0.522565 0.083135 0.008314
0.344418 0.084323 0.007126
0.355107 0.084323 0.008314
0.401425 0.084323 0.008314
0.412114 0.084323 0.007126
0.422803 0.084323 0.005938
0.433492 0.084323 0.008314
0.444181 0.084323 0.005938
0.451306 0.084323 0.010689
0.472684 0.084323 0.007126
0.482185 0.084323 0.005938
0.491686 0.084323 0.005938
0.127078 0.085511 0.008314
0.154394 0.085511 0.005938
0.162708 0.085511 0.004751
0.174584 0.085511 0.008314
0.185273 0.085511 0.008314
0.193587 0.085511 0.004751
0.201900 0.085511 0.005938
0.211401 0.085511 0.005938
0.220903 0.085511 0.005938
0.231591 0.085511 0.005938
0.239905 0.085511 0.004751
0.281473 0.085511 0.008314
0.326603 0.085511 0.011876
0.390736 0.085511 0.005938
0.140143 0.086698 0.008314
0.250594 0.086698 0.007126
0.263658 0.086698 0.007126
0.271971 0.086698 0.004751
0.293349 0.086698 0.008314
0.305226 0.086698 0.008314
0.319477 0.086698 0.008314
0.368171 0.086698 0.008314
0.380048 0.086698 0.008314
0.824228 0.089074 0.009501
0.840855 0.089074 0.005938
0.857482 0.089074 0.004751
0.866983 0.089074 0.008314
0.812352 0.090261 0.004751
0.831354 0.090261 0.004751
0.850356 0.090261 0.004751
0.801663 0.091449 0.013064
0.785036 0.092637 0.007126
0.794537 0.092637 0.004751
0.725653 0.093824 0.005938
0.735154 0.093824 0.005938
0.752969 0.093824 0.005938
0.761283 0.093824 0.008314
0.716152 0.095012 0.008314
0.743468 0.095012 0.005938
0.774347 0.095012 0.008314
0.646081 0.096200 0.007126
0.655582 0.096200 0.005938
0.663895 0.096200 0.008314
0.551069 0.097387 0.010689
0.585511 0.097387 0.008314
0.599762 0.097387 0.005938
0.610451 0.097387 0.008314
0.622328 0.097387 0.007126
0.631829 0.097387 0.010689
0.538005 0.098575 0.008314
0.565321 0.098575 0.005938
0.574822 0.098575 0.005938
0.346793 0.100950 0.004751
0.429929 0.100950 0.005938
0.470309 0.100950 0.005938
0.478622 0.100950 0.005938
0.488124 0.100950 0.011876
0.503563 0.100950 0.008314
0.514252 0.100950 0.007126
0.523753 0.100950 0.008314
0.149644 0.102138 0.005938
0.160333 0.102138 0.008314
0.172209 0.102138 0.011876
0.180523 0.102138 0.004751
0.187648 0.102138 0.004751
0.199525 0.102138 0.008314
0.207838 0.102138 0.008314
0.230404 0.102138 0.007126
0.241093 0.102138 0.004751
0.248219 0.102138 0.008314
0.260095 0.102138 0.009501
0.355107 0.102138 0.004751
0.363420 0.102138 0.008314
0.383610 0.102138 0.004751
0.400238 0.102138 0.007126
0.409739 0.102138 0.007126
0.420428 0.102138 0.007126
0.440618 0.102138 0.007126
0.452494 0.102138 0.005938
0.460808 0.102138 0.005938
0.129454 0.103325 0.008314
0.140143 0.103325 0.005938
0.218527 0.103325 0.007126
0.274347 0.103325 0.005938
0.283848 0.103325 0.005938
0.375297 0.103325 0.005938
0.880048 0.104513 0.013064
0.871734 0.105701 0.008314
0.851544 0.106888 0.005938
0.861045 0.106888 0.007126
0.833729 0.108076 0.005938
0.843230 0.108076 0.004751
0.815914 0.109264 0.004751
0.824228 0.109264 0.013064
0.713777 0.110451 0.011876
0.758907 0.110451 0.008314
0.769596 0.110451 0.005938
0.783848 0.110451 0.010689
0.805226 0.110451 0.008314
0.732779 0.111639 0.007126
0.744656 0.111639 0.007126
0.793349 0.111639 0.007126
0.722090 0.112827 0.013064
0.621140 0.115202 0.008314
0.655582 0.115202 0.014252
0.662708 0.115202 0.014252
0.583135 0.116390 0.005938
0.611639 0.116390 0.008314
0.241093 0.117577 0.008314
0.435867 0.117577 0.007126
0.454869 0.117577 0.005938
0.463183 0.117577 0.004751
0.471496 0.117577 0.010689
0.484561 0.117577 0.007126
0.526128 0.117577 0.004751
0.535629 0.117577 0.005938
0.546318 0.117577 0.007126
0.557007 0.117577 0.004751
0.592637 0.117577 0.004751
0.599762 0.117577 0.011876
0.634204 0.117577 0.013064
0.642518 0.117577 0.005938
0.190024 0.118765 0.008314
0.203088 0.118765 0.007126
0.214964 0.118765 0.008314
0.228029 0.118765 0.008314
0.275534 0.118765 0.005938
0.339667 0.118765 0.010689
0.352732 0.118765 0.009501
0.401425 0.118765 0.004751
0.418052 0.118765 0.004751
0.425178 0.118765 0.004751
0.444181 0.118765 0.005938
0.498812 0.118765 0.007126
0.508314 0.118765 0.005938
0.519002 0.118765 0.008314
0.572447 0.118765 0.007126
0.152019 0.119952 0.004751
0.160333 0.119952 0.013064
0.168646 0.119952 0.005938
0.178147 0.119952 0.007126
0.256532 0.119952 0.008314
0.267221 0.119952 0.008314
0.366983 0.119952 0.004751
0.377672 0.119952 0.011876
0.391924 0.119952 0.007126
0.409739 0.119952 0.011876
0.564133 0.119952 0.013064
0.127078 0.121140 0.005938
0.135392 0.121140 0.004751
0.143705 0.121140 0.005938
0.863420 0.123515 0.008314
0.872922 0.123515 0.005938
0.881235 0.123515 0.013064
0.852732 0.124703 0.008314
0.820665 0.125891 0.008314
0.830166 0.125891 0.007126
0.840855 0.125891 0.005938
0.806413 0.127078 0.007126
0.796912 0.128266 0.007126
0.711401 0.129454 0.011876
0.748219 0.129454 0.008314
0.768409 0.129454 0.005938
0.777910 0.129454 0.004751
0.728029 0.130641 0.011876
0.736342 0.130641 0.004751
0.757720 0.130641 0.008314
0.551069 0.133017 0.007126
0.605701 0.133017 0.005938
0.615202 0.133017 0.005938
0.624703 0.133017 0.005938
0.634204 0.133017 0.005938
0.657957 0.133017 0.007126
0.451306 0.134204 0.008314
0.464371 0.134204 0.007126
0.496437 0.134204 0.005938
0.504751 0.134204 0.005938
0.561758 0.134204 0.005938
0.574822 0.134204 0.007126
0.586698 0.134204 0.007126
0.596200 0.134204 0.005938
0.646081 0.134204 0.008314
0.476247 0.135392 0.008314
0.488124 0.135392 0.004751
0.515439 0.135392 0.007126
0.534442 0.135392 0.013064
0.540380 0.135392 0.004751
0.274347 0.136580 0.007126
0.286223 0.136580 0.013064
0.339667 0.136580 0.010689
0.352732 0.136580 0.008314
0.366983 0.136580 0.008314
0.376485 0.136580 0.005938
0.384798 0.136580 0.004751
0.401425 0.136580 0.004751
0.426366 0.136580 0.005938
0.526128 0.136580 0.005938
0.172209 0.137767 0.008314
0.184086 0.137767 0.007126
0.195962 0.137767 0.007126
0.207838 0.137767 0.010689
0.247031 0.137767 0.004751
0.255344 0.137767 0.013064
0.264846 0.137767 0.005938
0.391924 0.137767 0.011876
0.409739 0.137767 0.004751
0.416865 0.137767 0.011876
0.438242 0.137767 0.008314
0.133017 0.138955 0.011876
0.141330 0.138955 0.004751
0.150831 0.138955 0.008314
0.161520 0.138955 0.005938
0.214964 0.138955 0.004751
0.223278 0.138955 0.004751
0.230404 0.138955 0.011876
0.238717 0.138955 0.011876
0.878860 0.141330 0.010689
0.839667 0.142518 0.009501
0.847981 0.142518 0.008314
0.859857 0.142518 0.008314
0.871734 0.142518 0.009501
0.824228 0.143705 0.007126
0.808789 0.144893 0.004751
0.764846 0.146081 0.004751
0.780285 0.146081 0.007126
0.789786 0.146081 0.005938
0.800475 0.146081 0.005938
0.744656 0.147268 0.005938
0.752969 0.147268 0.008314
0.736342 0.148456 0.004751
0.648456 0.149644 0.013064
0.709026 0.149644 0.004751
0.720903 0.149644 0.010689
0.729216 0.149644 0.004751
0.578385 0.150831 0.010689
0.625891 0.150831 0.008314
0.638955 0.150831 0.008314
0.655582 0.150831 0.011876
0.666271 0.150831 0.005938
0.673397 0.150831 0.011876
0.698337 0.150831 0.007126
0.564133 0.152019 0.008314
0.614014 0.152019 0.008314
0.687648 0.152019 0.005938
0.552257 0.153207 0.008314
0.124703 0.154394 0.008314
0.228029 0.154394 0.007126
0.264846 0.154394 0.007126
0.274347 0.154394 0.008314
0.285036 0.154394 0.004751
0.431116 0.154394 0.004751
0.448931 0.154394 0.005938
0.461995 0.154394 0.008314
0.477435 0.154394 0.011876
0.511876 0.154394 0.008314
0.521378 0.154394 0.008314
0.539192 0.154394 0.008314
0.887173 0.154394 0.007126
0.135392 0.155582 0.007126
0.214964 0.155582 0.008314
0.237530 0.155582 0.007126
0.249406 0.155582 0.008314
0.292162 0.155582 0.013064
0.301663 0.155582 0.004751
0.314727 0.155582 0.004751
0.324228 0.155582 0.005938
0.393112 0.155582 0.008314
0.403800 0.155582 0.005938
0.412114 0.155582 0.005938
0.421615 0.155582 0.005938
0.438242 0.155582 0.011876
0.485748 0.155582 0.005938
0.149644 0.156770 0.008314
0.157957 0.156770 0.007126
0.167458 0.156770 0.004751
0.174584 0.156770 0.004751
0.182898 0.156770 0.007126
0.334917 0.156770 0.007126
0.855107 0.156770 0.005938
0.862233 0.156770 0.011876
0.870546 0.156770 0.005938
0.342043 0.157957 0.011876
0.358670 0.157957 0.007126
0.497625 0.157957 0.008314
0.845606 0.159145 0.005938
0.193587 0.160333 0.016627
0.823040 0.160333 0.010689
0.830166 0.160333 0.004751
0.779097 0.161520 0.004751
0.787411 0.161520 0.004751
0.793349 0.161520 0.004751
0.801663 0.161520 0.004751
0.809976 0.161520 0.010689
0.762470 0.162708 0.007126
0.771971 0.162708 0.005938
0.718527 0.163895 0.007126
0.706651 0.165083 0.008314
0.730404 0.165083 0.007126
0.741093 0.165083 0.008314
0.636580 0.167458 0.005938
0.655582 0.167458 0.007126
0.667458 0.167458 0.005938
0.676960 0.167458 0.004751
0.685273 0.167458 0.005938
0.695962 0.167458 0.007126
0.586698 0.168646 0.007126
0.597387 0.168646 0.005938
0.606888 0.168646 0.007126
0.617577 0.168646 0.005938
0.625891 0.168646 0.008314
0.643705 0.168646 0.008314
0.564133 0.169834 0.007126
0.574822 0.169834 0.005938
0.414489 0.171021 0.005938
0.484561 0.171021 0.004751
0.494062 0.171021 0.007126
0.504751 0.171021 0.007126
0.515439 0.171021 0.007126
0.528504 0.171021 0.008314
0.553444 0.171021 0.008314
0.885986 0.171021 0.013064
0.149644 0.172209 0.010689
0.406176 0.172209 0.005938
0.434679 0.172209 0.005938
0.454869 0.172209 0.009501
0.540380 0.172209 0.008314
0.134204 0.173397 0.004751
0.172209 0.173397 0.008314
0.185273 0.173397 0.007126
0.207838 0.173397 0.008314
0.213777 0.173397 0.011876
0.222090 0.173397 0.008314
0.235154 0.173397 0.008314
0.247031 0.173397 0.007126
0.258907 0.173397 0.005938
0.268409 0.173397 0.007126
0.280285 0.173397 0.008314
0.288599 0.173397 0.005938
0.376485 0.173397 0.008314
0.384798 0.173397 0.005938
0.394299 0.173397 0.005938
0.470309 0.173397 0.007126
0.852732 0.173397 0.005938
0.866983 0.173397 0.005938
0.876485 0.173397 0.008314
0.165083 0.174584 0.004751
0.197150 0.174584 0.005938
0.298100 0.174584 0.008314
0.325416 0.174584 0.008314
0.338480 0.174584 0.005938
0.349169 0.174584 0.007126
0.359857 0.174584 0.008314
0.423990 0.174584 0.005938
0.313539 0.175772 0.009501
0.828979 0.175772 0.008314
0.838480 0.175772 0.008314
0.821853 0.176960 0.008314
0.793349 0.178147 0.007126
0.802850 0.178147 0.004751
0.811164 0.178147 0.004751
0.741093 0.179335 0.005938
0.764846 0.179335 0.007126
0.774347 0.179335 0.005938
0.783848 0.179335 0.005938
0.728029 0.181710 0.008314
0.752969 0.181710 0.008314
0.693587 0.182898 0.008314
0.701900 0.182898 0.004751
0.617577 0.184086 0.008314
0.637767 0.184086 0.008314
0.647268 0.184086 0.007126
0.657957 0.184086 0.008314
0.669834 0.184086 0.007126
0.680523 0.184086 0.008314
0.565321 0.185273 0.007126
0.576010 0.185273 0.005938
0.586698 0.185273 0.008314
0.595012 0.185273 0.004751
0.603325 0.185273 0.011876
0.627078 0.185273 0.005938
0.497625 0.186461 0.007126
0.517815 0.186461 0.007126
0.533254 0.186461 0.008314
0.554632 0.186461 0.005938
0.174584 0.187648 0.004751
0.409739 0.187648 0.007126
0.448931 0.187648 0.005938
0.458432 0.187648 0.008314
0.469121 0.187648 0.007126
0.488124 0.187648 0.005938
0.507126 0.187648 0.008314
0.543943 0.187648 0.007126
0.165083 0.188836 0.007126
0.400238 0.188836 0.007126
0.420428 0.188836 0.010689
0.478622 0.188836 0.005938
0.146081 0.190024 0.004751
0.155582 0.190024 0.008314
0.181710 0.190024 0.008314
0.225653 0.190024 0.005938
0.243468 0.190024 0.008314
0.254157 0.190024 0.008314
0.287411 0.190024 0.005938
0.296912 0.190024 0.005938
0.305226 0.190024 0.004751
0.375297 0.190024 0.007126
0.385986 0.190024 0.008314
0.437055 0.190024 0.008314
0.194774 0.191211 0.008314
0.205463 0.191211 0.005938
0.213777 0.191211 0.008314
0.235154 0.191211 0.007126
0.319477 0.191211 0.007126
0.334917 0.191211 0.013064
0.343230 0.191211 0.004751
0.353919 0.191211 0.008314
0.364608 0.191211 0.008314
0.273159 0.192399 0.013064
