0.941805 0.001188 0.026128
0.754157 0.009501 0.013064
0.782660 0.009501 0.020190
0.817102 0.010689 0.013064
0.846793 0.010689 0.020190
0.880048 0.011876 0.013064
0.749406 0.038005 0.008314
0.761283 0.038005 0.008314
0.793349 0.038005 0.007126
0.832542 0.038005 0.007126
0.847981 0.038005 0.008314
0.857482 0.038005 0.005938
0.637767 0.039192 0.014252
0.770784 0.039192 0.004751
0.779097 0.039192 0.013064
0.802850 0.039192 0.007126
0.812352 0.039192 0.008314
0.821853 0.039192 0.007126
0.869359 0.039192 0.008314
0.611639 0.040380 0.008314
0.648456 0.040380 0.010689
0.729216 0.040380 0.007126
0.737530 0.040380 0.007126
0.600950 0.041568 0.008314
0.624703 0.041568 0.007126
0.654394 0.041568 0.004751
0.661520 0.041568 0.009501
0.675772 0.041568 0.007126
0.710214 0.041568 0.008314
0.718527 0.041568 0.004751
0.485748 0.042755 0.007126
0.552257 0.042755 0.008314
0.565321 0.042755 0.008314
0.578385 0.042755 0.007126
0.587886 0.042755 0.007126
0.684086 0.042755 0.005938
0.695962 0.042755 0.008314
0.382423 0.043943 0.008314
0.435867 0.043943 0.004751
0.470309 0.043943 0.010689
0.496437 0.043943 0.008314
0.530879 0.043943 0.008314
0.541568 0.043943 0.007126
0.263658 0.045131 0.011876
0.292162 0.045131 0.005938
0.351544 0.045131 0.008314
0.394299 0.045131 0.007126
0.406176 0.045131 0.008314
0.425178 0.045131 0.007126
0.503563 0.045131 0.008314
0.516627 0.045131 0.008314
0.174584 0.046318 0.013064
0.219715 0.046318 0.008314
0.231591 0.046318 0.008314
0.242280 0.046318 0.004751
0.250594 0.046318 0.004751
0.271971 0.046318 0.004751
0.282660 0.046318 0.007126
0.305226 0.046318 0.008314
0.318290 0.046318 0.007126
0.362233 0.046318 0.007126
0.371734 0.046318 0.004751
0.415677 0.046318 0.004751
0.444181 0.046318 0.008314
0.454869 0.046318 0.008314
0.162708 0.047506 0.008314
0.182898 0.047506 0.004751
0.190024 0.047506 0.005938
0.203088 0.047506 0.010689
0.328979 0.047506 0.005938
0.337292 0.047506 0.013064
0.150831 0.049881 0.005938
0.140143 0.051069 0.007126
0.128266 0.052257 0.008314
0.846793 0.052257 0.007126
0.856295 0.052257 0.005938
0.864608 0.052257 0.004751
0.832542 0.053444 0.008314
0.801663 0.054632 0.007126
0.819477 0.054632 0.008314
0.872922 0.054632 0.008314
0.779097 0.055819 0.008314
0.790974 0.055819 0.007126
0.712589 0.057007 0.008314
0.725653 0.057007 0.008314
0.738717 0.057007 0.007126
0.749406 0.057007 0.005938
0.764846 0.057007 0.008314
0.644893 0.058195 0.008314
0.654394 0.058195 0.007126
0.669834 0.058195 0.007126
0.700713 0.058195 0.007126
0.580760 0.059382 0.008314
0.614014 0.059382 0.005938
0.623515 0.059382 0.004751
0.679335 0.059382 0.008314
0.288599 0.060570 0.007126
0.471496 0.060570 0.005938
0.519002 0.060570 0.007126
0.529691 0.060570 0.005938
0.540380 0.060570 0.008314
0.553444 0.060570 0.005938
0.562945 0.060570 0.005938
0.571259 0.060570 0.005938
0.604513 0.060570 0.004751
0.633017 0.060570 0.007126
0.691211 0.060570 0.005938
0.186461 0.061758 0.007126
0.268409 0.061758 0.007126
0.279097 0.061758 0.007126
0.301663 0.061758 0.008314
0.309976 0.061758 0.005938
0.323040 0.061758 0.007126
0.390736 0.061758 0.005938
0.422803 0.061758 0.005938
0.431116 0.061758 0.004751
0.439430 0.061758 0.008314
0.451306 0.061758 0.007126
0.460808 0.061758 0.007126
0.479810 0.061758 0.011876
0.491686 0.061758 0.008314
0.592637 0.061758 0.008314
0.220903 0.062945 0.007126
0.257720 0.062945 0.008314
0.350356 0.062945 0.004751
0.372922 0.062945 0.004751
0.381235 0.062945 0.005938
0.403800 0.062945 0.008314
0.414489 0.062945 0.005938
0.505938 0.062945 0.008314
0.178147 0.064133 0.005938
0.195962 0.064133 0.007126
0.207838 0.064133 0.008314
0.230404 0.064133 0.008314
0.244656 0.064133 0.008314
0.331354 0.064133 0.005938
0.342043 0.064133 0.005938
0.363420 0.064133 0.008314
0.167458 0.065321 0.007126
0.135392 0.066508 0.005938
0.146081 0.066508 0.007126
0.156770 0.066508 0.007126
0.125891 0.067696 0.008314
0.845606 0.067696 0.008314
0.856295 0.067696 0.005938
0.864608 0.067696 0.004751
0.874109 0.067696 0.007126
0.786223 0.068884 0.007126
0.755344 0.070071 0.007126
0.776722 0.070071 0.005938
0.798100 0.070071 0.008314
0.809976 0.070071 0.008314
0.820665 0.070071 0.007126
0.832542 0.070071 0.008314
0.735154 0.071259 0.004751
0.766033 0.071259 0.007126
0.713777 0.072447 0.008314
0.724466 0.072447 0.007126
0.742280 0.072447 0.010689
0.692399 0.073634 0.005938
0.700713 0.073634 0.005938
0.543943 0.074822 0.007126
0.565321 0.074822 0.007126
0.579572 0.074822 0.010689
0.586698 0.074822 0.004751
0.606888 0.074822 0.005938
0.616390 0.074822 0.011876
0.623515 0.074822 0.011876
0.633017 0.074822 0.005938
0.660333 0.074822 0.005938
0.671021 0.074822 0.007126
0.682898 0.074822 0.005938
0.299287 0.076010 0.005938
0.307601 0.076010 0.008314
0.332542 0.076010 0.008314
0.366983 0.076010 0.005938
0.496437 0.076010 0.008314
0.530879 0.076010 0.008314
0.555819 0.076010 0.008314
0.642518 0.076010 0.005938
0.650831 0.076010 0.004751
0.281473 0.077197 0.004751
0.288599 0.077197 0.011876
0.320665 0.077197 0.005938
0.344418 0.077197 0.007126
0.356295 0.077197 0.007126
0.376485 0.077197 0.005938
0.387173 0.077197 0.005938
0.414489 0.077197 0.007126
0.456057 0.077197 0.007126
0.596200 0.077197 0.005938
0.232779 0.078385 0.007126
0.261283 0.078385 0.007126
0.271971 0.078385 0.007126
0.401425 0.078385 0.008314
0.427553 0.078385 0.007126
0.437055 0.078385 0.005938
0.445368 0.078385 0.005938
0.466746 0.078385 0.007126
0.477435 0.078385 0.005938
0.511876 0.078385 0.011876
0.520190 0.078385 0.013064
0.210214 0.079572 0.007126
0.224466 0.079572 0.008314
0.249406 0.079572 0.005938
0.180523 0.080760 0.008314
0.200713 0.080760 0.005938
0.162708 0.081948 0.008314
0.169834 0.081948 0.008314
0.192399 0.081948 0.005938
0.125891 0.083135 0.007126
0.137767 0.083135 0.005938
0.149644 0.083135 0.008314
0.859857 0.083135 0.008314
0.839667 0.084323 0.008314
0.850356 0.084323 0.007126
0.786223 0.086698 0.008314
0.801663 0.086698 0.008314
0.827791 0.086698 0.007126
0.870546 0.086698 0.008314
0.764846 0.087886 0.008314
0.776722 0.087886 0.007126
0.815914 0.087886 0.008314
0.415677 0.089074 0.004751
0.737530 0.089074 0.008314
0.751781 0.089074 0.008314
0.726841 0.090261 0.008314
0.336105 0.091449 0.008314
0.655582 0.091449 0.004751
0.713777 0.091449 0.010689
0.281473 0.092637 0.008314
0.358670 0.092637 0.008314
0.441805 0.092637 0.005938
0.587886 0.092637 0.008314
0.599762 0.092637 0.005938
0.609264 0.092637 0.007126
0.619952 0.092637 0.008314
0.662708 0.092637 0.010689
0.270784 0.093824 0.008314
0.345606 0.093824 0.009501
0.368171 0.093824 0.007126
0.378860 0.093824 0.008314
0.390736 0.093824 0.005938
0.399050 0.093824 0.005938
0.509501 0.093824 0.005938
0.529691 0.093824 0.007126
0.540380 0.093824 0.007126
0.551069 0.093824 0.008314
0.564133 0.093824 0.008314
0.574822 0.093824 0.007126
0.631829 0.093824 0.008314
0.647268 0.093824 0.009501
0.219715 0.095012 0.008314
0.230404 0.095012 0.007126
0.243468 0.095012 0.008314
0.256532 0.095012 0.007126
0.407363 0.095012 0.007126
0.422803 0.095012 0.007126
0.432304 0.095012 0.008314
0.467933 0.095012 0.005938
0.477435 0.095012 0.005938
0.488124 0.095012 0.007126
0.498812 0.095012 0.007126
0.203088 0.096200 0.010689
0.457245 0.096200 0.008314
0.516627 0.096200 0.008314
0.152019 0.097387 0.005938
0.162708 0.097387 0.008314
0.190024 0.097387 0.008314
0.143705 0.098575 0.004751
0.175772 0.098575 0.008314
0.134204 0.099762 0.007126
0.123515 0.100950 0.007126
0.859857 0.102138 0.007126
0.870546 0.102138 0.008314
0.821853 0.103325 0.008314
0.838480 0.103325 0.008314
0.847981 0.103325 0.008314
0.793349 0.104513 0.008314
0.807601 0.104513 0.008314
0.754157 0.105701 0.008314
0.764846 0.105701 0.008314
0.781473 0.105701 0.008314
0.743468 0.106888 0.007126
0.711401 0.108076 0.008314
0.724466 0.108076 0.008314
0.733967 0.108076 0.004751
0.372922 0.109264 0.007126
0.636580 0.109264 0.007126
0.383610 0.110451 0.005938
0.484561 0.110451 0.009501
0.572447 0.110451 0.010689
0.611639 0.110451 0.008314
0.624703 0.110451 0.008314
0.646081 0.110451 0.008314
0.252969 0.111639 0.008314
0.263658 0.111639 0.008314
0.276722 0.111639 0.008314
0.337292 0.111639 0.008314
0.350356 0.111639 0.005938
0.444181 0.111639 0.008314
0.495249 0.111639 0.008314
0.533254 0.111639 0.007126
0.543943 0.111639 0.008314
0.555819 0.111639 0.008314
0.586698 0.111639 0.008314
0.598575 0.111639 0.008314
0.230404 0.112827 0.005938
0.456057 0.112827 0.007126
0.509501 0.112827 0.008314
0.522565 0.112827 0.008314
0.239905 0.114014 0.013064
0.404988 0.114014 0.007126
0.415677 0.114014 0.008314
0.467933 0.114014 0.007126
0.219715 0.115202 0.007126
0.144893 0.116390 0.011876
0.169834 0.116390 0.007126
0.182898 0.116390 0.008314
0.194774 0.116390 0.008314
0.209026 0.116390 0.008314
0.125891 0.117577 0.008314
0.135392 0.117577 0.005938
0.159145 0.117577 0.007126
0.833729 0.119952 0.005938
0.823040 0.121140 0.008314
0.090261 0.122328 0.007126
0.768409 0.122328 0.008314
0.813539 0.122328 0.008314
0.733967 0.124703 0.007126
0.744656 0.124703 0.005938
0.755344 0.124703 0.013064
0.720903 0.125891 0.008314
0.338480 0.128266 0.008314
0.353919 0.128266 0.008314
0.363420 0.128266 0.013064
0.401425 0.128266 0.008314
0.533254 0.129454 0.008314
0.548694 0.129454 0.008314
0.590261 0.129454 0.007126
0.600950 0.129454 0.004751
0.608076 0.129454 0.004751
0.617577 0.129454 0.007126
0.629454 0.129454 0.008314
0.640143 0.129454 0.008314
0.654394 0.129454 0.010689
0.263658 0.130641 0.008314
0.280285 0.130641 0.008314
0.413302 0.130641 0.010689
0.445368 0.130641 0.005938
0.494062 0.130641 0.005938
0.504751 0.130641 0.008314
0.519002 0.130641 0.008314
0.559382 0.130641 0.005938
0.567696 0.130641 0.008314
0.578385 0.130641 0.008314
0.231591 0.131829 0.013064
0.251781 0.131829 0.008314
0.425178 0.131829 0.008314
0.434679 0.131829 0.007126
0.453682 0.131829 0.013064
0.465558 0.131829 0.007126
0.475059 0.131829 0.007126
0.485748 0.131829 0.005938
0.220903 0.133017 0.013064
0.238717 0.133017 0.011876
0.131829 0.134204 0.008314
0.147268 0.134204 0.008314
0.159145 0.134204 0.008314
0.168646 0.134204 0.005938
0.180523 0.134204 0.008314
0.193587 0.134204 0.008314
0.207838 0.134204 0.009501
0.123515 0.135392 0.011876
0.869359 0.136580 0.013064
0.809976 0.137767 0.011876
0.850356 0.137767 0.007126
0.861045 0.137767 0.007126
0.819477 0.138955 0.010689
0.839667 0.138955 0.005938
0.802850 0.140143 0.005938
0.793349 0.142518 0.005938
0.773159 0.143705 0.008314
0.785036 0.143705 0.013064
0.830166 0.143705 0.008314
0.748219 0.144893 0.008314
0.760095 0.144893 0.008314
0.590261 0.146081 0.004751
0.364608 0.147268 0.010689
0.507126 0.147268 0.007126
0.528504 0.147268 0.004751
0.570071 0.147268 0.007126
0.581948 0.147268 0.007126
0.598575 0.147268 0.011876
0.608076 0.147268 0.008314
0.622328 0.147268 0.008314
0.644893 0.147268 0.008314
0.736342 0.147268 0.008314
0.353919 0.148456 0.007126
0.380048 0.148456 0.010689
0.391924 0.148456 0.007126
0.403800 0.148456 0.008314
0.415677 0.148456 0.008314
0.427553 0.148456 0.008314
0.559382 0.148456 0.008314
0.636580 0.148456 0.008314
0.659145 0.148456 0.008314
0.711401 0.148456 0.008314
0.724466 0.148456 0.008314
0.289786 0.149644 0.007126
0.343230 0.149644 0.008314
0.438242 0.149644 0.004751
0.446556 0.149644 0.008314
0.464371 0.149644 0.004751
0.479810 0.149644 0.008314
0.488124 0.149644 0.005938
0.497625 0.149644 0.008314
0.701900 0.149644 0.005938
0.147268 0.150831 0.008314
0.198337 0.150831 0.007126
0.243468 0.150831 0.010689
0.260095 0.150831 0.007126
0.269596 0.150831 0.005938
0.277910 0.150831 0.008314
0.331354 0.150831 0.005938
0.672209 0.150831 0.008314
0.682898 0.150831 0.005938
0.692399 0.150831 0.007126
0.119952 0.152019 0.008314
0.133017 0.152019 0.008314
0.157957 0.152019 0.008314
0.178147 0.152019 0.007126
0.186461 0.152019 0.007126
0.209026 0.152019 0.008314
0.220903 0.152019 0.007126
0.230404 0.152019 0.008314
0.301663 0.152019 0.010689
0.320665 0.152019 0.007126
0.456057 0.152019 0.005938
0.864608 0.154394 0.011876
0.875297 0.154394 0.008314
0.836105 0.156770 0.008314
0.847981 0.156770 0.007126
0.804038 0.157957 0.005938
0.824228 0.159145 0.008314
0.776722 0.160333 0.007126
0.787411 0.160333 0.004751
0.794537 0.160333 0.005938
0.760095 0.161520 0.004751
0.751781 0.162708 0.005938
0.604513 0.163895 0.008314
0.614014 0.163895 0.011876
0.622328 0.163895 0.007126
0.710214 0.163895 0.008314
0.738717 0.163895 0.009501
0.397862 0.165083 0.011876
0.551069 0.165083 0.008314
0.576010 0.165083 0.008314
0.587886 0.165083 0.008314
0.633017 0.165083 0.007126
0.646081 0.165083 0.008314
0.657957 0.165083 0.008314
0.671021 0.165083 0.008314
0.678147 0.165083 0.004751
0.686461 0.165083 0.008314
0.699525 0.165083 0.005938
0.720903 0.165083 0.008314
0.410926 0.166271 0.008314
0.421615 0.166271 0.008314
0.432304 0.166271 0.007126
0.444181 0.166271 0.008314
0.454869 0.166271 0.004751
0.500000 0.166271 0.009501
0.515439 0.166271 0.007126
0.523753 0.166271 0.004751
0.540380 0.166271 0.007126
0.565321 0.166271 0.008314
0.185273 0.167458 0.010689
0.368171 0.167458 0.005938
0.378860 0.167458 0.007126
0.390736 0.167458 0.011876
0.168646 0.168646 0.008314
0.219715 0.168646 0.008314
0.275534 0.168646 0.007126
0.300475 0.168646 0.010689
0.326603 0.168646 0.005938
0.338480 0.168646 0.010689
0.136580 0.169834 0.004751
0.143705 0.169834 0.008314
0.157957 0.169834 0.008314
0.200713 0.169834 0.008314
0.211401 0.169834 0.005938
0.230404 0.169834 0.007126
0.241093 0.169834 0.005938
0.250594 0.169834 0.005938
0.262470 0.169834 0.008314
0.286223 0.169834 0.008314
0.315914 0.169834 0.008314
0.356295 0.169834 0.008314
0.118765 0.171021 0.007126
0.128266 0.171021 0.005938
0.871734 0.172209 0.005938
0.880048 0.172209 0.011876
0.857482 0.173397 0.011876
0.864608 0.173397 0.004751
0.817102 0.174584 0.007126
0.847981 0.174584 0.004751
0.783848 0.175772 0.008314
0.796912 0.175772 0.008314
0.807601 0.175772 0.005938
0.826603 0.175772 0.007126
0.838480 0.175772 0.007126
0.771971 0.176960 0.007126
0.760095 0.178147 0.008314
0.612827 0.179335 0.008314
0.630641 0.179335 0.008314
0.641330 0.179335 0.007126
0.714964 0.179335 0.007126
0.736342 0.179335 0.005938
0.602138 0.180523 0.005938
0.652019 0.180523 0.007126
0.662708 0.180523 0.008314
0.678147 0.180523 0.005938
0.692399 0.180523 0.008314
0.703088 0.180523 0.008314
0.725653 0.180523 0.008314
0.581948 0.181710 0.005938
0.592637 0.181710 0.008314
0.173397 0.182898 0.005938
0.434679 0.182898 0.005938
0.535629 0.182898 0.015439
0.554632 0.182898 0.009501
0.571259 0.182898 0.008314
0.129454 0.184086 0.005938
0.142518 0.184086 0.008314
0.153207 0.184086 0.005938
0.423990 0.184086 0.007126
0.445368 0.184086 0.008314
0.496437 0.184086 0.007126
0.513064 0.184086 0.008314
0.524941 0.184086 0.007126
0.118765 0.185273 0.005938
0.162708 0.185273 0.007126
0.184086 0.185273 0.005938
0.195962 0.185273 0.007126
0.206651 0.185273 0.005938
0.254157 0.185273 0.008314
0.271971 0.185273 0.008314
0.345606 0.185273 0.013064
0.394299 0.185273 0.007126
0.406176 0.185273 0.007126
0.415677 0.185273 0.007126
0.456057 0.185273 0.007126
0.466746 0.185273 0.008314
0.477435 0.185273 0.005938
0.486936 0.185273 0.007126
0.244656 0.186461 0.008314
0.283848 0.186461 0.005938
0.292162 0.186461 0.004751
0.302850 0.186461 0.008314
0.309976 0.186461 0.004751
0.315914 0.186461 0.004751
0.353919 0.186461 0.005938
0.362233 0.186461 0.004751
0.384798 0.186461 0.008314
0.219715 0.187648 0.008314
0.231591 0.187648 0.007126
0.324228 0.187648 0.005938
0.334917 0.187648 0.008314
