0.859857 0.079572 0.004751
0.868171 0.079572 0.004751
0.874109 0.079572 0.010689
0.821853 0.080760 0.004751
0.832542 0.080760 0.004751
0.840855 0.080760 0.010689
0.852732 0.080760 0.004751
0.814727 0.081948 0.004751
0.648456 0.083135 0.004751
0.737530 0.083135 0.004751
0.748219 0.083135 0.007126
0.758907 0.083135 0.008314
0.782660 0.083135 0.008314
0.792162 0.083135 0.007126
0.804038 0.083135 0.007126
0.656770 0.084323 0.008314
0.717340 0.084323 0.007126
0.729216 0.084323 0.008314
0.768409 0.084323 0.007126
0.538005 0.085511 0.008314
0.629454 0.085511 0.007126
0.640143 0.085511 0.007126
0.700713 0.085511 0.004751
0.707838 0.085511 0.004751
0.426366 0.086698 0.013064
0.515439 0.086698 0.005938
0.526128 0.086698 0.005938
0.565321 0.086698 0.013064
0.581948 0.086698 0.004751
0.597387 0.086698 0.005938
0.604513 0.086698 0.005938
0.614014 0.086698 0.005938
0.668646 0.086698 0.005938
0.679335 0.086698 0.008314
0.418052 0.087886 0.011876
0.475059 0.087886 0.008314
0.495249 0.087886 0.008314
0.505938 0.087886 0.008314
0.553444 0.087886 0.007126
0.587886 0.087886 0.004751
0.686461 0.087886 0.007126
0.434679 0.089074 0.005938
0.442993 0.089074 0.005938
0.465558 0.089074 0.005938
0.485748 0.089074 0.005938
0.572447 0.089074 0.008314
0.451306 0.090261 0.004751
0.655582 0.090261 0.004751
0.334917 0.092637 0.005938
0.343230 0.092637 0.005938
0.364608 0.092637 0.004751
0.372922 0.092637 0.004751
0.381235 0.092637 0.008314
0.394299 0.092637 0.005938
0.237530 0.093824 0.004751
0.295724 0.093824 0.008314
0.325416 0.093824 0.004751
0.356295 0.093824 0.008314
0.220903 0.095012 0.007126
0.230404 0.095012 0.004751
0.243468 0.095012 0.013064
0.251781 0.095012 0.007126
0.260095 0.095012 0.004751
0.200713 0.096200 0.007126
0.211401 0.096200 0.005938
0.276722 0.096200 0.010689
0.868171 0.096200 0.004751
0.182898 0.097387 0.005938
0.191211 0.097387 0.004751
0.861045 0.097387 0.004751
0.166271 0.098575 0.004751
0.173397 0.098575 0.004751
0.804038 0.098575 0.007126
0.813539 0.098575 0.005938
0.821853 0.098575 0.004751
0.837292 0.098575 0.008314
0.849169 0.098575 0.008314
0.157957 0.099762 0.005938
0.701900 0.099762 0.005938
0.710214 0.099762 0.004751
0.763658 0.099762 0.007126
0.773159 0.099762 0.004751
0.792162 0.099762 0.008314
0.148456 0.100950 0.005938
0.681710 0.100950 0.008314
0.733967 0.100950 0.005938
0.743468 0.100950 0.005938
0.752969 0.100950 0.007126
0.781473 0.100950 0.007126
0.129454 0.102138 0.016627
0.137767 0.102138 0.007126
0.621140 0.102138 0.008314
0.633017 0.102138 0.011876
0.652019 0.102138 0.008314
0.662708 0.102138 0.008314
0.692399 0.102138 0.005938
0.719715 0.102138 0.008314
0.532067 0.103325 0.008314
0.574822 0.103325 0.008314
0.583135 0.103325 0.008314
0.608076 0.103325 0.008314
0.641330 0.103325 0.004751
0.444181 0.104513 0.005938
0.452494 0.104513 0.004751
0.463183 0.104513 0.007126
0.472684 0.104513 0.008314
0.508314 0.104513 0.008314
0.519002 0.104513 0.008314
0.553444 0.104513 0.005938
0.564133 0.104513 0.007126
0.596200 0.104513 0.008314
0.399050 0.105701 0.004751
0.432304 0.105701 0.008314
0.327791 0.106888 0.007126
0.336105 0.106888 0.005938
0.371734 0.106888 0.004751
0.378860 0.106888 0.007126
0.389549 0.106888 0.007126
0.317102 0.108076 0.008314
0.363420 0.108076 0.005938
0.236342 0.109264 0.005938
0.267221 0.109264 0.005938
0.276722 0.109264 0.004751
0.289786 0.109264 0.010689
0.304038 0.109264 0.008314
0.346793 0.109264 0.009501
0.249406 0.110451 0.008314
0.256532 0.110451 0.005938
0.181710 0.111639 0.005938
0.191211 0.111639 0.007126
0.214964 0.111639 0.004751
0.223278 0.111639 0.008314
0.172209 0.112827 0.005938
0.204276 0.112827 0.008314
0.160333 0.114014 0.005938
0.774347 0.114014 0.008314
0.807601 0.114014 0.009501
0.823040 0.114014 0.004751
0.851544 0.114014 0.004751
0.861045 0.114014 0.005938
0.869359 0.114014 0.005938
0.129454 0.115202 0.009501
0.148456 0.115202 0.007126
0.754157 0.115202 0.008314
0.785036 0.115202 0.004751
0.794537 0.115202 0.007126
0.814727 0.115202 0.004751
0.834917 0.115202 0.008314
0.843230 0.115202 0.011876
0.136580 0.116390 0.008314
0.679335 0.116390 0.008314
0.736342 0.116390 0.007126
0.745843 0.116390 0.005938
0.690024 0.117577 0.004751
0.699525 0.117577 0.007126
0.710214 0.117577 0.007126
0.723278 0.117577 0.008314
0.667458 0.118765 0.010689
0.396675 0.121140 0.005938
0.585511 0.121140 0.008314
0.599762 0.121140 0.007126
0.612827 0.121140 0.010689
0.640143 0.121140 0.005938
0.650831 0.121140 0.008314
0.407363 0.122328 0.008314
0.497625 0.122328 0.004751
0.530879 0.122328 0.005938
0.540380 0.122328 0.004751
0.547506 0.122328 0.011876
0.559382 0.122328 0.007126
0.573634 0.122328 0.008314
0.619952 0.122328 0.005938
0.630641 0.122328 0.007126
0.324228 0.123515 0.005938
0.334917 0.123515 0.005938
0.345606 0.123515 0.004751
0.353919 0.123515 0.008314
0.363420 0.123515 0.005938
0.488124 0.123515 0.008314
0.507126 0.123515 0.008314
0.520190 0.123515 0.008314
0.305226 0.124703 0.005938
0.314727 0.124703 0.005938
0.374109 0.124703 0.007126
0.206651 0.125891 0.004751
0.213777 0.125891 0.008314
0.236342 0.125891 0.004751
0.244656 0.125891 0.007126
0.256532 0.125891 0.008314
0.266033 0.125891 0.005938
0.193587 0.127078 0.009501
0.161520 0.128266 0.007126
0.176960 0.128266 0.008314
0.141330 0.129454 0.007126
0.152019 0.129454 0.005938
0.865796 0.129454 0.004751
0.125891 0.130641 0.009501
0.809976 0.131829 0.010689
0.817102 0.131829 0.004751
0.828979 0.131829 0.008314
0.836105 0.131829 0.008314
0.845606 0.131829 0.004751
0.852732 0.131829 0.004751
0.710214 0.133017 0.008314
0.725653 0.133017 0.008314
0.751781 0.133017 0.010689
0.764846 0.133017 0.008314
0.775534 0.133017 0.005938
0.785036 0.133017 0.004751
0.792162 0.133017 0.004751
0.736342 0.134204 0.011876
0.744656 0.134204 0.004751
0.634204 0.136580 0.007126
0.644893 0.136580 0.005938
0.654394 0.136580 0.007126
0.579572 0.137767 0.008314
0.591449 0.137767 0.008314
0.612827 0.137767 0.005938
0.622328 0.137767 0.008314
0.402613 0.138955 0.005938
0.412114 0.138955 0.005938
0.423990 0.138955 0.008314
0.434679 0.138955 0.007126
0.445368 0.138955 0.007126
0.457245 0.138955 0.008314
0.472684 0.138955 0.010689
0.486936 0.138955 0.007126
0.496437 0.138955 0.005938
0.543943 0.138955 0.008314
0.555819 0.138955 0.004751
0.603325 0.138955 0.008314
0.374109 0.140143 0.004751
0.383610 0.140143 0.007126
0.394299 0.140143 0.005938
0.504751 0.140143 0.004751
0.514252 0.140143 0.005938
0.523753 0.140143 0.004751
0.533254 0.140143 0.007126
0.567696 0.140143 0.008314
0.332542 0.141330 0.007126
0.365796 0.141330 0.008314
0.185273 0.142518 0.007126
0.194774 0.142518 0.004751
0.204276 0.142518 0.008314
0.214964 0.142518 0.008314
0.226841 0.142518 0.007126
0.258907 0.142518 0.007126
0.343230 0.142518 0.008314
0.355107 0.142518 0.007126
0.236342 0.143705 0.005938
0.168646 0.144893 0.004751
0.127078 0.147268 0.008314
0.136580 0.147268 0.004751
0.147268 0.147268 0.008314
0.160333 0.147268 0.005938
0.857482 0.147268 0.007126
0.878860 0.147268 0.008314
0.824228 0.148456 0.013064
0.834917 0.148456 0.007126
0.844418 0.148456 0.011876
0.868171 0.148456 0.008314
0.790974 0.149644 0.004751
0.807601 0.149644 0.013064
0.815914 0.149644 0.004751
0.730404 0.150831 0.008314
0.741093 0.150831 0.007126
0.751781 0.150831 0.008314
0.758907 0.150831 0.010689
0.771971 0.150831 0.005938
0.781473 0.150831 0.007126
0.712589 0.152019 0.008314
0.722090 0.152019 0.008314
0.554632 0.154394 0.008314
0.576010 0.154394 0.008314
0.633017 0.154394 0.008314
0.654394 0.154394 0.004751
0.404988 0.155582 0.008314
0.454869 0.155582 0.005938
0.496437 0.155582 0.007126
0.509501 0.155582 0.011876
0.517815 0.155582 0.004751
0.526128 0.155582 0.004751
0.534442 0.155582 0.004751
0.565321 0.155582 0.004751
0.585511 0.155582 0.008314
0.595012 0.155582 0.004751
0.603325 0.155582 0.005938
0.611639 0.155582 0.004751
0.622328 0.155582 0.007126
0.644893 0.155582 0.007126
0.661520 0.155582 0.010689
0.262470 0.156770 0.005938
0.415677 0.156770 0.004751
0.435867 0.156770 0.007126
0.445368 0.156770 0.005938
0.467933 0.156770 0.007126
0.477435 0.156770 0.008314
0.485748 0.156770 0.013064
0.235154 0.157957 0.011876
0.252969 0.157957 0.007126
0.273159 0.157957 0.008314
0.351544 0.157957 0.007126
0.377672 0.157957 0.011876
0.391924 0.157957 0.008314
0.425178 0.157957 0.008314
0.223278 0.159145 0.007126
0.334917 0.159145 0.008314
0.361045 0.159145 0.005938
0.369359 0.159145 0.004751
0.191211 0.160333 0.007126
0.201900 0.160333 0.005938
0.211401 0.160333 0.008314
0.150831 0.161520 0.007126
0.162708 0.161520 0.007126
0.178147 0.161520 0.008314
0.134204 0.162708 0.010689
0.142518 0.162708 0.004751
0.876485 0.162708 0.008314
0.868171 0.163895 0.005938
0.845606 0.165083 0.005938
0.855107 0.165083 0.008314
0.836105 0.166271 0.007126
0.787411 0.167458 0.004751
0.811164 0.167458 0.005938
0.755344 0.168646 0.007126
0.763658 0.168646 0.004751
0.780285 0.168646 0.004751
0.796912 0.168646 0.008314
0.804038 0.168646 0.004751
0.825416 0.168646 0.008314
0.706651 0.169834 0.005938
0.714964 0.169834 0.004751
0.737530 0.169834 0.011876
0.744656 0.169834 0.004751
0.771971 0.169834 0.011876
0.728029 0.171021 0.010689
0.623515 0.172209 0.011876
0.631829 0.172209 0.007126
0.644893 0.172209 0.008314
0.654394 0.172209 0.004751
0.486936 0.173397 0.004751
0.608076 0.173397 0.008314
0.661520 0.173397 0.010689
0.332542 0.174584 0.011876
0.467933 0.174584 0.008314
0.479810 0.174584 0.010689
0.496437 0.174584 0.007126
0.519002 0.174584 0.004751
0.526128 0.174584 0.005938
0.564133 0.174584 0.008314
0.578385 0.174584 0.008314
0.589074 0.174584 0.008314
0.598575 0.174584 0.007126
0.249406 0.175772 0.007126
0.350356 0.175772 0.005938
0.361045 0.175772 0.008314
0.369359 0.175772 0.005938
0.378860 0.175772 0.011876
0.395487 0.175772 0.008314
0.407363 0.175772 0.005938
0.416865 0.175772 0.008314
0.426366 0.175772 0.004751
0.433492 0.175772 0.004751
0.445368 0.175772 0.008314
0.454869 0.175772 0.008314
0.509501 0.175772 0.007126
0.535629 0.175772 0.004751
0.542755 0.175772 0.004751
0.551069 0.175772 0.008314
0.258907 0.176960 0.008314
0.271971 0.176960 0.008314
0.280285 0.176960 0.013064
0.339667 0.176960 0.005938
0.142518 0.178147 0.008314
0.154394 0.178147 0.008314
0.174584 0.178147 0.005938
0.184086 0.178147 0.008314
0.195962 0.178147 0.005938
0.214964 0.178147 0.004751
0.222090 0.178147 0.010689
0.127078 0.179335 0.009501
0.163895 0.179335 0.008314
0.206651 0.179335 0.007126
0.236342 0.179335 0.008314
0.836105 0.179335 0.014252
0.843230 0.181710 0.007126
0.857482 0.181710 0.008314
0.868171 0.181710 0.008314
0.877672 0.181710 0.008314
0.815914 0.182898 0.008314
0.826603 0.184086 0.005938
0.762470 0.185273 0.008314
0.771971 0.185273 0.005938
0.781473 0.185273 0.008314
0.794537 0.185273 0.007126
0.805226 0.185273 0.007126
0.728029 0.187648 0.008314
0.644893 0.188836 0.010689
0.662708 0.188836 0.005938
0.674584 0.188836 0.008314
0.709026 0.188836 0.011876
0.716152 0.188836 0.005938
0.737530 0.188836 0.008314
0.477435 0.190024 0.008314
0.534442 0.190024 0.009501
0.615202 0.190024 0.011876
0.623515 0.190024 0.004751
0.629454 0.190024 0.008314
0.693587 0.190024 0.008314
0.748219 0.190024 0.008314
0.454869 0.191211 0.008314
0.467933 0.191211 0.007126
0.491686 0.191211 0.008314
0.501188 0.191211 0.005938
0.551069 0.191211 0.008314
0.580760 0.191211 0.008314
0.593824 0.191211 0.009501
0.608076 0.191211 0.011876
0.382423 0.192399 0.008314
0.394299 0.192399 0.008314
0.406176 0.192399 0.008314
0.439430 0.192399 0.009501
0.511876 0.192399 0.007126
0.523753 0.192399 0.008314
0.560570 0.192399 0.008314
0.572447 0.192399 0.008314
0.167458 0.193587 0.008314
0.188836 0.193587 0.004751
0.343230 0.193587 0.005938
0.371734 0.193587 0.007126
0.415677 0.193587 0.005938
0.426366 0.193587 0.008314
0.155582 0.194774 0.008314
0.180523 0.194774 0.007126
0.197150 0.194774 0.005938
0.206651 0.194774 0.004751
0.214964 0.194774 0.005938
0.225653 0.194774 0.007126
0.235154 0.194774 0.005938
0.245843 0.194774 0.005938
0.288599 0.194774 0.004751
0.333729 0.194774 0.007126
0.351544 0.194774 0.007126
0.361045 0.194774 0.005938
0.133017 0.195962 0.005938
0.143705 0.195962 0.008314
0.271971 0.195962 0.011876
0.279097 0.195962 0.011876
0.323040 0.195962 0.008314
0.123515 0.197150 0.007126
0.865796 0.198337 0.004751
0.881235 0.198337 0.004751
0.889549 0.198337 0.011876
0.846793 0.199525 0.007126
0.857482 0.199525 0.011876
0.836105 0.200713 0.008314
0.788599 0.201900 0.008314
0.801663 0.201900 0.008314
0.771971 0.203088 0.010689
0.755344 0.204276 0.007126
0.809976 0.204276 0.008314
0.821853 0.204276 0.008314
0.631829 0.205463 0.004751
0.641330 0.205463 0.007126
0.649644 0.205463 0.010689
0.665083 0.205463 0.008314
0.678147 0.205463 0.010689
0.622328 0.206651 0.007126
0.685273 0.206651 0.008314
0.700713 0.206651 0.008314
0.710214 0.206651 0.007126
0.722090 0.206651 0.008314
0.733967 0.206651 0.007126
0.744656 0.206651 0.008314
0.609264 0.207838 0.008314
0.535629 0.209026 0.005938
0.545131 0.209026 0.008314
0.557007 0.209026 0.008314
0.567696 0.209026 0.008314
0.578385 0.209026 0.007126
0.587886 0.209026 0.004751
0.597387 0.209026 0.008314
0.207838 0.210214 0.007126
0.218527 0.210214 0.007126
0.231591 0.210214 0.008314
0.250594 0.210214 0.004751
0.407363 0.210214 0.007126
0.418052 0.210214 0.005938
0.444181 0.210214 0.008314
0.454869 0.210214 0.007126
0.489311 0.210214 0.004751
0.497625 0.210214 0.008314
0.516627 0.210214 0.004751
0.526128 0.210214 0.005938
0.185273 0.211401 0.008314
0.197150 0.211401 0.008314
0.242280 0.211401 0.005938
0.260095 0.211401 0.008314
0.376485 0.211401 0.007126
0.388361 0.211401 0.008314
0.396675 0.211401 0.008314
0.428741 0.211401 0.008314
0.465558 0.211401 0.008314
0.479810 0.211401 0.008314
0.508314 0.211401 0.007126
0.172209 0.212589 0.008314
0.274347 0.212589 0.010689
0.301663 0.212589 0.008314
0.317102 0.212589 0.010689
0.366983 0.212589 0.008314
0.122328 0.213777 0.009501
0.137767 0.213777 0.007126
0.148456 0.213777 0.008314
0.162708 0.213777 0.007126
0.292162 0.213777 0.008314
0.324228 0.213777 0.005938
0.337292 0.213777 0.007126
0.358670 0.213777 0.005938
0.347981 0.214964 0.007126
0.881235 0.216152 0.011876
0.857482 0.217340 0.004751
0.865796 0.217340 0.007126
0.874109 0.217340 0.005938
0.847981 0.218527 0.008314
0.834917 0.219715 0.008314
0.775534 0.220903 0.008314
0.786223 0.220903 0.008314
0.798100 0.220903 0.008314
0.806413 0.220903 0.005938
0.813539 0.220903 0.004751
0.825416 0.220903 0.008314
0.707838 0.223278 0.004751
0.728029 0.223278 0.013064
0.736342 0.223278 0.005938
0.659145 0.224466 0.005938
0.687648 0.224466 0.004751
0.716152 0.224466 0.013064
0.747031 0.224466 0.008314
0.761283 0.224466 0.009501
0.585511 0.225653 0.008314
0.609264 0.225653 0.004751
0.646081 0.225653 0.008314
0.698337 0.225653 0.008314
0.475059 0.226841 0.007126
0.484561 0.226841 0.007126
0.503563 0.226841 0.008314
0.538005 0.226841 0.005938
0.551069 0.226841 0.008314
0.573634 0.226841 0.008314
0.598575 0.226841 0.008314
0.618765 0.226841 0.008314
0.633017 0.226841 0.009501
0.668646 0.226841 0.008314
0.679335 0.226841 0.015439
0.441805 0.228029 0.007126
0.452494 0.228029 0.005938
0.463183 0.228029 0.008314
0.494062 0.228029 0.007126
0.519002 0.228029 0.013064
0.529691 0.228029 0.008314
0.561758 0.228029 0.007126
0.415677 0.229216 0.010689
0.431116 0.229216 0.005938
0.201900 0.230404 0.005938
0.211401 0.230404 0.013064
0.237530 0.230404 0.008314
0.252969 0.230404 0.008314
0.304038 0.230404 0.008314
0.326603 0.230404 0.011876
0.340855 0.230404 0.010689
0.347981 0.230404 0.013064
0.358670 0.230404 0.007126
0.378860 0.230404 0.008314
0.394299 0.230404 0.008314
0.403800 0.230404 0.005938
0.137767 0.231591 0.013064
0.156770 0.231591 0.008314
0.168646 0.231591 0.008314
0.181710 0.231591 0.015439
0.225653 0.231591 0.008314
0.264846 0.231591 0.008314
0.274347 0.231591 0.007126
0.285036 0.231591 0.007126
0.295724 0.231591 0.015439
0.317102 0.231591 0.008314
0.369359 0.231591 0.005938
0.190024 0.232779 0.015439
