0.336105 0.001188 0.004751
0.655582 0.004751 0.024941
0.941805 0.004751 0.016627
0.725653 0.005938 0.020190
0.782660 0.005938 0.024941
0.847981 0.007126 0.024941
0.333729 0.008314 0.032067
0.764846 0.009501 0.026128
0.817102 0.010689 0.015439
0.880048 0.011876 0.013064
0.692399 0.013064 0.013064
0.630641 0.015439 0.013064
0.275534 0.019002 0.017815
0.336105 0.019002 0.021378
0.218527 0.021378 0.019002
0.309976 0.021378 0.011876
0.372922 0.021378 0.013064
0.247031 0.022565 0.016627
0.184086 0.023753 0.014252
0.795724 0.040380 0.008314
0.857482 0.040380 0.010689
0.868171 0.040380 0.013064
0.875297 0.040380 0.010689
0.785036 0.041568 0.008314
0.807601 0.041568 0.005938
0.815914 0.041568 0.004751
0.824228 0.041568 0.004751
0.832542 0.041568 0.008314
0.844418 0.041568 0.008314
0.629454 0.042755 0.007126
0.638955 0.042755 0.005938
0.648456 0.042755 0.004751
0.660333 0.042755 0.008314
0.732779 0.042755 0.008314
0.744656 0.042755 0.007126
0.764846 0.042755 0.004751
0.773159 0.042755 0.005938
0.572447 0.043943 0.007126
0.581948 0.043943 0.005938
0.593824 0.043943 0.008314
0.619952 0.043943 0.007126
0.672209 0.043943 0.008314
0.682898 0.043943 0.007126
0.709026 0.043943 0.004751
0.720903 0.043943 0.008314
0.755344 0.043943 0.008314
0.557007 0.045131 0.004751
0.606888 0.045131 0.008314
0.700713 0.045131 0.011876
0.307601 0.046318 0.013064
0.323040 0.046318 0.008314
0.382423 0.046318 0.008314
0.564133 0.046318 0.011876
0.299287 0.047506 0.004751
0.334917 0.047506 0.007126
0.344418 0.047506 0.004751
0.364608 0.047506 0.004751
0.396675 0.047506 0.008314
0.431116 0.047506 0.005938
0.442993 0.047506 0.007126
0.453682 0.047506 0.008314
0.241093 0.048694 0.004751
0.290974 0.048694 0.004751
0.352732 0.048694 0.008314
0.372922 0.048694 0.005938
0.407363 0.048694 0.008314
0.418052 0.048694 0.008314
0.200713 0.049881 0.004751
0.224466 0.049881 0.004751
0.232779 0.049881 0.005938
0.248219 0.049881 0.011876
0.260095 0.049881 0.005938
0.269596 0.049881 0.008314
0.282660 0.049881 0.007126
0.163895 0.051069 0.008314
0.175772 0.051069 0.011876
0.182898 0.051069 0.004751
0.192399 0.051069 0.005938
0.214964 0.051069 0.005938
0.148456 0.052257 0.008314
0.135392 0.053444 0.008314
0.865796 0.055819 0.008314
0.837292 0.057007 0.005938
0.845606 0.057007 0.011876
0.853919 0.057007 0.008314
0.686461 0.058195 0.008314
0.724466 0.058195 0.008314
0.787411 0.058195 0.007126
0.796912 0.058195 0.004751
0.824228 0.058195 0.008314
0.627078 0.059382 0.008314
0.653207 0.059382 0.007126
0.662708 0.059382 0.005938
0.671021 0.059382 0.004751
0.679335 0.059382 0.011876
0.698337 0.059382 0.005938
0.710214 0.059382 0.008314
0.733967 0.059382 0.005938
0.744656 0.059382 0.008314
0.756532 0.059382 0.007126
0.766033 0.059382 0.004751
0.811164 0.059382 0.008314
0.593824 0.060570 0.005938
0.605701 0.060570 0.008314
0.611639 0.060570 0.008314
0.642518 0.060570 0.008314
0.554632 0.061758 0.007126
0.564133 0.061758 0.005938
0.573634 0.061758 0.007126
0.583135 0.061758 0.008314
0.391924 0.062945 0.005938
0.410926 0.062945 0.007126
0.423990 0.062945 0.005938
0.435867 0.062945 0.009501
0.450119 0.062945 0.008314
0.460808 0.062945 0.008314
0.473872 0.062945 0.008314
0.543943 0.062945 0.007126
0.305226 0.064133 0.004751
0.326603 0.064133 0.008314
0.353919 0.064133 0.004751
0.371734 0.064133 0.007126
0.382423 0.064133 0.008314
0.401425 0.064133 0.007126
0.492874 0.064133 0.008314
0.503563 0.064133 0.005938
0.513064 0.064133 0.005938
0.523753 0.064133 0.008314
0.534442 0.064133 0.005938
0.223278 0.065321 0.008314
0.233967 0.065321 0.007126
0.293349 0.065321 0.008314
0.343230 0.065321 0.008314
0.159145 0.066508 0.005938
0.168646 0.066508 0.008314
0.179335 0.066508 0.005938
0.212589 0.066508 0.007126
0.270784 0.066508 0.005938
0.282660 0.066508 0.007126
0.188836 0.067696 0.007126
0.200713 0.067696 0.008314
0.244656 0.067696 0.005938
0.261283 0.067696 0.004751
0.133017 0.068884 0.009501
0.144893 0.068884 0.007126
0.251781 0.068884 0.008314
0.874109 0.070071 0.008314
0.844418 0.071259 0.007126
0.863420 0.071259 0.011876
0.806413 0.072447 0.008314
0.834917 0.072447 0.010689
0.856295 0.072447 0.004751
0.779097 0.073634 0.010689
0.792162 0.073634 0.008314
0.818290 0.073634 0.008314
0.827791 0.073634 0.004751
0.624703 0.074822 0.007126
0.649644 0.074822 0.008314
0.662708 0.074822 0.008314
0.700713 0.074822 0.010689
0.709026 0.074822 0.004751
0.718527 0.074822 0.008314
0.731591 0.074822 0.008314
0.743468 0.074822 0.005938
0.751781 0.074822 0.004751
0.761283 0.074822 0.005938
0.770784 0.074822 0.004751
0.598575 0.076010 0.005938
0.606888 0.076010 0.004751
0.636580 0.076010 0.007126
0.675772 0.076010 0.008314
0.687648 0.076010 0.008314
0.590261 0.077197 0.007126
0.408551 0.079572 0.004751
0.415677 0.079572 0.010689
0.429929 0.079572 0.005938
0.446556 0.079572 0.004751
0.465558 0.079572 0.008314
0.476247 0.079572 0.005938
0.505938 0.079572 0.005938
0.515439 0.079572 0.008314
0.524941 0.079572 0.005938
0.534442 0.079572 0.005938
0.542755 0.079572 0.005938
0.567696 0.079572 0.005938
0.576010 0.079572 0.008314
0.286223 0.080760 0.008314
0.295724 0.080760 0.005938
0.305226 0.080760 0.004751
0.312352 0.080760 0.004751
0.353919 0.080760 0.005938
0.363420 0.080760 0.005938
0.374109 0.080760 0.008314
0.381235 0.080760 0.008314
0.396675 0.080760 0.009501
0.456057 0.080760 0.008314
0.485748 0.080760 0.004751
0.494062 0.080760 0.008314
0.555819 0.080760 0.008314
0.250594 0.081948 0.005938
0.261283 0.081948 0.008314
0.275534 0.081948 0.008314
0.330166 0.081948 0.008314
0.342043 0.081948 0.008314
0.157957 0.083135 0.005938
0.218527 0.083135 0.008314
0.229216 0.083135 0.007126
0.241093 0.083135 0.007126
0.141330 0.084323 0.005938
0.149644 0.084323 0.004751
0.169834 0.084323 0.008314
0.182898 0.084323 0.008314
0.194774 0.084323 0.007126
0.206651 0.084323 0.008314
0.131829 0.085511 0.007126
0.764846 0.087886 0.010689
0.796912 0.087886 0.005938
0.836105 0.087886 0.007126
0.777910 0.089074 0.008314
0.788599 0.089074 0.005938
0.619952 0.091449 0.007126
0.630641 0.091449 0.008314
0.642518 0.091449 0.007126
0.653207 0.091449 0.013064
0.661520 0.091449 0.005938
0.718527 0.091449 0.008314
0.739905 0.091449 0.013064
0.729216 0.092637 0.005938
0.591449 0.093824 0.008314
0.602138 0.093824 0.013064
0.610451 0.093824 0.004751
0.578385 0.095012 0.009501
0.552257 0.096200 0.008314
0.564133 0.096200 0.005938
0.454869 0.097387 0.004751
0.526128 0.097387 0.009501
0.538005 0.097387 0.008314
0.219715 0.098575 0.007126
0.229216 0.098575 0.005938
0.239905 0.098575 0.008314
0.262470 0.098575 0.007126
0.340855 0.098575 0.008314
0.351544 0.098575 0.007126
0.361045 0.098575 0.008314
0.371734 0.098575 0.011876
0.380048 0.098575 0.004751
0.428741 0.098575 0.007126
0.438242 0.098575 0.004751
0.446556 0.098575 0.011876
0.508314 0.098575 0.009501
0.156770 0.099762 0.008314
0.181710 0.099762 0.007126
0.194774 0.099762 0.008314
0.207838 0.099762 0.008314
0.251781 0.099762 0.007126
0.271971 0.099762 0.007126
0.282660 0.099762 0.008314
0.293349 0.099762 0.007126
0.387173 0.099762 0.011876
0.397862 0.099762 0.008314
0.464371 0.099762 0.008314
0.479810 0.099762 0.008314
0.492874 0.099762 0.008314
0.133017 0.100950 0.008314
0.146081 0.100950 0.008314
0.168646 0.100950 0.008314
0.416865 0.100950 0.008314
0.856295 0.102138 0.004751
0.862233 0.102138 0.003563
0.846793 0.103325 0.007126
0.825416 0.104513 0.004751
0.836105 0.104513 0.007126
0.779097 0.105701 0.007126
0.796912 0.105701 0.004751
0.815914 0.105701 0.008314
0.714964 0.106888 0.007126
0.729216 0.106888 0.007126
0.750594 0.106888 0.008314
0.769596 0.106888 0.004751
0.787411 0.106888 0.005938
0.805226 0.106888 0.011876
0.738717 0.108076 0.008314
0.636580 0.111639 0.008314
0.647268 0.111639 0.004751
0.655582 0.111639 0.004751
0.585511 0.112827 0.007126
0.624703 0.112827 0.008314
0.566508 0.114014 0.011876
0.576010 0.114014 0.005938
0.597387 0.114014 0.015439
0.609264 0.114014 0.008314
0.340855 0.115202 0.010689
0.551069 0.115202 0.004751
0.558195 0.115202 0.004751
0.130641 0.116390 0.008314
0.172209 0.116390 0.004751
0.179335 0.116390 0.004751
0.186461 0.116390 0.004751
0.262470 0.116390 0.005938
0.274347 0.116390 0.014252
0.282660 0.116390 0.007126
0.352732 0.116390 0.007126
0.362233 0.116390 0.005938
0.370546 0.116390 0.005938
0.380048 0.116390 0.007126
0.390736 0.116390 0.008314
0.409739 0.116390 0.009501
0.437055 0.116390 0.008314
0.465558 0.116390 0.005938
0.476247 0.116390 0.007126
0.142518 0.117577 0.008314
0.150831 0.117577 0.005938
0.159145 0.117577 0.008314
0.203088 0.117577 0.005938
0.224466 0.117577 0.013064
0.241093 0.117577 0.004751
0.250594 0.117577 0.008314
0.485748 0.117577 0.008314
0.502375 0.117577 0.004751
0.511876 0.117577 0.007126
0.523753 0.117577 0.007126
0.533254 0.117577 0.004751
0.540380 0.117577 0.010689
0.872922 0.117577 0.004751
0.231591 0.118765 0.011876
0.425178 0.118765 0.008314
0.492874 0.118765 0.005938
0.865796 0.118765 0.004751
0.856295 0.119952 0.008314
0.844418 0.121140 0.008314
0.758907 0.122328 0.008314
0.785036 0.122328 0.004751
0.794537 0.122328 0.008314
0.806413 0.122328 0.005938
0.815914 0.122328 0.008314
0.739905 0.123515 0.008314
0.748219 0.123515 0.008314
0.767221 0.123515 0.014252
0.775534 0.123515 0.013064
0.828979 0.123515 0.009501
0.729216 0.125891 0.008314
0.712589 0.127078 0.011876
0.719715 0.127078 0.004751
0.649644 0.129454 0.009501
0.656770 0.129454 0.004751
0.665083 0.129454 0.011876
0.581948 0.131829 0.004751
0.593824 0.131829 0.008314
0.615202 0.131829 0.008314
0.624703 0.131829 0.004751
0.635392 0.131829 0.007126
0.378860 0.133017 0.005938
0.388361 0.133017 0.004751
0.561758 0.133017 0.007126
0.572447 0.133017 0.005938
0.603325 0.133017 0.005938
0.128266 0.134204 0.010689
0.157957 0.134204 0.010689
0.182898 0.134204 0.005938
0.200713 0.134204 0.008314
0.212589 0.134204 0.004751
0.231591 0.134204 0.004751
0.262470 0.134204 0.007126
0.337292 0.134204 0.005938
0.350356 0.134204 0.013064
0.359857 0.134204 0.005938
0.369359 0.134204 0.005938
0.395487 0.134204 0.004751
0.423990 0.134204 0.008314
0.532067 0.134204 0.007126
0.541568 0.134204 0.007126
0.551069 0.134204 0.007126
0.141330 0.135392 0.008314
0.149644 0.135392 0.004751
0.172209 0.135392 0.008314
0.192399 0.135392 0.005938
0.220903 0.135392 0.008314
0.239905 0.135392 0.007126
0.275534 0.135392 0.013064
0.282660 0.135392 0.011876
0.409739 0.135392 0.007126
0.251781 0.136580 0.008314
0.874109 0.138955 0.007126
0.882423 0.138955 0.004751
0.853919 0.140143 0.008314
0.864608 0.140143 0.007126
0.776722 0.142518 0.005938
0.786223 0.142518 0.004751
0.796912 0.142518 0.013064
0.805226 0.142518 0.005938
0.815914 0.142518 0.004751
0.824228 0.142518 0.011876
0.839667 0.142518 0.009501
0.751781 0.144893 0.008314
0.760095 0.144893 0.004751
0.766033 0.144893 0.010689
0.739905 0.146081 0.015439
0.731591 0.147268 0.008314
0.614014 0.148456 0.007126
0.625891 0.148456 0.013064
0.641330 0.148456 0.007126
0.720903 0.148456 0.005938
0.140143 0.149644 0.007126
0.578385 0.149644 0.010689
0.604513 0.149644 0.005938
0.649644 0.149644 0.004751
0.659145 0.149644 0.007126
0.710214 0.149644 0.007126
0.127078 0.150831 0.008314
0.150831 0.150831 0.004751
0.161520 0.150831 0.008314
0.223278 0.150831 0.007126
0.235154 0.150831 0.009501
0.593824 0.150831 0.008314
0.680523 0.150831 0.007126
0.690024 0.150831 0.007126
0.699525 0.150831 0.007126
0.169834 0.152019 0.008314
0.182898 0.152019 0.007126
0.194774 0.152019 0.008314
0.203088 0.152019 0.005938
0.212589 0.152019 0.007126
0.266033 0.152019 0.008314
0.275534 0.152019 0.005938
0.286223 0.152019 0.005938
0.371734 0.152019 0.008314
0.383610 0.152019 0.008314
0.565321 0.152019 0.009501
0.584323 0.152019 0.013064
0.669834 0.152019 0.008314
0.294537 0.153207 0.005938
0.359857 0.153207 0.007126
0.394299 0.153207 0.007126
0.402613 0.153207 0.005938
0.412114 0.153207 0.005938
0.248219 0.154394 0.009501
0.314727 0.154394 0.004751
0.350356 0.154394 0.008314
0.423990 0.154394 0.008314
0.465558 0.154394 0.008314
0.508314 0.154394 0.010689
0.521378 0.154394 0.005938
0.532067 0.154394 0.007126
0.305226 0.155582 0.008314
0.323040 0.155582 0.008314
0.336105 0.155582 0.009501
0.501188 0.155582 0.004751
0.874109 0.155582 0.008314
0.885986 0.155582 0.008314
0.857482 0.157957 0.009501
0.798100 0.160333 0.004751
0.834917 0.160333 0.004751
0.845606 0.160333 0.008314
0.783848 0.161520 0.007126
0.806413 0.161520 0.005938
0.815914 0.161520 0.005938
0.826603 0.161520 0.008314
0.758907 0.163895 0.008314
0.770784 0.163895 0.008314
0.744656 0.165083 0.008314
0.144893 0.167458 0.004751
0.154394 0.167458 0.007126
0.638955 0.167458 0.007126
0.649644 0.167458 0.008314
0.659145 0.167458 0.004751
0.679335 0.167458 0.007126
0.690024 0.167458 0.004751
0.732779 0.167458 0.008314
0.137767 0.168646 0.011876
0.201900 0.168646 0.008314
0.564133 0.168646 0.004751
0.578385 0.168646 0.008314
0.591449 0.168646 0.008314
0.605701 0.168646 0.011876
0.615202 0.168646 0.004751
0.624703 0.168646 0.008314
0.667458 0.168646 0.008314
0.697150 0.168646 0.004751
0.707838 0.168646 0.008314
0.718527 0.168646 0.008314
0.166271 0.169834 0.008314
0.269596 0.169834 0.007126
0.289786 0.169834 0.008314
0.529691 0.169834 0.008314
0.542755 0.169834 0.008314
0.557007 0.169834 0.010689
0.178147 0.171021 0.008314
0.191211 0.171021 0.008314
0.214964 0.171021 0.011876
0.224466 0.171021 0.005938
0.237530 0.171021 0.007126
0.247031 0.171021 0.004751
0.427553 0.171021 0.010689
0.438242 0.171021 0.008314
0.452494 0.171021 0.008314
0.461995 0.171021 0.013064
0.520190 0.171021 0.005938
0.280285 0.172209 0.008314
0.408551 0.172209 0.009501
0.509501 0.172209 0.008314
0.312352 0.173397 0.008314
0.339667 0.173397 0.008314
0.480998 0.173397 0.009501
0.495249 0.173397 0.008314
0.325416 0.174584 0.008314
0.381235 0.174584 0.009501
0.864608 0.176960 0.004751
0.870546 0.176960 0.004751
0.887173 0.176960 0.008314
0.877672 0.178147 0.010689
0.833729 0.179335 0.013064
0.842043 0.179335 0.013064
0.744656 0.180523 0.008314
0.754157 0.180523 0.008314
0.769596 0.180523 0.008314
0.780285 0.180523 0.008314
0.793349 0.180523 0.008314
0.818290 0.180523 0.004751
0.733967 0.181710 0.004751
0.805226 0.181710 0.009501
0.638955 0.184086 0.004751
0.675772 0.184086 0.008314
0.687648 0.184086 0.007126
0.723278 0.184086 0.008314
0.604513 0.185273 0.005938
0.629454 0.185273 0.007126
0.659145 0.185273 0.007126
0.668646 0.185273 0.004751
0.697150 0.185273 0.008314
0.711401 0.185273 0.008314
0.535629 0.186461 0.005938
0.584323 0.186461 0.004751
0.595012 0.186461 0.005938
0.612827 0.186461 0.011876
0.206651 0.187648 0.007126
0.358670 0.187648 0.007126
0.366983 0.187648 0.004751
0.383610 0.187648 0.008314
0.415677 0.187648 0.008314
0.428741 0.187648 0.007126
0.526128 0.187648 0.007126
0.560570 0.187648 0.008314
0.573634 0.187648 0.008314
0.140143 0.188836 0.007126
0.150831 0.188836 0.007126
0.174584 0.188836 0.008314
0.194774 0.188836 0.013064
0.220903 0.188836 0.008314
0.232779 0.188836 0.008314
0.245843 0.188836 0.007126
0.347981 0.188836 0.004751
0.440618 0.188836 0.007126
0.450119 0.188836 0.005938
0.491686 0.188836 0.008314
0.514252 0.188836 0.005938
0.127078 0.190024 0.009501
0.162708 0.190024 0.008314
0.186461 0.190024 0.005938
0.255344 0.190024 0.007126
0.263658 0.190024 0.013064
0.277910 0.190024 0.007126
0.288599 0.190024 0.008314
0.300475 0.190024 0.005938
0.309976 0.190024 0.005938
0.320665 0.190024 0.005938
0.330166 0.190024 0.008314
0.338480 0.190024 0.005938
0.459620 0.190024 0.004751
0.503563 0.190024 0.008314
0.469121 0.191211 0.007126
0.479810 0.191211 0.008314
0.226841 0.199525 0.005938