0.728029 0.002375 0.015439
0.845606 0.004751 0.021378
0.767221 0.008314 0.024941
0.782660 0.009501 0.023753
0.755344 0.010689 0.020190
0.817102 0.013064 0.015439
0.880048 0.013064 0.014252
0.309976 0.022565 0.013064
0.333729 0.022565 0.020190
0.374109 0.022565 0.013064
0.184086 0.023753 0.013064
0.211401 0.023753 0.023753
0.121140 0.024941 0.014252
0.248219 0.024941 0.020190
0.273159 0.024941 0.022565
0.729216 0.039192 0.007126
0.737530 0.039192 0.004751
0.748219 0.039192 0.007126
0.758907 0.039192 0.007126
0.768409 0.039192 0.004751
0.793349 0.039192 0.013064
0.699525 0.040380 0.008314
0.716152 0.040380 0.008314
0.777910 0.040380 0.005938
0.786223 0.040380 0.004751
0.818290 0.040380 0.004751
0.642518 0.041568 0.013064
0.652019 0.041568 0.005938
0.663895 0.041568 0.008314
0.675772 0.041568 0.008314
0.690024 0.041568 0.007126
0.802850 0.041568 0.011876
0.811164 0.041568 0.004751
0.842043 0.041568 0.010689
0.849169 0.041568 0.004751
0.600950 0.042755 0.008314
0.612827 0.042755 0.009501
0.625891 0.042755 0.005938
0.634204 0.042755 0.005938
0.827791 0.042755 0.008314
0.580760 0.045131 0.008314
0.592637 0.045131 0.010689
0.540380 0.046318 0.007126
0.551069 0.046318 0.004751
0.523753 0.047506 0.004751
0.530879 0.047506 0.005938
0.559382 0.047506 0.004751
0.568884 0.047506 0.007126
0.503563 0.048694 0.007126
0.514252 0.048694 0.007126
0.494062 0.049881 0.008314
0.414489 0.051069 0.004751
0.420428 0.051069 0.010689
0.484561 0.051069 0.004751
0.387173 0.052257 0.005938
0.394299 0.052257 0.011876
0.404988 0.052257 0.007126
0.439430 0.052257 0.010689
0.451306 0.052257 0.007126
0.460808 0.052257 0.008314
0.473872 0.052257 0.008314
0.295724 0.053444 0.008314
0.362233 0.053444 0.004751
0.378860 0.053444 0.005938
0.309976 0.054632 0.009501
0.350356 0.054632 0.008314
0.369359 0.054632 0.013064
0.757720 0.054632 0.013064
0.274347 0.055819 0.008314
0.283848 0.055819 0.008314
0.323040 0.055819 0.008314
0.726841 0.055819 0.007126
0.736342 0.055819 0.008314
0.747031 0.055819 0.008314
0.764846 0.055819 0.013064
0.775534 0.055819 0.007126
0.334917 0.057007 0.010689
0.686461 0.057007 0.007126
0.716152 0.057007 0.008314
0.785036 0.057007 0.007126
0.796912 0.057007 0.005938
0.820665 0.057007 0.008314
0.831354 0.057007 0.004751
0.846793 0.057007 0.004751
0.859857 0.057007 0.004751
0.866983 0.057007 0.004751
0.242280 0.058195 0.008314
0.676960 0.058195 0.007126
0.806413 0.058195 0.010689
0.839667 0.058195 0.004751
0.213777 0.059382 0.005938
0.222090 0.059382 0.005938
0.231591 0.059382 0.005938
0.258907 0.059382 0.010689
0.665083 0.059382 0.008314
0.701900 0.059382 0.005938
0.135392 0.060570 0.008314
0.178147 0.060570 0.005938
0.190024 0.060570 0.008314
0.203088 0.060570 0.007126
0.617577 0.060570 0.005938
0.633017 0.060570 0.005938
0.641330 0.060570 0.008314
0.652019 0.060570 0.008314
0.160333 0.061758 0.013064
0.168646 0.061758 0.005938
0.606888 0.061758 0.008314
0.148456 0.062945 0.005938
0.584323 0.062945 0.008314
0.595012 0.062945 0.008314
0.558195 0.064133 0.004751
0.568884 0.064133 0.008314
0.536817 0.065321 0.008314
0.545131 0.065321 0.013064
0.517815 0.066508 0.007126
0.527316 0.066508 0.004751
0.413302 0.067696 0.005938
0.465558 0.067696 0.008314
0.503563 0.067696 0.008314
0.375297 0.068884 0.004751
0.384798 0.068884 0.005938
0.397862 0.068884 0.009501
0.404988 0.068884 0.004751
0.422803 0.068884 0.005938
0.473872 0.068884 0.004751
0.491686 0.068884 0.008314
0.300475 0.070071 0.004751
0.308789 0.070071 0.005938
0.432304 0.070071 0.005938
0.441805 0.070071 0.005938
0.293349 0.071259 0.004751
0.355107 0.071259 0.007126
0.365796 0.071259 0.005938
0.271971 0.072447 0.007126
0.282660 0.072447 0.007126
0.320665 0.072447 0.005938
0.332542 0.072447 0.007126
0.343230 0.072447 0.007126
0.224466 0.073634 0.005938
0.248219 0.073634 0.007126
0.262470 0.073634 0.008314
0.871734 0.073634 0.010689
0.214964 0.074822 0.004751
0.238717 0.074822 0.008314
0.668646 0.074822 0.009501
0.682898 0.074822 0.011876
0.698337 0.074822 0.010689
0.714964 0.074822 0.008314
0.745843 0.074822 0.007126
0.756532 0.074822 0.005938
0.764846 0.074822 0.005938
0.773159 0.074822 0.008314
0.130641 0.076010 0.005938
0.141330 0.076010 0.008314
0.178147 0.076010 0.005938
0.186461 0.076010 0.004751
0.199525 0.076010 0.004751
0.206651 0.076010 0.004751
0.690024 0.076010 0.004751
0.723278 0.076010 0.004751
0.732779 0.076010 0.008314
0.782660 0.076010 0.005938
0.793349 0.076010 0.007126
0.802850 0.076010 0.007126
0.814727 0.076010 0.008314
0.826603 0.076010 0.005938
0.834917 0.076010 0.005938
0.845606 0.076010 0.008314
0.856295 0.076010 0.008314
0.168646 0.077197 0.004751
0.653207 0.077197 0.009501
0.155582 0.078385 0.010689
0.605701 0.078385 0.008314
0.621140 0.078385 0.008314
0.633017 0.078385 0.010689
0.640143 0.078385 0.004751
0.539192 0.080760 0.007126
0.562945 0.080760 0.007126
0.572447 0.080760 0.007126
0.581948 0.080760 0.007126
0.593824 0.080760 0.007126
0.508314 0.083135 0.011876
0.528504 0.083135 0.005938
0.500000 0.084323 0.004751
0.391924 0.085511 0.013064
0.400238 0.085511 0.005938
0.490499 0.085511 0.008314
0.380048 0.086698 0.008314
0.409739 0.086698 0.005938
0.421615 0.086698 0.009501
0.434679 0.086698 0.010689
0.453682 0.086698 0.008314
0.271971 0.087886 0.008314
0.306413 0.087886 0.008314
0.320665 0.087886 0.008314
0.332542 0.087886 0.008314
0.342043 0.087886 0.008314
0.461995 0.087886 0.010689
0.293349 0.089074 0.011876
0.370546 0.089074 0.005938
0.285036 0.090261 0.008314
0.358670 0.090261 0.010689
0.754157 0.090261 0.005938
0.236342 0.091449 0.005938
0.244656 0.091449 0.008314
0.256532 0.091449 0.008314
0.737530 0.091449 0.008314
0.744656 0.091449 0.011876
0.763658 0.091449 0.008314
0.792162 0.091449 0.008314
0.804038 0.091449 0.005938
0.813539 0.091449 0.005938
0.823040 0.091449 0.004751
0.830166 0.091449 0.008314
0.840855 0.091449 0.008314
0.857482 0.091449 0.005938
0.866983 0.091449 0.004751
0.874109 0.091449 0.010689
0.174584 0.092637 0.007126
0.185273 0.092637 0.007126
0.197150 0.092637 0.008314
0.226841 0.092637 0.008314
0.713777 0.092637 0.007126
0.726841 0.092637 0.008314
0.776722 0.092637 0.009501
0.847981 0.092637 0.004751
0.129454 0.093824 0.013064
0.146081 0.093824 0.007126
0.213777 0.093824 0.009501
0.656770 0.093824 0.008314
0.636580 0.095012 0.007126
0.646081 0.095012 0.007126
0.561758 0.096200 0.004751
0.625891 0.096200 0.008314
0.586698 0.097387 0.008314
0.596200 0.097387 0.008314
0.552257 0.098575 0.008314
0.515439 0.099762 0.007126
0.526128 0.099762 0.005938
0.533254 0.099762 0.011876
0.437055 0.102138 0.007126
0.400238 0.103325 0.013064
0.408551 0.103325 0.008314
0.419240 0.103325 0.008314
0.428741 0.103325 0.007126
0.390736 0.104513 0.008314
0.378860 0.105701 0.005938
0.870546 0.105701 0.011876
0.258907 0.106888 0.005938
0.267221 0.106888 0.004751
0.279097 0.106888 0.008314
0.287411 0.106888 0.010689
0.338480 0.106888 0.008314
0.353919 0.106888 0.008314
0.364608 0.106888 0.008314
0.662708 0.106888 0.005938
0.832542 0.106888 0.007126
0.851544 0.106888 0.013064
0.862233 0.106888 0.008314
0.184086 0.108076 0.005938
0.248219 0.108076 0.008314
0.749406 0.108076 0.005938
0.802850 0.108076 0.008314
0.812352 0.108076 0.007126
0.820665 0.108076 0.008314
0.844418 0.108076 0.008314
0.194774 0.109264 0.007126
0.204276 0.109264 0.005938
0.213777 0.109264 0.007126
0.238717 0.109264 0.005938
0.729216 0.109264 0.007126
0.739905 0.109264 0.008314
0.774347 0.109264 0.007126
0.782660 0.109264 0.004751
0.789786 0.109264 0.010689
0.152019 0.110451 0.007126
0.174584 0.110451 0.008314
0.225653 0.110451 0.008314
0.720903 0.110451 0.013064
0.761283 0.110451 0.008314
0.140143 0.111639 0.008314
0.161520 0.111639 0.008314
0.646081 0.111639 0.008314
0.128266 0.112827 0.004751
0.593824 0.112827 0.008314
0.655582 0.112827 0.005938
0.573634 0.114014 0.005938
0.581948 0.114014 0.008314
0.536817 0.116390 0.008314
0.562945 0.116390 0.008314
0.549881 0.117577 0.008314
0.482185 0.118765 0.007126
0.497625 0.118765 0.008314
0.523753 0.118765 0.010689
0.448931 0.119952 0.004751
0.472684 0.119952 0.008314
0.440618 0.121140 0.011876
0.428741 0.122328 0.008314
0.872922 0.122328 0.010689
0.286223 0.123515 0.008314
0.350356 0.123515 0.008314
0.415677 0.123515 0.008314
0.857482 0.123515 0.008314
0.864608 0.123515 0.004751
0.207838 0.124703 0.007126
0.276722 0.124703 0.007126
0.339667 0.124703 0.007126
0.362233 0.124703 0.007126
0.372922 0.124703 0.007126
0.744656 0.124703 0.004751
0.774347 0.124703 0.010689
0.819477 0.124703 0.008314
0.831354 0.124703 0.008314
0.840855 0.124703 0.004751
0.150831 0.125891 0.008314
0.179335 0.125891 0.008314
0.219715 0.125891 0.007126
0.230404 0.125891 0.007126
0.255344 0.125891 0.008314
0.267221 0.125891 0.008314
0.752969 0.125891 0.004751
0.760095 0.125891 0.008314
0.781473 0.125891 0.004751
0.807601 0.125891 0.008314
0.096200 0.127078 0.005938
0.193587 0.127078 0.008314
0.243468 0.127078 0.007126
0.732779 0.127078 0.004751
0.794537 0.127078 0.009501
0.163895 0.128266 0.009501
0.662708 0.128266 0.013064
0.725653 0.128266 0.005938
0.625891 0.129454 0.013064
0.633017 0.129454 0.004751
0.642518 0.129454 0.008314
0.654394 0.129454 0.008314
0.714964 0.129454 0.008314
0.616390 0.130641 0.008314
0.574822 0.133017 0.005938
0.555819 0.134204 0.007126
0.566508 0.134204 0.007126
0.527316 0.135392 0.004751
0.547506 0.135392 0.004751
0.093824 0.136580 0.008314
0.476247 0.136580 0.008314
0.488124 0.136580 0.011876
0.520190 0.136580 0.011876
0.536817 0.136580 0.007126
0.212589 0.137767 0.005938
0.285036 0.137767 0.008314
0.448931 0.137767 0.015439
0.458432 0.137767 0.014252
0.271971 0.140143 0.004751
0.345606 0.140143 0.008314
0.415677 0.140143 0.007126
0.425178 0.140143 0.008314
0.435867 0.140143 0.004751
0.870546 0.140143 0.004751
0.260095 0.141330 0.008314
0.337292 0.141330 0.007126
0.368171 0.141330 0.005938
0.377672 0.141330 0.005938
0.387173 0.141330 0.007126
0.857482 0.141330 0.010689
0.191211 0.142518 0.008314
0.220903 0.142518 0.007126
0.249406 0.142518 0.005938
0.358670 0.142518 0.005938
0.159145 0.143705 0.004751
0.169834 0.143705 0.008314
0.231591 0.143705 0.007126
0.241093 0.143705 0.013064
0.781473 0.143705 0.007126
0.814727 0.143705 0.004751
0.823040 0.143705 0.005938
0.180523 0.144893 0.008314
0.395487 0.144893 0.007126
0.763658 0.144893 0.005938
0.771971 0.144893 0.004751
0.792162 0.144893 0.005938
0.805226 0.144893 0.008314
0.832542 0.144893 0.005938
0.751781 0.146081 0.008314
0.636580 0.147268 0.008314
0.654394 0.147268 0.004751
0.729216 0.147268 0.008314
0.738717 0.147268 0.008314
0.844418 0.147268 0.005938
0.625891 0.148456 0.008314
0.646081 0.148456 0.004751
0.666271 0.148456 0.004751
0.672209 0.148456 0.009501
0.682898 0.148456 0.007126
0.705463 0.148456 0.007126
0.718527 0.148456 0.008314
0.612827 0.149644 0.007126
0.576010 0.150831 0.005938
0.692399 0.150831 0.007126
0.564133 0.152019 0.008314
0.220903 0.153207 0.004751
0.530879 0.154394 0.004751
0.539192 0.154394 0.008314
0.549881 0.154394 0.008314
0.884798 0.154394 0.008314
0.520190 0.155582 0.008314
0.876485 0.155582 0.010689
0.864608 0.156770 0.008314
0.326603 0.157957 0.008314
0.346793 0.157957 0.004751
0.362233 0.157957 0.010689
0.454869 0.157957 0.005938
0.465558 0.157957 0.007126
0.852732 0.157957 0.008314
0.263658 0.159145 0.008314
0.273159 0.159145 0.007126
0.294537 0.159145 0.015439
0.306413 0.159145 0.004751
0.314727 0.159145 0.007126
0.336105 0.159145 0.007126
0.355107 0.159145 0.005938
0.400238 0.159145 0.007126
0.410926 0.159145 0.008314
0.421615 0.159145 0.007126
0.432304 0.159145 0.008314
0.444181 0.159145 0.008314
0.821853 0.159145 0.009501
0.840855 0.159145 0.008314
0.156770 0.160333 0.011876
0.255344 0.160333 0.005938
0.283848 0.160333 0.004751
0.374109 0.160333 0.008314
0.387173 0.160333 0.008314
0.163895 0.161520 0.011876
0.210214 0.161520 0.008314
0.219715 0.161520 0.005938
0.236342 0.161520 0.004751
0.754157 0.161520 0.005938
0.762470 0.161520 0.004751
0.770784 0.161520 0.005938
0.705463 0.162708 0.005938
0.712589 0.162708 0.005938
0.722090 0.162708 0.005938
0.732779 0.162708 0.005938
0.669834 0.163895 0.008314
0.681710 0.163895 0.008314
0.693587 0.163895 0.007126
0.743468 0.163895 0.007126
0.637767 0.165083 0.008314
0.648456 0.165083 0.005938
0.615202 0.166271 0.004751
0.623515 0.166271 0.010689
0.656770 0.166271 0.008314
0.606888 0.167458 0.005938
0.579572 0.168646 0.008314
0.595012 0.168646 0.008314
0.568884 0.169834 0.007126
0.875297 0.169834 0.008314
0.884798 0.169834 0.013064
0.891924 0.169834 0.011876
0.538005 0.171021 0.008314
0.548694 0.171021 0.005938
0.558195 0.171021 0.007126
0.458432 0.172209 0.008314
0.502375 0.172209 0.008314
0.519002 0.172209 0.008314
0.447743 0.173397 0.007126
0.490499 0.173397 0.007126
0.843230 0.173397 0.007126
0.855107 0.173397 0.008314
0.309976 0.175772 0.007126
0.384798 0.175772 0.008314
0.406176 0.175772 0.007126
0.418052 0.175772 0.007126
0.427553 0.175772 0.007126
0.437055 0.175772 0.005938
0.766033 0.175772 0.009501
0.828979 0.175772 0.008314
0.323040 0.176960 0.008314
0.344418 0.176960 0.007126
0.356295 0.176960 0.007126
0.366983 0.176960 0.007126
0.376485 0.176960 0.004751
0.396675 0.176960 0.004751
0.751781 0.176960 0.005938
0.781473 0.176960 0.005938
0.819477 0.176960 0.008314
0.261283 0.178147 0.008314
0.294537 0.178147 0.008314
0.334917 0.178147 0.004751
0.699525 0.178147 0.008314
0.710214 0.178147 0.005938
0.720903 0.178147 0.008314
0.731591 0.178147 0.008314
0.739905 0.178147 0.008314
0.790974 0.178147 0.008314
0.802850 0.178147 0.007126
0.225653 0.179335 0.008314
0.237530 0.179335 0.007126
0.248219 0.179335 0.008314
0.274347 0.179335 0.005938
0.283848 0.179335 0.005938
0.676960 0.179335 0.007126
0.687648 0.179335 0.005938
0.187648 0.180523 0.008314
0.203088 0.180523 0.010689
0.212589 0.180523 0.008314
0.654394 0.180523 0.007126
0.665083 0.180523 0.005938
0.600950 0.181710 0.008314
0.612827 0.181710 0.008314
0.535629 0.185273 0.008314
0.543943 0.185273 0.005938
0.554632 0.185273 0.007126
0.565321 0.185273 0.008314
0.500000 0.186461 0.008314
0.513064 0.186461 0.008314
0.523753 0.186461 0.008314
0.480998 0.187648 0.013064
0.488124 0.187648 0.008314
0.467933 0.188836 0.007126
0.380048 0.191211 0.008314
0.395487 0.191211 0.008314
0.407363 0.191211 0.008314
0.419240 0.191211 0.010689
0.437055 0.191211 0.008314
0.446556 0.191211 0.008314
0.458432 0.191211 0.008314
0.325416 0.192399 0.005938
0.345606 0.192399 0.005938
0.356295 0.192399 0.007126
0.366983 0.192399 0.008314
0.296912 0.193587 0.005938
0.315914 0.193587 0.008314
0.334917 0.193587 0.007126
0.254157 0.194774 0.004751
0.263658 0.194774 0.007126
0.287411 0.194774 0.007126
0.306413 0.194774 0.005938
0.192399 0.195962 0.007126
0.247031 0.195962 0.010689
0.275534 0.195962 0.008314
0.155582 0.197150 0.008314
0.166271 0.197150 0.007126
0.175772 0.197150 0.004751
0.203088 0.197150 0.007126
0.223278 0.197150 0.008314
0.235154 0.197150 0.008314
0.182898 0.198337 0.013064
0.524941 0.200713 0.008314
