0.477435 0.078385 0.004751
0.876485 0.079572 0.010689
0.763658 0.081948 0.004751
0.789786 0.081948 0.008314
0.798100 0.081948 0.005938
0.820665 0.081948 0.004751
0.827791 0.081948 0.013064
0.728029 0.083135 0.007126
0.741093 0.083135 0.008314
0.752969 0.083135 0.008314
0.774347 0.083135 0.008314
0.811164 0.083135 0.008314
0.837292 0.083135 0.005938
0.846793 0.083135 0.005938
0.859857 0.083135 0.009501
0.573634 0.084323 0.005938
0.581948 0.084323 0.004751
0.616390 0.084323 0.008314
0.646081 0.084323 0.008314
0.700713 0.084323 0.008314
0.710214 0.084323 0.005938
0.718527 0.084323 0.004751
0.495249 0.085511 0.008314
0.504751 0.085511 0.004751
0.523753 0.085511 0.008314
0.545131 0.085511 0.007126
0.555819 0.085511 0.004751
0.562945 0.085511 0.008314
0.595012 0.085511 0.008314
0.627078 0.085511 0.007126
0.637767 0.085511 0.007126
0.659145 0.085511 0.008314
0.668646 0.085511 0.008314
0.678147 0.085511 0.007126
0.688836 0.085511 0.005938
0.513064 0.086698 0.008314
0.534442 0.086698 0.005938
0.605701 0.086698 0.005938
0.200713 0.087886 0.010689
0.464371 0.087886 0.005938
0.475059 0.087886 0.004751
0.485748 0.087886 0.007126
0.401425 0.089074 0.004751
0.429929 0.089074 0.005938
0.447743 0.089074 0.007126
0.457245 0.089074 0.004751
0.345606 0.090261 0.004751
0.362233 0.090261 0.005938
0.393112 0.090261 0.007126
0.407363 0.090261 0.004751
0.422803 0.090261 0.004751
0.438242 0.090261 0.011876
0.216152 0.091449 0.008314
0.230404 0.091449 0.008314
0.270784 0.091449 0.004751
0.281473 0.091449 0.007126
0.289786 0.091449 0.005938
0.299287 0.091449 0.004751
0.321853 0.091449 0.005938
0.338480 0.091449 0.004751
0.353919 0.091449 0.011876
0.370546 0.091449 0.005938
0.382423 0.091449 0.008314
0.176960 0.092637 0.007126
0.250594 0.092637 0.008314
0.262470 0.092637 0.005938
0.312352 0.092637 0.005938
0.331354 0.092637 0.004751
0.186461 0.093824 0.004751
0.127078 0.095012 0.011876
0.163895 0.095012 0.007126
0.863420 0.097387 0.008314
0.874109 0.097387 0.008314
0.771971 0.098575 0.005938
0.782660 0.098575 0.008314
0.792162 0.098575 0.007126
0.802850 0.098575 0.008314
0.817102 0.098575 0.008314
0.830166 0.098575 0.008314
0.838480 0.098575 0.010689
0.852732 0.098575 0.008314
0.595012 0.099762 0.011876
0.603325 0.099762 0.009501
0.682898 0.099762 0.010689
0.691211 0.099762 0.004751
0.710214 0.099762 0.007126
0.718527 0.099762 0.005938
0.729216 0.099762 0.005938
0.738717 0.099762 0.007126
0.751781 0.099762 0.007126
0.762470 0.099762 0.007126
0.532067 0.100950 0.008314
0.541568 0.100950 0.005938
0.548694 0.100950 0.013064
0.578385 0.100950 0.007126
0.586698 0.100950 0.008314
0.616390 0.100950 0.005938
0.654394 0.100950 0.005938
0.559382 0.102138 0.004751
0.567696 0.102138 0.005938
0.663895 0.102138 0.007126
0.476247 0.103325 0.008314
0.486936 0.103325 0.007126
0.495249 0.103325 0.005938
0.505938 0.103325 0.007126
0.517815 0.103325 0.008314
0.643705 0.103325 0.008314
0.141330 0.104513 0.009501
0.408551 0.104513 0.008314
0.448931 0.104513 0.005938
0.458432 0.104513 0.011876
0.416865 0.105701 0.007126
0.429929 0.105701 0.007126
0.439430 0.105701 0.007126
0.256532 0.106888 0.008314
0.267221 0.106888 0.005938
0.277910 0.106888 0.008314
0.290974 0.106888 0.005938
0.299287 0.106888 0.005938
0.317102 0.106888 0.005938
0.338480 0.106888 0.005938
0.347981 0.106888 0.007126
0.359857 0.106888 0.005938
0.377672 0.106888 0.004751
0.385986 0.106888 0.007126
0.397862 0.106888 0.005938
0.222090 0.108076 0.004751
0.307601 0.108076 0.004751
0.328979 0.108076 0.007126
0.368171 0.108076 0.005938
0.163895 0.109264 0.005938
0.173397 0.109264 0.009501
0.186461 0.109264 0.004751
0.197150 0.109264 0.008314
0.206651 0.109264 0.004751
0.213777 0.109264 0.011876
0.874109 0.112827 0.008314
0.775534 0.114014 0.008314
0.790974 0.114014 0.008314
0.801663 0.114014 0.007126
0.812352 0.114014 0.008314
0.827791 0.114014 0.008314
0.839667 0.114014 0.008314
0.855107 0.114014 0.008314
0.866983 0.114014 0.008314
0.676960 0.115202 0.008314
0.738717 0.115202 0.010689
0.752969 0.115202 0.008314
0.763658 0.115202 0.008314
0.687648 0.116390 0.007126
0.701900 0.116390 0.010689
0.713777 0.116390 0.008314
0.722090 0.116390 0.007126
0.573634 0.117577 0.008314
0.583135 0.117577 0.010689
0.650831 0.117577 0.007126
0.479810 0.118765 0.007126
0.492874 0.118765 0.008314
0.549881 0.118765 0.004751
0.559382 0.118765 0.007126
0.596200 0.118765 0.004751
0.604513 0.118765 0.004751
0.615202 0.118765 0.008314
0.624703 0.118765 0.005938
0.638955 0.118765 0.008314
0.661520 0.118765 0.009501
0.337292 0.119952 0.007126
0.395487 0.119952 0.007126
0.502375 0.119952 0.005938
0.510689 0.119952 0.005938
0.530879 0.119952 0.004751
0.540380 0.119952 0.007126
0.247031 0.121140 0.008314
0.289786 0.121140 0.007126
0.301663 0.121140 0.007126
0.315914 0.121140 0.008314
0.326603 0.121140 0.005938
0.406176 0.121140 0.005938
0.414489 0.121140 0.004751
0.428741 0.121140 0.007126
0.446556 0.121140 0.004751
0.463183 0.121140 0.011876
0.523753 0.121140 0.010689
0.226841 0.122328 0.008314
0.235154 0.122328 0.008314
0.258907 0.122328 0.005938
0.267221 0.122328 0.008314
0.279097 0.122328 0.005938
0.350356 0.122328 0.007126
0.362233 0.122328 0.007126
0.372922 0.122328 0.008314
0.384798 0.122328 0.005938
0.438242 0.122328 0.008314
0.217340 0.123515 0.005938
0.169834 0.124703 0.005938
0.178147 0.124703 0.004751
0.195962 0.124703 0.005938
0.207838 0.124703 0.007126
0.185273 0.125891 0.010689
0.774347 0.130641 0.008314
0.814727 0.130641 0.005938
0.825416 0.130641 0.007126
0.834917 0.130641 0.004751
0.844418 0.130641 0.005938
0.853919 0.130641 0.005938
0.863420 0.130641 0.007126
0.872922 0.130641 0.008314
0.763658 0.131829 0.007126
0.783848 0.131829 0.007126
0.796912 0.131829 0.008314
0.806413 0.131829 0.004751
0.738717 0.133017 0.007126
0.751781 0.133017 0.007126
0.604513 0.134204 0.008314
0.618765 0.134204 0.008314
0.635392 0.134204 0.008314
0.646081 0.134204 0.005938
0.654394 0.134204 0.005938
0.662708 0.134204 0.005938
0.711401 0.134204 0.008314
0.725653 0.134204 0.008314
0.578385 0.135392 0.008314
0.591449 0.135392 0.008314
0.483373 0.136580 0.010689
0.491686 0.136580 0.005938
0.502375 0.136580 0.007126
0.530879 0.136580 0.008314
0.562945 0.136580 0.011876
0.280285 0.137767 0.010689
0.287411 0.137767 0.011876
0.460808 0.137767 0.004751
0.515439 0.137767 0.008314
0.545131 0.137767 0.008314
0.554632 0.137767 0.008314
0.230404 0.138955 0.008314
0.245843 0.138955 0.008314
0.256532 0.138955 0.005938
0.268409 0.138955 0.008314
0.364608 0.138955 0.004751
0.423990 0.138955 0.008314
0.452494 0.138955 0.010689
0.469121 0.138955 0.007126
0.218527 0.140143 0.008314
0.347981 0.140143 0.011876
0.355107 0.140143 0.005938
0.178147 0.141330 0.005938
0.186461 0.141330 0.004751
0.198337 0.141330 0.007126
0.207838 0.141330 0.004751
0.372922 0.141330 0.008314
0.869359 0.144893 0.005938
0.828979 0.146081 0.008314
0.857482 0.146081 0.008314
0.762470 0.147268 0.013064
0.770784 0.147268 0.005938
0.780285 0.147268 0.008314
0.805226 0.147268 0.005938
0.814727 0.147268 0.008314
0.838480 0.147268 0.004751
0.846793 0.147268 0.008314
0.752969 0.148456 0.011876
0.795724 0.148456 0.010689
0.735154 0.149644 0.008314
0.745843 0.149644 0.004751
0.716152 0.150831 0.008314
0.726841 0.150831 0.007126
0.603325 0.152019 0.013064
0.611639 0.152019 0.005938
0.621140 0.152019 0.008314
0.631829 0.152019 0.007126
0.642518 0.152019 0.005938
0.650831 0.152019 0.013064
0.657957 0.152019 0.013064
0.528504 0.153207 0.008314
0.591449 0.153207 0.008314
0.458432 0.154394 0.008314
0.467933 0.154394 0.005938
0.477435 0.154394 0.011876
0.494062 0.154394 0.010689
0.508314 0.154394 0.008314
0.520190 0.154394 0.010689
0.560570 0.154394 0.008314
0.571259 0.154394 0.011876
0.273159 0.155582 0.007126
0.283848 0.155582 0.008314
0.380048 0.155582 0.008314
0.416865 0.155582 0.008314
0.439430 0.155582 0.008314
0.446556 0.155582 0.011876
0.543943 0.155582 0.009501
0.239905 0.156770 0.008314
0.250594 0.156770 0.008314
0.262470 0.156770 0.007126
0.338480 0.156770 0.008314
0.350356 0.156770 0.005938
0.359857 0.156770 0.008314
0.369359 0.156770 0.005938
0.391924 0.156770 0.011876
0.409739 0.156770 0.008314
0.428741 0.156770 0.007126
0.226841 0.157957 0.008314
0.400238 0.157957 0.004751
0.186461 0.159145 0.010689
0.214964 0.159145 0.008314
0.874109 0.159145 0.010689
0.168646 0.160333 0.007126
0.204276 0.160333 0.008314
0.840855 0.162708 0.007126
0.852732 0.162708 0.009501
0.858670 0.162708 0.004751
0.820665 0.163895 0.004751
0.827791 0.163895 0.010689
0.782660 0.165083 0.005938
0.792162 0.165083 0.005938
0.801663 0.165083 0.008314
0.811164 0.165083 0.005938
0.752969 0.166271 0.004751
0.762470 0.166271 0.005938
0.771971 0.166271 0.005938
0.712589 0.167458 0.008314
0.723278 0.167458 0.007126
0.731591 0.167458 0.008314
0.744656 0.167458 0.011876
0.605701 0.168646 0.009501
0.636580 0.169834 0.005938
0.580760 0.171021 0.005938
0.590261 0.171021 0.007126
0.618765 0.171021 0.008314
0.628266 0.171021 0.004751
0.646081 0.171021 0.005938
0.656770 0.171021 0.008314
0.460808 0.172209 0.008314
0.497625 0.172209 0.013064
0.507126 0.172209 0.007126
0.517815 0.172209 0.005938
0.527316 0.172209 0.008314
0.539192 0.172209 0.008314
0.551069 0.172209 0.005938
0.571259 0.172209 0.008314
0.260095 0.173397 0.008314
0.270784 0.173397 0.007126
0.281473 0.173397 0.007126
0.408551 0.173397 0.005938
0.418052 0.173397 0.007126
0.428741 0.173397 0.004751
0.437055 0.173397 0.013064
0.448931 0.173397 0.008314
0.475059 0.173397 0.008314
0.484561 0.173397 0.010689
0.558195 0.173397 0.010689
0.387173 0.174584 0.005938
0.397862 0.174584 0.007126
0.225653 0.175772 0.005938
0.235154 0.175772 0.005938
0.245843 0.175772 0.008314
0.347981 0.175772 0.008314
0.361045 0.175772 0.008314
0.375297 0.175772 0.008314
0.195962 0.176960 0.008314
0.206651 0.176960 0.008314
0.216152 0.176960 0.007126
0.866983 0.176960 0.008314
0.147268 0.178147 0.007126
0.156770 0.178147 0.005938
0.166271 0.178147 0.008314
0.180523 0.178147 0.009501
0.874109 0.178147 0.011876
0.856295 0.179335 0.008314
0.844418 0.180523 0.008314
0.808789 0.181710 0.008314
0.821853 0.181710 0.007126
0.831354 0.181710 0.007126
0.720903 0.182898 0.011876
0.780285 0.182898 0.008314
0.786223 0.182898 0.004751
0.795724 0.182898 0.008314
0.729216 0.184086 0.004751
0.737530 0.184086 0.004751
0.752969 0.184086 0.004751
0.761283 0.184086 0.007126
0.770784 0.184086 0.007126
0.704276 0.185273 0.008314
0.745843 0.185273 0.004751
0.650831 0.186461 0.011876
0.660333 0.186461 0.007126
0.667458 0.186461 0.013064
0.603325 0.187648 0.008314
0.622328 0.187648 0.004751
0.634204 0.187648 0.008314
0.614014 0.188836 0.013064
0.505938 0.190024 0.005938
0.549881 0.190024 0.007126
0.559382 0.190024 0.005938
0.568884 0.190024 0.007126
0.590261 0.190024 0.007126
0.495249 0.191211 0.005938
0.517815 0.191211 0.007126
0.528504 0.191211 0.008314
0.540380 0.191211 0.007126
0.579572 0.191211 0.008314
0.293349 0.192399 0.007126
0.383610 0.192399 0.008314
0.446556 0.192399 0.004751
0.456057 0.192399 0.005938
0.477435 0.192399 0.007126
0.486936 0.192399 0.004751
0.270784 0.193587 0.005938
0.281473 0.193587 0.007126
0.328979 0.193587 0.007126
0.340855 0.193587 0.007126
0.350356 0.193587 0.007126
0.404988 0.193587 0.005938
0.414489 0.193587 0.005938
0.422803 0.193587 0.011876
0.439430 0.193587 0.010689
0.467933 0.193587 0.008314
0.244656 0.194774 0.007126
0.254157 0.194774 0.004751
0.262470 0.194774 0.013064
0.359857 0.194774 0.008314
0.395487 0.194774 0.004751
0.185273 0.195962 0.005938
0.195962 0.195962 0.005938
0.232779 0.195962 0.007126
0.866983 0.195962 0.004751
0.163895 0.197150 0.008314
0.176960 0.197150 0.004751
0.206651 0.197150 0.007126
0.220903 0.197150 0.008314
0.134204 0.198337 0.004751
0.142518 0.198337 0.004751
0.817102 0.198337 0.011876
0.827791 0.198337 0.007126
0.845606 0.198337 0.005938
0.855107 0.198337 0.008314
0.150831 0.199525 0.008314
0.808789 0.199525 0.004751
0.836105 0.199525 0.013064
0.793349 0.200713 0.004751
0.800475 0.200713 0.004751
0.720903 0.203088 0.004751
0.767221 0.203088 0.009501
0.779097 0.203088 0.009501
0.630641 0.204276 0.008314
0.728029 0.204276 0.010689
0.738717 0.204276 0.007126
0.750594 0.204276 0.007126
0.652019 0.205463 0.004751
0.659145 0.205463 0.004751
0.690024 0.205463 0.008314
0.703088 0.205463 0.004751
0.710214 0.205463 0.010689
0.502375 0.206651 0.008314
0.538005 0.206651 0.008314
0.623515 0.206651 0.005938
0.642518 0.206651 0.008314
0.667458 0.206651 0.011876
0.676960 0.206651 0.007126
0.296912 0.207838 0.008314
0.472684 0.207838 0.004751
0.480998 0.207838 0.005938
0.514252 0.207838 0.005938
0.522565 0.207838 0.007126
0.547506 0.207838 0.005938
0.557007 0.207838 0.011876
0.572447 0.207838 0.008314
0.585511 0.207838 0.008314
0.596200 0.207838 0.007126
0.605701 0.207838 0.005938
0.614014 0.207838 0.008314
0.282660 0.209026 0.008314
0.307601 0.209026 0.008314
0.323040 0.209026 0.010689
0.331354 0.209026 0.008314
0.375297 0.209026 0.007126
0.421615 0.209026 0.004751
0.432304 0.209026 0.008314
0.446556 0.209026 0.008314
0.465558 0.209026 0.004751
0.261283 0.210214 0.005938
0.343230 0.210214 0.010689
0.351544 0.210214 0.005938
0.364608 0.210214 0.008314
0.387173 0.210214 0.008314
0.457245 0.210214 0.005938
0.489311 0.210214 0.008314
0.212589 0.211401 0.008314
0.251781 0.211401 0.005938
0.271971 0.211401 0.007126
0.163895 0.212589 0.010689
0.172209 0.212589 0.004751
0.191211 0.212589 0.007126
0.199525 0.212589 0.005938
0.226841 0.212589 0.010689
0.233967 0.212589 0.005938
0.242280 0.212589 0.005938
0.150831 0.213777 0.004751
0.181710 0.213777 0.008314
0.143705 0.214964 0.004751
0.872922 0.214964 0.013064
0.128266 0.216152 0.004751
0.135392 0.216152 0.004751
0.862233 0.216152 0.008314
0.801663 0.217340 0.011876
0.815914 0.217340 0.008314
0.830166 0.217340 0.008314
0.843230 0.217340 0.010689
0.783848 0.218527 0.008314
0.750594 0.219715 0.008314
0.762470 0.219715 0.008314
0.774347 0.219715 0.007126
0.704276 0.220903 0.008314
0.716152 0.220903 0.008314
0.726841 0.220903 0.007126
0.737530 0.220903 0.008314
0.679335 0.222090 0.007126
0.693587 0.222090 0.008314
0.617577 0.223278 0.007126
0.628266 0.223278 0.007126
0.640143 0.223278 0.010689
0.659145 0.223278 0.008314
0.669834 0.223278 0.007126
0.528504 0.224466 0.010689
0.543943 0.224466 0.008314
0.553444 0.224466 0.008314
0.603325 0.224466 0.008314
0.309976 0.225653 0.007126
0.391924 0.225653 0.004751
0.492874 0.225653 0.010689
0.505938 0.225653 0.007126
0.516627 0.225653 0.008314
0.567696 0.225653 0.010689
0.583135 0.225653 0.005938
0.591449 0.225653 0.013064
0.325416 0.226841 0.010689
0.340855 0.226841 0.013064
0.350356 0.226841 0.005938
0.362233 0.226841 0.008314
0.371734 0.226841 0.007126
0.382423 0.226841 0.008314
0.400238 0.226841 0.011876
0.479810 0.226841 0.008314
0.282660 0.228029 0.004751
0.289786 0.228029 0.004751
0.298100 0.228029 0.013064
0.444181 0.228029 0.008314
0.456057 0.228029 0.007126
0.467933 0.228029 0.008314
0.131829 0.229216 0.008314
0.191211 0.229216 0.008314
0.226841 0.229216 0.005938
0.432304 0.229216 0.009501
0.141330 0.230404 0.005938
0.161520 0.230404 0.008314
0.201900 0.230404 0.008314
0.214964 0.230404 0.008314
0.243468 0.230404 0.004751
0.273159 0.230404 0.013064
0.416865 0.230404 0.009501
0.149644 0.231591 0.013064
0.179335 0.231591 0.007126
0.235154 0.231591 0.005938
