0.724466 0.000000 0.023753
0.942993 0.004751 0.016627
0.662708 0.007126 0.023753
0.847981 0.008314 0.022565
0.754157 0.010689 0.016627
0.764846 0.010689 0.022565
0.817102 0.011876 0.013064
0.880048 0.011876 0.013064
0.692399 0.015439 0.011876
0.630641 0.016627 0.013064
0.343230 0.019002 0.023753
0.309976 0.021378 0.011876
0.217340 0.022565 0.020190
0.248219 0.022565 0.020190
0.184086 0.024941 0.014252
0.872922 0.038005 0.013064
0.830166 0.039192 0.008314
0.845606 0.039192 0.008314
0.773159 0.040380 0.008314
0.782660 0.040380 0.004751
0.793349 0.040380 0.007126
0.809976 0.040380 0.004751
0.819477 0.040380 0.007126
0.855107 0.040380 0.010689
0.738717 0.041568 0.008314
0.748219 0.041568 0.008314
0.802850 0.041568 0.004751
0.636580 0.042755 0.007126
0.652019 0.042755 0.007126
0.661520 0.042755 0.004751
0.673397 0.042755 0.008314
0.710214 0.042755 0.008314
0.756532 0.042755 0.010689
0.535629 0.043943 0.007126
0.586698 0.043943 0.008314
0.599762 0.043943 0.007126
0.616390 0.043943 0.004751
0.628266 0.043943 0.008314
0.684086 0.043943 0.008314
0.697150 0.043943 0.008314
0.720903 0.043943 0.008314
0.469121 0.045131 0.008314
0.486936 0.045131 0.013064
0.523753 0.045131 0.004751
0.546318 0.045131 0.004751
0.553444 0.045131 0.005938
0.562945 0.045131 0.005938
0.573634 0.045131 0.007126
0.609264 0.045131 0.010689
0.480998 0.046318 0.010689
0.497625 0.046318 0.005938
0.507126 0.046318 0.007126
0.516627 0.047506 0.005938
0.396675 0.048694 0.007126
0.406176 0.048694 0.004751
0.420428 0.048694 0.010689
0.442993 0.048694 0.013064
0.385986 0.049881 0.004751
0.412114 0.049881 0.004751
0.434679 0.049881 0.010689
0.270784 0.051069 0.007126
0.289786 0.051069 0.008314
0.308789 0.051069 0.005938
0.333729 0.051069 0.005938
0.340855 0.051069 0.004751
0.350356 0.051069 0.008314
0.365796 0.051069 0.008314
0.376485 0.051069 0.005938
0.209026 0.052257 0.005938
0.280285 0.052257 0.004751
0.299287 0.052257 0.004751
0.323040 0.052257 0.008314
0.218527 0.053444 0.007126
0.230404 0.053444 0.007126
0.239905 0.053444 0.005938
0.248219 0.053444 0.008314
0.186461 0.054632 0.010689
0.200713 0.054632 0.013064
0.804038 0.054632 0.007126
0.815914 0.054632 0.005938
0.833729 0.054632 0.004751
0.845606 0.054632 0.007126
0.871734 0.054632 0.007126
0.146081 0.055819 0.005938
0.173397 0.055819 0.008314
0.627078 0.055819 0.004751
0.768409 0.055819 0.004751
0.776722 0.055819 0.005938
0.786223 0.055819 0.004751
0.825416 0.055819 0.005938
0.861045 0.055819 0.007126
0.133017 0.057007 0.009501
0.155582 0.057007 0.004751
0.619952 0.057007 0.007126
0.635392 0.057007 0.005938
0.644893 0.057007 0.005938
0.656770 0.057007 0.005938
0.666271 0.057007 0.007126
0.680523 0.057007 0.008314
0.739905 0.057007 0.007126
0.761283 0.057007 0.007126
0.610451 0.058195 0.004751
0.726841 0.058195 0.008314
0.751781 0.058195 0.005938
0.533254 0.059382 0.008314
0.546318 0.059382 0.008314
0.559382 0.059382 0.010689
0.567696 0.059382 0.004751
0.578385 0.059382 0.008314
0.600950 0.059382 0.005938
0.698337 0.059382 0.008314
0.709026 0.059382 0.004751
0.716152 0.059382 0.004751
0.515439 0.060570 0.004751
0.590261 0.060570 0.007126
0.492874 0.061758 0.007126
0.505938 0.061758 0.007126
0.406176 0.062945 0.010689
0.452494 0.062945 0.004751
0.480998 0.062945 0.005938
0.384798 0.064133 0.011876
0.399050 0.064133 0.004751
0.415677 0.064133 0.005938
0.426366 0.064133 0.005938
0.435867 0.064133 0.005938
0.444181 0.064133 0.004751
0.471496 0.064133 0.008314
0.323040 0.065321 0.005938
0.366983 0.065321 0.005938
0.376485 0.065321 0.005938
0.283848 0.066508 0.005938
0.298100 0.066508 0.010689
0.307601 0.066508 0.008314
0.347981 0.066508 0.007126
0.357482 0.066508 0.005938
0.243468 0.067696 0.007126
0.256532 0.067696 0.007126
0.266033 0.067696 0.004751
0.275534 0.067696 0.011876
0.874109 0.067696 0.008314
0.207838 0.068884 0.007126
0.219715 0.068884 0.008314
0.231591 0.068884 0.007126
0.846793 0.068884 0.008314
0.855107 0.068884 0.005938
0.868171 0.068884 0.009501
0.198337 0.070071 0.008314
0.813539 0.070071 0.004751
0.833729 0.070071 0.005938
0.163895 0.071259 0.008314
0.697150 0.071259 0.007126
0.805226 0.071259 0.004751
0.823040 0.071259 0.008314
0.666271 0.072447 0.007126
0.674584 0.072447 0.004751
0.682898 0.072447 0.010689
0.705463 0.072447 0.005938
0.736342 0.072447 0.010689
0.742280 0.072447 0.008314
0.751781 0.072447 0.004751
0.757720 0.072447 0.009501
0.655582 0.073634 0.008314
0.717340 0.073634 0.008314
0.728029 0.073634 0.005938
0.796912 0.073634 0.008314
0.602138 0.074822 0.008314
0.615202 0.074822 0.010689
0.623515 0.074822 0.004751
0.630641 0.074822 0.010689
0.641330 0.074822 0.008314
0.785036 0.074822 0.008314
0.542755 0.076010 0.007126
0.551069 0.076010 0.004751
0.562945 0.076010 0.008314
0.572447 0.076010 0.007126
0.584323 0.076010 0.008314
0.773159 0.076010 0.011876
0.522565 0.077197 0.013064
0.451306 0.078385 0.004751
0.469121 0.078385 0.007126
0.480998 0.078385 0.007126
0.491686 0.078385 0.007126
0.501188 0.078385 0.005938
0.513064 0.078385 0.007126
0.813539 0.078385 0.004751
0.311164 0.079572 0.009501
0.325416 0.079572 0.008314
0.410926 0.079572 0.005938
0.431116 0.079572 0.005938
0.442993 0.079572 0.007126
0.295724 0.080760 0.005938
0.304038 0.080760 0.013064
0.337292 0.080760 0.008314
0.352732 0.080760 0.010689
0.361045 0.080760 0.008314
0.374109 0.080760 0.007126
0.385986 0.080760 0.008314
0.399050 0.080760 0.008314
0.421615 0.080760 0.008314
0.285036 0.083135 0.004751
0.266033 0.084323 0.007126
0.276722 0.084323 0.005938
0.233967 0.085511 0.008314
0.244656 0.085511 0.008314
0.256532 0.085511 0.007126
0.853919 0.085511 0.005938
0.863420 0.085511 0.008314
0.871734 0.085511 0.011876
0.172209 0.086698 0.004751
0.184086 0.086698 0.008314
0.749406 0.086698 0.008314
0.780285 0.086698 0.005938
0.846793 0.086698 0.004751
0.728029 0.087886 0.007126
0.789786 0.087886 0.007126
0.798100 0.087886 0.005938
0.838480 0.087886 0.005938
0.669834 0.089074 0.008314
0.737530 0.089074 0.004751
0.758907 0.089074 0.005938
0.808789 0.089074 0.004751
0.817102 0.089074 0.005938
0.827791 0.089074 0.007126
0.630641 0.090261 0.008314
0.638955 0.090261 0.005938
0.659145 0.090261 0.008314
0.710214 0.090261 0.010689
0.768409 0.090261 0.005938
0.534442 0.091449 0.011876
0.621140 0.091449 0.007126
0.649644 0.091449 0.008314
0.500000 0.092637 0.004751
0.543943 0.092637 0.005938
0.554632 0.092637 0.004751
0.568884 0.092637 0.008314
0.578385 0.092637 0.005938
0.587886 0.092637 0.013064
0.595012 0.092637 0.011876
0.606888 0.092637 0.008314
0.527316 0.093824 0.004751
0.469121 0.095012 0.005938
0.482185 0.095012 0.007126
0.492874 0.095012 0.008314
0.508314 0.095012 0.008314
0.519002 0.095012 0.005938
0.420428 0.097387 0.005938
0.458432 0.097387 0.008314
0.385986 0.098575 0.005938
0.400238 0.098575 0.011876
0.409739 0.098575 0.007126
0.431116 0.098575 0.008314
0.441805 0.098575 0.010689
0.274347 0.099762 0.011876
0.237530 0.100950 0.010689
0.244656 0.100950 0.004751
0.251781 0.100950 0.004751
0.258907 0.100950 0.004751
0.281473 0.100950 0.004751
0.289786 0.100950 0.011876
0.370546 0.100950 0.010689
0.166271 0.102138 0.010689
0.173397 0.102138 0.010689
0.197150 0.102138 0.008314
0.210214 0.102138 0.010689
0.340855 0.102138 0.005938
0.350356 0.102138 0.008314
0.849169 0.102138 0.009501
0.874109 0.102138 0.008314
0.831354 0.103325 0.007126
0.865796 0.103325 0.005938
0.186461 0.104513 0.008314
0.225653 0.104513 0.007126
0.738717 0.104513 0.008314
0.745843 0.104513 0.010689
0.752969 0.104513 0.008314
0.766033 0.104513 0.005938
0.840855 0.104513 0.005938
0.717340 0.105701 0.008314
0.728029 0.105701 0.008314
0.775534 0.105701 0.004751
0.782660 0.105701 0.011876
0.792162 0.105701 0.005938
0.800475 0.105701 0.004751
0.820665 0.105701 0.007126
0.809976 0.106888 0.008314
0.628266 0.108076 0.008314
0.650831 0.108076 0.005938
0.661520 0.108076 0.014252
0.597387 0.109264 0.007126
0.618765 0.109264 0.008314
0.641330 0.109264 0.008314
0.568884 0.110451 0.007126
0.581948 0.110451 0.008314
0.606888 0.110451 0.005938
0.532067 0.111639 0.008314
0.545131 0.111639 0.007126
0.558195 0.111639 0.008314
0.492874 0.112827 0.005938
0.505938 0.114014 0.008314
0.520190 0.114014 0.008314
0.426366 0.115202 0.004751
0.435867 0.115202 0.005938
0.446556 0.115202 0.008314
0.458432 0.115202 0.008314
0.471496 0.115202 0.008314
0.483373 0.115202 0.005938
0.383610 0.116390 0.004751
0.416865 0.116390 0.007126
0.372922 0.117577 0.007126
0.391924 0.117577 0.007126
0.404988 0.117577 0.008314
0.214964 0.118765 0.011876
0.224466 0.118765 0.005938
0.275534 0.118765 0.005938
0.342043 0.118765 0.008314
0.352732 0.118765 0.007126
0.364608 0.118765 0.008314
0.845606 0.118765 0.008314
0.856295 0.118765 0.004751
0.165083 0.119952 0.005938
0.201900 0.119952 0.010689
0.236342 0.119952 0.005938
0.256532 0.119952 0.007126
0.266033 0.119952 0.004751
0.286223 0.119952 0.007126
0.834917 0.119952 0.008314
0.154394 0.121140 0.008314
0.174584 0.121140 0.004751
0.182898 0.121140 0.005938
0.192399 0.121140 0.005938
0.245843 0.121140 0.008314
0.792162 0.121140 0.008314
0.725653 0.122328 0.008314
0.735154 0.122328 0.008314
0.744656 0.122328 0.005938
0.764846 0.122328 0.008314
0.801663 0.122328 0.005938
0.811164 0.122328 0.008314
0.824228 0.122328 0.004751
0.716152 0.123515 0.008314
0.752969 0.123515 0.004751
0.779097 0.123515 0.009501
0.577197 0.125891 0.004751
0.585511 0.125891 0.005938
0.597387 0.125891 0.008314
0.606888 0.125891 0.007126
0.646081 0.125891 0.005938
0.568884 0.127078 0.011876
0.627078 0.127078 0.007126
0.637767 0.127078 0.008314
0.655582 0.127078 0.007126
0.557007 0.128266 0.005938
0.618765 0.128266 0.008314
0.524941 0.129454 0.005938
0.534442 0.129454 0.007126
0.545131 0.129454 0.008314
0.470309 0.130641 0.009501
0.482185 0.130641 0.007126
0.494062 0.130641 0.008314
0.502375 0.130641 0.008314
0.511876 0.130641 0.008314
0.409739 0.131829 0.007126
0.339667 0.133017 0.007126
0.353919 0.133017 0.008314
0.401425 0.133017 0.004751
0.377672 0.134204 0.009501
0.277910 0.135392 0.004751
0.287411 0.135392 0.008314
0.364608 0.135392 0.007126
0.391924 0.135392 0.007126
0.167458 0.136580 0.004751
0.188836 0.136580 0.007126
0.249406 0.136580 0.005938
0.257720 0.136580 0.007126
0.269596 0.136580 0.008314
0.174584 0.137767 0.009501
0.198337 0.137767 0.004751
0.206651 0.137767 0.004751
0.220903 0.137767 0.004751
0.229216 0.137767 0.007126
0.239905 0.137767 0.007126
0.787411 0.137767 0.004751
0.876485 0.137767 0.010689
0.830166 0.138955 0.008314
0.839667 0.138955 0.005938
0.847981 0.138955 0.004751
0.855107 0.138955 0.004751
0.863420 0.138955 0.004751
0.762470 0.140143 0.005938
0.770784 0.140143 0.005938
0.779097 0.140143 0.007126
0.801663 0.140143 0.005938
0.809976 0.140143 0.011876
0.818290 0.140143 0.004751
0.750594 0.141330 0.008314
0.738717 0.142518 0.013064
0.717340 0.143705 0.005938
0.648456 0.144893 0.008314
0.709026 0.144893 0.010689
0.570071 0.146081 0.007126
0.579572 0.146081 0.008314
0.590261 0.146081 0.005938
0.634204 0.146081 0.007126
0.659145 0.146081 0.008314
0.671021 0.146081 0.008314
0.684086 0.146081 0.008314
0.536817 0.147268 0.004751
0.549881 0.147268 0.008314
0.559382 0.147268 0.005938
0.602138 0.147268 0.008314
0.611639 0.147268 0.005938
0.622328 0.147268 0.008314
0.695962 0.147268 0.005938
0.502375 0.148456 0.004751
0.510689 0.148456 0.011876
0.485748 0.149644 0.007126
0.496437 0.149644 0.004751
0.520190 0.149644 0.004751
0.528504 0.149644 0.013064
0.421615 0.150831 0.014252
0.441805 0.150831 0.008314
0.464371 0.150831 0.007126
0.475059 0.150831 0.005938
0.882423 0.150831 0.010689
0.378860 0.152019 0.013064
0.387173 0.152019 0.013064
0.399050 0.152019 0.007126
0.408551 0.152019 0.005938
0.429929 0.152019 0.005938
0.454869 0.152019 0.007126
0.173397 0.154394 0.008314
0.184086 0.154394 0.007126
0.192399 0.154394 0.004751
0.200713 0.154394 0.011876
0.292162 0.154394 0.008314
0.314727 0.154394 0.008314
0.327791 0.154394 0.008314
0.350356 0.154394 0.004751
0.364608 0.154394 0.005938
0.154394 0.155582 0.013064
0.163895 0.155582 0.007126
0.211401 0.155582 0.008314
0.224466 0.155582 0.005938
0.235154 0.155582 0.008314
0.247031 0.155582 0.008314
0.256532 0.155582 0.008314
0.269596 0.155582 0.007126
0.280285 0.155582 0.007126
0.302850 0.155582 0.008314
0.339667 0.155582 0.008314
0.868171 0.155582 0.007126
0.852732 0.156770 0.008314
0.828979 0.157957 0.007126
0.859857 0.157957 0.005938
0.770784 0.159145 0.004751
0.818290 0.159145 0.007126
0.747031 0.160333 0.007126
0.761283 0.160333 0.008314
0.799287 0.160333 0.008314
0.808789 0.160333 0.004751
0.840855 0.160333 0.009501
0.628266 0.161520 0.008314
0.676960 0.161520 0.005938
0.718527 0.161520 0.007126
0.731591 0.161520 0.009501
0.781473 0.161520 0.008314
0.614014 0.162708 0.005938
0.638955 0.162708 0.007126
0.667458 0.162708 0.008314
0.686461 0.162708 0.008314
0.698337 0.162708 0.007126
0.707838 0.162708 0.005938
0.554632 0.163895 0.008314
0.566508 0.163895 0.008314
0.577197 0.163895 0.004751
0.585511 0.163895 0.004751
0.602138 0.163895 0.005938
0.654394 0.163895 0.010689
0.543943 0.165083 0.008314
0.517815 0.166271 0.007126
0.528504 0.166271 0.004751
0.464371 0.167458 0.010689
0.504751 0.167458 0.008314
0.383610 0.168646 0.007126
0.437055 0.168646 0.008314
0.448931 0.168646 0.007126
0.472684 0.168646 0.004751
0.480998 0.168646 0.013064
0.491686 0.168646 0.008314
0.401425 0.169834 0.008314
0.416865 0.169834 0.005938
0.426366 0.169834 0.004751
0.264846 0.171021 0.007126
0.276722 0.171021 0.007126
0.193587 0.172209 0.010689
0.255344 0.172209 0.004751
0.287411 0.172209 0.004751
0.296912 0.172209 0.008314
0.308789 0.172209 0.005938
0.339667 0.172209 0.007126
0.351544 0.172209 0.008314
0.363420 0.172209 0.007126
0.372922 0.172209 0.007126
0.165083 0.173397 0.008314
0.181710 0.173397 0.008314
0.214964 0.173397 0.011876
0.223278 0.173397 0.008314
0.232779 0.173397 0.005938
0.241093 0.173397 0.004751
0.319477 0.173397 0.008314
0.330166 0.173397 0.005938
0.866983 0.173397 0.008314
0.156770 0.174584 0.010689
0.205463 0.174584 0.008314
0.855107 0.174584 0.008314
0.878860 0.174584 0.010689
0.804038 0.175772 0.009501
0.830166 0.175772 0.007126
0.130641 0.176960 0.004751
0.764846 0.176960 0.008314
0.789786 0.176960 0.008314
0.819477 0.176960 0.008314
0.840855 0.176960 0.007126
0.119952 0.178147 0.007126
0.754157 0.178147 0.008314
0.776722 0.178147 0.007126
0.731591 0.179335 0.005938
0.593824 0.180523 0.013064
0.624703 0.180523 0.008314
0.648456 0.180523 0.008314
0.659145 0.180523 0.005938
0.667458 0.180523 0.011876
0.682898 0.180523 0.008314
0.699525 0.180523 0.011876
0.707838 0.180523 0.007126
0.722090 0.180523 0.008314
0.742280 0.180523 0.008314
0.571259 0.181710 0.008314
0.581948 0.181710 0.007126
0.636580 0.181710 0.010689
0.557007 0.182898 0.008314
0.610451 0.182898 0.008314
0.431116 0.184086 0.008314
0.510689 0.184086 0.007126
0.521378 0.184086 0.007126
0.545131 0.184086 0.007126
0.407363 0.185273 0.008314
0.419240 0.185273 0.009501
0.444181 0.185273 0.008314
0.459620 0.185273 0.004751
0.466746 0.185273 0.004751
0.492874 0.185273 0.011876
0.533254 0.185273 0.008314
0.327791 0.186461 0.007126
0.339667 0.186461 0.008314
0.352732 0.186461 0.007126
0.384798 0.186461 0.005938
0.478622 0.186461 0.007126
0.498812 0.186461 0.008314
0.279097 0.187648 0.005938
0.315914 0.187648 0.008314
0.363420 0.187648 0.008314
0.372922 0.187648 0.005938
0.395487 0.187648 0.008314
0.229216 0.188836 0.005938
0.237530 0.188836 0.013064
0.249406 0.188836 0.005938
0.270784 0.188836 0.008314
0.292162 0.188836 0.008314
0.198337 0.190024 0.005938
0.207838 0.190024 0.005938
0.218527 0.190024 0.008314
0.261283 0.190024 0.014252
0.188836 0.191211 0.007126
0.119952 0.192399 0.008314
0.146081 0.192399 0.008314
0.155582 0.192399 0.008314
0.166271 0.192399 0.008314
0.178147 0.192399 0.008314
0.453682 0.192399 0.004751
0.464371 0.192399 0.005938
0.134204 0.193587 0.015439
