0.685273 0.078385 0.008314
0.710214 0.078385 0.007126
0.720903 0.078385 0.004751
0.728029 0.078385 0.010689
0.739905 0.078385 0.008314
0.761283 0.078385 0.004751
0.642518 0.079572 0.007126
0.653207 0.079572 0.008314
0.660333 0.079572 0.004751
0.675772 0.079572 0.005938
0.699525 0.079572 0.007126
0.750594 0.079572 0.008314
0.777910 0.079572 0.013064
0.786223 0.079572 0.004751
0.608076 0.080760 0.004751
0.618765 0.080760 0.008314
0.630641 0.080760 0.008314
0.668646 0.080760 0.004751
0.795724 0.080760 0.007126
0.805226 0.080760 0.008314
0.536817 0.081948 0.005938
0.562945 0.081948 0.008314
0.590261 0.081948 0.005938
0.600950 0.081948 0.009501
0.817102 0.081948 0.008314
0.510689 0.083135 0.010689
0.517815 0.083135 0.004751
0.526128 0.083135 0.008314
0.545131 0.083135 0.004751
0.826603 0.083135 0.013064
0.834917 0.083135 0.004751
0.847981 0.083135 0.004751
0.857482 0.083135 0.007126
0.475059 0.084323 0.007126
0.438242 0.085511 0.010689
0.453682 0.085511 0.007126
0.464371 0.085511 0.008314
0.485748 0.085511 0.007126
0.497625 0.085511 0.008314
0.352732 0.086698 0.004751
0.385986 0.086698 0.007126
0.396675 0.086698 0.008314
0.406176 0.086698 0.013064
0.429929 0.086698 0.008314
0.344418 0.087886 0.005938
0.366983 0.087886 0.011876
0.374109 0.087886 0.005938
0.419240 0.087886 0.005938
0.336105 0.089074 0.005938
0.270784 0.090261 0.004751
0.281473 0.090261 0.007126
0.290974 0.090261 0.004751
0.298100 0.090261 0.004751
0.308789 0.090261 0.008314
0.317102 0.090261 0.005938
0.325416 0.090261 0.007126
0.224466 0.091449 0.008314
0.232779 0.091449 0.004751
0.251781 0.091449 0.005938
0.261283 0.091449 0.005938
0.214964 0.092637 0.005938
0.242280 0.092637 0.005938
0.180523 0.093824 0.007126
0.192399 0.093824 0.008314
0.205463 0.093824 0.008314
0.691211 0.093824 0.005938
0.720903 0.093824 0.007126
0.159145 0.095012 0.007126
0.171021 0.095012 0.007126
0.640143 0.095012 0.005938
0.653207 0.095012 0.008314
0.663895 0.095012 0.005938
0.673397 0.095012 0.005938
0.700713 0.095012 0.005938
0.710214 0.095012 0.005938
0.730404 0.095012 0.007126
0.144893 0.096200 0.008314
0.595012 0.096200 0.007126
0.605701 0.096200 0.007126
0.624703 0.096200 0.008314
0.681710 0.096200 0.007126
0.742280 0.096200 0.008314
0.755344 0.096200 0.008314
0.769596 0.096200 0.008314
0.781473 0.096200 0.008314
0.136580 0.097387 0.005938
0.615202 0.097387 0.004751
0.789786 0.097387 0.004751
0.799287 0.097387 0.005938
0.807601 0.097387 0.008314
0.842043 0.097387 0.008314
0.127078 0.098575 0.008314
0.521378 0.098575 0.007126
0.538005 0.098575 0.004751
0.573634 0.098575 0.008314
0.585511 0.098575 0.005938
0.820665 0.098575 0.007126
0.830166 0.098575 0.005938
0.853919 0.098575 0.008314
0.861045 0.098575 0.005938
0.457245 0.099762 0.005938
0.467933 0.099762 0.005938
0.476247 0.099762 0.004751
0.494062 0.099762 0.005938
0.504751 0.099762 0.008314
0.510689 0.099762 0.004751
0.529691 0.099762 0.004751
0.545131 0.099762 0.007126
0.555819 0.099762 0.005938
0.565321 0.099762 0.005938
0.434679 0.100950 0.004751
0.484561 0.100950 0.005938
0.407363 0.102138 0.009501
0.414489 0.102138 0.004751
0.422803 0.102138 0.004751
0.376485 0.103325 0.013064
0.384798 0.103325 0.007126
0.394299 0.103325 0.005938
0.317102 0.104513 0.005938
0.325416 0.104513 0.007126
0.338480 0.104513 0.008314
0.349169 0.104513 0.004751
0.306413 0.105701 0.005938
0.363420 0.105701 0.004751
0.254157 0.106888 0.004751
0.275534 0.106888 0.008314
0.286223 0.106888 0.004751
0.294537 0.106888 0.005938
0.357482 0.106888 0.010689
0.244656 0.108076 0.005938
0.262470 0.108076 0.008314
0.669834 0.108076 0.005938
0.693587 0.108076 0.004751
0.735154 0.108076 0.007126
0.749406 0.108076 0.007126
0.205463 0.109264 0.005938
0.216152 0.109264 0.005938
0.230404 0.109264 0.009501
0.661520 0.109264 0.007126
0.678147 0.109264 0.005938
0.700713 0.109264 0.004751
0.712589 0.109264 0.008314
0.725653 0.109264 0.008314
0.762470 0.109264 0.005938
0.771971 0.109264 0.005938
0.176960 0.110451 0.007126
0.187648 0.110451 0.007126
0.195962 0.110451 0.004751
0.782660 0.110451 0.005938
0.790974 0.110451 0.004751
0.150831 0.111639 0.008314
0.160333 0.111639 0.004751
0.167458 0.111639 0.011876
0.625891 0.111639 0.008314
0.637767 0.111639 0.005938
0.644893 0.111639 0.004751
0.653207 0.111639 0.004751
0.800475 0.111639 0.005938
0.809976 0.111639 0.004751
0.819477 0.111639 0.005938
0.830166 0.111639 0.007126
0.851544 0.111639 0.005938
0.861045 0.111639 0.005938
0.616390 0.112827 0.007126
0.840855 0.112827 0.005938
0.137767 0.114014 0.005938
0.559382 0.114014 0.007126
0.584323 0.114014 0.008314
0.593824 0.114014 0.007126
0.604513 0.114014 0.007126
0.128266 0.115202 0.005938
0.519002 0.115202 0.007126
0.534442 0.115202 0.008314
0.546318 0.115202 0.005938
0.574822 0.115202 0.004751
0.496437 0.116390 0.008314
0.508314 0.116390 0.004751
0.475059 0.117577 0.005938
0.416865 0.118765 0.005938
0.423990 0.118765 0.010689
0.461995 0.118765 0.008314
0.408551 0.119952 0.007126
0.435867 0.119952 0.004751
0.450119 0.119952 0.005938
0.292162 0.121140 0.005938
0.307601 0.121140 0.004751
0.317102 0.121140 0.007126
0.326603 0.121140 0.005938
0.346793 0.121140 0.007126
0.356295 0.121140 0.005938
0.366983 0.121140 0.007126
0.399050 0.121140 0.004751
0.232779 0.122328 0.005938
0.244656 0.122328 0.008314
0.255344 0.122328 0.007126
0.267221 0.122328 0.007126
0.276722 0.122328 0.004751
0.283848 0.122328 0.004751
0.336105 0.122328 0.007126
0.381235 0.122328 0.007126
0.390736 0.122328 0.008314
0.851544 0.122328 0.004751
0.223278 0.123515 0.007126
0.204276 0.124703 0.004751
0.767221 0.124703 0.007126
0.776722 0.124703 0.005938
0.786223 0.124703 0.008314
0.185273 0.125891 0.007126
0.212589 0.125891 0.008314
0.660333 0.125891 0.008314
0.711401 0.125891 0.008314
0.719715 0.125891 0.013064
0.730404 0.125891 0.007126
0.741093 0.125891 0.008314
0.755344 0.125891 0.008314
0.800475 0.125891 0.007126
0.809976 0.125891 0.008314
0.824228 0.125891 0.007126
0.157957 0.127078 0.004751
0.165083 0.127078 0.004751
0.174584 0.127078 0.005938
0.194774 0.127078 0.007126
0.636580 0.127078 0.007126
0.650831 0.127078 0.008314
0.149644 0.128266 0.005938
0.599762 0.128266 0.008314
0.616390 0.128266 0.008314
0.627078 0.128266 0.007126
0.138955 0.129454 0.008314
0.579572 0.129454 0.008314
0.589074 0.129454 0.004751
0.509501 0.130641 0.007126
0.521378 0.130641 0.008314
0.565321 0.130641 0.007126
0.127078 0.131829 0.008314
0.472684 0.131829 0.008314
0.489311 0.131829 0.008314
0.498812 0.131829 0.007126
0.535629 0.131829 0.007126
0.546318 0.131829 0.007126
0.555819 0.131829 0.005938
0.435867 0.133017 0.008314
0.463183 0.133017 0.008314
0.450119 0.134204 0.008314
0.374109 0.135392 0.007126
0.383610 0.135392 0.004751
0.393112 0.135392 0.005938
0.402613 0.135392 0.005938
0.410926 0.135392 0.008314
0.363420 0.136580 0.008314
0.269596 0.137767 0.007126
0.279097 0.137767 0.005938
0.339667 0.137767 0.009501
0.352732 0.137767 0.008314
0.233967 0.138955 0.007126
0.243468 0.138955 0.005938
0.252969 0.138955 0.004751
0.211401 0.140143 0.005938
0.222090 0.140143 0.007126
0.771971 0.140143 0.010689
0.182898 0.141330 0.007126
0.194774 0.141330 0.004751
0.200713 0.141330 0.010689
0.764846 0.141330 0.013064
0.814727 0.141330 0.008314
0.825416 0.141330 0.011876
0.842043 0.141330 0.011876
0.160333 0.142518 0.007126
0.171021 0.142518 0.007126
0.637767 0.142518 0.007126
0.656770 0.142518 0.008314
0.714964 0.142518 0.008314
0.755344 0.142518 0.008314
0.786223 0.142518 0.009501
0.833729 0.142518 0.004751
0.648456 0.143705 0.005938
0.728029 0.143705 0.008314
0.739905 0.143705 0.008314
0.799287 0.143705 0.009501
0.147268 0.144893 0.008314
0.622328 0.144893 0.008314
0.136580 0.146081 0.004751
0.566508 0.146081 0.008314
0.583135 0.146081 0.008314
0.603325 0.146081 0.004751
0.610451 0.146081 0.004751
0.127078 0.147268 0.007126
0.552257 0.147268 0.008314
0.593824 0.147268 0.007126
0.478622 0.148456 0.011876
0.495249 0.148456 0.007126
0.505938 0.148456 0.007126
0.519002 0.148456 0.008314
0.532067 0.148456 0.008314
0.541568 0.148456 0.005938
0.469121 0.149644 0.008314
0.410926 0.150831 0.008314
0.458432 0.150831 0.005938
0.280285 0.152019 0.008314
0.448931 0.152019 0.007126
0.400238 0.153207 0.005938
0.423990 0.153207 0.008314
0.437055 0.153207 0.010689
0.238717 0.154394 0.007126
0.248219 0.154394 0.005938
0.257720 0.154394 0.008314
0.268409 0.154394 0.005938
0.338480 0.154394 0.009501
0.376485 0.154394 0.005938
0.384798 0.154394 0.011876
0.201900 0.155582 0.008314
0.210214 0.155582 0.010689
0.226841 0.155582 0.008314
0.351544 0.155582 0.008314
0.365796 0.155582 0.008314
0.179335 0.156770 0.005938
0.186461 0.156770 0.010689
0.168646 0.157957 0.007126
0.832542 0.157957 0.008314
0.159145 0.159145 0.008314
0.812352 0.159145 0.007126
0.847981 0.159145 0.011876
0.146081 0.160333 0.008314
0.769596 0.160333 0.008314
0.779097 0.160333 0.008314
0.790974 0.160333 0.007126
0.801663 0.160333 0.005938
0.823040 0.160333 0.005938
0.125891 0.161520 0.008314
0.135392 0.161520 0.005938
0.603325 0.161520 0.008314
0.612827 0.161520 0.007126
0.713777 0.161520 0.008314
0.757720 0.161520 0.008314
0.623515 0.162708 0.004751
0.630641 0.162708 0.004751
0.649644 0.162708 0.005938
0.726841 0.162708 0.008314
0.737530 0.162708 0.007126
0.747031 0.162708 0.005938
0.475059 0.166271 0.008314
0.497625 0.166271 0.007126
0.508314 0.166271 0.007126
0.517815 0.166271 0.005938
0.530879 0.166271 0.008314
0.545131 0.166271 0.008314
0.576010 0.166271 0.008314
0.486936 0.167458 0.005938
0.560570 0.167458 0.008314
0.458432 0.168646 0.004751
0.270784 0.169834 0.007126
0.421615 0.169834 0.008314
0.431116 0.169834 0.004751
0.439430 0.169834 0.007126
0.450119 0.169834 0.007126
0.228029 0.171021 0.007126
0.238717 0.171021 0.007126
0.248219 0.171021 0.005938
0.258907 0.171021 0.007126
0.280285 0.171021 0.008314
0.344418 0.171021 0.005938
0.372922 0.171021 0.008314
0.387173 0.171021 0.008314
0.401425 0.171021 0.007126
0.410926 0.171021 0.007126
0.357482 0.172209 0.008314
0.194774 0.173397 0.005938
0.206651 0.173397 0.005938
0.333729 0.173397 0.007126
0.185273 0.174584 0.008314
0.216152 0.174584 0.008314
0.161520 0.175772 0.009501
0.168646 0.175772 0.004751
0.149644 0.176960 0.005938
0.130641 0.178147 0.004751
0.140143 0.178147 0.005938
0.827791 0.178147 0.013064
0.124703 0.179335 0.009501
0.781473 0.179335 0.008314
0.790974 0.179335 0.009501
0.757720 0.180523 0.007126
0.768409 0.180523 0.007126
0.818290 0.180523 0.007126
0.709026 0.181710 0.011876
0.723278 0.181710 0.004751
0.749406 0.181710 0.011876
0.806413 0.181710 0.008314
0.559382 0.182898 0.008314
0.572447 0.182898 0.005938
0.583135 0.182898 0.008314
0.634204 0.182898 0.005938
0.642518 0.182898 0.008314
0.654394 0.182898 0.008314
0.663895 0.182898 0.015439
0.735154 0.182898 0.008314
0.476247 0.184086 0.007126
0.486936 0.184086 0.008314
0.496437 0.184086 0.007126
0.507126 0.184086 0.005938
0.551069 0.184086 0.005938
0.610451 0.184086 0.015439
0.618765 0.184086 0.011876
0.238717 0.185273 0.011876
0.461995 0.185273 0.008314
0.514252 0.185273 0.005938
0.524941 0.185273 0.008314
0.539192 0.185273 0.007126
0.248219 0.186461 0.013064
0.256532 0.186461 0.007126
0.267221 0.186461 0.007126
0.279097 0.186461 0.008314
0.288599 0.186461 0.013064
0.327791 0.186461 0.015439
0.448931 0.186461 0.007126
0.427553 0.187648 0.008314
0.438242 0.187648 0.007126
0.336105 0.188836 0.007126
0.363420 0.188836 0.004751
0.385986 0.188836 0.008314
0.419240 0.188836 0.004751
0.218527 0.190024 0.009501
0.346793 0.190024 0.011876
0.371734 0.190024 0.010689
0.396675 0.190024 0.005938
0.408551 0.190024 0.008314
0.186461 0.192399 0.005938
0.195962 0.192399 0.007126
0.206651 0.192399 0.008314
0.159145 0.193587 0.004751
0.167458 0.193587 0.005938
0.175772 0.193587 0.007126
0.149644 0.194774 0.005938
0.856295 0.194774 0.008314
0.866983 0.194774 0.008314
0.141330 0.195962 0.004751
0.845606 0.195962 0.005938
0.124703 0.197150 0.011876
0.133017 0.197150 0.005938
0.789786 0.197150 0.007126
0.801663 0.197150 0.007126
0.824228 0.197150 0.008314
0.836105 0.197150 0.007126
0.697150 0.198337 0.011876
0.706651 0.198337 0.004751
0.777910 0.198337 0.008314
0.813539 0.198337 0.008314
0.733967 0.199525 0.008314
0.767221 0.199525 0.008314
0.638955 0.200713 0.008314
0.648456 0.200713 0.008314
0.667458 0.200713 0.008314
0.681710 0.200713 0.008314
0.529691 0.201900 0.005938
0.557007 0.201900 0.008314
0.567696 0.201900 0.007126
0.578385 0.201900 0.007126
0.589074 0.201900 0.013064
0.627078 0.201900 0.008314
0.504751 0.203088 0.009501
0.520190 0.203088 0.008314
0.546318 0.203088 0.011876
0.616390 0.203088 0.008314
0.464371 0.204276 0.008314
0.477435 0.204276 0.008314
0.539192 0.204276 0.013064
0.751781 0.204276 0.007126
0.302850 0.205463 0.005938
0.412114 0.205463 0.008314
0.444181 0.205463 0.008314
0.490499 0.205463 0.008314
0.260095 0.206651 0.005938
0.270784 0.206651 0.008314
0.281473 0.206651 0.008314
0.294537 0.206651 0.011876
0.311164 0.206651 0.008314
0.394299 0.206651 0.009501
0.406176 0.206651 0.004751
0.422803 0.206651 0.007126
0.432304 0.206651 0.005938
0.452494 0.206651 0.010689
0.226841 0.207838 0.004751
0.235154 0.207838 0.011876
0.249406 0.207838 0.007126
0.325416 0.207838 0.008314
0.359857 0.207838 0.005938
0.371734 0.207838 0.008314
0.382423 0.207838 0.007126
0.203088 0.209026 0.008314
0.218527 0.209026 0.007126
0.339667 0.209026 0.007126
0.350356 0.209026 0.007126
0.191211 0.210214 0.008314
0.166271 0.211401 0.008314
0.851544 0.211401 0.003563
0.179335 0.212589 0.008314
0.147268 0.213777 0.005938
0.156770 0.213777 0.005938
0.836105 0.213777 0.010689
0.857482 0.213777 0.004751
0.870546 0.213777 0.004751
0.133017 0.214964 0.009501
0.790974 0.214964 0.007126
0.800475 0.214964 0.005938
0.710214 0.216152 0.008314
0.732779 0.216152 0.005938
0.762470 0.216152 0.008314
0.776722 0.216152 0.008314
0.808789 0.216152 0.005938
0.820665 0.216152 0.008314
0.665083 0.217340 0.008314
0.699525 0.217340 0.007126
0.720903 0.217340 0.008314
0.742280 0.217340 0.008314
0.750594 0.217340 0.007126
0.568884 0.218527 0.007126
0.618765 0.218527 0.008314
0.629454 0.218527 0.007126
0.638955 0.218527 0.008314
0.653207 0.218527 0.008314
0.679335 0.218527 0.013064
0.536817 0.219715 0.009501
0.549881 0.219715 0.004751
0.558195 0.219715 0.005938
0.577197 0.219715 0.013064
0.591449 0.219715 0.011876
0.498812 0.220903 0.008314
0.522565 0.220903 0.008314
0.599762 0.220903 0.013064
0.687648 0.220903 0.008314
0.510689 0.222090 0.008314
0.419240 0.223278 0.009501
0.339667 0.224466 0.008314
0.450119 0.224466 0.008314
0.464371 0.224466 0.008314
0.478622 0.224466 0.011876
0.277910 0.225653 0.008314
0.295724 0.225653 0.013064
0.307601 0.225653 0.010689
0.351544 0.225653 0.007126
0.387173 0.225653 0.007126
0.396675 0.225653 0.008314
0.406176 0.225653 0.008314
0.434679 0.225653 0.010689
0.251781 0.226841 0.008314
0.264846 0.226841 0.008314
0.326603 0.226841 0.010689
0.359857 0.226841 0.013064
0.375297 0.226841 0.008314
0.212589 0.228029 0.013064
0.239905 0.228029 0.008314
0.169834 0.229216 0.008314
0.181710 0.229216 0.005938
0.190024 0.229216 0.008314
0.203088 0.229216 0.008314
0.226841 0.229216 0.010689
0.137767 0.230404 0.007126
0.148456 0.230404 0.005938
0.157957 0.230404 0.007126
0.129454 0.231591 0.007126
0.119952 0.233967 0.007126
