0.942993 0.001188 0.027316
0.184086 0.022565 0.013064
0.247031 0.022565 0.019002
0.155582 0.023753 0.021378
0.806413 0.035629 0.008314
0.815914 0.035629 0.004751
0.825416 0.035629 0.005938
0.832542 0.035629 0.004751
0.844418 0.035629 0.008314
0.780285 0.036817 0.004751
0.790974 0.036817 0.008314
0.851544 0.036817 0.004751
0.862233 0.036817 0.007126
0.771971 0.038005 0.007126
0.872922 0.038005 0.007126
0.646081 0.039192 0.007126
0.654394 0.039192 0.004751
0.667458 0.039192 0.015439
0.747031 0.039192 0.007126
0.756532 0.039192 0.010689
0.566508 0.040380 0.004751
0.590261 0.040380 0.008314
0.599762 0.040380 0.005938
0.609264 0.040380 0.007126
0.675772 0.040380 0.007126
0.685273 0.040380 0.005938
0.706651 0.040380 0.005938
0.716152 0.040380 0.005938
0.507126 0.041568 0.007126
0.529691 0.041568 0.007126
0.542755 0.041568 0.007126
0.552257 0.041568 0.004751
0.577197 0.041568 0.008314
0.621140 0.041568 0.008314
0.633017 0.041568 0.007126
0.697150 0.041568 0.005938
0.736342 0.041568 0.007126
0.486936 0.042755 0.007126
0.497625 0.042755 0.005938
0.519002 0.042755 0.007126
0.725653 0.042755 0.007126
0.440618 0.043943 0.008314
0.453682 0.043943 0.005938
0.464371 0.043943 0.005938
0.475059 0.043943 0.007126
0.429929 0.045131 0.005938
0.361045 0.047506 0.007126
0.372922 0.047506 0.008314
0.397862 0.047506 0.008314
0.409739 0.047506 0.008314
0.419240 0.047506 0.008314
0.282660 0.048694 0.004751
0.351544 0.048694 0.007126
0.384798 0.048694 0.008314
0.244656 0.049881 0.004751
0.252969 0.049881 0.007126
0.266033 0.049881 0.005938
0.274347 0.049881 0.005938
0.295724 0.049881 0.005938
0.306413 0.049881 0.008314
0.328979 0.049881 0.008314
0.340855 0.049881 0.005938
0.855107 0.049881 0.008314
0.195962 0.051069 0.005938
0.204276 0.051069 0.004751
0.211401 0.051069 0.010689
0.225653 0.051069 0.007126
0.235154 0.051069 0.005938
0.321853 0.051069 0.008314
0.813539 0.051069 0.004751
0.819477 0.051069 0.010689
0.831354 0.051069 0.007126
0.843230 0.051069 0.008314
0.865796 0.051069 0.008314
0.872922 0.051069 0.004751
0.186461 0.052257 0.005938
0.795724 0.052257 0.007126
0.805226 0.052257 0.004751
0.168646 0.053444 0.005938
0.176960 0.053444 0.005938
0.642518 0.053444 0.004751
0.653207 0.053444 0.007126
0.782660 0.053444 0.008314
0.157957 0.054632 0.007126
0.666271 0.054632 0.008314
0.685273 0.054632 0.005938
0.761283 0.054632 0.004751
0.769596 0.054632 0.008314
0.150831 0.055819 0.004751
0.557007 0.055819 0.005938
0.566508 0.055819 0.008314
0.577197 0.055819 0.007126
0.675772 0.055819 0.007126
0.694774 0.055819 0.004751
0.743468 0.055819 0.005938
0.752969 0.055819 0.004751
0.142518 0.057007 0.005938
0.475059 0.057007 0.007126
0.523753 0.057007 0.008314
0.534442 0.057007 0.007126
0.546318 0.057007 0.007126
0.586698 0.057007 0.004751
0.593824 0.057007 0.004751
0.602138 0.057007 0.005938
0.612827 0.057007 0.005938
0.623515 0.057007 0.007126
0.634204 0.057007 0.007126
0.704276 0.057007 0.007126
0.714964 0.057007 0.004751
0.723278 0.057007 0.008314
0.736342 0.057007 0.008314
0.130641 0.058195 0.007126
0.466746 0.058195 0.008314
0.484561 0.058195 0.004751
0.500000 0.058195 0.005938
0.511876 0.058195 0.007126
0.490499 0.059382 0.009501
0.442993 0.060570 0.008314
0.454869 0.060570 0.008314
0.409739 0.062945 0.004751
0.429929 0.062945 0.008314
0.281473 0.064133 0.008314
0.293349 0.064133 0.008314
0.305226 0.064133 0.007126
0.318290 0.064133 0.007126
0.327791 0.064133 0.005938
0.351544 0.064133 0.005938
0.361045 0.064133 0.004751
0.381235 0.064133 0.004751
0.390736 0.064133 0.007126
0.400238 0.064133 0.005938
0.420428 0.064133 0.008314
0.870546 0.064133 0.004751
0.233967 0.065321 0.008314
0.249406 0.065321 0.008314
0.260095 0.065321 0.005938
0.268409 0.065321 0.008314
0.340855 0.065321 0.008314
0.371734 0.065321 0.007126
0.191211 0.066508 0.007126
0.201900 0.066508 0.005938
0.213777 0.066508 0.008314
0.224466 0.066508 0.005938
0.806413 0.066508 0.004751
0.834917 0.066508 0.004751
0.845606 0.066508 0.007126
0.858670 0.066508 0.008314
0.814727 0.067696 0.008314
0.826603 0.067696 0.008314
0.167458 0.068884 0.008314
0.180523 0.068884 0.007126
0.798100 0.068884 0.004751
0.155582 0.070071 0.008314
0.650831 0.070071 0.004751
0.671021 0.070071 0.004751
0.679335 0.070071 0.008314
0.688836 0.070071 0.008314
0.700713 0.070071 0.008314
0.755344 0.070071 0.007126
0.768409 0.070071 0.005938
0.148456 0.071259 0.004751
0.535629 0.071259 0.008314
0.572447 0.071259 0.007126
0.583135 0.071259 0.005938
0.602138 0.071259 0.008314
0.612827 0.071259 0.007126
0.624703 0.071259 0.008314
0.637767 0.071259 0.004751
0.661520 0.071259 0.007126
0.725653 0.071259 0.004751
0.745843 0.071259 0.004751
0.777910 0.071259 0.004751
0.787411 0.071259 0.007126
0.138955 0.072447 0.005938
0.527316 0.072447 0.005938
0.546318 0.072447 0.005938
0.558195 0.072447 0.008314
0.591449 0.072447 0.004751
0.714964 0.072447 0.008314
0.736342 0.072447 0.007126
0.129454 0.073634 0.008314
0.457245 0.073634 0.005938
0.492874 0.073634 0.005938
0.516627 0.073634 0.008314
0.311164 0.074822 0.007126
0.482185 0.074822 0.007126
0.408551 0.076010 0.007126
0.427553 0.076010 0.007126
0.447743 0.076010 0.008314
0.466746 0.076010 0.008314
0.396675 0.077197 0.007126
0.281473 0.078385 0.007126
0.323040 0.078385 0.008314
0.332542 0.078385 0.005938
0.340855 0.078385 0.004751
0.261283 0.079572 0.008314
0.273159 0.079572 0.004751
0.292162 0.079572 0.005938
0.349169 0.079572 0.004751
0.368171 0.079572 0.008314
0.376485 0.079572 0.004751
0.384798 0.079572 0.005938
0.874109 0.079572 0.008314
0.210214 0.080760 0.008314
0.242280 0.080760 0.004751
0.252969 0.080760 0.007126
0.357482 0.080760 0.008314
0.842043 0.080760 0.007126
0.864608 0.080760 0.010689
0.218527 0.081948 0.004751
0.225653 0.081948 0.004751
0.233967 0.081948 0.004751
0.851544 0.081948 0.004751
0.197150 0.083135 0.005938
0.805226 0.083135 0.004751
0.818290 0.083135 0.005938
0.830166 0.083135 0.008314
0.168646 0.084323 0.004751
0.175772 0.084323 0.005938
0.186461 0.084323 0.007126
0.750594 0.084323 0.005938
0.787411 0.084323 0.004751
0.796912 0.084323 0.005938
0.160333 0.085511 0.004751
0.642518 0.085511 0.004751
0.649644 0.085511 0.011876
0.659145 0.085511 0.004751
0.666271 0.085511 0.010689
0.729216 0.085511 0.009501
0.760095 0.085511 0.008314
0.769596 0.085511 0.005938
0.779097 0.085511 0.005938
0.148456 0.086698 0.007126
0.599762 0.086698 0.008314
0.610451 0.086698 0.007126
0.633017 0.086698 0.008314
0.716152 0.086698 0.007126
0.736342 0.086698 0.008314
0.138955 0.087886 0.007126
0.548694 0.087886 0.005938
0.558195 0.087886 0.007126
0.519002 0.089074 0.005938
0.529691 0.089074 0.005938
0.539192 0.089074 0.007126
0.578385 0.089074 0.011876
0.592637 0.089074 0.010689
0.128266 0.090261 0.008314
0.470309 0.090261 0.008314
0.480998 0.090261 0.007126
0.509501 0.090261 0.005938
0.623515 0.090261 0.008314
0.380048 0.091449 0.007126
0.412114 0.091449 0.005938
0.490499 0.091449 0.004751
0.393112 0.092637 0.005938
0.403800 0.092637 0.007126
0.425178 0.092637 0.008314
0.437055 0.092637 0.005938
0.345606 0.093824 0.007126
0.365796 0.093824 0.004751
0.445368 0.093824 0.008314
0.457245 0.093824 0.008314
0.500000 0.093824 0.007126
0.356295 0.095012 0.005938
0.219715 0.096200 0.007126
0.211401 0.097387 0.007126
0.230404 0.097387 0.005938
0.239905 0.097387 0.005938
0.817102 0.097387 0.008314
0.173397 0.098575 0.008314
0.200713 0.098575 0.007126
0.509501 0.098575 0.004751
0.519002 0.098575 0.007126
0.828979 0.098575 0.004751
0.839667 0.098575 0.008314
0.851544 0.098575 0.008314
0.161520 0.099762 0.005938
0.180523 0.099762 0.004751
0.188836 0.099762 0.008314
0.793349 0.099762 0.008314
0.805226 0.099762 0.008314
0.862233 0.099762 0.008314
0.872922 0.099762 0.008314
0.149644 0.100950 0.007126
0.725653 0.100950 0.010689
0.741093 0.100950 0.005938
0.752969 0.100950 0.008314
0.137767 0.102138 0.007126
0.649644 0.102138 0.007126
0.717340 0.102138 0.005938
0.764846 0.102138 0.005938
0.773159 0.102138 0.004751
0.782660 0.102138 0.007126
0.619952 0.103325 0.005938
0.375297 0.104513 0.004751
0.610451 0.104513 0.005938
0.628266 0.104513 0.008314
0.640143 0.104513 0.008314
0.577197 0.105701 0.011876
0.586698 0.105701 0.004751
0.597387 0.105701 0.008314
0.412114 0.106888 0.005938
0.362233 0.108076 0.004751
0.402613 0.108076 0.011876
0.548694 0.108076 0.009501
0.425178 0.109264 0.008314
0.466746 0.109264 0.008314
0.532067 0.109264 0.008314
0.562945 0.109264 0.008314
0.353919 0.110451 0.007126
0.383610 0.110451 0.008314
0.394299 0.110451 0.008314
0.437055 0.110451 0.007126
0.447743 0.110451 0.005938
0.479810 0.110451 0.004751
0.510689 0.110451 0.005938
0.520190 0.110451 0.005938
0.457245 0.111639 0.008314
0.488124 0.111639 0.008314
0.500000 0.111639 0.008314
0.228029 0.112827 0.007126
0.238717 0.112827 0.008314
0.847981 0.112827 0.005938
0.218527 0.114014 0.008314
0.833729 0.114014 0.008314
0.858670 0.114014 0.005938
0.865796 0.114014 0.005938
0.875297 0.114014 0.005938
0.205463 0.115202 0.007126
0.762470 0.115202 0.004751
0.775534 0.115202 0.005938
0.812352 0.115202 0.005938
0.821853 0.115202 0.008314
0.153207 0.116390 0.005938
0.173397 0.116390 0.007126
0.182898 0.116390 0.005938
0.194774 0.116390 0.007126
0.716152 0.116390 0.008314
0.743468 0.116390 0.011876
0.754157 0.116390 0.005938
0.785036 0.116390 0.005938
0.793349 0.116390 0.004751
0.801663 0.116390 0.008314
0.144893 0.117577 0.007126
0.162708 0.117577 0.005938
0.127078 0.118765 0.010689
0.637767 0.119952 0.008314
0.648456 0.119952 0.007126
0.656770 0.119952 0.005938
0.604513 0.121140 0.008314
0.617577 0.121140 0.007126
0.627078 0.121140 0.004751
0.593824 0.122328 0.005938
0.584323 0.124703 0.008314
0.412114 0.125891 0.007126
0.425178 0.125891 0.007126
0.435867 0.125891 0.007126
0.446556 0.125891 0.005938
0.456057 0.125891 0.007126
0.509501 0.125891 0.007126
0.519002 0.125891 0.008314
0.534442 0.125891 0.005938
0.549881 0.125891 0.009501
0.564133 0.125891 0.004751
0.572447 0.125891 0.007126
0.401425 0.127078 0.008314
0.467933 0.127078 0.005938
0.478622 0.127078 0.008314
0.489311 0.127078 0.005938
0.497625 0.127078 0.005938
0.369359 0.128266 0.008314
0.380048 0.128266 0.007126
0.390736 0.128266 0.007126
0.866983 0.128266 0.008314
0.243468 0.129454 0.004751
0.819477 0.129454 0.004751
0.856295 0.129454 0.008314
0.173397 0.130641 0.004751
0.193587 0.130641 0.007126
0.214964 0.130641 0.005938
0.225653 0.130641 0.007126
0.235154 0.130641 0.005938
0.258907 0.130641 0.005938
0.359857 0.130641 0.008314
0.787411 0.130641 0.008314
0.800475 0.130641 0.005938
0.808789 0.130641 0.007126
0.846793 0.130641 0.004751
0.130641 0.131829 0.007126
0.140143 0.131829 0.005938
0.148456 0.131829 0.004751
0.165083 0.131829 0.005938
0.181710 0.131829 0.008314
0.206651 0.131829 0.005938
0.780285 0.131829 0.004751
0.838480 0.131829 0.007126
0.749406 0.133017 0.004751
0.770784 0.133017 0.007126
0.731591 0.134204 0.008314
0.743468 0.134204 0.009501
0.758907 0.134204 0.007126
0.828979 0.134204 0.013064
0.656770 0.136580 0.004751
0.643705 0.137767 0.010689
0.602138 0.138955 0.008314
0.612827 0.138955 0.007126
0.623515 0.138955 0.008314
0.633017 0.138955 0.004751
0.578385 0.140143 0.007126
0.587886 0.140143 0.005938
0.596200 0.140143 0.004751
0.566508 0.141330 0.009501
0.277910 0.142518 0.004751
0.352732 0.142518 0.005938
0.472684 0.142518 0.007126
0.485748 0.142518 0.008314
0.497625 0.142518 0.007126
0.520190 0.142518 0.008314
0.539192 0.142518 0.005938
0.546318 0.142518 0.010689
0.271971 0.143705 0.009501
0.283848 0.143705 0.004751
0.460808 0.143705 0.008314
0.507126 0.143705 0.005938
0.529691 0.143705 0.008314
0.254157 0.144893 0.008314
0.334917 0.144893 0.005938
0.342043 0.144893 0.004751
0.451306 0.144893 0.013064
0.877672 0.144893 0.008314
0.140143 0.146081 0.010689
0.156770 0.146081 0.004751
0.194774 0.146081 0.007126
0.204276 0.146081 0.005938
0.372922 0.146081 0.007126
0.383610 0.146081 0.007126
0.391924 0.146081 0.005938
0.434679 0.146081 0.008314
0.856295 0.146081 0.007126
0.148456 0.147268 0.004751
0.166271 0.147268 0.005938
0.174584 0.147268 0.005938
0.184086 0.147268 0.005938
0.212589 0.147268 0.004751
0.222090 0.147268 0.007126
0.233967 0.147268 0.008314
0.243468 0.147268 0.007126
0.820665 0.147268 0.007126
0.847981 0.147268 0.005938
0.865796 0.147268 0.008314
0.125891 0.148456 0.008314
0.794537 0.148456 0.004751
0.838480 0.148456 0.005938
0.779097 0.149644 0.010689
0.786223 0.149644 0.011876
0.808789 0.149644 0.010689
0.828979 0.149644 0.005938
0.750594 0.150831 0.010689
0.743468 0.153207 0.014252
0.762470 0.153207 0.004751
0.646081 0.154394 0.004751
0.656770 0.154394 0.007126
0.667458 0.154394 0.008314
0.616390 0.155582 0.007126
0.627078 0.155582 0.004751
0.637767 0.155582 0.013064
0.676960 0.155582 0.007126
0.710214 0.155582 0.008314
0.578385 0.156770 0.008314
0.589074 0.156770 0.007126
0.604513 0.156770 0.009501
0.688836 0.156770 0.008314
0.700713 0.156770 0.008314
0.552257 0.157957 0.007126
0.565321 0.157957 0.008314
0.496437 0.159145 0.008314
0.510689 0.159145 0.007126
0.539192 0.159145 0.007126
0.874109 0.159145 0.005938
0.881235 0.159145 0.010689
0.477435 0.160333 0.007126
0.486936 0.160333 0.004751
0.519002 0.160333 0.008314
0.528504 0.160333 0.005938
0.862233 0.160333 0.007126
0.134204 0.161520 0.004751
0.192399 0.161520 0.005938
0.201900 0.161520 0.004751
0.210214 0.161520 0.007126
0.852732 0.161520 0.004751
0.124703 0.162708 0.005938
0.141330 0.162708 0.004751
0.148456 0.162708 0.004751
0.155582 0.162708 0.004751
0.165083 0.162708 0.005938
0.182898 0.162708 0.011876
0.220903 0.162708 0.005938
0.233967 0.162708 0.005938
0.258907 0.162708 0.008314
0.271971 0.162708 0.008314
0.377672 0.162708 0.011876
0.463183 0.162708 0.008314
0.832542 0.162708 0.008314
0.842043 0.162708 0.008314
0.175772 0.163895 0.004751
0.243468 0.163895 0.004751
0.250594 0.163895 0.004751
0.281473 0.163895 0.005938
0.290974 0.163895 0.008314
0.312352 0.163895 0.007126
0.324228 0.163895 0.007126
0.406176 0.163895 0.008314
0.415677 0.163895 0.008314
0.454869 0.163895 0.008314
0.820665 0.163895 0.008314
0.301663 0.165083 0.007126
0.349169 0.165083 0.007126
0.369359 0.165083 0.005938
0.426366 0.165083 0.008314
0.434679 0.165083 0.005938
0.444181 0.165083 0.007126
0.808789 0.165083 0.005938
0.337292 0.166271 0.007126
0.358670 0.166271 0.005938
0.785036 0.166271 0.005938
0.793349 0.166271 0.004751
0.800475 0.166271 0.004751
0.769596 0.167458 0.008314
0.760095 0.168646 0.004751
0.642518 0.171021 0.005938
0.652019 0.171021 0.013064
0.669834 0.171021 0.009501
0.694774 0.171021 0.007126
0.597387 0.172209 0.005938
0.678147 0.172209 0.004751
0.562945 0.173397 0.008314
0.605701 0.173397 0.005938
0.616390 0.173397 0.005938
0.625891 0.173397 0.004751
0.633017 0.173397 0.008314
0.546318 0.174584 0.008314
0.554632 0.174584 0.004751
0.576010 0.174584 0.010689
0.583135 0.174584 0.004751
0.507126 0.175772 0.007126
0.519002 0.175772 0.007126
0.530879 0.175772 0.008314
0.875297 0.175772 0.004751
0.882423 0.175772 0.004751
0.464371 0.176960 0.004751
0.866983 0.176960 0.005938
0.124703 0.178147 0.007126
0.144893 0.178147 0.007126
0.161520 0.178147 0.008314
0.457245 0.178147 0.004751
0.478622 0.178147 0.005938
0.486936 0.178147 0.005938
0.495249 0.178147 0.008314
0.847981 0.178147 0.005938
0.173397 0.179335 0.008314
0.186461 0.179335 0.007126
0.194774 0.179335 0.005938
0.205463 0.179335 0.005938
0.213777 0.179335 0.008314
0.224466 0.179335 0.008314
0.235154 0.179335 0.008314
0.440618 0.179335 0.004751
0.447743 0.179335 0.005938
0.858670 0.179335 0.004751
0.267221 0.180523 0.008314
0.279097 0.180523 0.008314
0.288599 0.180523 0.004751
0.298100 0.180523 0.008314
0.434679 0.180523 0.004751
0.830166 0.180523 0.005938
0.839667 0.180523 0.004751
0.255344 0.181710 0.007126
0.309976 0.181710 0.008314
0.327791 0.181710 0.008314
0.339667 0.181710 0.007126
0.350356 0.181710 0.005938
0.389549 0.181710 0.008314
0.416865 0.181710 0.004751
0.425178 0.181710 0.005938
0.820665 0.181710 0.008314
0.363420 0.182898 0.008314
0.397862 0.182898 0.004751
0.406176 0.182898 0.008314
0.785036 0.182898 0.007126
0.794537 0.182898 0.007126
0.377672 0.184086 0.008314
0.804038 0.184086 0.008314
0.668646 0.186461 0.008314
0.719715 0.186461 0.008314
0.751781 0.186461 0.008314
0.761283 0.186461 0.008314
0.617577 0.187648 0.005938
0.656770 0.187648 0.007126
0.691211 0.187648 0.009501
0.701900 0.187648 0.005938
0.627078 0.188836 0.013064
0.635392 0.188836 0.005938
0.644893 0.188836 0.008314
0.605701 0.190024 0.008314
0.123515 0.191211 0.009501
0.161520 0.191211 0.005938
0.593824 0.191211 0.007126
0.140143 0.192399 0.008314
0.152019 0.192399 0.005938
0.169834 0.192399 0.007126
0.181710 0.192399 0.007126
0.519002 0.192399 0.003563
0.566508 0.192399 0.007126
0.576010 0.192399 0.004751
0.585511 0.192399 0.005938
0.193587 0.193587 0.007126
0.204276 0.193587 0.005938
0.232779 0.193587 0.005938
0.528504 0.193587 0.011876
0.535629 0.193587 0.004751
0.543943 0.193587 0.005938
0.554632 0.193587 0.007126
0.212589 0.194774 0.008314
0.222090 0.194774 0.007126
0.241093 0.194774 0.008314
0.484561 0.194774 0.008314
0.494062 0.194774 0.005938
0.504751 0.194774 0.007126
0.254157 0.195962 0.008314
0.263658 0.195962 0.007126
0.463183 0.195962 0.005938
0.472684 0.195962 0.005938
0.276722 0.197150 0.007126
0.288599 0.197150 0.008314
0.313539 0.197150 0.008314
0.439430 0.197150 0.008314
0.451306 0.197150 0.007126
0.301663 0.198337 0.010689
0.374109 0.198337 0.008314
0.383610 0.198337 0.005938
0.393112 0.198337 0.007126
0.414489 0.198337 0.008314
0.426366 0.198337 0.008314
0.334917 0.199525 0.010689
0.357482 0.199525 0.004751
0.364608 0.199525 0.004751
0.404988 0.199525 0.005938
0.350356 0.200713 0.010689
