0.362233 0.000000 0.013064
0.377672 0.001188 0.011876
0.655582 0.007126 0.028504
0.849169 0.008314 0.023753
0.769596 0.009501 0.027316
0.755344 0.010689 0.020190
0.817102 0.011876 0.011876
0.880048 0.013064 0.013064
0.692399 0.015439 0.011876
0.214964 0.021378 0.021378
0.309976 0.021378 0.011876
0.374109 0.021378 0.013064
0.399050 0.021378 0.026128
0.438242 0.022565 0.015439
0.271971 0.023753 0.023753
0.333729 0.023753 0.020190
0.184086 0.024941 0.013064
0.247031 0.024941 0.020190
0.800475 0.041568 0.007126
0.812352 0.041568 0.008314
0.823040 0.041568 0.004751
0.833729 0.041568 0.008314
0.779097 0.042755 0.004751
0.789786 0.042755 0.007126
0.842043 0.042755 0.004751
0.857482 0.042755 0.007126
0.868171 0.042755 0.008314
0.655582 0.045131 0.008314
0.666271 0.045131 0.013064
0.732779 0.045131 0.008314
0.742280 0.045131 0.008314
0.756532 0.045131 0.008314
0.768409 0.045131 0.008314
0.674584 0.046318 0.004751
0.703088 0.046318 0.008314
0.713777 0.046318 0.008314
0.723278 0.046318 0.005938
0.586698 0.048694 0.007126
0.598575 0.048694 0.013064
0.629454 0.048694 0.007126
0.641330 0.048694 0.008314
0.549881 0.049881 0.004751
0.557007 0.049881 0.004751
0.577197 0.049881 0.005938
0.605701 0.049881 0.011876
0.618765 0.049881 0.008314
0.539192 0.051069 0.007126
0.565321 0.051069 0.011876
0.501188 0.052257 0.004751
0.509501 0.052257 0.007126
0.521378 0.052257 0.005938
0.528504 0.052257 0.013064
0.464371 0.053444 0.005938
0.477435 0.053444 0.008314
0.490499 0.053444 0.008314
0.376485 0.054632 0.007126
0.385986 0.054632 0.005938
0.396675 0.054632 0.008314
0.410926 0.054632 0.008314
0.421615 0.054632 0.007126
0.432304 0.054632 0.005938
0.440618 0.054632 0.005938
0.450119 0.054632 0.008314
0.269596 0.055819 0.008314
0.279097 0.055819 0.007126
0.333729 0.055819 0.008314
0.344418 0.055819 0.004751
0.352732 0.055819 0.005938
0.364608 0.055819 0.008314
0.217340 0.057007 0.005938
0.236342 0.057007 0.009501
0.249406 0.057007 0.008314
0.260095 0.057007 0.004751
0.289786 0.057007 0.008314
0.304038 0.057007 0.010689
0.321853 0.057007 0.007126
0.190024 0.058195 0.004751
0.198337 0.058195 0.005938
0.207838 0.058195 0.007126
0.229216 0.058195 0.009501
0.807601 0.058195 0.008314
0.819477 0.058195 0.008314
0.855107 0.058195 0.007126
0.169834 0.059382 0.008314
0.181710 0.059382 0.013064
0.795724 0.059382 0.008314
0.832542 0.059382 0.007126
0.844418 0.059382 0.008314
0.152019 0.060570 0.004751
0.781473 0.060570 0.008314
0.133017 0.061758 0.013064
0.142518 0.061758 0.007126
0.762470 0.061758 0.008314
0.754157 0.062945 0.008314
0.584323 0.064133 0.007126
0.662708 0.064133 0.007126
0.684086 0.064133 0.004751
0.703088 0.064133 0.005938
0.711401 0.064133 0.004751
0.720903 0.064133 0.005938
0.741093 0.064133 0.008314
0.610451 0.065321 0.008314
0.621140 0.065321 0.007126
0.630641 0.065321 0.007126
0.641330 0.065321 0.004751
0.653207 0.065321 0.004751
0.674584 0.065321 0.007126
0.694774 0.065321 0.007126
0.729216 0.065321 0.007126
0.543943 0.066508 0.005938
0.533254 0.067696 0.008314
0.554632 0.067696 0.007126
0.564133 0.067696 0.004751
0.510689 0.068884 0.013064
0.524941 0.068884 0.005938
0.464371 0.070071 0.007126
0.473872 0.070071 0.007126
0.502375 0.070071 0.005938
0.375297 0.071259 0.007126
0.394299 0.071259 0.013064
0.427553 0.071259 0.007126
0.450119 0.071259 0.010689
0.484561 0.071259 0.005938
0.492874 0.071259 0.005938
0.866983 0.071259 0.007126
0.243468 0.072447 0.007126
0.285036 0.072447 0.005938
0.309976 0.072447 0.008314
0.324228 0.072447 0.008314
0.332542 0.072447 0.007126
0.343230 0.072447 0.007126
0.353919 0.072447 0.008314
0.365796 0.072447 0.007126
0.387173 0.072447 0.013064
0.406176 0.072447 0.008314
0.419240 0.072447 0.008314
0.438242 0.072447 0.008314
0.847981 0.072447 0.005938
0.857482 0.072447 0.005938
0.222090 0.073634 0.007126
0.235154 0.073634 0.008314
0.255344 0.073634 0.005938
0.264846 0.073634 0.005938
0.275534 0.073634 0.008314
0.293349 0.073634 0.004751
0.828979 0.073634 0.008314
0.839667 0.073634 0.007126
0.191211 0.074822 0.005938
0.203088 0.074822 0.005938
0.211401 0.074822 0.005938
0.817102 0.074822 0.004751
0.157957 0.076010 0.007126
0.168646 0.076010 0.008314
0.180523 0.076010 0.007126
0.795724 0.076010 0.007126
0.807601 0.076010 0.005938
0.774347 0.077197 0.014252
0.783848 0.077197 0.007126
0.130641 0.078385 0.008314
0.141330 0.078385 0.004751
0.148456 0.078385 0.004751
0.754157 0.078385 0.005938
0.766033 0.078385 0.008314
0.676960 0.079572 0.008314
0.685273 0.079572 0.007126
0.695962 0.079572 0.005938
0.706651 0.079572 0.007126
0.716152 0.079572 0.005938
0.736342 0.079572 0.007126
0.744656 0.079572 0.005938
0.661520 0.080760 0.008314
0.725653 0.080760 0.005938
0.652019 0.081948 0.004751
0.642518 0.083135 0.008314
0.596200 0.084323 0.007126
0.608076 0.084323 0.007126
0.616390 0.084323 0.008314
0.629454 0.084323 0.008314
0.538005 0.085511 0.007126
0.547506 0.085511 0.005938
0.560570 0.085511 0.008314
0.570071 0.085511 0.008314
0.586698 0.085511 0.008314
0.511876 0.086698 0.004751
0.527316 0.086698 0.005938
0.375297 0.087886 0.007126
0.469121 0.087886 0.005938
0.480998 0.087886 0.007126
0.491686 0.087886 0.008314
0.502375 0.087886 0.005938
0.853919 0.087886 0.008314
0.863420 0.087886 0.005938
0.872922 0.087886 0.014252
0.214964 0.089074 0.008314
0.225653 0.089074 0.008314
0.237530 0.089074 0.005938
0.248219 0.089074 0.008314
0.256532 0.089074 0.008314
0.288599 0.089074 0.008314
0.309976 0.089074 0.007126
0.324228 0.089074 0.008314
0.336105 0.089074 0.005938
0.345606 0.089074 0.008314
0.362233 0.089074 0.008314
0.385986 0.089074 0.005938
0.395487 0.089074 0.007126
0.419240 0.089074 0.005938
0.428741 0.089074 0.007126
0.450119 0.089074 0.007126
0.460808 0.089074 0.007126
0.182898 0.090261 0.005938
0.192399 0.090261 0.007126
0.201900 0.090261 0.007126
0.269596 0.090261 0.005938
0.277910 0.090261 0.004751
0.300475 0.090261 0.008314
0.406176 0.090261 0.008314
0.439430 0.090261 0.007126
0.819477 0.090261 0.005938
0.842043 0.090261 0.009501
0.165083 0.091449 0.008314
0.143705 0.092637 0.005938
0.809976 0.092637 0.008314
0.827791 0.092637 0.010689
0.130641 0.093824 0.008314
0.154394 0.093824 0.008314
0.800475 0.093824 0.005938
0.731591 0.095012 0.007126
0.792162 0.095012 0.004751
0.771971 0.096200 0.005938
0.782660 0.096200 0.007126
0.722090 0.097387 0.008314
0.741093 0.097387 0.013064
0.749406 0.097387 0.004751
0.760095 0.097387 0.008314
0.713777 0.099762 0.011876
0.609264 0.100950 0.008314
0.635392 0.100950 0.008314
0.659145 0.100950 0.004751
0.599762 0.102138 0.008314
0.624703 0.102138 0.008314
0.533254 0.103325 0.005938
0.578385 0.103325 0.007126
0.590261 0.103325 0.007126
0.648456 0.103325 0.008314
0.276722 0.104513 0.008314
0.289786 0.104513 0.007126
0.546318 0.104513 0.008314
0.558195 0.104513 0.007126
0.566508 0.104513 0.007126
0.865796 0.104513 0.013064
0.222090 0.105701 0.008314
0.236342 0.105701 0.005938
0.245843 0.105701 0.013064
0.254157 0.105701 0.007126
0.266033 0.105701 0.008314
0.339667 0.105701 0.009501
0.489311 0.105701 0.013064
0.498812 0.105701 0.004751
0.507126 0.105701 0.011876
0.520190 0.105701 0.008314
0.185273 0.106888 0.008314
0.197150 0.106888 0.008314
0.211401 0.106888 0.008314
0.352732 0.106888 0.008314
0.365796 0.106888 0.010689
0.372922 0.106888 0.008314
0.383610 0.106888 0.005938
0.414489 0.106888 0.008314
0.428741 0.106888 0.008314
0.438242 0.106888 0.005938
0.450119 0.106888 0.007126
0.459620 0.106888 0.004751
0.467933 0.106888 0.011876
0.855107 0.106888 0.008314
0.173397 0.108076 0.005938
0.395487 0.108076 0.008314
0.404988 0.108076 0.005938
0.480998 0.108076 0.008314
0.845606 0.108076 0.005938
0.155582 0.109264 0.005938
0.163895 0.109264 0.008314
0.831354 0.109264 0.008314
0.821853 0.110451 0.007126
0.777910 0.111639 0.008314
0.811164 0.111639 0.008314
0.789786 0.112827 0.008314
0.799287 0.112827 0.008314
0.757720 0.114014 0.005938
0.767221 0.114014 0.007126
0.718527 0.116390 0.008314
0.730404 0.116390 0.008314
0.737530 0.116390 0.013064
0.633017 0.117577 0.007126
0.646081 0.117577 0.007126
0.623515 0.118765 0.008314
0.654394 0.118765 0.010689
0.577197 0.119952 0.008314
0.600950 0.119952 0.007126
0.615202 0.119952 0.011876
0.552257 0.121140 0.004751
0.559382 0.121140 0.004751
0.586698 0.121140 0.011876
0.283848 0.122328 0.011876
0.514252 0.122328 0.011876
0.527316 0.122328 0.004751
0.540380 0.122328 0.008314
0.159145 0.123515 0.010689
0.205463 0.123515 0.004751
0.213777 0.123515 0.005938
0.225653 0.123515 0.008314
0.248219 0.123515 0.004751
0.258907 0.123515 0.007126
0.268409 0.123515 0.013064
0.384798 0.123515 0.008314
0.505938 0.123515 0.010689
0.874109 0.123515 0.004751
0.167458 0.124703 0.004751
0.175772 0.124703 0.005938
0.185273 0.124703 0.008314
0.198337 0.124703 0.010689
0.239905 0.124703 0.011876
0.344418 0.124703 0.013064
0.363420 0.124703 0.005938
0.374109 0.124703 0.007126
0.410926 0.124703 0.007126
0.447743 0.124703 0.008314
0.459620 0.124703 0.004751
0.467933 0.124703 0.008314
0.495249 0.124703 0.008314
0.858670 0.124703 0.004751
0.865796 0.124703 0.004751
0.352732 0.125891 0.008314
0.397862 0.125891 0.008314
0.423990 0.125891 0.008314
0.434679 0.125891 0.008314
0.482185 0.125891 0.008314
0.831354 0.125891 0.004751
0.839667 0.125891 0.013064
0.849169 0.125891 0.007126
0.817102 0.127078 0.011876
0.825416 0.127078 0.004751
0.774347 0.128266 0.011876
0.807601 0.128266 0.007126
0.781473 0.129454 0.004751
0.789786 0.129454 0.004751
0.799287 0.129454 0.005938
0.761283 0.130641 0.005938
0.750594 0.131829 0.004751
0.741093 0.134204 0.008314
0.714964 0.135392 0.009501
0.728029 0.135392 0.008314
0.595012 0.137767 0.008314
0.606888 0.137767 0.004751
0.614014 0.137767 0.015439
0.633017 0.137767 0.004751
0.640143 0.137767 0.004751
0.657957 0.137767 0.013064
0.624703 0.138955 0.007126
0.649644 0.138955 0.013064
0.585511 0.140143 0.007126
0.271971 0.141330 0.008314
0.282660 0.141330 0.007126
0.561758 0.141330 0.013064
0.572447 0.141330 0.007126
0.877672 0.141330 0.004751
0.190024 0.142518 0.004751
0.249406 0.142518 0.008314
0.338480 0.142518 0.007126
0.351544 0.142518 0.008314
0.361045 0.142518 0.008314
0.370546 0.142518 0.005938
0.380048 0.142518 0.005938
0.390736 0.142518 0.007126
0.401425 0.142518 0.005938
0.504751 0.142518 0.005938
0.513064 0.142518 0.010689
0.527316 0.142518 0.007126
0.542755 0.142518 0.008314
0.553444 0.142518 0.007126
0.870546 0.142518 0.010689
0.173397 0.143705 0.005938
0.181710 0.143705 0.005938
0.239905 0.143705 0.008314
0.419240 0.143705 0.004751
0.439430 0.143705 0.007126
0.492874 0.143705 0.007126
0.856295 0.143705 0.009501
0.127078 0.144893 0.005938
0.163895 0.144893 0.004751
0.409739 0.144893 0.013064
0.428741 0.144893 0.007126
0.451306 0.144893 0.008314
0.458432 0.144893 0.010689
0.472684 0.144893 0.007126
0.482185 0.144893 0.004751
0.826603 0.146081 0.007126
0.836105 0.146081 0.004751
0.845606 0.146081 0.008314
0.805226 0.147268 0.008314
0.815914 0.147268 0.008314
0.779097 0.148456 0.013064
0.794537 0.149644 0.008314
0.770784 0.150831 0.005938
0.743468 0.152019 0.004751
0.762470 0.152019 0.004751
0.704276 0.153207 0.008314
0.714964 0.153207 0.007126
0.723278 0.153207 0.004751
0.733967 0.153207 0.007126
0.755344 0.153207 0.008314
0.674584 0.154394 0.004751
0.682898 0.154394 0.005938
0.691211 0.154394 0.008314
0.667458 0.155582 0.004751
0.288599 0.156770 0.005938
0.542755 0.156770 0.007126
0.553444 0.156770 0.007126
0.562945 0.156770 0.005938
0.643705 0.156770 0.009501
0.649644 0.156770 0.004751
0.657957 0.156770 0.005938
0.195962 0.157957 0.007126
0.507126 0.157957 0.008314
0.519002 0.157957 0.009501
0.532067 0.157957 0.004751
0.572447 0.157957 0.007126
0.618765 0.157957 0.010689
0.216152 0.159145 0.007126
0.243468 0.159145 0.010689
0.250594 0.159145 0.004751
0.260095 0.159145 0.005938
0.269596 0.159145 0.007126
0.280285 0.159145 0.007126
0.330166 0.159145 0.011876
0.488124 0.159145 0.005938
0.496437 0.159145 0.008314
0.597387 0.159145 0.008314
0.159145 0.160333 0.008314
0.179335 0.160333 0.008314
0.206651 0.160333 0.007126
0.229216 0.160333 0.007126
0.339667 0.160333 0.008314
0.347981 0.160333 0.005938
0.357482 0.160333 0.008314
0.370546 0.160333 0.007126
0.382423 0.160333 0.007126
0.425178 0.160333 0.007126
0.437055 0.160333 0.008314
0.446556 0.160333 0.008314
0.478622 0.160333 0.005938
0.866983 0.160333 0.008314
0.878860 0.160333 0.009501
0.884798 0.160333 0.009501
0.125891 0.161520 0.009501
0.149644 0.161520 0.005938
0.168646 0.161520 0.007126
0.394299 0.161520 0.007126
0.402613 0.161520 0.004751
0.458432 0.161520 0.007126
0.470309 0.161520 0.007126
0.857482 0.161520 0.008314
0.138955 0.162708 0.005938
0.413302 0.162708 0.007126
0.824228 0.163895 0.008314
0.838480 0.163895 0.010689
0.812352 0.165083 0.005938
0.771971 0.166271 0.007126
0.782660 0.166271 0.004751
0.802850 0.166271 0.005938
0.752969 0.167458 0.004751
0.761283 0.167458 0.008314
0.790974 0.167458 0.010689
0.725653 0.168646 0.008314
0.732779 0.168646 0.004751
0.742280 0.168646 0.008314
0.713777 0.169834 0.005938
0.682898 0.171021 0.008314
0.690024 0.171021 0.004751
0.698337 0.171021 0.004751
0.706651 0.171021 0.004751
0.643705 0.172209 0.008314
0.654394 0.172209 0.007126
0.672209 0.172209 0.004751
0.385986 0.173397 0.009501
0.589074 0.173397 0.008314
0.604513 0.173397 0.008314
0.615202 0.173397 0.007126
0.623515 0.173397 0.004751
0.633017 0.173397 0.008314
0.662708 0.173397 0.007126
0.561758 0.174584 0.010689
0.568884 0.174584 0.008314
0.579572 0.174584 0.005938
0.882423 0.174584 0.013064
0.232779 0.175772 0.004751
0.318290 0.175772 0.005938
0.327791 0.175772 0.008314
0.451306 0.175772 0.007126
0.522565 0.175772 0.004751
0.532067 0.175772 0.011876
0.548694 0.175772 0.008314
0.865796 0.175772 0.008314
0.875297 0.175772 0.013064
0.195962 0.176960 0.008314
0.212589 0.176960 0.010689
0.223278 0.176960 0.007126
0.248219 0.176960 0.005938
0.256532 0.176960 0.010689
0.306413 0.176960 0.008314
0.337292 0.176960 0.005938
0.357482 0.176960 0.008314
0.370546 0.176960 0.007126
0.394299 0.176960 0.005938
0.412114 0.176960 0.007126
0.423990 0.176960 0.008314
0.439430 0.176960 0.008314
0.461995 0.176960 0.005938
0.471496 0.176960 0.007126
0.482185 0.176960 0.007126
0.492874 0.176960 0.005938
0.501188 0.176960 0.005938
0.511876 0.176960 0.008314
0.135392 0.178147 0.008314
0.161520 0.178147 0.008314
0.173397 0.178147 0.008314
0.185273 0.178147 0.008314
0.270784 0.178147 0.005938
0.279097 0.178147 0.008314
0.294537 0.178147 0.007126
0.344418 0.178147 0.004751
0.401425 0.178147 0.008314
0.125891 0.179335 0.007126
0.827791 0.179335 0.008314
0.840855 0.179335 0.004751
0.847981 0.179335 0.009501
0.776722 0.181710 0.010689
0.790974 0.181710 0.005938
0.800475 0.181710 0.011876
0.815914 0.181710 0.007126
0.725653 0.184086 0.005938
0.736342 0.184086 0.008314
0.747031 0.184086 0.004751
0.757720 0.184086 0.007126
0.767221 0.184086 0.007126
0.713777 0.185273 0.007126
0.684086 0.186461 0.007126
0.693587 0.186461 0.005938
0.703088 0.186461 0.007126
0.649644 0.187648 0.007126
0.659145 0.187648 0.004751
0.665083 0.187648 0.004751
0.672209 0.187648 0.009501
0.606888 0.188836 0.008314
0.619952 0.188836 0.008314
0.630641 0.188836 0.005938
0.638955 0.188836 0.008314
0.534442 0.190024 0.007126
0.546318 0.190024 0.008314
0.559382 0.190024 0.008314
0.571259 0.190024 0.005938
0.595012 0.190024 0.010689
0.579572 0.191211 0.011876
0.349169 0.192399 0.008314
0.387173 0.192399 0.007126
0.456057 0.192399 0.008314
0.480998 0.192399 0.005938
0.491686 0.192399 0.007126
0.502375 0.192399 0.008314
0.516627 0.192399 0.009501
0.179335 0.193587 0.007126
0.190024 0.193587 0.008314
0.211401 0.193587 0.008314
0.219715 0.193587 0.004751
0.264846 0.193587 0.007126
0.274347 0.193587 0.007126
0.321853 0.193587 0.005938
0.338480 0.193587 0.007126
0.361045 0.193587 0.007126
0.372922 0.193587 0.013064
0.399050 0.193587 0.007126
0.409739 0.193587 0.010689
0.429929 0.193587 0.009501
0.444181 0.193587 0.008314
0.471496 0.193587 0.008314
0.135392 0.194774 0.007126
0.162708 0.194774 0.009501
0.198337 0.194774 0.013064
0.238717 0.194774 0.007126
0.248219 0.194774 0.013064
0.283848 0.194774 0.004751
0.290974 0.194774 0.004751
0.300475 0.194774 0.008314
0.311164 0.194774 0.007126
0.328979 0.194774 0.013064
0.125891 0.195962 0.005938
0.150831 0.195962 0.007126
0.228029 0.195962 0.014252
