0.866983 0.066508 0.008314
0.750594 0.067696 0.005938
0.777910 0.067696 0.005938
0.809976 0.067696 0.007126
0.820665 0.067696 0.005938
0.837292 0.067696 0.004751
0.845606 0.067696 0.011876
0.728029 0.068884 0.008314
0.739905 0.068884 0.008314
0.760095 0.068884 0.007126
0.769596 0.068884 0.013064
0.787411 0.068884 0.008314
0.798100 0.068884 0.008314
0.828979 0.068884 0.005938
0.856295 0.068884 0.007126
0.615202 0.070071 0.008314
0.636580 0.070071 0.008314
0.718527 0.070071 0.008314
0.600950 0.071259 0.013064
0.625891 0.071259 0.005938
0.671021 0.071259 0.008314
0.682898 0.071259 0.008314
0.693587 0.071259 0.005938
0.704276 0.071259 0.008314
0.559382 0.072447 0.008314
0.592637 0.072447 0.007126
0.648456 0.072447 0.005938
0.660333 0.072447 0.008314
0.508314 0.073634 0.008314
0.519002 0.073634 0.004751
0.526128 0.073634 0.011876
0.541568 0.073634 0.008314
0.552257 0.073634 0.004751
0.570071 0.073634 0.007126
0.580760 0.073634 0.007126
0.442993 0.074822 0.010689
0.466746 0.074822 0.008314
0.477435 0.074822 0.005938
0.488124 0.074822 0.008314
0.500000 0.074822 0.008314
0.454869 0.076010 0.007126
0.370546 0.077197 0.008314
0.390736 0.077197 0.005938
0.427553 0.077197 0.007126
0.357482 0.078385 0.005938
0.419240 0.078385 0.004751
0.294537 0.079572 0.007126
0.381235 0.079572 0.008314
0.305226 0.080760 0.008314
0.319477 0.080760 0.007126
0.328979 0.080760 0.004751
0.338480 0.080760 0.007126
0.347981 0.080760 0.007126
0.404988 0.080760 0.009501
0.271971 0.081948 0.008314
0.285036 0.081948 0.008314
0.876485 0.081948 0.004751
0.805226 0.083135 0.008314
0.817102 0.083135 0.007126
0.827791 0.083135 0.005938
0.837292 0.083135 0.007126
0.846793 0.083135 0.005938
0.856295 0.083135 0.005938
0.254157 0.084323 0.005938
0.263658 0.084323 0.005938
0.777910 0.084323 0.007126
0.789786 0.084323 0.008314
0.798100 0.084323 0.004751
0.233967 0.085511 0.004751
0.243468 0.085511 0.007126
0.675772 0.085511 0.005938
0.685273 0.085511 0.007126
0.743468 0.085511 0.007126
0.769596 0.085511 0.007126
0.197150 0.086698 0.008314
0.207838 0.086698 0.011876
0.216152 0.086698 0.004751
0.224466 0.086698 0.005938
0.624703 0.086698 0.007126
0.634204 0.086698 0.007126
0.646081 0.086698 0.005938
0.694774 0.086698 0.004751
0.716152 0.086698 0.008314
0.723278 0.086698 0.004751
0.732779 0.086698 0.008314
0.557007 0.087886 0.007126
0.586698 0.087886 0.005938
0.600950 0.087886 0.008314
0.614014 0.087886 0.008314
0.654394 0.087886 0.005938
0.665083 0.087886 0.007126
0.152019 0.089074 0.004751
0.160333 0.089074 0.005938
0.167458 0.089074 0.004751
0.176960 0.089074 0.008314
0.513064 0.089074 0.008314
0.547506 0.089074 0.008314
0.567696 0.089074 0.004751
0.576010 0.089074 0.005938
0.143705 0.090261 0.004751
0.477435 0.090261 0.004751
0.489311 0.090261 0.008314
0.521378 0.090261 0.010689
0.535629 0.090261 0.008314
0.131829 0.091449 0.008314
0.453682 0.091449 0.008314
0.466746 0.091449 0.007126
0.122328 0.092637 0.005938
0.361045 0.092637 0.007126
0.418052 0.092637 0.007126
0.427553 0.092637 0.004751
0.384798 0.093824 0.004751
0.394299 0.093824 0.008314
0.407363 0.093824 0.007126
0.437055 0.093824 0.008314
0.349169 0.095012 0.005938
0.372922 0.095012 0.008314
0.788599 0.095012 0.004751
0.881235 0.095012 0.007126
0.339667 0.096200 0.005938
0.846793 0.096200 0.008314
0.869359 0.096200 0.004751
0.315914 0.097387 0.007126
0.326603 0.097387 0.008314
0.862233 0.097387 0.010689
0.274347 0.098575 0.007126
0.283848 0.098575 0.005938
0.292162 0.098575 0.005938
0.304038 0.098575 0.008314
0.780285 0.098575 0.005938
0.795724 0.098575 0.007126
0.806413 0.098575 0.007126
0.814727 0.098575 0.005938
0.824228 0.098575 0.007126
0.834917 0.098575 0.005938
0.241093 0.099762 0.008314
0.263658 0.099762 0.007126
0.662708 0.099762 0.004751
0.769596 0.099762 0.005938
0.229216 0.100950 0.007126
0.252969 0.100950 0.007126
0.606888 0.100950 0.008314
0.623515 0.100950 0.007126
0.644893 0.100950 0.005938
0.654394 0.100950 0.004751
0.669834 0.100950 0.004751
0.198337 0.102138 0.008314
0.211401 0.102138 0.005938
0.219715 0.102138 0.004751
0.585511 0.102138 0.007126
0.595012 0.102138 0.007126
0.615202 0.102138 0.005938
0.635392 0.102138 0.005938
0.185273 0.103325 0.007126
0.513064 0.103325 0.007126
0.532067 0.103325 0.008314
0.543943 0.103325 0.007126
0.555819 0.103325 0.005938
0.565321 0.103325 0.005938
0.574822 0.103325 0.007126
0.166271 0.104513 0.005938
0.501188 0.104513 0.008314
0.524941 0.104513 0.008314
0.130641 0.105701 0.004751
0.144893 0.105701 0.004751
0.156770 0.105701 0.008314
0.175772 0.105701 0.005938
0.454869 0.105701 0.008314
0.476247 0.105701 0.007126
0.465558 0.106888 0.005938
0.486936 0.106888 0.005938
0.428741 0.108076 0.008314
0.441805 0.108076 0.008314
0.121140 0.109264 0.008314
0.410926 0.109264 0.005938
0.419240 0.109264 0.004751
0.368171 0.110451 0.008314
0.380048 0.110451 0.007126
0.882423 0.110451 0.008314
0.324228 0.111639 0.005938
0.391924 0.111639 0.004751
0.399050 0.111639 0.005938
0.263658 0.112827 0.004751
0.293349 0.112827 0.007126
0.304038 0.112827 0.007126
0.332542 0.112827 0.004751
0.340855 0.112827 0.007126
0.864608 0.112827 0.007126
0.872922 0.112827 0.005938
0.254157 0.114014 0.005938
0.274347 0.114014 0.007126
0.282660 0.114014 0.007126
0.314727 0.114014 0.007126
0.353919 0.114014 0.007126
0.795724 0.114014 0.007126
0.809976 0.114014 0.008314
0.820665 0.114014 0.007126
0.830166 0.114014 0.005938
0.840855 0.114014 0.008314
0.853919 0.114014 0.008314
0.243468 0.115202 0.007126
0.213777 0.116390 0.005938
0.223278 0.116390 0.008314
0.200713 0.117577 0.008314
0.190024 0.118765 0.008314
0.495249 0.118765 0.009501
0.508314 0.118765 0.007126
0.519002 0.118765 0.004751
0.567696 0.118765 0.007126
0.578385 0.118765 0.004751
0.527316 0.119952 0.005938
0.547506 0.119952 0.008314
0.557007 0.119952 0.008314
0.157957 0.121140 0.004751
0.171021 0.121140 0.008314
0.181710 0.121140 0.005938
0.466746 0.121140 0.007126
0.479810 0.121140 0.008314
0.488124 0.121140 0.013064
0.536817 0.121140 0.007126
0.148456 0.122328 0.008314
0.416865 0.122328 0.008314
0.435867 0.122328 0.004751
0.138955 0.123515 0.005938
0.389549 0.123515 0.007126
0.401425 0.123515 0.008314
0.425178 0.123515 0.007126
0.450119 0.123515 0.011876
0.129454 0.124703 0.004751
0.121140 0.125891 0.007126
0.357482 0.125891 0.008314
0.365796 0.125891 0.007126
0.377672 0.125891 0.008314
0.883610 0.125891 0.008314
0.334917 0.127078 0.007126
0.344418 0.127078 0.005938
0.875297 0.127078 0.005938
0.831354 0.128266 0.007126
0.843230 0.128266 0.007126
0.852732 0.128266 0.004751
0.859857 0.128266 0.004751
0.866983 0.128266 0.004751
0.814727 0.129454 0.008314
0.254157 0.130641 0.007126
0.266033 0.130641 0.008314
0.792162 0.130641 0.007126
0.804038 0.130641 0.007126
0.821853 0.130641 0.005938
0.241093 0.131829 0.008314
0.750594 0.131829 0.005938
0.769596 0.131829 0.004751
0.777910 0.131829 0.011876
0.735154 0.133017 0.008314
0.760095 0.133017 0.007126
0.644893 0.134204 0.007126
0.655582 0.134204 0.008314
0.191211 0.135392 0.007126
0.547506 0.135392 0.007126
0.612827 0.135392 0.008314
0.636580 0.135392 0.004751
0.713777 0.135392 0.005938
0.166271 0.136580 0.010689
0.179335 0.136580 0.008314
0.201900 0.136580 0.008314
0.580760 0.136580 0.007126
0.723278 0.136580 0.007126
0.152019 0.137767 0.004751
0.159145 0.137767 0.004751
0.476247 0.137767 0.008314
0.488124 0.137767 0.004751
0.497625 0.137767 0.007126
0.509501 0.137767 0.008314
0.522565 0.137767 0.004751
0.570071 0.137767 0.007126
0.129454 0.138955 0.008314
0.142518 0.138955 0.007126
0.465558 0.138955 0.008314
0.435867 0.140143 0.007126
0.454869 0.140143 0.008314
0.836105 0.140143 0.004751
0.118765 0.141330 0.005938
0.445368 0.141330 0.008314
0.871734 0.141330 0.004751
0.880048 0.141330 0.004751
0.361045 0.142518 0.005938
0.370546 0.142518 0.008314
0.381235 0.142518 0.005938
0.826603 0.142518 0.008314
0.843230 0.142518 0.008314
0.853919 0.142518 0.007126
0.863420 0.142518 0.004751
0.336105 0.143705 0.011876
0.344418 0.143705 0.004751
0.351544 0.143705 0.004751
0.818290 0.143705 0.005938
0.811164 0.144893 0.005938
0.274347 0.146081 0.008314
0.717340 0.146081 0.013064
0.743468 0.146081 0.004751
0.760095 0.146081 0.007126
0.782660 0.146081 0.005938
0.790974 0.146081 0.005938
0.801663 0.146081 0.007126
0.248219 0.147268 0.010689
0.263658 0.147268 0.008314
0.774347 0.147268 0.005938
0.751781 0.148456 0.007126
0.225653 0.149644 0.007126
0.725653 0.149644 0.007126
0.604513 0.150831 0.008314
0.733967 0.150831 0.008314
0.216152 0.152019 0.008314
0.561758 0.152019 0.008314
0.592637 0.152019 0.007126
0.616390 0.152019 0.007126
0.629454 0.152019 0.008314
0.640143 0.152019 0.005938
0.649644 0.152019 0.007126
0.534442 0.153207 0.007126
0.572447 0.153207 0.007126
0.583135 0.153207 0.004751
0.166271 0.154394 0.008314
0.181710 0.154394 0.008314
0.191211 0.154394 0.005938
0.201900 0.154394 0.008314
0.483373 0.154394 0.008314
0.508314 0.154394 0.007126
0.520190 0.154394 0.009501
0.542755 0.154394 0.013064
0.141330 0.155582 0.004751
0.149644 0.155582 0.011876
0.471496 0.155582 0.007126
0.495249 0.155582 0.008314
0.119952 0.156770 0.007126
0.133017 0.156770 0.011876
0.459620 0.156770 0.008314
0.883610 0.156770 0.008314
0.439430 0.157957 0.008314
0.450119 0.157957 0.007126
0.865796 0.157957 0.005938
0.874109 0.157957 0.008314
0.412114 0.159145 0.009501
0.427553 0.159145 0.008314
0.844418 0.159145 0.004751
0.851544 0.159145 0.004751
0.377672 0.160333 0.008314
0.401425 0.160333 0.005938
0.771971 0.160333 0.005938
0.834917 0.160333 0.008314
0.337292 0.161520 0.007126
0.346793 0.161520 0.007126
0.357482 0.161520 0.007126
0.389549 0.161520 0.007126
0.781473 0.161520 0.005938
0.792162 0.161520 0.010689
0.824228 0.161520 0.005938
0.716152 0.162708 0.007126
0.738717 0.162708 0.005938
0.747031 0.162708 0.005938
0.756532 0.162708 0.005938
0.763658 0.162708 0.011876
0.812352 0.162708 0.010689
0.624703 0.163895 0.004751
0.269596 0.165083 0.005938
0.279097 0.165083 0.013064
0.633017 0.165083 0.005938
0.728029 0.165083 0.007126
0.260095 0.166271 0.005938
0.641330 0.166271 0.004751
0.649644 0.166271 0.005938
0.659145 0.166271 0.005938
0.667458 0.166271 0.013064
0.251781 0.167458 0.005938
0.606888 0.167458 0.005938
0.618765 0.167458 0.008314
0.201900 0.168646 0.005938
0.233967 0.168646 0.011876
0.242280 0.168646 0.004751
0.532067 0.168646 0.005938
0.566508 0.168646 0.004751
0.584323 0.168646 0.005938
0.597387 0.168646 0.008314
0.156770 0.169834 0.005938
0.166271 0.169834 0.004751
0.175772 0.169834 0.007126
0.187648 0.169834 0.009501
0.540380 0.169834 0.004751
0.548694 0.169834 0.004751
0.557007 0.169834 0.005938
0.573634 0.169834 0.010689
0.218527 0.171021 0.009501
0.516627 0.171021 0.005938
0.507126 0.172209 0.007126
0.118765 0.173397 0.008314
0.478622 0.173397 0.008314
0.488124 0.173397 0.007126
0.497625 0.173397 0.004751
0.466746 0.174584 0.008314
0.403800 0.175772 0.004751
0.410926 0.175772 0.010689
0.425178 0.175772 0.005938
0.435867 0.175772 0.005938
0.445368 0.175772 0.004751
0.454869 0.175772 0.005938
0.390736 0.178147 0.010689
0.381235 0.179335 0.007126
0.359857 0.180523 0.008314
0.371734 0.180523 0.007126
0.331354 0.181710 0.005938
0.346793 0.182898 0.008314
0.619952 0.182898 0.007126
0.256532 0.184086 0.008314
0.268409 0.184086 0.005938
0.280285 0.184086 0.008314
0.609264 0.184086 0.008314
0.633017 0.184086 0.008314
0.167458 0.185273 0.004751
0.191211 0.185273 0.008314
0.207838 0.185273 0.007126
0.233967 0.185273 0.009501
0.248219 0.185273 0.005938
0.596200 0.185273 0.005938
0.178147 0.186461 0.008314
0.219715 0.186461 0.005938
0.574822 0.186461 0.005938
0.584323 0.186461 0.008314
0.501188 0.187648 0.007126
0.511876 0.187648 0.004751
0.519002 0.187648 0.004751
0.535629 0.187648 0.005938
0.553444 0.187648 0.008314
0.565321 0.187648 0.007126
0.117577 0.188836 0.009501
0.452494 0.190024 0.007126
0.461995 0.190024 0.008314
0.477435 0.190024 0.008314
0.486936 0.190024 0.008314
0.419240 0.192399 0.011876
0.427553 0.192399 0.004751
0.407363 0.193587 0.007126
0.396675 0.194774 0.007126
0.371734 0.195962 0.007126
0.381235 0.195962 0.008314
0.358670 0.197150 0.008314
0.282660 0.198337 0.005938
0.290974 0.198337 0.008314
0.319477 0.198337 0.008314
0.332542 0.198337 0.008314
0.345606 0.198337 0.009501
0.258907 0.199525 0.007126
0.270784 0.199525 0.008314
0.235154 0.201900 0.007126
0.245843 0.201900 0.008314
0.190024 0.203088 0.005938
0.199525 0.203088 0.004751
0.568884 0.203088 0.010689
0.179335 0.204276 0.005938
0.224466 0.204276 0.007126
0.581948 0.204276 0.005938
0.591449 0.204276 0.008314
0.169834 0.205463 0.007126
0.484561 0.205463 0.008314
0.497625 0.205463 0.009501
0.535629 0.205463 0.008314
0.548694 0.205463 0.004751
0.149644 0.206651 0.007126
0.159145 0.206651 0.005938
0.459620 0.206651 0.009501
0.510689 0.206651 0.010689
0.521378 0.206651 0.008314
0.118765 0.207838 0.007126
0.129454 0.207838 0.005938
0.138955 0.207838 0.004751
0.393112 0.209026 0.008314
0.406176 0.209026 0.008314
0.422803 0.209026 0.007126
0.383610 0.210214 0.007126
0.271971 0.212589 0.007126
0.287411 0.212589 0.008314
0.363420 0.212589 0.007126
0.371734 0.212589 0.007126
0.254157 0.213777 0.004751
0.262470 0.213777 0.005938
0.296912 0.213777 0.008314
0.305226 0.213777 0.007126
0.333729 0.213777 0.007126
0.344418 0.213777 0.005938
0.352732 0.213777 0.007126
0.245843 0.214964 0.005938
0.317102 0.214964 0.008314
0.211401 0.216152 0.007126
0.223278 0.216152 0.005938
0.230404 0.216152 0.004751
0.197150 0.217340 0.007126
0.179335 0.218527 0.005938
0.188836 0.218527 0.005938
0.824228 0.218527 0.008314
0.832542 0.218527 0.009501
0.844418 0.218527 0.004751
0.140143 0.219715 0.008314
0.153207 0.219715 0.007126
0.162708 0.219715 0.008314
0.169834 0.219715 0.005938
0.811164 0.219715 0.007126
0.851544 0.219715 0.011876
0.866983 0.219715 0.013064
0.129454 0.220903 0.005938
0.767221 0.220903 0.004751
0.781473 0.220903 0.008314
0.794537 0.220903 0.013064
0.801663 0.220903 0.005938
0.117577 0.222090 0.007126
0.561758 0.222090 0.010689
0.578385 0.222090 0.008314
0.589074 0.222090 0.008314
0.602138 0.223278 0.008314
0.735154 0.223278 0.011876
0.750594 0.223278 0.007126
0.760095 0.223278 0.005938
0.614014 0.224466 0.007126
0.624703 0.224466 0.008314
0.635392 0.224466 0.007126
0.646081 0.224466 0.008314
0.678147 0.224466 0.004751
0.717340 0.224466 0.008314
0.404988 0.225653 0.005938
0.439430 0.225653 0.007126
0.450119 0.225653 0.015439
0.657957 0.225653 0.005938
0.671021 0.225653 0.010689
0.687648 0.225653 0.011876
0.701900 0.225653 0.008314
0.394299 0.226841 0.008314
0.427553 0.226841 0.008314
0.305226 0.228029 0.008314
0.353919 0.228029 0.007126
0.331354 0.229216 0.007126
0.342043 0.229216 0.008314
0.363420 0.229216 0.013064
0.378860 0.229216 0.005938
0.236342 0.230404 0.008314
0.249406 0.230404 0.007126
0.269596 0.230404 0.005938
0.280285 0.230404 0.008314
0.292162 0.230404 0.008314
0.319477 0.230404 0.008314
0.210214 0.231591 0.008314
0.258907 0.231591 0.008314
0.174584 0.232779 0.007126
0.185273 0.232779 0.005938
0.193587 0.232779 0.010689
0.220903 0.232779 0.008314
0.162708 0.233967 0.007126
0.137767 0.235154 0.008314
0.147268 0.235154 0.007126
0.128266 0.236342 0.015439
0.116390 0.237530 0.008314
