0.378860 0.000000 0.013064
0.602138 0.001188 0.004751
0.655582 0.004751 0.032067
0.851544 0.007126 0.020190
0.598575 0.008314 0.023753
0.764846 0.009501 0.024941
0.630641 0.011876 0.020190
0.817102 0.011876 0.013064
0.880048 0.011876 0.013064
0.590261 0.014252 0.028504
0.692399 0.014252 0.013064
0.372922 0.020190 0.013064
0.309976 0.021378 0.013064
0.155582 0.022565 0.022565
0.248219 0.022565 0.020190
0.332542 0.022565 0.027316
0.184086 0.023753 0.013064
0.217340 0.023753 0.020190
0.258907 0.024941 0.024941
0.811164 0.040380 0.008314
0.824228 0.040380 0.011876
0.832542 0.040380 0.004751
0.843230 0.040380 0.007126
0.853919 0.040380 0.008314
0.866983 0.040380 0.010689
0.872922 0.040380 0.004751
0.880048 0.040380 0.010689
0.752969 0.041568 0.004751
0.793349 0.041568 0.008314
0.801663 0.041568 0.004751
0.720903 0.042755 0.008314
0.729216 0.042755 0.005938
0.737530 0.042755 0.011876
0.745843 0.042755 0.004751
0.762470 0.042755 0.005938
0.773159 0.042755 0.008314
0.781473 0.042755 0.007126
0.710214 0.043943 0.004751
0.680523 0.045131 0.004751
0.687648 0.045131 0.010689
0.699525 0.045131 0.007126
0.614014 0.046318 0.013064
0.672209 0.046318 0.005938
0.622328 0.047506 0.004751
0.646081 0.047506 0.011876
0.654394 0.047506 0.004751
0.663895 0.047506 0.007126
0.592637 0.049881 0.005938
0.600950 0.049881 0.007126
0.634204 0.049881 0.008314
0.561758 0.051069 0.005938
0.571259 0.051069 0.005938
0.581948 0.051069 0.005938
0.501188 0.052257 0.008314
0.510689 0.052257 0.007126
0.521378 0.052257 0.007126
0.532067 0.052257 0.005938
0.542755 0.052257 0.007126
0.553444 0.052257 0.007126
0.476247 0.053444 0.011876
0.490499 0.053444 0.007126
0.280285 0.054632 0.008314
0.289786 0.054632 0.005938
0.299287 0.054632 0.004751
0.306413 0.054632 0.010689
0.323040 0.054632 0.007126
0.333729 0.054632 0.007126
0.395487 0.054632 0.004751
0.403800 0.054632 0.008314
0.415677 0.054632 0.008314
0.427553 0.054632 0.007126
0.437055 0.054632 0.005938
0.446556 0.054632 0.008314
0.458432 0.054632 0.007126
0.467933 0.054632 0.005938
0.261283 0.055819 0.005938
0.270784 0.055819 0.005938
0.342043 0.055819 0.008314
0.376485 0.055819 0.008314
0.385986 0.055819 0.007126
0.838480 0.055819 0.005938
0.204276 0.057007 0.008314
0.217340 0.057007 0.004751
0.228029 0.057007 0.007126
0.239905 0.057007 0.008314
0.250594 0.057007 0.008314
0.355107 0.057007 0.007126
0.365796 0.057007 0.007126
0.782660 0.057007 0.010689
0.790974 0.057007 0.004751
0.819477 0.057007 0.007126
0.827791 0.057007 0.007126
0.847981 0.057007 0.007126
0.859857 0.057007 0.005938
0.866983 0.057007 0.008314
0.135392 0.058195 0.005938
0.144893 0.058195 0.005938
0.154394 0.058195 0.007126
0.165083 0.058195 0.005938
0.174584 0.058195 0.004751
0.182898 0.058195 0.005938
0.191211 0.058195 0.007126
0.808789 0.058195 0.007126
0.757720 0.059382 0.007126
0.767221 0.059382 0.004751
0.720903 0.060570 0.007126
0.731591 0.060570 0.008314
0.747031 0.060570 0.008314
0.679335 0.061758 0.004751
0.685273 0.061758 0.010689
0.711401 0.061758 0.005938
0.739905 0.061758 0.005938
0.668646 0.062945 0.005938
0.659145 0.064133 0.005938
0.700713 0.064133 0.008314
0.619952 0.065321 0.004751
0.629454 0.065321 0.007126
0.640143 0.065321 0.007126
0.649644 0.065321 0.005938
0.602138 0.066508 0.005938
0.611639 0.066508 0.005938
0.581948 0.067696 0.007126
0.591449 0.067696 0.007126
0.511876 0.068884 0.004751
0.519002 0.068884 0.004751
0.528504 0.068884 0.007126
0.540380 0.068884 0.008314
0.561758 0.068884 0.004751
0.570071 0.068884 0.011876
0.298100 0.070071 0.011876
0.456057 0.070071 0.008314
0.494062 0.070071 0.004751
0.552257 0.070071 0.007126
0.872922 0.070071 0.004751
0.882423 0.070071 0.011876
0.285036 0.071259 0.008314
0.305226 0.071259 0.004751
0.323040 0.071259 0.008314
0.333729 0.071259 0.007126
0.344418 0.071259 0.008314
0.355107 0.071259 0.007126
0.381235 0.071259 0.004751
0.412114 0.071259 0.004751
0.484561 0.071259 0.007126
0.501188 0.071259 0.010689
0.847981 0.071259 0.007126
0.857482 0.071259 0.005938
0.865796 0.071259 0.005938
0.146081 0.072447 0.007126
0.174584 0.072447 0.005938
0.184086 0.072447 0.005938
0.194774 0.072447 0.008314
0.207838 0.072447 0.007126
0.235154 0.072447 0.007126
0.252969 0.072447 0.005938
0.271971 0.072447 0.008314
0.364608 0.072447 0.005938
0.372922 0.072447 0.005938
0.393112 0.072447 0.004751
0.403800 0.072447 0.008314
0.444181 0.072447 0.008314
0.817102 0.072447 0.005938
0.826603 0.072447 0.005938
0.137767 0.073634 0.011876
0.154394 0.073634 0.004751
0.162708 0.073634 0.008314
0.224466 0.073634 0.008314
0.261283 0.073634 0.005938
0.419240 0.073634 0.009501
0.432304 0.073634 0.008314
0.472684 0.073634 0.008314
0.742280 0.073634 0.004751
0.837292 0.073634 0.008314
0.794537 0.074822 0.004751
0.733967 0.076010 0.003563
0.769596 0.076010 0.004751
0.777910 0.076010 0.004751
0.786223 0.076010 0.011876
0.710214 0.077197 0.004751
0.717340 0.077197 0.004751
0.726841 0.077197 0.005938
0.697150 0.078385 0.008314
0.751781 0.078385 0.007126
0.761283 0.078385 0.008314
0.587886 0.083135 0.008314
0.630641 0.083135 0.005938
0.640143 0.083135 0.008314
0.579572 0.084323 0.004751
0.315914 0.085511 0.005938
0.349169 0.085511 0.004751
0.358670 0.085511 0.007126
0.534442 0.085511 0.008314
0.547506 0.085511 0.008314
0.559382 0.085511 0.008314
0.571259 0.085511 0.008314
0.245843 0.086698 0.008314
0.325416 0.086698 0.010689
0.340855 0.086698 0.005938
0.366983 0.086698 0.005938
0.420428 0.086698 0.008314
0.439430 0.086698 0.004751
0.504751 0.086698 0.005938
0.513064 0.086698 0.008314
0.522565 0.086698 0.008314
0.883610 0.086698 0.008314
0.165083 0.087886 0.005938
0.174584 0.087886 0.004751
0.182898 0.087886 0.008314
0.260095 0.087886 0.005938
0.269596 0.087886 0.005938
0.276722 0.087886 0.004751
0.283848 0.087886 0.008314
0.293349 0.087886 0.004751
0.304038 0.087886 0.007126
0.375297 0.087886 0.005938
0.407363 0.087886 0.005938
0.874109 0.087886 0.008314
0.156770 0.089074 0.004751
0.193587 0.089074 0.004751
0.203088 0.089074 0.007126
0.225653 0.089074 0.007126
0.233967 0.089074 0.005938
0.429929 0.089074 0.007126
0.456057 0.089074 0.007126
0.466746 0.089074 0.008314
0.473872 0.089074 0.008314
0.485748 0.089074 0.008314
0.494062 0.089074 0.013064
0.855107 0.089074 0.004751
0.862233 0.089074 0.010689
0.149644 0.090261 0.010689
0.833729 0.090261 0.005938
0.843230 0.090261 0.007126
0.213777 0.091449 0.007126
0.824228 0.091449 0.005938
0.138955 0.092637 0.008314
0.666271 0.092637 0.008314
0.806413 0.092637 0.007126
0.815914 0.092637 0.008314
0.796912 0.093824 0.008314
0.737530 0.095012 0.004751
0.747031 0.095012 0.005938
0.755344 0.095012 0.007126
0.777910 0.095012 0.005938
0.787411 0.095012 0.007126
0.656770 0.096200 0.004751
0.729216 0.096200 0.008314
0.767221 0.096200 0.008314
0.649644 0.097387 0.004751
0.717340 0.097387 0.008314
0.627078 0.098575 0.008314
0.638955 0.098575 0.008314
0.615202 0.099762 0.005938
0.603325 0.100950 0.007126
0.353919 0.102138 0.009501
0.534442 0.102138 0.008314
0.558195 0.102138 0.005938
0.570071 0.102138 0.007126
0.584323 0.102138 0.009501
0.176960 0.103325 0.004751
0.223278 0.103325 0.007126
0.233967 0.103325 0.005938
0.365796 0.103325 0.008314
0.374109 0.103325 0.005938
0.393112 0.103325 0.011876
0.489311 0.103325 0.007126
0.501188 0.103325 0.008314
0.513064 0.103325 0.005938
0.522565 0.103325 0.005938
0.547506 0.103325 0.007126
0.131829 0.104513 0.007126
0.142518 0.104513 0.005938
0.159145 0.104513 0.004751
0.169834 0.104513 0.008314
0.200713 0.104513 0.005938
0.212589 0.104513 0.007126
0.254157 0.104513 0.005938
0.340855 0.104513 0.009501
0.384798 0.104513 0.005938
0.410926 0.104513 0.008314
0.420428 0.104513 0.007126
0.429929 0.104513 0.005938
0.438242 0.104513 0.004751
0.445368 0.104513 0.004751
0.453682 0.104513 0.008314
0.465558 0.104513 0.004751
0.868171 0.104513 0.008314
0.876485 0.104513 0.004751
0.149644 0.105701 0.011876
0.856295 0.106888 0.010689
0.808789 0.109264 0.004751
0.819477 0.109264 0.011876
0.826603 0.109264 0.004751
0.837292 0.109264 0.008314
0.800475 0.110451 0.007126
0.718527 0.111639 0.008314
0.766033 0.111639 0.008314
0.773159 0.111639 0.004751
0.730404 0.112827 0.008314
0.738717 0.112827 0.004751
0.754157 0.112827 0.005938
0.783848 0.112827 0.009501
0.508314 0.115202 0.005938
0.617577 0.115202 0.008314
0.659145 0.115202 0.007126
0.587886 0.116390 0.007126
0.596200 0.116390 0.008314
0.606888 0.116390 0.005938
0.629454 0.116390 0.007126
0.638955 0.116390 0.007126
0.649644 0.116390 0.007126
0.138955 0.117577 0.005938
0.554632 0.117577 0.007126
0.577197 0.117577 0.008314
0.287411 0.118765 0.005938
0.363420 0.118765 0.008314
0.516627 0.118765 0.010689
0.529691 0.118765 0.004751
0.541568 0.118765 0.008314
0.565321 0.118765 0.007126
0.128266 0.119952 0.004751
0.148456 0.119952 0.005938
0.157957 0.119952 0.005938
0.166271 0.119952 0.004751
0.185273 0.119952 0.005938
0.207838 0.119952 0.008314
0.256532 0.119952 0.005938
0.274347 0.119952 0.008314
0.343230 0.119952 0.011876
0.351544 0.119952 0.011876
0.376485 0.119952 0.008314
0.406176 0.119952 0.010689
0.472684 0.119952 0.007126
0.483373 0.119952 0.007126
0.494062 0.119952 0.007126
0.884798 0.119952 0.005938
0.891924 0.119952 0.009501
0.174584 0.121140 0.011876
0.266033 0.121140 0.005938
0.387173 0.121140 0.007126
0.399050 0.121140 0.008314
0.454869 0.121140 0.005938
0.463183 0.121140 0.013064
0.422803 0.122328 0.007126
0.433492 0.122328 0.007126
0.444181 0.122328 0.007126
0.875297 0.122328 0.004751
0.859857 0.123515 0.008314
0.869359 0.123515 0.003563
0.840855 0.124703 0.004751
0.849169 0.124703 0.011876
0.804038 0.127078 0.004751
0.812352 0.127078 0.004751
0.821853 0.127078 0.007126
0.832542 0.127078 0.007126
0.785036 0.128266 0.004751
0.713777 0.129454 0.008314
0.723278 0.129454 0.008314
0.731591 0.129454 0.007126
0.741093 0.129454 0.004751
0.750594 0.129454 0.007126
0.777910 0.129454 0.004751
0.793349 0.129454 0.008314
0.760095 0.130641 0.008314
0.769596 0.130641 0.005938
0.643705 0.131829 0.007126
0.653207 0.131829 0.008314
0.614014 0.133017 0.008314
0.623515 0.133017 0.007126
0.633017 0.133017 0.007126
0.561758 0.134204 0.008314
0.574822 0.134204 0.005938
0.597387 0.134204 0.008314
0.257720 0.135392 0.005938
0.585511 0.135392 0.008314
0.141330 0.136580 0.008314
0.153207 0.136580 0.008314
0.357482 0.136580 0.005938
0.530879 0.136580 0.008314
0.540380 0.136580 0.004751
0.549881 0.136580 0.008314
0.219715 0.137767 0.005938
0.230404 0.137767 0.008314
0.268409 0.137767 0.007126
0.279097 0.137767 0.004751
0.287411 0.137767 0.005938
0.339667 0.137767 0.008314
0.349169 0.137767 0.005938
0.368171 0.137767 0.007126
0.377672 0.137767 0.004751
0.387173 0.137767 0.007126
0.396675 0.137767 0.004751
0.210214 0.138955 0.008314
0.432304 0.138955 0.008314
0.498812 0.138955 0.007126
0.509501 0.138955 0.007126
0.519002 0.138955 0.008314
0.894299 0.138955 0.010689
0.129454 0.140143 0.008314
0.420428 0.140143 0.008314
0.442993 0.140143 0.008314
0.456057 0.140143 0.008314
0.469121 0.140143 0.008314
0.479810 0.140143 0.007126
0.488124 0.140143 0.005938
0.880048 0.140143 0.004751
0.887173 0.140143 0.004751
0.865796 0.142518 0.011876
0.834917 0.144893 0.007126
0.844418 0.144893 0.007126
0.857482 0.144893 0.010689
0.785036 0.146081 0.005938
0.824228 0.146081 0.008314
0.806413 0.147268 0.005938
0.814727 0.147268 0.004751
0.731591 0.148456 0.007126
0.744656 0.148456 0.008314
0.752969 0.148456 0.004751
0.766033 0.148456 0.005938
0.775534 0.148456 0.007126
0.796912 0.148456 0.008314
0.644893 0.149644 0.005938
0.712589 0.149644 0.013064
0.722090 0.149644 0.005938
0.630641 0.150831 0.008314
0.637767 0.150831 0.011876
0.653207 0.150831 0.011876
0.661520 0.150831 0.004751
0.697150 0.150831 0.011876
0.704276 0.150831 0.004751
0.260095 0.152019 0.009501
0.576010 0.152019 0.008314
0.585511 0.152019 0.008314
0.619952 0.152019 0.008314
0.672209 0.152019 0.008314
0.685273 0.152019 0.007126
0.232779 0.153207 0.005938
0.595012 0.153207 0.008314
0.608076 0.153207 0.008314
0.140143 0.154394 0.004751
0.155582 0.154394 0.004751
0.163895 0.154394 0.005938
0.174584 0.154394 0.004751
0.182898 0.154394 0.004751
0.224466 0.154394 0.005938
0.388361 0.154394 0.007126
0.539192 0.154394 0.004751
0.562945 0.154394 0.008314
0.127078 0.155582 0.008314
0.147268 0.155582 0.011876
0.214964 0.155582 0.013064
0.243468 0.155582 0.008314
0.275534 0.155582 0.007126
0.285036 0.155582 0.004751
0.336105 0.155582 0.008314
0.401425 0.155582 0.009501
0.415677 0.155582 0.005938
0.427553 0.155582 0.010689
0.513064 0.155582 0.008314
0.528504 0.155582 0.007126
0.549881 0.155582 0.008314
0.190024 0.156770 0.010689
0.344418 0.156770 0.007126
0.444181 0.156770 0.005938
0.463183 0.156770 0.007126
0.471496 0.156770 0.008314
0.482185 0.156770 0.007126
0.492874 0.156770 0.007126
0.502375 0.156770 0.005938
0.452494 0.157957 0.007126
0.881235 0.159145 0.007126
0.890736 0.159145 0.004751
0.871734 0.160333 0.004751
0.842043 0.161520 0.005938
0.852732 0.161520 0.007126
0.862233 0.161520 0.005938
0.833729 0.162708 0.004751
0.824228 0.163895 0.007126
0.799287 0.165083 0.005938
0.808789 0.165083 0.005938
0.736342 0.166271 0.007126
0.762470 0.166271 0.008314
0.773159 0.166271 0.005938
0.782660 0.166271 0.004751
0.789786 0.166271 0.004751
0.704276 0.167458 0.005938
0.714964 0.167458 0.005938
0.725653 0.167458 0.007126
0.749406 0.167458 0.008314
0.653207 0.168646 0.004751
0.693587 0.168646 0.005938
0.176960 0.169834 0.013064
0.618765 0.169834 0.005938
0.627078 0.169834 0.011876
0.635392 0.169834 0.008314
0.646081 0.169834 0.004751
0.662708 0.169834 0.007126
0.673397 0.169834 0.007126
0.684086 0.169834 0.005938
0.152019 0.171021 0.008314
0.562945 0.171021 0.008314
0.583135 0.171021 0.007126
0.596200 0.171021 0.010689
0.610451 0.171021 0.004751
0.128266 0.172209 0.008314
0.140143 0.172209 0.005938
0.349169 0.172209 0.005938
0.372922 0.172209 0.008314
0.383610 0.172209 0.008314
0.395487 0.172209 0.007126
0.572447 0.172209 0.007126
0.163895 0.173397 0.005938
0.185273 0.173397 0.005938
0.197150 0.173397 0.007126
0.269596 0.173397 0.008314
0.340855 0.173397 0.004751
0.359857 0.173397 0.007126
0.404988 0.173397 0.008314
0.426366 0.173397 0.013064
0.445368 0.173397 0.007126
0.469121 0.173397 0.005938
0.477435 0.173397 0.004751
0.495249 0.173397 0.004751
0.505938 0.173397 0.008314
0.528504 0.173397 0.007126
0.538005 0.173397 0.008314
0.210214 0.174584 0.008314
0.219715 0.174584 0.004751
0.229216 0.174584 0.005938
0.239905 0.174584 0.008314
0.249406 0.174584 0.007126
0.283848 0.174584 0.008314
0.294537 0.174584 0.007126
0.304038 0.174584 0.004751
0.328979 0.174584 0.008314
0.418052 0.174584 0.008314
0.517815 0.174584 0.005938
0.868171 0.174584 0.008314
0.885986 0.174584 0.005938
0.260095 0.175772 0.004751
0.311164 0.175772 0.005938
0.319477 0.175772 0.011876
0.861045 0.175772 0.008314
0.877672 0.175772 0.008314
0.849169 0.176960 0.008314
0.809976 0.178147 0.004751
0.818290 0.179335 0.011876
0.704276 0.180523 0.008314
0.782660 0.180523 0.008314
0.792162 0.180523 0.004751
0.802850 0.180523 0.010689
0.745843 0.181710 0.005938
0.733967 0.182898 0.013064
0.756532 0.182898 0.007126
0.769596 0.182898 0.008314
0.678147 0.184086 0.004751
0.688836 0.184086 0.008314
0.714964 0.184086 0.007126
0.725653 0.184086 0.005938
0.648456 0.185273 0.007126
0.659145 0.185273 0.007126
0.669834 0.185273 0.007126
0.574822 0.186461 0.008314
0.612827 0.186461 0.007126
0.625891 0.186461 0.007126
0.637767 0.186461 0.008314
0.557007 0.187648 0.005938
0.565321 0.187648 0.005938
0.585511 0.187648 0.007126
0.599762 0.187648 0.008314
0.390736 0.188836 0.005938
0.442993 0.188836 0.008314
0.533254 0.188836 0.008314
0.547506 0.188836 0.008314
0.128266 0.190024 0.005938
0.143705 0.190024 0.004751
0.192399 0.190024 0.008314
0.280285 0.190024 0.008314
0.361045 0.190024 0.007126
0.370546 0.190024 0.005938
0.400238 0.190024 0.004751
0.410926 0.190024 0.008314
0.422803 0.190024 0.005938
0.470309 0.190024 0.005938
0.480998 0.190024 0.007126
0.501188 0.190024 0.005938
0.514252 0.190024 0.008314
0.523753 0.190024 0.004751
0.150831 0.191211 0.005938
0.159145 0.191211 0.007126
0.171021 0.191211 0.004751
0.205463 0.191211 0.008314
0.214964 0.191211 0.007126
0.257720 0.191211 0.008314
0.269596 0.191211 0.008314
0.331354 0.191211 0.011876
0.381235 0.191211 0.008314
0.492874 0.191211 0.008314
0.293349 0.192399 0.004751
0.302850 0.192399 0.008314
0.324228 0.192399 0.009501
0.243468 0.193587 0.008314
0.313539 0.193587 0.007126
0.155582 0.205463 0.008314
