0.817102 0.083135 0.005938
0.858670 0.083135 0.005938
0.754157 0.084323 0.005938
0.764846 0.084323 0.007126
0.773159 0.084323 0.004751
0.780285 0.084323 0.008314
0.792162 0.084323 0.008314
0.827791 0.084323 0.008314
0.839667 0.084323 0.005938
0.849169 0.084323 0.007126
0.868171 0.084323 0.007126
0.635392 0.085511 0.005938
0.644893 0.085511 0.008314
0.744656 0.085511 0.004751
0.806413 0.085511 0.008314
0.881235 0.085511 0.008314
0.543943 0.086698 0.008314
0.580760 0.086698 0.004751
0.587886 0.086698 0.004751
0.627078 0.086698 0.005938
0.673397 0.086698 0.005938
0.684086 0.086698 0.008314
0.695962 0.086698 0.007126
0.725653 0.086698 0.004751
0.735154 0.086698 0.007126
0.554632 0.087886 0.005938
0.564133 0.087886 0.005938
0.573634 0.087886 0.004751
0.595012 0.087886 0.010689
0.605701 0.087886 0.008314
0.617577 0.087886 0.007126
0.661520 0.087886 0.010689
0.706651 0.087886 0.008314
0.717340 0.087886 0.005938
0.450119 0.090261 0.008314
0.469121 0.090261 0.005938
0.477435 0.090261 0.007126
0.490499 0.090261 0.008314
0.520190 0.090261 0.007126
0.532067 0.090261 0.008314
0.435867 0.091449 0.008314
0.460808 0.091449 0.007126
0.505938 0.091449 0.009501
0.352732 0.092637 0.008314
0.363420 0.092637 0.008314
0.375297 0.092637 0.008314
0.391924 0.092637 0.008314
0.403800 0.092637 0.005938
0.413302 0.092637 0.007126
0.423990 0.092637 0.007126
0.292162 0.093824 0.005938
0.301663 0.093824 0.013064
0.318290 0.093824 0.007126
0.328979 0.093824 0.008314
0.219715 0.095012 0.005938
0.226841 0.095012 0.004751
0.242280 0.095012 0.007126
0.252969 0.095012 0.007126
0.263658 0.095012 0.008314
0.281473 0.095012 0.008314
0.167458 0.096200 0.005938
0.210214 0.096200 0.005938
0.273159 0.096200 0.005938
0.143705 0.097387 0.011876
0.150831 0.097387 0.004751
0.159145 0.097387 0.004751
0.191211 0.097387 0.005938
0.200713 0.097387 0.008314
0.877672 0.097387 0.008314
0.178147 0.098575 0.008314
0.839667 0.098575 0.004751
0.846793 0.098575 0.010689
0.855107 0.098575 0.005938
0.864608 0.098575 0.007126
0.122328 0.099762 0.005938
0.792162 0.099762 0.005938
0.805226 0.099762 0.007126
0.827791 0.099762 0.008314
0.762470 0.100950 0.007126
0.773159 0.100950 0.005938
0.782660 0.100950 0.007126
0.815914 0.100950 0.007126
0.640143 0.102138 0.008314
0.652019 0.102138 0.007126
0.671021 0.102138 0.007126
0.682898 0.102138 0.005938
0.714964 0.102138 0.007126
0.726841 0.102138 0.007126
0.738717 0.102138 0.005938
0.751781 0.102138 0.008314
0.453682 0.103325 0.005938
0.555819 0.103325 0.008314
0.580760 0.103325 0.008314
0.591449 0.103325 0.007126
0.629454 0.103325 0.007126
0.661520 0.103325 0.004751
0.695962 0.103325 0.007126
0.706651 0.103325 0.004751
0.565321 0.104513 0.008314
0.600950 0.104513 0.004751
0.608076 0.104513 0.008314
0.618765 0.104513 0.005938
0.543943 0.105701 0.004751
0.513064 0.106888 0.007126
0.326603 0.108076 0.007126
0.338480 0.108076 0.007126
0.393112 0.108076 0.005938
0.402613 0.108076 0.005938
0.415677 0.108076 0.007126
0.434679 0.108076 0.004751
0.444181 0.108076 0.007126
0.477435 0.108076 0.007126
0.489311 0.108076 0.008314
0.522565 0.108076 0.005938
0.533254 0.108076 0.008314
0.317102 0.109264 0.005938
0.349169 0.109264 0.004751
0.363420 0.109264 0.008314
0.372922 0.109264 0.007126
0.426366 0.109264 0.005938
0.465558 0.109264 0.008314
0.501188 0.109264 0.008314
0.165083 0.110451 0.004751
0.270784 0.110451 0.007126
0.281473 0.110451 0.008314
0.296912 0.110451 0.008314
0.308789 0.110451 0.011876
0.383610 0.110451 0.007126
0.863420 0.110451 0.007126
0.156770 0.111639 0.005938
0.185273 0.111639 0.005938
0.241093 0.111639 0.005938
0.250594 0.111639 0.005938
0.260095 0.111639 0.005938
0.850356 0.111639 0.005938
0.147268 0.112827 0.008314
0.174584 0.112827 0.005938
0.193587 0.112827 0.004751
0.216152 0.112827 0.008314
0.231591 0.112827 0.007126
0.831354 0.112827 0.005938
0.840855 0.112827 0.005938
0.206651 0.114014 0.008314
0.811164 0.114014 0.005938
0.122328 0.115202 0.008314
0.135392 0.115202 0.008314
0.682898 0.115202 0.007126
0.701900 0.115202 0.004751
0.730404 0.115202 0.004751
0.738717 0.115202 0.004751
0.792162 0.115202 0.005938
0.802850 0.115202 0.007126
0.652019 0.116390 0.007126
0.661520 0.116390 0.005938
0.671021 0.116390 0.005938
0.693587 0.116390 0.007126
0.713777 0.116390 0.004751
0.722090 0.116390 0.004751
0.747031 0.116390 0.008314
0.760095 0.116390 0.010689
0.774347 0.116390 0.004751
0.782660 0.116390 0.005938
0.637767 0.117577 0.007126
0.767221 0.117577 0.004751
0.614014 0.118765 0.007126
0.624703 0.118765 0.007126
0.401425 0.119952 0.005938
0.593824 0.119952 0.008314
0.604513 0.119952 0.007126
0.567696 0.121140 0.005938
0.577197 0.121140 0.011876
0.422803 0.122328 0.007126
0.432304 0.122328 0.007126
0.441805 0.122328 0.005938
0.451306 0.122328 0.005938
0.541568 0.122328 0.007126
0.552257 0.122328 0.008314
0.393112 0.123515 0.007126
0.412114 0.123515 0.005938
0.460808 0.123515 0.005938
0.469121 0.123515 0.005938
0.478622 0.123515 0.005938
0.503563 0.123515 0.005938
0.513064 0.123515 0.004751
0.529691 0.123515 0.005938
0.347981 0.124703 0.008314
0.358670 0.124703 0.008314
0.368171 0.124703 0.007126
0.378860 0.124703 0.004751
0.492874 0.124703 0.007126
0.521378 0.124703 0.004751
0.248219 0.125891 0.007126
0.275534 0.125891 0.007126
0.286223 0.125891 0.007126
0.295724 0.125891 0.004751
0.305226 0.125891 0.005938
0.318290 0.125891 0.008314
0.327791 0.125891 0.004751
0.337292 0.125891 0.007126
0.882423 0.125891 0.008314
0.212589 0.127078 0.007126
0.222090 0.127078 0.004751
0.237530 0.127078 0.004751
0.257720 0.127078 0.004751
0.266033 0.127078 0.004751
0.849169 0.127078 0.008314
0.861045 0.127078 0.008314
0.871734 0.127078 0.008314
0.181710 0.128266 0.007126
0.229216 0.128266 0.011876
0.839667 0.128266 0.007126
0.192399 0.129454 0.008314
0.200713 0.129454 0.005938
0.826603 0.129454 0.008314
0.140143 0.130641 0.013064
0.154394 0.130641 0.010689
0.729216 0.130641 0.008314
0.817102 0.130641 0.005938
0.122328 0.131829 0.004751
0.130641 0.131829 0.007126
0.659145 0.131829 0.008314
0.709026 0.131829 0.009501
0.743468 0.131829 0.008314
0.754157 0.131829 0.007126
0.767221 0.131829 0.007126
0.806413 0.131829 0.008314
0.649644 0.133017 0.008314
0.777910 0.133017 0.007126
0.789786 0.133017 0.008314
0.628266 0.134204 0.008314
0.637767 0.134204 0.007126
0.617577 0.135392 0.007126
0.480998 0.136580 0.007126
0.562945 0.136580 0.005938
0.572447 0.136580 0.008314
0.584323 0.136580 0.005938
0.604513 0.136580 0.008314
0.469121 0.137767 0.007126
0.490499 0.137767 0.008314
0.553444 0.137767 0.007126
0.593824 0.137767 0.005938
0.413302 0.138955 0.004751
0.420428 0.138955 0.004751
0.427553 0.138955 0.004751
0.446556 0.138955 0.008314
0.458432 0.138955 0.005938
0.502375 0.138955 0.004751
0.364608 0.140143 0.009501
0.520190 0.140143 0.007126
0.256532 0.141330 0.008314
0.269596 0.141330 0.005938
0.286223 0.141330 0.004751
0.377672 0.141330 0.007126
0.388361 0.141330 0.007126
0.400238 0.141330 0.008314
0.224466 0.142518 0.005938
0.233967 0.142518 0.007126
0.245843 0.142518 0.005938
0.279097 0.142518 0.004751
0.331354 0.142518 0.005938
0.343230 0.142518 0.005938
0.351544 0.142518 0.008314
0.864608 0.142518 0.009501
0.878860 0.142518 0.011876
0.887173 0.142518 0.005938
0.851544 0.143705 0.008314
0.193587 0.144893 0.005938
0.201900 0.144893 0.007126
0.212589 0.144893 0.007126
0.143705 0.146081 0.007126
0.155582 0.146081 0.008314
0.167458 0.146081 0.007126
0.182898 0.146081 0.008314
0.818290 0.146081 0.013064
0.824228 0.146081 0.010689
0.839667 0.146081 0.008314
0.121140 0.147268 0.007126
0.133017 0.147268 0.007126
0.782660 0.147268 0.008314
0.808789 0.147268 0.007126
0.757720 0.148456 0.010689
0.771971 0.148456 0.007126
0.796912 0.148456 0.008314
0.737530 0.149644 0.008314
0.713777 0.150831 0.008314
0.724466 0.150831 0.008314
0.641330 0.152019 0.010689
0.653207 0.152019 0.008314
0.663895 0.152019 0.008314
0.579572 0.153207 0.007126
0.591449 0.153207 0.010689
0.627078 0.153207 0.008314
0.609264 0.154394 0.010689
0.451306 0.155582 0.008314
0.460808 0.155582 0.008314
0.469121 0.155582 0.005938
0.478622 0.155582 0.004751
0.489311 0.155582 0.007126
0.513064 0.155582 0.007126
0.552257 0.155582 0.009501
0.566508 0.155582 0.008314
0.404988 0.156770 0.010689
0.498812 0.156770 0.009501
0.522565 0.156770 0.005938
0.532067 0.156770 0.005938
0.540380 0.156770 0.004751
0.245843 0.157957 0.007126
0.281473 0.157957 0.008314
0.413302 0.157957 0.009501
0.427553 0.157957 0.007126
0.338480 0.159145 0.013064
0.345606 0.159145 0.011876
0.439430 0.159145 0.005938
0.255344 0.160333 0.007126
0.269596 0.160333 0.008314
0.359857 0.160333 0.008314
0.371734 0.160333 0.009501
0.383610 0.160333 0.008314
0.884798 0.160333 0.013064
0.197150 0.162708 0.005938
0.206651 0.162708 0.008314
0.217340 0.162708 0.005938
0.876485 0.162708 0.013064
0.154394 0.163895 0.009501
0.171021 0.163895 0.008314
0.831354 0.163895 0.008314
0.851544 0.163895 0.010689
0.864608 0.163895 0.008314
0.131829 0.165083 0.005938
0.141330 0.165083 0.008314
0.186461 0.165083 0.008314
0.226841 0.165083 0.008314
0.239905 0.165083 0.010689
0.121140 0.166271 0.011876
0.799287 0.166271 0.007126
0.819477 0.166271 0.005938
0.776722 0.167458 0.008314
0.788599 0.167458 0.008314
0.811164 0.167458 0.008314
0.724466 0.168646 0.007126
0.733967 0.168646 0.008314
0.747031 0.168646 0.008314
0.760095 0.169834 0.009501
0.647268 0.171021 0.008314
0.713777 0.171021 0.013064
0.631829 0.172209 0.008314
0.659145 0.172209 0.008314
0.583135 0.173397 0.005938
0.593824 0.173397 0.008314
0.605701 0.173397 0.008314
0.618765 0.173397 0.008314
0.457245 0.174584 0.011876
0.465558 0.174584 0.004751
0.475059 0.174584 0.008314
0.486936 0.174584 0.008314
0.500000 0.174584 0.007126
0.511876 0.175772 0.007126
0.524941 0.175772 0.008314
0.539192 0.175772 0.008314
0.551069 0.175772 0.005938
0.573634 0.175772 0.007126
0.395487 0.176960 0.005938
0.428741 0.176960 0.010689
0.440618 0.176960 0.010689
0.561758 0.176960 0.008314
0.350356 0.178147 0.005938
0.359857 0.178147 0.005938
0.384798 0.178147 0.007126
0.415677 0.178147 0.005938
0.257720 0.179335 0.007126
0.268409 0.179335 0.005938
0.279097 0.179335 0.013064
0.338480 0.179335 0.008314
0.371734 0.179335 0.008314
0.403800 0.179335 0.013064
0.884798 0.179335 0.010689
0.877672 0.180523 0.004751
0.195962 0.181710 0.005938
0.204276 0.181710 0.005938
0.248219 0.181710 0.005938
0.122328 0.182898 0.008314
0.135392 0.182898 0.008314
0.146081 0.182898 0.004751
0.153207 0.182898 0.004751
0.160333 0.182898 0.010689
0.173397 0.182898 0.008314
0.185273 0.182898 0.008314
0.213777 0.182898 0.005938
0.223278 0.182898 0.005938
0.235154 0.182898 0.008314
0.845606 0.182898 0.013064
0.856295 0.182898 0.007126
0.869359 0.182898 0.008314
0.814727 0.184086 0.008314
0.823040 0.184086 0.004751
0.828979 0.184086 0.011876
0.838480 0.184086 0.011876
0.802850 0.185273 0.004751
0.700713 0.187648 0.015439
0.742280 0.187648 0.008314
0.754157 0.187648 0.007126
0.777910 0.187648 0.005938
0.794537 0.187648 0.005938
0.711401 0.188836 0.005938
0.724466 0.188836 0.011876
0.732779 0.188836 0.004751
0.767221 0.188836 0.008314
0.786223 0.188836 0.013064
0.599762 0.190024 0.008314
0.612827 0.190024 0.004751
0.636580 0.190024 0.005938
0.647268 0.190024 0.005938
0.656770 0.190024 0.008314
0.667458 0.191211 0.008314
0.675772 0.191211 0.008314
0.494062 0.192399 0.008314
0.513064 0.192399 0.004751
0.526128 0.192399 0.008314
0.551069 0.192399 0.008314
0.572447 0.192399 0.008314
0.587886 0.192399 0.009501
0.621140 0.192399 0.010689
0.447743 0.193587 0.008314
0.504751 0.193587 0.005938
0.536817 0.193587 0.007126
0.561758 0.193587 0.005938
0.407363 0.194774 0.004751
0.459620 0.194774 0.005938
0.469121 0.194774 0.005938
0.478622 0.194774 0.008314
0.364608 0.195962 0.008314
0.378860 0.195962 0.008314
0.425178 0.195962 0.005938
0.434679 0.195962 0.004751
0.249406 0.197150 0.008314
0.261283 0.197150 0.008314
0.271971 0.197150 0.007126
0.283848 0.197150 0.007126
0.334917 0.197150 0.013064
0.351544 0.197150 0.007126
0.391924 0.197150 0.005938
0.400238 0.197150 0.004751
0.415677 0.197150 0.007126
0.238717 0.198337 0.008314
0.293349 0.198337 0.013064
0.324228 0.198337 0.008314
0.876485 0.198337 0.004751
0.833729 0.199525 0.009501
0.840855 0.199525 0.004751
0.857482 0.199525 0.008314
0.868171 0.199525 0.005938
0.121140 0.200713 0.008314
0.166271 0.200713 0.005938
0.174584 0.200713 0.008314
0.216152 0.200713 0.008314
0.226841 0.200713 0.005938
0.883610 0.200713 0.010689
0.146081 0.201900 0.008314
0.156770 0.201900 0.005938
0.190024 0.201900 0.008314
0.199525 0.201900 0.010689
0.820665 0.201900 0.004751
0.133017 0.203088 0.008314
0.812352 0.203088 0.007126
0.758907 0.204276 0.008314
0.770784 0.204276 0.008314
0.786223 0.205463 0.008314
0.800475 0.205463 0.008314
0.647268 0.206651 0.008314
0.716152 0.206651 0.008314
0.731591 0.206651 0.010689
0.748219 0.206651 0.005938
0.526128 0.207838 0.008314
0.631829 0.207838 0.008314
0.656770 0.207838 0.005938
0.666271 0.207838 0.008314
0.675772 0.207838 0.008314
0.705463 0.207838 0.008314
0.577197 0.209026 0.008314
0.592637 0.209026 0.007126
0.604513 0.209026 0.008314
0.619952 0.209026 0.008314
0.693587 0.209026 0.008314
0.488124 0.210214 0.008314
0.503563 0.210214 0.008314
0.513064 0.210214 0.005938
0.539192 0.210214 0.008314
0.549881 0.210214 0.005938
0.565321 0.210214 0.009501
0.476247 0.211401 0.007126
0.399050 0.212589 0.007126
0.408551 0.212589 0.007126
0.421615 0.212589 0.008314
0.440618 0.212589 0.008314
0.452494 0.212589 0.007126
0.465558 0.212589 0.008314
0.355107 0.213777 0.007126
0.385986 0.213777 0.008314
0.429929 0.213777 0.008314
0.306413 0.214964 0.008314
0.878860 0.214964 0.005938
0.885986 0.214964 0.008314
0.244656 0.216152 0.005938
0.254157 0.216152 0.007126
0.266033 0.216152 0.005938
0.279097 0.216152 0.008314
0.288599 0.216152 0.005938
0.298100 0.216152 0.008314
0.320665 0.216152 0.008314
0.345606 0.216152 0.008314
0.363420 0.216152 0.008314
0.375297 0.216152 0.007126
0.842043 0.216152 0.015439
0.855107 0.216152 0.008314
0.865796 0.216152 0.007126
0.181710 0.217340 0.007126
0.207838 0.217340 0.008314
0.332542 0.217340 0.005938
0.832542 0.217340 0.008314
0.121140 0.218527 0.011876
0.130641 0.218527 0.007126
0.160333 0.218527 0.008314
0.171021 0.218527 0.005938
0.195962 0.218527 0.008314
0.219715 0.218527 0.008314
0.233967 0.218527 0.008314
0.800475 0.218527 0.004751
0.823040 0.218527 0.007126
0.807601 0.219715 0.004751
0.144893 0.220903 0.009501
0.787411 0.220903 0.005938
0.761283 0.222090 0.009501
0.776722 0.222090 0.008314
0.725653 0.223278 0.013064
0.747031 0.223278 0.008314
0.676960 0.224466 0.008314
0.693587 0.224466 0.008314
0.705463 0.224466 0.008314
0.717340 0.224466 0.005938
0.603325 0.225653 0.008314
0.614014 0.225653 0.007126
0.623515 0.225653 0.013064
0.640143 0.225653 0.007126
0.653207 0.225653 0.008314
0.663895 0.225653 0.007126
0.534442 0.226841 0.005938
0.555819 0.226841 0.008314
0.565321 0.226841 0.007126
0.587886 0.226841 0.008314
0.446556 0.228029 0.008314
0.458432 0.228029 0.008314
0.471496 0.228029 0.008314
0.480998 0.228029 0.008314
0.490499 0.228029 0.007126
0.501188 0.228029 0.005938
0.510689 0.228029 0.013064
0.543943 0.228029 0.008314
0.574822 0.228029 0.008314
0.433492 0.229216 0.007126
0.524941 0.229216 0.008314
0.273159 0.230404 0.008314
0.285036 0.230404 0.008314
0.295724 0.230404 0.007126
0.305226 0.230404 0.005938
0.389549 0.230404 0.007126
0.408551 0.230404 0.008314
0.422803 0.230404 0.008314
0.123515 0.231591 0.005938
0.243468 0.231591 0.005938
0.254157 0.231591 0.008314
0.264846 0.231591 0.005938
0.347981 0.231591 0.008314
0.362233 0.231591 0.010689
0.378860 0.231591 0.007126
0.181710 0.232779 0.008314
0.192399 0.232779 0.008314
0.235154 0.232779 0.005938
0.317102 0.232779 0.008314
0.326603 0.232779 0.005938
0.337292 0.232779 0.007126
0.157957 0.233967 0.008314
0.169834 0.233967 0.005938
0.204276 0.233967 0.007126
0.216152 0.233967 0.008314
0.224466 0.233967 0.008314
0.115202 0.235154 0.011876
0.131829 0.235154 0.005938
0.146081 0.235154 0.008314
