0.877672 0.076010 0.013064
0.649644 0.078385 0.008314
0.861045 0.078385 0.004751
0.562945 0.079572 0.008314
0.572447 0.079572 0.007126
0.583135 0.079572 0.007126
0.604513 0.079572 0.007126
0.614014 0.079572 0.011876
0.629454 0.079572 0.013064
0.661520 0.079572 0.010689
0.751781 0.079572 0.010689
0.758907 0.079572 0.004751
0.795724 0.079572 0.007126
0.815914 0.079572 0.008314
0.827791 0.079572 0.007126
0.852732 0.079572 0.008314
0.514252 0.080760 0.004751
0.527316 0.080760 0.008314
0.538005 0.080760 0.008314
0.549881 0.080760 0.008314
0.593824 0.080760 0.007126
0.805226 0.080760 0.008314
0.838480 0.080760 0.008314
0.431116 0.081948 0.005938
0.458432 0.081948 0.007126
0.469121 0.081948 0.005938
0.494062 0.081948 0.008314
0.505938 0.081948 0.013064
0.375297 0.083135 0.011876
0.419240 0.083135 0.008314
0.439430 0.083135 0.014252
0.448931 0.083135 0.008314
0.482185 0.083135 0.010689
0.349169 0.084323 0.008314
0.358670 0.084323 0.005938
0.366983 0.084323 0.004751
0.388361 0.084323 0.013064
0.397862 0.084323 0.004751
0.408551 0.084323 0.008314
0.159145 0.085511 0.011876
0.167458 0.085511 0.004751
0.191211 0.085511 0.011876
0.260095 0.085511 0.010689
0.294537 0.085511 0.008314
0.308789 0.085511 0.007126
0.319477 0.085511 0.008314
0.334917 0.085511 0.008314
0.175772 0.086698 0.008314
0.250594 0.086698 0.008314
0.277910 0.086698 0.009501
0.144893 0.087886 0.010689
0.868171 0.092637 0.004751
0.874109 0.092637 0.004751
0.842043 0.093824 0.007126
0.856295 0.093824 0.008314
0.605701 0.095012 0.005938
0.624703 0.095012 0.008314
0.673397 0.095012 0.008314
0.812352 0.095012 0.007126
0.833729 0.095012 0.005938
0.125891 0.096200 0.017815
0.530879 0.096200 0.004751
0.586698 0.096200 0.007126
0.596200 0.096200 0.007126
0.637767 0.096200 0.010689
0.650831 0.096200 0.010689
0.823040 0.096200 0.008314
0.466746 0.097387 0.008314
0.491686 0.097387 0.008314
0.510689 0.097387 0.008314
0.522565 0.097387 0.004751
0.551069 0.097387 0.007126
0.560570 0.097387 0.007126
0.568884 0.097387 0.004751
0.577197 0.097387 0.005938
0.614014 0.097387 0.005938
0.682898 0.097387 0.008314
0.480998 0.098575 0.008314
0.501188 0.098575 0.005938
0.540380 0.098575 0.008314
0.384798 0.099762 0.005938
0.396675 0.099762 0.008314
0.408551 0.099762 0.004751
0.416865 0.099762 0.004751
0.290974 0.100950 0.005938
0.300475 0.100950 0.008314
0.340855 0.100950 0.005938
0.364608 0.100950 0.008314
0.376485 0.100950 0.010689
0.197150 0.102138 0.010689
0.204276 0.102138 0.004751
0.217340 0.102138 0.004751
0.238717 0.102138 0.004751
0.279097 0.102138 0.008314
0.146081 0.103325 0.007126
0.156770 0.103325 0.005938
0.165083 0.103325 0.008314
0.184086 0.103325 0.007126
0.231591 0.103325 0.008314
0.248219 0.103325 0.011876
0.267221 0.103325 0.008314
0.884798 0.105701 0.008314
0.850356 0.106888 0.007126
0.874109 0.106888 0.007126
0.862233 0.108076 0.007126
0.897862 0.108076 0.008314
0.656770 0.109264 0.004751
0.681710 0.109264 0.005938
0.691211 0.109264 0.004751
0.771971 0.109264 0.007126
0.643705 0.110451 0.005938
0.672209 0.110451 0.011876
0.787411 0.110451 0.007126
0.802850 0.110451 0.008314
0.814727 0.110451 0.007126
0.838480 0.110451 0.005938
0.570071 0.111639 0.008314
0.579572 0.111639 0.007126
0.591449 0.111639 0.007126
0.606888 0.111639 0.008314
0.617577 0.111639 0.005938
0.625891 0.111639 0.007126
0.828979 0.111639 0.007126
0.486936 0.112827 0.007126
0.497625 0.112827 0.007126
0.508314 0.112827 0.007126
0.530879 0.112827 0.007126
0.540380 0.112827 0.005938
0.558195 0.112827 0.007126
0.466746 0.114014 0.008314
0.516627 0.114014 0.007126
0.548694 0.114014 0.007126
0.294537 0.115202 0.005938
0.285036 0.116390 0.007126
0.339667 0.116390 0.004751
0.365796 0.116390 0.008314
0.375297 0.116390 0.007126
0.408551 0.116390 0.008314
0.420428 0.116390 0.008314
0.201900 0.117577 0.008314
0.218527 0.117577 0.011876
0.302850 0.117577 0.011876
0.387173 0.117577 0.005938
0.178147 0.118765 0.008314
0.191211 0.118765 0.007126
0.212589 0.118765 0.009501
0.238717 0.118765 0.008314
0.262470 0.118765 0.007126
0.273159 0.118765 0.005938
0.165083 0.119952 0.008314
0.252969 0.119952 0.007126
0.872922 0.119952 0.008314
0.122328 0.121140 0.007126
0.133017 0.121140 0.007126
0.143705 0.121140 0.007126
0.155582 0.121140 0.007126
0.880048 0.122328 0.010689
0.757720 0.123515 0.007126
0.775534 0.123515 0.010689
0.794537 0.123515 0.005938
0.813539 0.123515 0.007126
0.825416 0.123515 0.004751
0.836105 0.123515 0.007126
0.846793 0.123515 0.008314
0.859857 0.123515 0.007126
0.712589 0.124703 0.007126
0.766033 0.124703 0.008314
0.802850 0.124703 0.007126
0.608076 0.125891 0.004751
0.648456 0.125891 0.005938
0.656770 0.125891 0.004751
0.723278 0.125891 0.005938
0.737530 0.125891 0.007126
0.748219 0.125891 0.005938
0.527316 0.127078 0.007126
0.538005 0.127078 0.007126
0.548694 0.127078 0.005938
0.558195 0.127078 0.007126
0.571259 0.127078 0.011876
0.578385 0.127078 0.004751
0.587886 0.127078 0.010689
0.600950 0.127078 0.004751
0.618765 0.127078 0.007126
0.630641 0.127078 0.004751
0.637767 0.127078 0.004751
0.509501 0.128266 0.004751
0.516627 0.128266 0.004751
0.450119 0.129454 0.005938
0.495249 0.129454 0.005938
0.440618 0.130641 0.008314
0.459620 0.130641 0.004751
0.477435 0.130641 0.013064
0.485748 0.130641 0.004751
0.406176 0.131829 0.007126
0.467933 0.131829 0.005938
0.229216 0.133017 0.004751
0.238717 0.133017 0.005938
0.271971 0.133017 0.005938
0.282660 0.133017 0.008314
0.395487 0.133017 0.007126
0.416865 0.133017 0.004751
0.185273 0.134204 0.004751
0.197150 0.134204 0.007126
0.207838 0.134204 0.007126
0.219715 0.134204 0.007126
0.250594 0.134204 0.005938
0.261283 0.134204 0.007126
0.350356 0.134204 0.005938
0.358670 0.134204 0.008314
0.370546 0.134204 0.008314
0.339667 0.135392 0.008314
0.121140 0.136580 0.008314
0.129454 0.136580 0.008314
0.143705 0.136580 0.011876
0.150831 0.136580 0.011876
0.163895 0.136580 0.008314
0.175772 0.136580 0.007126
0.857482 0.137767 0.004751
0.869359 0.137767 0.008314
0.880048 0.137767 0.008314
0.846793 0.138955 0.008314
0.744656 0.140143 0.004751
0.754157 0.140143 0.007126
0.763658 0.140143 0.004751
0.774347 0.140143 0.008314
0.783848 0.140143 0.005938
0.793349 0.140143 0.008314
0.823040 0.140143 0.004751
0.832542 0.140143 0.008314
0.736342 0.141330 0.013064
0.805226 0.141330 0.007126
0.814727 0.141330 0.008314
0.627078 0.142518 0.011876
0.640143 0.142518 0.007126
0.650831 0.142518 0.004751
0.657957 0.142518 0.011876
0.716152 0.142518 0.011876
0.724466 0.142518 0.005938
0.618765 0.143705 0.004751
0.529691 0.144893 0.007126
0.539192 0.144893 0.007126
0.549881 0.144893 0.007126
0.561758 0.144893 0.005938
0.586698 0.144893 0.007126
0.597387 0.144893 0.007126
0.609264 0.144893 0.008314
0.570071 0.146081 0.004751
0.576010 0.146081 0.010689
0.508314 0.147268 0.008314
0.519002 0.147268 0.008314
0.184086 0.148456 0.007126
0.199525 0.148456 0.008314
0.211401 0.148456 0.007126
0.224466 0.148456 0.009501
0.245843 0.148456 0.007126
0.285036 0.148456 0.010689
0.383610 0.148456 0.005938
0.396675 0.148456 0.004751
0.477435 0.148456 0.008314
0.491686 0.148456 0.008314
0.500000 0.148456 0.004751
0.232779 0.149644 0.010689
0.260095 0.149644 0.008314
0.270784 0.149644 0.008314
0.343230 0.149644 0.008314
0.365796 0.149644 0.005938
0.374109 0.149644 0.005938
0.435867 0.149644 0.005938
0.465558 0.149644 0.007126
0.154394 0.150831 0.005938
0.355107 0.150831 0.008314
0.423990 0.150831 0.008314
0.140143 0.152019 0.009501
0.162708 0.152019 0.005938
0.172209 0.152019 0.005938
0.409739 0.152019 0.009501
0.874109 0.152019 0.008314
0.884798 0.152019 0.007126
0.119952 0.153207 0.011876
0.127078 0.153207 0.005938
0.834917 0.154394 0.008314
0.849169 0.154394 0.008314
0.862233 0.154394 0.008314
0.790974 0.155582 0.007126
0.801663 0.155582 0.005938
0.814727 0.155582 0.007126
0.825416 0.155582 0.005938
0.659145 0.156770 0.007126
0.758907 0.156770 0.008314
0.770784 0.156770 0.007126
0.780285 0.156770 0.008314
0.725653 0.157957 0.008314
0.647268 0.159145 0.008314
0.716152 0.159145 0.008314
0.738717 0.159145 0.008314
0.748219 0.159145 0.005938
0.621140 0.160333 0.007126
0.631829 0.160333 0.010689
0.638955 0.160333 0.004751
0.570071 0.161520 0.007126
0.584323 0.161520 0.007126
0.593824 0.161520 0.005938
0.603325 0.161520 0.005938
0.611639 0.161520 0.005938
0.540380 0.162708 0.007126
0.527316 0.163895 0.007126
0.551069 0.163895 0.005938
0.560570 0.163895 0.007126
0.279097 0.165083 0.008314
0.490499 0.165083 0.005938
0.498812 0.165083 0.013064
0.508314 0.165083 0.004751
0.516627 0.165083 0.013064
0.184086 0.166271 0.007126
0.194774 0.166271 0.008314
0.216152 0.166271 0.007126
0.224466 0.166271 0.007126
0.236342 0.166271 0.008314
0.247031 0.166271 0.007126
0.257720 0.166271 0.005938
0.268409 0.166271 0.008314
0.286223 0.166271 0.009501
0.338480 0.166271 0.008314
0.347981 0.166271 0.008314
0.381235 0.166271 0.007126
0.390736 0.166271 0.004751
0.404988 0.166271 0.008314
0.418052 0.166271 0.005938
0.426366 0.166271 0.004751
0.435867 0.166271 0.007126
0.472684 0.166271 0.004751
0.482185 0.166271 0.008314
0.166271 0.167458 0.004751
0.204276 0.167458 0.007126
0.356295 0.167458 0.007126
0.369359 0.167458 0.008314
0.447743 0.167458 0.008314
0.459620 0.167458 0.009501
0.149644 0.168646 0.005938
0.159145 0.168646 0.004751
0.840855 0.168646 0.013064
0.863420 0.168646 0.004751
0.849169 0.169834 0.005938
0.872922 0.169834 0.008314
0.119952 0.171021 0.010689
0.135392 0.172209 0.008314
0.732779 0.173397 0.004751
0.769596 0.173397 0.008314
0.802850 0.173397 0.011876
0.809976 0.173397 0.004751
0.819477 0.173397 0.008314
0.830166 0.173397 0.004751
0.723278 0.174584 0.005938
0.756532 0.174584 0.008314
0.781473 0.174584 0.008314
0.790974 0.174584 0.008314
0.711401 0.175772 0.008314
0.744656 0.175772 0.008314
0.637767 0.176960 0.009501
0.652019 0.176960 0.008314
0.595012 0.178147 0.008314
0.621140 0.178147 0.008314
0.576010 0.179335 0.005938
0.606888 0.179335 0.008314
0.566508 0.180523 0.007126
0.584323 0.180523 0.011876
0.283848 0.181710 0.008314
0.521378 0.181710 0.005938
0.529691 0.181710 0.005938
0.539192 0.181710 0.013064
0.546318 0.181710 0.011876
0.555819 0.181710 0.004751
0.273159 0.182898 0.007126
0.359857 0.182898 0.007126
0.369359 0.182898 0.007126
0.382423 0.182898 0.007126
0.397862 0.182898 0.008314
0.414489 0.182898 0.010689
0.466746 0.182898 0.007126
0.475059 0.182898 0.008314
0.489311 0.182898 0.008314
0.501188 0.182898 0.007126
0.223278 0.184086 0.007126
0.254157 0.184086 0.005938
0.263658 0.184086 0.005938
0.336105 0.184086 0.009501
0.347981 0.184086 0.008314
0.429929 0.184086 0.005938
0.441805 0.184086 0.008314
0.453682 0.184086 0.005938
0.235154 0.185273 0.005938
0.245843 0.185273 0.005938
0.509501 0.185273 0.008314
0.865796 0.185273 0.004751
0.872922 0.185273 0.009501
0.880048 0.185273 0.013064
0.129454 0.186461 0.009501
0.154394 0.186461 0.005938
0.199525 0.186461 0.007126
0.209026 0.186461 0.008314
0.851544 0.186461 0.004751
0.144893 0.187648 0.005938
0.167458 0.187648 0.008314
0.179335 0.187648 0.004751
0.187648 0.187648 0.008314
0.858670 0.187648 0.004751
0.117577 0.188836 0.008314
0.839667 0.188836 0.015439
0.800475 0.191211 0.008314
0.729216 0.192399 0.007126
0.739905 0.192399 0.010689
0.780285 0.192399 0.008314
0.789786 0.192399 0.007126
0.809976 0.192399 0.004751
0.818290 0.192399 0.013064
0.827791 0.192399 0.008314
0.711401 0.193587 0.004751
0.755344 0.193587 0.008314
0.769596 0.193587 0.008314
0.666271 0.194774 0.016627
0.676960 0.194774 0.008314
0.719715 0.194774 0.013064
0.621140 0.195962 0.008314
0.642518 0.195962 0.008314
0.653207 0.195962 0.007126
0.703088 0.195962 0.005938
0.606888 0.197150 0.008314
0.633017 0.197150 0.008314
0.693587 0.197150 0.008314
0.515439 0.198337 0.008314
0.574822 0.198337 0.013064
0.583135 0.198337 0.005938
0.592637 0.198337 0.008314
0.263658 0.199525 0.007126
0.387173 0.199525 0.010689
0.402613 0.199525 0.007126
0.453682 0.199525 0.004751
0.466746 0.199525 0.015439
0.538005 0.199525 0.007126
0.547506 0.199525 0.008314
0.558195 0.199525 0.008314
0.273159 0.200713 0.007126
0.288599 0.200713 0.008314
0.331354 0.200713 0.004751
0.413302 0.200713 0.008314
0.421615 0.200713 0.008314
0.433492 0.200713 0.007126
0.500000 0.200713 0.008314
0.527316 0.200713 0.008314
0.203088 0.201900 0.008314
0.249406 0.201900 0.007126
0.311164 0.201900 0.007126
0.323040 0.201900 0.007126
0.350356 0.201900 0.008314
0.363420 0.201900 0.010689
0.442993 0.201900 0.008314
0.222090 0.203088 0.005938
0.231591 0.203088 0.005938
0.239905 0.203088 0.008314
0.299287 0.203088 0.008314
0.339667 0.203088 0.011876
0.477435 0.203088 0.008314
0.488124 0.203088 0.008314
0.212589 0.204276 0.007126
0.375297 0.204276 0.007126
0.119952 0.205463 0.007126
0.129454 0.206651 0.005938
0.141330 0.206651 0.007126
0.187648 0.206651 0.008314
0.871734 0.206651 0.003563
0.883610 0.206651 0.004751
0.890736 0.206651 0.005938
0.863420 0.209026 0.005938
0.853919 0.210214 0.005938
0.788599 0.212589 0.008314
0.799287 0.212589 0.008314
0.840855 0.212589 0.008314
0.757720 0.213777 0.005938
0.770784 0.213777 0.014252
0.780285 0.213777 0.004751
0.812352 0.213777 0.015439
0.820665 0.213777 0.007126
0.705463 0.214964 0.013064
0.722090 0.214964 0.008314
0.739905 0.214964 0.008314
0.749406 0.214964 0.008314
0.830166 0.214964 0.005938
0.615202 0.216152 0.008314
0.625891 0.216152 0.007126
0.636580 0.216152 0.008314
0.648456 0.216152 0.008314
0.657957 0.216152 0.005938
0.674584 0.216152 0.015439
0.681710 0.216152 0.010689
0.695962 0.216152 0.005938
0.597387 0.217340 0.014252
0.605701 0.217340 0.005938
0.712589 0.217340 0.013064
0.561758 0.218527 0.008314
0.576010 0.218527 0.008314
0.586698 0.218527 0.008314
0.665083 0.218527 0.014252
0.483373 0.219715 0.005938
0.492874 0.219715 0.005938
0.503563 0.219715 0.005938
0.526128 0.219715 0.013064
0.534442 0.219715 0.005938
0.542755 0.219715 0.005938
0.551069 0.219715 0.013064
0.286223 0.220903 0.007126
0.319477 0.220903 0.008314
0.444181 0.220903 0.007126
0.453682 0.220903 0.005938
0.472684 0.220903 0.007126
0.513064 0.220903 0.008314
0.118765 0.222090 0.013064
0.209026 0.222090 0.005938
0.218527 0.222090 0.005938
0.247031 0.222090 0.004751
0.263658 0.222090 0.007126
0.274347 0.222090 0.008314
0.298100 0.222090 0.008314
0.306413 0.222090 0.007126
0.331354 0.222090 0.007126
0.352732 0.222090 0.008314
0.396675 0.222090 0.008314
0.410926 0.222090 0.008314
0.419240 0.222090 0.004751
0.425178 0.222090 0.004751
0.433492 0.222090 0.008314
0.461995 0.222090 0.008314
0.127078 0.223278 0.004751
0.199525 0.223278 0.005938
0.229216 0.223278 0.007126
0.239905 0.223278 0.004751
0.340855 0.223278 0.007126
0.368171 0.223278 0.008314
0.378860 0.223278 0.008314
0.388361 0.223278 0.005938
0.135392 0.224466 0.013064
0.146081 0.224466 0.005938
0.159145 0.224466 0.008314
0.191211 0.224466 0.011876
0.167458 0.225653 0.004751
0.178147 0.225653 0.008314
