0.622328 0.087886 0.008314
0.875297 0.087886 0.008314
0.828979 0.089074 0.004751
0.838480 0.089074 0.008314
0.849169 0.089074 0.007126
0.861045 0.089074 0.008314
0.571259 0.090261 0.005938
0.580760 0.090261 0.007126
0.593824 0.090261 0.009501
0.631829 0.090261 0.005938
0.654394 0.090261 0.005938
0.679335 0.090261 0.008314
0.690024 0.090261 0.005938
0.709026 0.090261 0.008314
0.720903 0.090261 0.013064
0.737530 0.090261 0.007126
0.749406 0.090261 0.005938
0.819477 0.090261 0.007126
0.552257 0.091449 0.007126
0.561758 0.091449 0.007126
0.608076 0.091449 0.008314
0.644893 0.091449 0.008314
0.662708 0.091449 0.005938
0.672209 0.091449 0.005938
0.762470 0.091449 0.007126
0.776722 0.091449 0.008314
0.786223 0.091449 0.005938
0.795724 0.091449 0.007126
0.465558 0.092637 0.004751
0.473872 0.092637 0.008314
0.495249 0.092637 0.008314
0.510689 0.092637 0.008314
0.522565 0.092637 0.008314
0.534442 0.092637 0.007126
0.729216 0.092637 0.005938
0.807601 0.092637 0.007126
0.332542 0.093824 0.008314
0.377672 0.093824 0.008314
0.437055 0.093824 0.005938
0.445368 0.093824 0.005938
0.453682 0.093824 0.015439
0.484561 0.093824 0.008314
0.238717 0.095012 0.008314
0.269596 0.095012 0.007126
0.296912 0.095012 0.007126
0.308789 0.095012 0.008314
0.362233 0.095012 0.008314
0.388361 0.095012 0.005938
0.396675 0.095012 0.008314
0.408551 0.095012 0.007126
0.419240 0.095012 0.004751
0.427553 0.095012 0.005938
0.180523 0.096200 0.007126
0.191211 0.096200 0.005938
0.210214 0.096200 0.008314
0.250594 0.096200 0.005938
0.258907 0.096200 0.008314
0.282660 0.096200 0.007126
0.321853 0.096200 0.005938
0.143705 0.097387 0.004751
0.160333 0.097387 0.005938
0.200713 0.097387 0.008314
0.222090 0.097387 0.009501
0.129454 0.098575 0.007126
0.150831 0.098575 0.004751
0.171021 0.098575 0.008314
0.827791 0.102138 0.007126
0.876485 0.102138 0.007126
0.838480 0.103325 0.005938
0.858670 0.103325 0.004751
0.865796 0.103325 0.005938
0.744656 0.104513 0.009501
0.849169 0.104513 0.005938
0.630641 0.105701 0.005938
0.644893 0.105701 0.008314
0.655582 0.105701 0.007126
0.666271 0.105701 0.005938
0.675772 0.105701 0.004751
0.694774 0.105701 0.007126
0.705463 0.105701 0.005938
0.717340 0.105701 0.008314
0.730404 0.105701 0.008314
0.757720 0.105701 0.007126
0.767221 0.105701 0.008314
0.781473 0.105701 0.010689
0.788599 0.105701 0.004751
0.798100 0.105701 0.007126
0.808789 0.105701 0.007126
0.819477 0.105701 0.008314
0.521378 0.106888 0.008314
0.530879 0.106888 0.004751
0.539192 0.106888 0.004751
0.557007 0.106888 0.011876
0.564133 0.106888 0.004751
0.572447 0.106888 0.004751
0.586698 0.106888 0.005938
0.610451 0.106888 0.007126
0.619952 0.106888 0.005938
0.682898 0.106888 0.010689
0.497625 0.108076 0.007126
0.507126 0.108076 0.005938
0.235154 0.109264 0.010689
0.371734 0.109264 0.010689
0.384798 0.109264 0.004751
0.415677 0.109264 0.007126
0.456057 0.109264 0.007126
0.466746 0.109264 0.008314
0.488124 0.109264 0.004751
0.599762 0.109264 0.007126
0.241093 0.110451 0.007126
0.295724 0.110451 0.009501
0.309976 0.110451 0.008314
0.334917 0.110451 0.007126
0.345606 0.110451 0.005938
0.355107 0.110451 0.005938
0.363420 0.110451 0.005938
0.393112 0.110451 0.010689
0.404988 0.110451 0.005938
0.427553 0.110451 0.007126
0.442993 0.110451 0.009501
0.477435 0.110451 0.007126
0.187648 0.111639 0.007126
0.249406 0.111639 0.004751
0.258907 0.111639 0.005938
0.269596 0.111639 0.004751
0.277910 0.111639 0.004751
0.153207 0.112827 0.010689
0.167458 0.112827 0.007126
0.219715 0.112827 0.008314
0.136580 0.114014 0.005938
0.178147 0.114014 0.007126
0.128266 0.115202 0.011876
0.876485 0.116390 0.007126
0.865796 0.117577 0.007126
0.833729 0.118765 0.010689
0.840855 0.118765 0.004751
0.849169 0.118765 0.004751
0.657957 0.119952 0.010689
0.823040 0.119952 0.007126
0.857482 0.119952 0.013064
0.675772 0.121140 0.007126
0.685273 0.121140 0.005938
0.717340 0.121140 0.005938
0.729216 0.121140 0.008314
0.737530 0.121140 0.013064
0.776722 0.121140 0.008314
0.812352 0.121140 0.007126
0.599762 0.122328 0.005938
0.640143 0.122328 0.008314
0.650831 0.122328 0.004751
0.665083 0.122328 0.004751
0.695962 0.122328 0.008314
0.755344 0.122328 0.008314
0.767221 0.122328 0.007126
0.789786 0.122328 0.008314
0.560570 0.123515 0.007126
0.577197 0.123515 0.005938
0.591449 0.123515 0.010689
0.617577 0.123515 0.007126
0.630641 0.123515 0.008314
0.706651 0.123515 0.008314
0.311164 0.125891 0.005938
0.325416 0.125891 0.005938
0.447743 0.125891 0.004751
0.515439 0.125891 0.005938
0.523753 0.125891 0.011876
0.542755 0.125891 0.008314
0.552257 0.125891 0.008314
0.201900 0.127078 0.008314
0.249406 0.127078 0.008314
0.257720 0.127078 0.007126
0.267221 0.127078 0.004751
0.280285 0.127078 0.004751
0.288599 0.127078 0.008314
0.345606 0.127078 0.007126
0.376485 0.127078 0.004751
0.384798 0.127078 0.004751
0.458432 0.127078 0.007126
0.473872 0.127078 0.011876
0.483373 0.127078 0.005938
0.495249 0.127078 0.008314
0.507126 0.127078 0.007126
0.179335 0.128266 0.008314
0.191211 0.128266 0.007126
0.218527 0.128266 0.007126
0.229216 0.128266 0.007126
0.241093 0.128266 0.005938
0.300475 0.128266 0.008314
0.355107 0.128266 0.007126
0.394299 0.128266 0.007126
0.434679 0.128266 0.009501
0.404988 0.129454 0.008314
0.166271 0.130641 0.008314
0.152019 0.131829 0.008314
0.125891 0.133017 0.008314
0.138955 0.133017 0.008314
0.875297 0.134204 0.010689
0.850356 0.135392 0.008314
0.861045 0.135392 0.008314
0.838480 0.136580 0.008314
0.821853 0.137767 0.008314
0.596200 0.138955 0.007126
0.653207 0.138955 0.008314
0.667458 0.138955 0.008314
0.712589 0.138955 0.007126
0.723278 0.138955 0.008314
0.733967 0.138955 0.007126
0.758907 0.138955 0.007126
0.769596 0.138955 0.008314
0.782660 0.138955 0.008314
0.811164 0.138955 0.007126
0.586698 0.140143 0.008314
0.608076 0.140143 0.007126
0.617577 0.140143 0.007126
0.633017 0.140143 0.010689
0.643705 0.140143 0.008314
0.748219 0.140143 0.008314
0.793349 0.140143 0.004751
0.802850 0.140143 0.013064
0.454869 0.141330 0.008314
0.250594 0.142518 0.005938
0.260095 0.142518 0.007126
0.270784 0.142518 0.008314
0.281473 0.142518 0.007126
0.535629 0.142518 0.004751
0.545131 0.142518 0.005938
0.554632 0.142518 0.008314
0.566508 0.142518 0.004751
0.574822 0.142518 0.011876
0.224466 0.143705 0.004751
0.232779 0.143705 0.013064
0.242280 0.143705 0.013064
0.401425 0.143705 0.004751
0.409739 0.143705 0.009501
0.434679 0.143705 0.005938
0.445368 0.143705 0.004751
0.466746 0.143705 0.005938
0.511876 0.143705 0.008314
0.524941 0.143705 0.008314
0.213777 0.144893 0.008314
0.423990 0.144893 0.005938
0.477435 0.144893 0.007126
0.490499 0.144893 0.008314
0.500000 0.144893 0.008314
0.190024 0.146081 0.004751
0.161520 0.147268 0.005938
0.199525 0.147268 0.013064
0.152019 0.148456 0.004751
0.171021 0.148456 0.008314
0.181710 0.148456 0.013064
0.123515 0.149644 0.007126
0.136580 0.149644 0.009501
0.859857 0.153207 0.004751
0.868171 0.153207 0.004751
0.875297 0.153207 0.004751
0.847981 0.154394 0.004751
0.817102 0.155582 0.007126
0.828979 0.155582 0.007126
0.838480 0.155582 0.008314
0.716152 0.156770 0.010689
0.787411 0.156770 0.004751
0.795724 0.156770 0.005938
0.805226 0.156770 0.007126
0.617577 0.157957 0.007126
0.628266 0.157957 0.008314
0.732779 0.157957 0.008314
0.755344 0.157957 0.008314
0.766033 0.157957 0.008314
0.777910 0.157957 0.007126
0.283848 0.159145 0.008314
0.351544 0.159145 0.008314
0.378860 0.159145 0.008314
0.414489 0.159145 0.010689
0.431116 0.159145 0.008314
0.441805 0.159145 0.007126
0.595012 0.159145 0.007126
0.606888 0.159145 0.007126
0.743468 0.159145 0.008314
0.273159 0.160333 0.004751
0.339667 0.160333 0.008314
0.390736 0.160333 0.005938
0.541568 0.160333 0.008314
0.561758 0.160333 0.008314
0.572447 0.160333 0.005938
0.580760 0.160333 0.008314
0.260095 0.161520 0.008314
0.453682 0.161520 0.007126
0.461995 0.161520 0.007126
0.472684 0.161520 0.008314
0.486936 0.161520 0.007126
0.495249 0.161520 0.004751
0.504751 0.161520 0.005938
0.514252 0.161520 0.008314
0.529691 0.161520 0.008314
0.243468 0.162708 0.008314
0.232779 0.163895 0.008314
0.222090 0.165083 0.005938
0.133017 0.166271 0.005938
0.142518 0.166271 0.008314
0.186461 0.166271 0.004751
0.203088 0.166271 0.005938
0.212589 0.166271 0.008314
0.154394 0.167458 0.008314
0.178147 0.167458 0.008314
0.194774 0.167458 0.013064
0.858670 0.167458 0.008314
0.869359 0.167458 0.007126
0.880048 0.167458 0.008314
0.166271 0.168646 0.008314
0.123515 0.169834 0.013064
0.809976 0.169834 0.007126
0.845606 0.169834 0.005938
0.776722 0.171021 0.004751
0.785036 0.171021 0.007126
0.798100 0.171021 0.005938
0.825416 0.171021 0.008314
0.836105 0.171021 0.007126
0.770784 0.172209 0.008314
0.758907 0.173397 0.008314
0.610451 0.174584 0.007126
0.619952 0.174584 0.008314
0.631829 0.174584 0.008314
0.643705 0.174584 0.007126
0.655582 0.174584 0.007126
0.712589 0.174584 0.008314
0.723278 0.174584 0.008314
0.731591 0.174584 0.004751
0.387173 0.175772 0.004751
0.565321 0.175772 0.011876
0.577197 0.175772 0.008314
0.600950 0.175772 0.005938
0.283848 0.176960 0.008314
0.352732 0.176960 0.004751
0.361045 0.176960 0.004751
0.370546 0.176960 0.005938
0.378860 0.176960 0.007126
0.401425 0.176960 0.004751
0.410926 0.176960 0.007126
0.460808 0.176960 0.009501
0.477435 0.176960 0.007126
0.558195 0.176960 0.010689
0.590261 0.176960 0.007126
0.343230 0.178147 0.005938
0.422803 0.178147 0.009501
0.447743 0.178147 0.008314
0.485748 0.178147 0.007126
0.500000 0.178147 0.008314
0.510689 0.178147 0.007126
0.545131 0.178147 0.008314
0.258907 0.179335 0.008314
0.271971 0.179335 0.008314
0.429929 0.179335 0.011876
0.524941 0.179335 0.008314
0.536817 0.179335 0.008314
0.244656 0.181710 0.008314
0.220903 0.182898 0.007126
0.176960 0.184086 0.005938
0.204276 0.184086 0.008314
0.212589 0.184086 0.013064
0.232779 0.184086 0.008314
0.861045 0.184086 0.010689
0.877672 0.184086 0.005938
0.887173 0.184086 0.005938
0.156770 0.185273 0.007126
0.167458 0.185273 0.005938
0.598575 0.185273 0.007126
0.831354 0.185273 0.008314
0.868171 0.185273 0.004751
0.131829 0.186461 0.007126
0.143705 0.186461 0.005938
0.845606 0.186461 0.008314
0.121140 0.187648 0.007126
0.587886 0.187648 0.003563
0.762470 0.187648 0.007126
0.771971 0.187648 0.008314
0.783848 0.187648 0.008314
0.821853 0.187648 0.004751
0.741093 0.188836 0.007126
0.750594 0.188836 0.010689
0.796912 0.188836 0.008314
0.812352 0.188836 0.008314
0.647268 0.190024 0.008314
0.659145 0.190024 0.008314
0.672209 0.190024 0.008314
0.711401 0.190024 0.007126
0.730404 0.190024 0.004751
0.610451 0.191211 0.004751
0.616390 0.191211 0.004751
0.624703 0.191211 0.004751
0.635392 0.191211 0.008314
0.700713 0.191211 0.008314
0.722090 0.191211 0.005938
0.484561 0.192399 0.008314
0.504751 0.192399 0.005938
0.514252 0.192399 0.005938
0.522565 0.192399 0.004751
0.555819 0.192399 0.005938
0.376485 0.193587 0.008314
0.396675 0.193587 0.008314
0.410926 0.193587 0.007126
0.450119 0.193587 0.007126
0.459620 0.193587 0.005938
0.470309 0.193587 0.005938
0.495249 0.193587 0.007126
0.528504 0.193587 0.004751
0.538005 0.193587 0.007126
0.547506 0.193587 0.004751
0.565321 0.193587 0.005938
0.350356 0.194774 0.008314
0.363420 0.194774 0.008314
0.387173 0.194774 0.005938
0.429929 0.194774 0.007126
0.438242 0.194774 0.005938
0.576010 0.194774 0.010689
0.603325 0.194774 0.005938
0.328979 0.195962 0.009501
0.581948 0.195962 0.004751
0.592637 0.195962 0.005938
0.292162 0.197150 0.007126
0.257720 0.198337 0.007126
0.268409 0.198337 0.008314
0.277910 0.198337 0.013064
0.870546 0.198337 0.011876
0.236342 0.199525 0.005938
0.244656 0.199525 0.009501
0.878860 0.199525 0.004751
0.148456 0.200713 0.008314
0.165083 0.200713 0.008314
0.176960 0.200713 0.008314
0.186461 0.200713 0.008314
0.199525 0.200713 0.008314
0.209026 0.200713 0.008314
0.220903 0.200713 0.005938
0.229216 0.200713 0.005938
0.832542 0.200713 0.004751
0.849169 0.200713 0.004751
0.863420 0.200713 0.004751
0.885986 0.200713 0.011876
0.119952 0.201900 0.009501
0.135392 0.201900 0.008314
0.807601 0.201900 0.008314
0.823040 0.201900 0.007126
0.840855 0.201900 0.005938
0.766033 0.203088 0.005938
0.776722 0.203088 0.007126
0.788599 0.203088 0.007126
0.855107 0.203088 0.010689
0.719715 0.204276 0.005938
0.728029 0.204276 0.004751
0.735154 0.204276 0.004751
0.756532 0.204276 0.008314
0.799287 0.204276 0.005938
0.675772 0.205463 0.009501
0.681710 0.205463 0.011876
0.744656 0.205463 0.007126
0.654394 0.206651 0.007126
0.663895 0.206651 0.005938
0.697150 0.206651 0.008314
0.710214 0.206651 0.005938
0.642518 0.207838 0.005938
0.490499 0.209026 0.008314
0.610451 0.209026 0.008314
0.625891 0.209026 0.010689
0.634204 0.209026 0.004751
0.403800 0.210214 0.005938
0.412114 0.210214 0.005938
0.476247 0.210214 0.005938
0.500000 0.210214 0.007126
0.510689 0.210214 0.005938
0.522565 0.210214 0.007126
0.530879 0.210214 0.005938
0.576010 0.210214 0.005938
0.584323 0.210214 0.010689
0.591449 0.210214 0.004751
0.599762 0.210214 0.005938
0.277910 0.211401 0.007126
0.286223 0.211401 0.008314
0.309976 0.211401 0.008314
0.361045 0.211401 0.010689
0.369359 0.211401 0.008314
0.383610 0.211401 0.005938
0.393112 0.211401 0.004751
0.425178 0.211401 0.004751
0.432304 0.211401 0.004751
0.446556 0.211401 0.007126
0.458432 0.211401 0.007126
0.466746 0.211401 0.005938
0.552257 0.211401 0.008314
0.566508 0.211401 0.005938
0.328979 0.212589 0.009501
0.541568 0.212589 0.005938
0.266033 0.213777 0.005938
0.186461 0.214964 0.008314
0.212589 0.214964 0.007126
0.238717 0.214964 0.007126
0.255344 0.214964 0.008314
0.893112 0.214964 0.010689
0.121140 0.216152 0.008314
0.160333 0.216152 0.007126
0.222090 0.216152 0.004751
0.875297 0.216152 0.007126
0.885986 0.216152 0.004751
0.134204 0.217340 0.005938
0.147268 0.217340 0.009501
0.866983 0.217340 0.008314
0.840855 0.218527 0.007126
0.853919 0.218527 0.008314
0.831354 0.219715 0.008314
0.789786 0.220903 0.008314
0.808789 0.220903 0.004751
0.820665 0.220903 0.008314
0.766033 0.222090 0.008314
0.777910 0.222090 0.008314
0.802850 0.222090 0.010689
0.652019 0.223278 0.008314
0.736342 0.223278 0.007126
0.747031 0.223278 0.008314
0.757720 0.223278 0.007126
0.609264 0.224466 0.005938
0.631829 0.224466 0.004751
0.641330 0.224466 0.007126
0.706651 0.224466 0.005938
0.716152 0.224466 0.005938
0.725653 0.224466 0.007126
0.591449 0.225653 0.004751
0.597387 0.225653 0.003563
0.622328 0.225653 0.008314
0.668646 0.225653 0.008314
0.678147 0.225653 0.004751
0.686461 0.225653 0.013064
0.414489 0.226841 0.007126
0.567696 0.226841 0.004751
0.577197 0.226841 0.008314
0.697150 0.226841 0.007126
0.309976 0.228029 0.010689
0.336105 0.228029 0.004751
0.356295 0.228029 0.008314
0.391924 0.228029 0.007126
0.401425 0.228029 0.010689
0.433492 0.228029 0.008314
0.496437 0.228029 0.008314
0.508314 0.228029 0.008314
0.519002 0.228029 0.008314
0.539192 0.228029 0.008314
0.549881 0.228029 0.007126
0.559382 0.228029 0.013064
0.584323 0.228029 0.011876
0.293349 0.229216 0.005938
0.302850 0.229216 0.004751
0.344418 0.229216 0.008314
0.368171 0.229216 0.005938
0.381235 0.229216 0.009501
0.447743 0.229216 0.007126
0.459620 0.229216 0.007126
0.469121 0.229216 0.008314
0.485748 0.229216 0.008314
0.232779 0.230404 0.005938
0.255344 0.230404 0.008314
0.268409 0.230404 0.008314
0.280285 0.230404 0.008314
0.324228 0.230404 0.008314
0.160333 0.232779 0.004751
0.197150 0.232779 0.007126
0.207838 0.232779 0.008314
0.219715 0.232779 0.008314
0.118765 0.233967 0.013064
0.127078 0.233967 0.007126
0.138955 0.233967 0.007126
0.149644 0.233967 0.008314
0.179335 0.233967 0.015439
0.187648 0.233967 0.004751
0.169834 0.235154 0.008314
