0.851544 0.080760 0.008314
0.863420 0.080760 0.005938
0.757720 0.081948 0.008314
0.780285 0.081948 0.005938
0.840855 0.081948 0.007126
0.872922 0.081948 0.007126
0.731591 0.083135 0.010689
0.738717 0.083135 0.004751
0.748219 0.083135 0.007126
0.769596 0.083135 0.009501
0.790974 0.083135 0.008314
0.805226 0.083135 0.007126
0.831354 0.083135 0.007126
0.662708 0.084323 0.008314
0.671021 0.084323 0.007126
0.680523 0.084323 0.005938
0.818290 0.084323 0.009501
0.635392 0.085511 0.005938
0.647268 0.085511 0.008314
0.693587 0.085511 0.008314
0.704276 0.085511 0.008314
0.719715 0.085511 0.008314
0.507126 0.086698 0.014252
0.536817 0.086698 0.007126
0.548694 0.086698 0.008314
0.571259 0.086698 0.007126
0.581948 0.086698 0.005938
0.599762 0.086698 0.010689
0.605701 0.086698 0.004751
0.615202 0.086698 0.007126
0.625891 0.086698 0.005938
0.434679 0.087886 0.005938
0.445368 0.087886 0.008314
0.497625 0.087886 0.007126
0.560570 0.087886 0.008314
0.407363 0.089074 0.008314
0.457245 0.089074 0.008314
0.466746 0.089074 0.004751
0.486936 0.089074 0.005938
0.515439 0.089074 0.008314
0.524941 0.089074 0.008314
0.590261 0.089074 0.005938
0.382423 0.090261 0.008314
0.396675 0.090261 0.008314
0.422803 0.090261 0.010689
0.476247 0.090261 0.007126
0.362233 0.091449 0.013064
0.371734 0.091449 0.004751
0.169834 0.092637 0.005938
0.179335 0.092637 0.004751
0.199525 0.092637 0.010689
0.212589 0.092637 0.008314
0.222090 0.092637 0.008314
0.232779 0.092637 0.005938
0.290974 0.092637 0.007126
0.313539 0.092637 0.004751
0.327791 0.092637 0.004751
0.336105 0.092637 0.005938
0.161520 0.093824 0.004751
0.187648 0.093824 0.011876
0.302850 0.093824 0.007126
0.140143 0.095012 0.004751
0.154394 0.095012 0.004751
0.127078 0.096200 0.009501
0.839667 0.097387 0.008314
0.850356 0.097387 0.004751
0.857482 0.097387 0.004751
0.865796 0.097387 0.004751
0.754157 0.098575 0.005938
0.782660 0.098575 0.004751
0.802850 0.098575 0.009501
0.815914 0.098575 0.005938
0.656770 0.099762 0.009501
0.704276 0.099762 0.007126
0.762470 0.099762 0.004751
0.769596 0.099762 0.008314
0.790974 0.099762 0.005938
0.872922 0.099762 0.010689
0.568884 0.100950 0.007126
0.608076 0.100950 0.004751
0.623515 0.100950 0.005938
0.635392 0.100950 0.005938
0.644893 0.100950 0.004751
0.668646 0.100950 0.007126
0.679335 0.100950 0.007126
0.690024 0.100950 0.008314
0.732779 0.100950 0.008314
0.744656 0.100950 0.007126
0.546318 0.102138 0.008314
0.560570 0.102138 0.005938
0.579572 0.102138 0.007126
0.589074 0.102138 0.004751
0.598575 0.102138 0.005938
0.716152 0.102138 0.005938
0.724466 0.102138 0.005938
0.488124 0.103325 0.007126
0.498812 0.103325 0.007126
0.437055 0.104513 0.007126
0.447743 0.104513 0.005938
0.456057 0.104513 0.007126
0.465558 0.104513 0.005938
0.477435 0.104513 0.007126
0.523753 0.104513 0.008314
0.534442 0.104513 0.008314
0.298100 0.105701 0.007126
0.510689 0.105701 0.008314
0.388361 0.106888 0.004751
0.399050 0.106888 0.007126
0.410926 0.106888 0.008314
0.422803 0.106888 0.008314
0.243468 0.108076 0.007126
0.255344 0.108076 0.004751
0.262470 0.108076 0.004751
0.308789 0.108076 0.008314
0.319477 0.108076 0.005938
0.330166 0.108076 0.005938
0.339667 0.108076 0.004751
0.362233 0.108076 0.008314
0.369359 0.108076 0.008314
0.380048 0.108076 0.005938
0.160333 0.109264 0.010689
0.186461 0.109264 0.005938
0.199525 0.109264 0.007126
0.209026 0.109264 0.005938
0.217340 0.109264 0.004751
0.226841 0.109264 0.005938
0.236342 0.109264 0.004751
0.351544 0.109264 0.007126
0.141330 0.110451 0.008314
0.153207 0.110451 0.004751
0.173397 0.110451 0.005938
0.127078 0.111639 0.009501
0.795724 0.114014 0.004751
0.859857 0.114014 0.005938
0.868171 0.114014 0.005938
0.714964 0.115202 0.005938
0.667458 0.116390 0.005938
0.679335 0.116390 0.008314
0.688836 0.116390 0.005938
0.697150 0.116390 0.004751
0.704276 0.116390 0.013064
0.762470 0.116390 0.008314
0.774347 0.116390 0.007126
0.785036 0.116390 0.008314
0.828979 0.116390 0.007126
0.838480 0.116390 0.004751
0.846793 0.116390 0.011876
0.345606 0.117577 0.005938
0.606888 0.117577 0.005938
0.627078 0.117577 0.007126
0.638955 0.117577 0.008314
0.649644 0.117577 0.005938
0.657957 0.117577 0.005938
0.738717 0.117577 0.008314
0.747031 0.117577 0.011876
0.806413 0.117577 0.008314
0.819477 0.117577 0.007126
0.583135 0.118765 0.008314
0.597387 0.118765 0.010689
0.618765 0.118765 0.007126
0.476247 0.119952 0.008314
0.543943 0.119952 0.007126
0.554632 0.119952 0.008314
0.571259 0.119952 0.008314
0.338480 0.121140 0.003563
0.421615 0.121140 0.005938
0.434679 0.121140 0.008314
0.445368 0.121140 0.008314
0.456057 0.121140 0.005938
0.464371 0.121140 0.008314
0.486936 0.121140 0.005938
0.496437 0.121140 0.008314
0.533254 0.121140 0.008314
0.372922 0.122328 0.007126
0.382423 0.122328 0.007126
0.395487 0.122328 0.004751
0.403800 0.122328 0.008314
0.413302 0.122328 0.005938
0.510689 0.122328 0.008314
0.520190 0.122328 0.005938
0.299287 0.123515 0.007126
0.356295 0.123515 0.008314
0.249406 0.124703 0.007126
0.270784 0.124703 0.005938
0.280285 0.124703 0.013064
0.288599 0.124703 0.005938
0.311164 0.124703 0.008314
0.214964 0.125891 0.007126
0.237530 0.125891 0.008314
0.203088 0.127078 0.007126
0.226841 0.127078 0.007126
0.325416 0.127078 0.009501
0.148456 0.128266 0.008314
0.338480 0.128266 0.008314
0.138955 0.129454 0.007126
0.124703 0.130641 0.008314
0.733967 0.133017 0.013064
0.850356 0.133017 0.004751
0.856295 0.133017 0.004751
0.862233 0.133017 0.004751
0.378860 0.134204 0.007126
0.726841 0.134204 0.004751
0.742280 0.134204 0.013064
0.751781 0.134204 0.004751
0.802850 0.134204 0.008314
0.826603 0.134204 0.005938
0.604513 0.135392 0.008314
0.615202 0.135392 0.008314
0.710214 0.135392 0.010689
0.775534 0.135392 0.005938
0.783848 0.135392 0.013064
0.790974 0.135392 0.010689
0.814727 0.135392 0.008314
0.834917 0.135392 0.008314
0.592637 0.136580 0.005938
0.656770 0.136580 0.013064
0.467933 0.137767 0.005938
0.477435 0.137767 0.008314
0.486936 0.137767 0.005938
0.496437 0.137767 0.004751
0.504751 0.137767 0.005938
0.574822 0.137767 0.013064
0.584323 0.137767 0.013064
0.647268 0.137767 0.008314
0.388361 0.138955 0.007126
0.409739 0.138955 0.013064
0.458432 0.138955 0.007126
0.515439 0.138955 0.007126
0.526128 0.138955 0.007126
0.535629 0.138955 0.004751
0.543943 0.138955 0.004751
0.559382 0.138955 0.007126
0.363420 0.140143 0.005938
0.397862 0.140143 0.007126
0.416865 0.140143 0.010689
0.429929 0.140143 0.009501
0.242280 0.141330 0.013064
0.249406 0.141330 0.013064
0.346793 0.141330 0.004751
0.353919 0.141330 0.004751
0.447743 0.141330 0.008314
0.188836 0.142518 0.008314
0.231591 0.142518 0.007126
0.260095 0.142518 0.005938
0.269596 0.142518 0.005938
0.277910 0.142518 0.008314
0.288599 0.142518 0.008314
0.337292 0.143705 0.008314
0.124703 0.147268 0.010689
0.131829 0.147268 0.004751
0.859857 0.149644 0.007126
0.869359 0.150831 0.013064
0.712589 0.152019 0.008314
0.718527 0.152019 0.004751
0.786223 0.152019 0.010689
0.793349 0.152019 0.004751
0.809976 0.152019 0.003563
0.834917 0.152019 0.007126
0.846793 0.152019 0.010689
0.736342 0.153207 0.008314
0.744656 0.153207 0.008314
0.771971 0.153207 0.008314
0.801663 0.153207 0.005938
0.823040 0.153207 0.010689
0.514252 0.154394 0.005938
0.555819 0.154394 0.007126
0.464371 0.155582 0.008314
0.476247 0.155582 0.007126
0.486936 0.155582 0.004751
0.495249 0.155582 0.005938
0.504751 0.155582 0.007126
0.622328 0.155582 0.007126
0.631829 0.155582 0.004751
0.638955 0.155582 0.008314
0.652019 0.155582 0.008314
0.401425 0.156770 0.008314
0.437055 0.156770 0.007126
0.447743 0.156770 0.005938
0.456057 0.156770 0.004751
0.521378 0.156770 0.010689
0.533254 0.156770 0.005938
0.543943 0.156770 0.005938
0.565321 0.156770 0.007126
0.576010 0.156770 0.005938
0.585511 0.156770 0.008314
0.610451 0.156770 0.008314
0.357482 0.157957 0.011876
0.365796 0.157957 0.004751
0.381235 0.157957 0.011876
0.393112 0.157957 0.005938
0.410926 0.157957 0.008314
0.425178 0.157957 0.008314
0.599762 0.157957 0.008314
0.247031 0.159145 0.010689
0.210214 0.160333 0.005938
0.220903 0.160333 0.007126
0.231591 0.160333 0.008314
0.552257 0.160333 0.007126
0.200713 0.161520 0.008314
0.149644 0.162708 0.014252
0.168646 0.162708 0.007126
0.186461 0.162708 0.013064
0.159145 0.163895 0.007126
0.176960 0.163895 0.007126
0.711401 0.163895 0.007126
0.124703 0.165083 0.008314
0.135392 0.165083 0.007126
0.864608 0.165083 0.004751
0.742280 0.166271 0.008314
0.722090 0.167458 0.007126
0.849169 0.167458 0.011876
0.731591 0.168646 0.008314
0.795724 0.168646 0.008314
0.807601 0.168646 0.007126
0.826603 0.168646 0.004751
0.834917 0.168646 0.004751
0.757720 0.169834 0.005938
0.771971 0.169834 0.009501
0.785036 0.169834 0.008314
0.818290 0.169834 0.005938
0.842043 0.169834 0.010689
0.490499 0.172209 0.008314
0.653207 0.172209 0.004751
0.427553 0.173397 0.004751
0.479810 0.173397 0.005938
0.515439 0.173397 0.008314
0.602138 0.173397 0.005938
0.611639 0.173397 0.004751
0.621140 0.173397 0.005938
0.631829 0.173397 0.008314
0.643705 0.173397 0.008314
0.382423 0.174584 0.008314
0.402613 0.174584 0.005938
0.414489 0.174584 0.010689
0.438242 0.174584 0.008314
0.447743 0.174584 0.007126
0.458432 0.174584 0.004751
0.505938 0.174584 0.008314
0.528504 0.174584 0.008314
0.578385 0.174584 0.007126
0.589074 0.174584 0.007126
0.363420 0.175772 0.011876
0.391924 0.175772 0.008314
0.541568 0.175772 0.008314
0.567696 0.175772 0.008314
0.344418 0.176960 0.005938
0.352732 0.176960 0.005938
0.555819 0.176960 0.008314
0.217340 0.178147 0.008314
0.226841 0.178147 0.005938
0.279097 0.178147 0.004751
0.289786 0.178147 0.007126
0.333729 0.178147 0.008314
0.179335 0.179335 0.008314
0.192399 0.179335 0.007126
0.203088 0.179335 0.005938
0.242280 0.179335 0.008314
0.256532 0.179335 0.007126
0.269596 0.179335 0.008314
0.167458 0.180523 0.008314
0.122328 0.182898 0.008314
0.135392 0.182898 0.004751
0.143705 0.182898 0.008314
0.837292 0.184086 0.010689
0.853919 0.185273 0.005938
0.863420 0.185273 0.013064
0.814727 0.187648 0.005938
0.825416 0.187648 0.005938
0.711401 0.188836 0.008314
0.785036 0.188836 0.008314
0.804038 0.188836 0.007126
0.581948 0.190024 0.007126
0.660333 0.190024 0.007126
0.750594 0.190024 0.007126
0.761283 0.190024 0.004751
0.773159 0.190024 0.008314
0.478622 0.191211 0.007126
0.486936 0.191211 0.007126
0.496437 0.191211 0.005938
0.508314 0.191211 0.007126
0.562945 0.191211 0.004751
0.591449 0.191211 0.007126
0.602138 0.191211 0.008314
0.630641 0.191211 0.004751
0.649644 0.191211 0.007126
0.668646 0.191211 0.004751
0.674584 0.191211 0.004751
0.735154 0.191211 0.004751
0.442993 0.192399 0.008314
0.453682 0.192399 0.010689
0.467933 0.192399 0.007126
0.519002 0.192399 0.007126
0.529691 0.192399 0.007126
0.542755 0.192399 0.008314
0.553444 0.192399 0.005938
0.572447 0.192399 0.008314
0.610451 0.192399 0.007126
0.621140 0.192399 0.005938
0.640143 0.192399 0.005938
0.419240 0.193587 0.005938
0.429929 0.193587 0.008314
0.724466 0.193587 0.008314
0.353919 0.194774 0.008314
0.364608 0.194774 0.007126
0.409739 0.194774 0.008314
0.147268 0.195962 0.005938
0.235154 0.195962 0.007126
0.244656 0.195962 0.004751
0.254157 0.195962 0.013064
0.328979 0.195962 0.008314
0.340855 0.195962 0.005938
0.375297 0.195962 0.007126
0.384798 0.195962 0.007126
0.395487 0.195962 0.010689
0.138955 0.197150 0.005938
0.181710 0.197150 0.007126
0.192399 0.197150 0.008314
0.203088 0.197150 0.007126
0.268409 0.197150 0.008314
0.281473 0.197150 0.008314
0.292162 0.197150 0.008314
0.129454 0.198337 0.005938
0.154394 0.198337 0.005938
0.163895 0.198337 0.013064
0.216152 0.198337 0.011876
0.119952 0.199525 0.008314
0.809976 0.203088 0.007126
0.832542 0.203088 0.007126
0.789786 0.204276 0.008314
0.800475 0.204276 0.007126
0.752969 0.205463 0.005938
0.764846 0.205463 0.008314
0.776722 0.205463 0.008314
0.821853 0.205463 0.008314
0.662708 0.206651 0.007126
0.687648 0.206651 0.008314
0.718527 0.206651 0.007126
0.743468 0.206651 0.007126
0.572447 0.207838 0.008314
0.581948 0.207838 0.004751
0.593824 0.207838 0.008314
0.602138 0.207838 0.011876
0.621140 0.207838 0.007126
0.630641 0.207838 0.008314
0.640143 0.207838 0.008314
0.650831 0.207838 0.005938
0.731591 0.207838 0.008314
0.548694 0.209026 0.008314
0.560570 0.209026 0.008314
0.610451 0.209026 0.004751
0.434679 0.210214 0.007126
0.467933 0.210214 0.007126
0.478622 0.210214 0.005938
0.505938 0.210214 0.008314
0.539192 0.210214 0.005938
0.445368 0.211401 0.005938
0.454869 0.211401 0.007126
0.515439 0.211401 0.007126
0.527316 0.211401 0.008314
0.423990 0.212589 0.007126
0.486936 0.212589 0.010689
0.199525 0.213777 0.005938
0.209026 0.213777 0.010689
0.254157 0.213777 0.007126
0.263658 0.213777 0.005938
0.274347 0.213777 0.005938
0.283848 0.213777 0.004751
0.292162 0.213777 0.008314
0.302850 0.213777 0.009501
0.332542 0.213777 0.005938
0.350356 0.213777 0.004751
0.357482 0.213777 0.011876
0.365796 0.213777 0.007126
0.375297 0.213777 0.004751
0.382423 0.213777 0.008314
0.394299 0.213777 0.007126
0.408551 0.213777 0.010689
0.414489 0.213777 0.013064
0.146081 0.214964 0.004751
0.166271 0.214964 0.008314
0.188836 0.214964 0.007126
0.220903 0.214964 0.008314
0.231591 0.214964 0.005938
0.243468 0.214964 0.008314
0.119952 0.216152 0.007126
0.133017 0.216152 0.008314
0.154394 0.216152 0.005938
0.176960 0.216152 0.007126
0.340855 0.216152 0.007126
0.863420 0.218527 0.016627
0.870546 0.219715 0.015439
0.785036 0.220903 0.007126
0.795724 0.220903 0.004751
0.805226 0.220903 0.005938
0.814727 0.220903 0.005938
0.826603 0.220903 0.007126
0.837292 0.220903 0.010689
0.850356 0.220903 0.004751
0.754157 0.222090 0.008314
0.767221 0.222090 0.005938
0.775534 0.222090 0.004751
0.844418 0.222090 0.011876
0.684086 0.223278 0.008314
0.718527 0.223278 0.005938
0.736342 0.223278 0.007126
0.744656 0.223278 0.005938
0.589074 0.224466 0.008314
0.648456 0.224466 0.008314
0.656770 0.224466 0.013064
0.672209 0.224466 0.005938
0.726841 0.224466 0.008314
0.469121 0.225653 0.008314
0.488124 0.225653 0.007126
0.574822 0.225653 0.007126
0.599762 0.225653 0.005938
0.610451 0.225653 0.008314
0.623515 0.225653 0.008314
0.635392 0.225653 0.007126
0.478622 0.226841 0.007126
0.498812 0.226841 0.007126
0.542755 0.226841 0.007126
0.553444 0.226841 0.008314
0.564133 0.226841 0.008314
0.423990 0.228029 0.007126
0.447743 0.228029 0.005938
0.456057 0.228029 0.011876
0.510689 0.228029 0.008314
0.521378 0.228029 0.007126
0.532067 0.228029 0.008314
0.270784 0.229216 0.005938
0.294537 0.229216 0.007126
0.336105 0.229216 0.007126
0.355107 0.229216 0.007126
0.403800 0.229216 0.007126
0.413302 0.229216 0.007126
0.435867 0.229216 0.008314
0.136580 0.230404 0.004751
0.142518 0.230404 0.008314
0.248219 0.230404 0.008314
0.257720 0.230404 0.008314
0.279097 0.230404 0.013064
0.305226 0.230404 0.008314
0.319477 0.230404 0.013064
0.345606 0.230404 0.008314
0.368171 0.230404 0.007126
0.380048 0.230404 0.008314
0.118765 0.231591 0.007126
0.129454 0.231591 0.005938
0.153207 0.231591 0.004751
0.172209 0.231591 0.010689
0.187648 0.231591 0.005938
0.214964 0.231591 0.008314
0.225653 0.231591 0.007126
0.235154 0.231591 0.005938
0.161520 0.232779 0.008314
0.200713 0.232779 0.008314
0.326603 0.232779 0.013064