0.315914 0.000000 0.011876
0.362233 0.000000 0.011876
0.380048 0.000000 0.011876
0.294537 0.001188 0.010689
0.941805 0.002375 0.019002
0.647268 0.008314 0.032067
0.719715 0.008314 0.020190
0.846793 0.008314 0.024941
0.755344 0.010689 0.013064
0.771971 0.010689 0.029691
0.817102 0.010689 0.013064
0.631829 0.011876 0.020190
0.880048 0.011876 0.013064
0.692399 0.013064 0.013064
0.406176 0.019002 0.023753
0.372922 0.020190 0.013064
0.309976 0.021378 0.013064
0.438242 0.021378 0.017815
0.247031 0.022565 0.016627
0.332542 0.022565 0.020190
0.184086 0.023753 0.014252
0.218527 0.024941 0.019002
0.260095 0.024941 0.023753
0.750594 0.043943 0.013064
0.842043 0.043943 0.008314
0.821853 0.045131 0.008314
0.833729 0.045131 0.005938
0.856295 0.045131 0.008314
0.637767 0.046318 0.005938
0.758907 0.046318 0.005938
0.767221 0.046318 0.004751
0.782660 0.046318 0.005938
0.793349 0.046318 0.008314
0.801663 0.046318 0.004751
0.869359 0.046318 0.008314
0.573634 0.047506 0.004751
0.628266 0.047506 0.008314
0.649644 0.047506 0.008314
0.663895 0.047506 0.010689
0.678147 0.047506 0.004751
0.685273 0.047506 0.010689
0.699525 0.047506 0.008314
0.709026 0.047506 0.004751
0.717340 0.047506 0.004751
0.724466 0.047506 0.004751
0.730404 0.047506 0.004751
0.738717 0.047506 0.005938
0.809976 0.047506 0.008314
0.483373 0.048694 0.007126
0.497625 0.048694 0.007126
0.508314 0.048694 0.008314
0.532067 0.048694 0.007126
0.542755 0.048694 0.008314
0.581948 0.048694 0.011876
0.589074 0.048694 0.004751
0.600950 0.048694 0.013064
0.618765 0.048694 0.007126
0.406176 0.049881 0.004751
0.466746 0.049881 0.005938
0.475059 0.049881 0.004751
0.521378 0.049881 0.004751
0.552257 0.049881 0.007126
0.564133 0.049881 0.007126
0.608076 0.049881 0.004751
0.399050 0.051069 0.005938
0.416865 0.051069 0.008314
0.426366 0.051069 0.004751
0.434679 0.051069 0.005938
0.456057 0.051069 0.007126
0.349169 0.052257 0.008314
0.358670 0.052257 0.005938
0.366983 0.052257 0.007126
0.378860 0.052257 0.008314
0.388361 0.052257 0.007126
0.444181 0.052257 0.007126
0.174584 0.053444 0.004751
0.194774 0.053444 0.005938
0.225653 0.053444 0.008314
0.236342 0.053444 0.005938
0.245843 0.053444 0.004751
0.304038 0.053444 0.004751
0.324228 0.053444 0.008314
0.334917 0.053444 0.007126
0.154394 0.054632 0.008314
0.165083 0.054632 0.005938
0.184086 0.054632 0.007126
0.206651 0.054632 0.007126
0.216152 0.054632 0.005938
0.263658 0.054632 0.008314
0.275534 0.054632 0.005938
0.283848 0.054632 0.005938
0.294537 0.054632 0.007126
0.131829 0.055819 0.008314
0.142518 0.055819 0.007126
0.780285 0.060570 0.004751
0.865796 0.060570 0.007126
0.770784 0.061758 0.007126
0.788599 0.061758 0.007126
0.825416 0.061758 0.004751
0.840855 0.061758 0.010689
0.853919 0.061758 0.007126
0.681710 0.062945 0.004751
0.758907 0.062945 0.007126
0.809976 0.062945 0.005938
0.818290 0.062945 0.004751
0.624703 0.064133 0.004751
0.634204 0.064133 0.007126
0.646081 0.064133 0.005938
0.655582 0.064133 0.004751
0.663895 0.064133 0.005938
0.704276 0.064133 0.008314
0.739905 0.064133 0.005938
0.748219 0.064133 0.008314
0.800475 0.064133 0.007126
0.473872 0.065321 0.008314
0.484561 0.065321 0.007126
0.527316 0.065321 0.007126
0.536817 0.065321 0.008314
0.549881 0.065321 0.005938
0.560570 0.065321 0.007126
0.570071 0.065321 0.005938
0.578385 0.065321 0.004751
0.614014 0.065321 0.008314
0.672209 0.065321 0.007126
0.718527 0.065321 0.008314
0.729216 0.065321 0.007126
0.391924 0.066508 0.007126
0.426366 0.066508 0.008314
0.494062 0.066508 0.007126
0.505938 0.066508 0.008314
0.515439 0.066508 0.008314
0.584323 0.066508 0.009501
0.600950 0.066508 0.007126
0.779097 0.066508 0.004751
0.260095 0.067696 0.008314
0.372922 0.067696 0.005938
0.382423 0.067696 0.004751
0.402613 0.067696 0.005938
0.410926 0.067696 0.004751
0.418052 0.067696 0.005938
0.438242 0.067696 0.004751
0.445368 0.067696 0.004751
0.461995 0.067696 0.005938
0.188836 0.068884 0.008314
0.200713 0.068884 0.008314
0.235154 0.068884 0.009501
0.248219 0.068884 0.009501
0.267221 0.068884 0.004751
0.289786 0.068884 0.005938
0.298100 0.068884 0.005938
0.171021 0.070071 0.005938
0.179335 0.070071 0.004751
0.216152 0.070071 0.010689
0.277910 0.070071 0.008314
0.308789 0.070071 0.013064
0.325416 0.070071 0.008314
0.337292 0.070071 0.007126
0.347981 0.070071 0.007126
0.359857 0.070071 0.008314
0.143705 0.071259 0.008314
0.160333 0.071259 0.005938
0.134204 0.072447 0.008314
0.150831 0.072447 0.004751
0.858670 0.074822 0.008314
0.870546 0.074822 0.008314
0.845606 0.077197 0.008314
0.687648 0.078385 0.007126
0.762470 0.078385 0.004751
0.775534 0.078385 0.004751
0.787411 0.078385 0.008314
0.807601 0.078385 0.005938
0.817102 0.078385 0.004751
0.831354 0.078385 0.009501
0.611639 0.079572 0.007126
0.622328 0.079572 0.005938
0.631829 0.079572 0.005938
0.650831 0.079572 0.007126
0.665083 0.079572 0.008314
0.675772 0.079572 0.008314
0.699525 0.079572 0.008314
0.713777 0.079572 0.004751
0.719715 0.079572 0.004751
0.728029 0.079572 0.008314
0.741093 0.079572 0.008314
0.752969 0.079572 0.008314
0.796912 0.079572 0.005938
0.600950 0.080760 0.004751
0.640143 0.080760 0.005938
0.475059 0.081948 0.011876
0.548694 0.081948 0.007126
0.571259 0.081948 0.004751
0.581948 0.081948 0.007126
0.592637 0.081948 0.008314
0.266033 0.083135 0.008314
0.401425 0.083135 0.008314
0.467933 0.083135 0.004751
0.484561 0.083135 0.007126
0.496437 0.083135 0.008314
0.507126 0.083135 0.005938
0.517815 0.083135 0.005938
0.527316 0.083135 0.010689
0.539192 0.083135 0.008314
0.560570 0.083135 0.005938
0.192399 0.084323 0.005938
0.200713 0.084323 0.005938
0.210214 0.084323 0.008314
0.243468 0.084323 0.007126
0.252969 0.084323 0.008314
0.279097 0.084323 0.005938
0.287411 0.084323 0.008314
0.340855 0.084323 0.007126
0.380048 0.084323 0.007126
0.388361 0.084323 0.007126
0.454869 0.084323 0.009501
0.228029 0.085511 0.009501
0.328979 0.085511 0.008314
0.350356 0.085511 0.008314
0.359857 0.085511 0.005938
0.369359 0.085511 0.005938
0.415677 0.085511 0.009501
0.429929 0.085511 0.007126
0.440618 0.085511 0.004751
0.447743 0.085511 0.004751
0.173397 0.086698 0.005938
0.181710 0.086698 0.009501
0.128266 0.087886 0.013064
0.161520 0.087886 0.005938
0.149644 0.089074 0.008314
0.135392 0.091449 0.011876
0.874109 0.091449 0.009501
0.842043 0.092637 0.004751
0.858670 0.092637 0.005938
0.866983 0.092637 0.005938
0.751781 0.093824 0.007126
0.764846 0.093824 0.009501
0.787411 0.093824 0.007126
0.823040 0.093824 0.008314
0.833729 0.093824 0.007126
0.849169 0.093824 0.005938
0.628266 0.095012 0.008314
0.714964 0.095012 0.007126
0.741093 0.095012 0.008314
0.799287 0.095012 0.007126
0.643705 0.096200 0.008314
0.652019 0.096200 0.007126
0.809976 0.096200 0.008314
0.098575 0.097387 0.015439
0.602138 0.097387 0.004751
0.610451 0.097387 0.011876
0.269596 0.098575 0.008314
0.277910 0.098575 0.008314
0.479810 0.098575 0.004751
0.534442 0.098575 0.008314
0.551069 0.098575 0.004751
0.584323 0.098575 0.005938
0.593824 0.098575 0.005938
0.260095 0.099762 0.005938
0.339667 0.099762 0.008314
0.349169 0.099762 0.004751
0.375297 0.099762 0.005938
0.384798 0.099762 0.005938
0.402613 0.099762 0.004751
0.410926 0.099762 0.004751
0.439430 0.099762 0.005938
0.450119 0.099762 0.005938
0.459620 0.099762 0.007126
0.471496 0.099762 0.005938
0.495249 0.099762 0.004751
0.515439 0.099762 0.011876
0.543943 0.099762 0.004751
0.559382 0.099762 0.010689
0.574822 0.099762 0.007126
0.188836 0.100950 0.008314
0.201900 0.100950 0.013064
0.223278 0.100950 0.007126
0.236342 0.100950 0.007126
0.245843 0.100950 0.004751
0.366983 0.100950 0.007126
0.394299 0.100950 0.008314
0.420428 0.100950 0.008314
0.429929 0.100950 0.007126
0.505938 0.100950 0.007126
0.211401 0.102138 0.007126
0.356295 0.102138 0.008314
0.171021 0.103325 0.013064
0.096200 0.104513 0.004751
0.160333 0.104513 0.008314
0.136580 0.105701 0.005938
0.147268 0.105701 0.005938
0.127078 0.106888 0.005938
0.782660 0.108076 0.008314
0.868171 0.108076 0.008314
0.857482 0.109264 0.011876
0.743468 0.110451 0.008314
0.751781 0.110451 0.004751
0.761283 0.110451 0.005938
0.770784 0.110451 0.004751
0.831354 0.110451 0.005938
0.842043 0.110451 0.008314
0.850356 0.110451 0.004751
0.719715 0.111639 0.008314
0.732779 0.111639 0.008314
0.794537 0.111639 0.013064
0.802850 0.111639 0.004751
0.811164 0.111639 0.008314
0.821853 0.111639 0.005938
0.271971 0.114014 0.007126
0.282660 0.114014 0.013064
0.458432 0.114014 0.008314
0.578385 0.114014 0.007126
0.590261 0.114014 0.008314
0.631829 0.114014 0.005938
0.643705 0.114014 0.008314
0.656770 0.114014 0.008314
0.450119 0.115202 0.005938
0.467933 0.115202 0.005938
0.478622 0.115202 0.005938
0.486936 0.115202 0.005938
0.566508 0.115202 0.008314
0.599762 0.115202 0.007126
0.214964 0.116390 0.008314
0.248219 0.116390 0.008314
0.261283 0.116390 0.008314
0.340855 0.116390 0.008314
0.352732 0.116390 0.007126
0.362233 0.116390 0.004751
0.370546 0.116390 0.005938
0.381235 0.116390 0.007126
0.394299 0.116390 0.007126
0.427553 0.116390 0.004751
0.440618 0.116390 0.008314
0.503563 0.116390 0.009501
0.515439 0.116390 0.005938
0.527316 0.116390 0.007126
0.547506 0.116390 0.004751
0.619952 0.116390 0.008314
0.235154 0.117577 0.008314
0.406176 0.117577 0.008314
0.419240 0.117577 0.005938
0.538005 0.117577 0.005938
0.554632 0.117577 0.010689
0.097387 0.118765 0.008314
0.192399 0.118765 0.007126
0.224466 0.118765 0.008314
0.143705 0.119952 0.004751
0.150831 0.121140 0.004751
0.159145 0.121140 0.005938
0.172209 0.121140 0.008314
0.182898 0.121140 0.008314
0.125891 0.123515 0.009501
0.875297 0.124703 0.008314
0.852732 0.125891 0.004751
0.863420 0.125891 0.007126
0.828979 0.127078 0.008314
0.840855 0.127078 0.008314
0.817102 0.128266 0.008314
0.788599 0.129454 0.008314
0.799287 0.129454 0.008314
0.808789 0.129454 0.007126
0.741093 0.130641 0.008314
0.749406 0.130641 0.005938
0.758907 0.130641 0.011876
0.777910 0.130641 0.009501
0.477435 0.131829 0.010689
0.524941 0.131829 0.010689
0.638955 0.131829 0.008314
0.660333 0.131829 0.013064
0.707838 0.131829 0.008314
0.719715 0.131829 0.008314
0.730404 0.131829 0.005938
0.382423 0.133017 0.004751
0.464371 0.133017 0.008314
0.498812 0.133017 0.009501
0.510689 0.133017 0.008314
0.564133 0.133017 0.007126
0.605701 0.133017 0.010689
0.616390 0.133017 0.007126
0.627078 0.133017 0.007126
0.277910 0.134204 0.007126
0.287411 0.134204 0.008314
0.366983 0.134204 0.005938
0.375297 0.134204 0.004751
0.412114 0.134204 0.011876
0.420428 0.134204 0.004751
0.429929 0.134204 0.007126
0.441805 0.134204 0.008314
0.454869 0.134204 0.007126
0.540380 0.134204 0.008314
0.553444 0.134204 0.008314
0.577197 0.134204 0.008314
0.590261 0.134204 0.008314
0.268409 0.135392 0.004751
0.336105 0.135392 0.015439
0.346793 0.135392 0.008314
0.356295 0.135392 0.007126
0.260095 0.136580 0.011876
0.205463 0.137767 0.005938
0.214964 0.137767 0.004751
0.222090 0.137767 0.010689
0.233967 0.137767 0.010689
0.251781 0.137767 0.005938
0.140143 0.138955 0.008314
0.152019 0.138955 0.008314
0.178147 0.138955 0.009501
0.184086 0.138955 0.008314
0.195962 0.138955 0.008314
0.811164 0.146081 0.007126
0.836105 0.146081 0.007126
0.849169 0.146081 0.008314
0.859857 0.146081 0.008314
0.770784 0.147268 0.008314
0.798100 0.147268 0.008314
0.824228 0.147268 0.008314
0.755344 0.148456 0.011876
0.779097 0.148456 0.004751
0.787411 0.148456 0.013064
0.622328 0.149644 0.008314
0.744656 0.149644 0.008314
0.287411 0.150831 0.007126
0.464371 0.150831 0.008314
0.477435 0.150831 0.008314
0.490499 0.150831 0.008314
0.500000 0.150831 0.005938
0.510689 0.150831 0.008314
0.553444 0.150831 0.007126
0.573634 0.150831 0.005938
0.637767 0.150831 0.010689
0.688836 0.150831 0.008314
0.699525 0.150831 0.008314
0.710214 0.150831 0.007126
0.725653 0.150831 0.009501
0.433492 0.152019 0.008314
0.444181 0.152019 0.013064
0.519002 0.152019 0.008314
0.528504 0.152019 0.005938
0.540380 0.152019 0.007126
0.562945 0.152019 0.005938
0.586698 0.152019 0.010689
0.610451 0.152019 0.015439
0.654394 0.152019 0.008314
0.666271 0.152019 0.008314
0.674584 0.152019 0.005938
0.262470 0.153207 0.005938
0.273159 0.153207 0.008314
0.331354 0.153207 0.004751
0.404988 0.153207 0.010689
0.412114 0.153207 0.013064
0.422803 0.153207 0.008314
0.163895 0.154394 0.008314
0.178147 0.154394 0.007126
0.201900 0.154394 0.007126
0.214964 0.154394 0.008314
0.228029 0.154394 0.008314
0.241093 0.154394 0.005938
0.250594 0.154394 0.008314
0.188836 0.155582 0.008314
0.359857 0.155582 0.013064
0.368171 0.155582 0.005938
0.377672 0.155582 0.008314
0.391924 0.155582 0.009501
0.140143 0.156770 0.007126
0.153207 0.156770 0.010689
0.302850 0.156770 0.009501
0.314727 0.156770 0.015439
0.125891 0.157957 0.008314
0.855107 0.165083 0.008314
0.872922 0.165083 0.004751
0.878860 0.165083 0.011876
0.844418 0.166271 0.008314
0.864608 0.166271 0.028504
0.808789 0.167458 0.008314
0.749406 0.168646 0.007126
0.764846 0.168646 0.008314
0.796912 0.168646 0.008314
0.819477 0.168646 0.008314
0.738717 0.169834 0.008314
0.779097 0.169834 0.011876
0.785036 0.169834 0.016627
0.678147 0.171021 0.008314
0.688836 0.171021 0.008314
0.699525 0.171021 0.008314
0.710214 0.171021 0.007126
0.720903 0.171021 0.015439
0.728029 0.171021 0.004751
0.591449 0.172209 0.013064
0.623515 0.172209 0.005938
0.633017 0.172209 0.008314
0.650831 0.172209 0.009501
0.662708 0.172209 0.008314
0.552257 0.173397 0.007126
0.562945 0.173397 0.008314
0.573634 0.173397 0.007126
0.585511 0.173397 0.013064
0.603325 0.173397 0.008314
0.614014 0.173397 0.005938
0.146081 0.174584 0.013064
0.175772 0.174584 0.007126
0.185273 0.174584 0.008314
0.199525 0.174584 0.008314
0.211401 0.174584 0.008314
0.263658 0.174584 0.007126
0.301663 0.174584 0.008314
0.401425 0.174584 0.008314
0.419240 0.174584 0.013064
0.480998 0.174584 0.008314
0.492874 0.174584 0.008314
0.519002 0.174584 0.014252
0.527316 0.174584 0.013064
0.539192 0.174584 0.008314
0.138955 0.175772 0.011876
0.154394 0.175772 0.008314
0.165083 0.175772 0.008314
0.239905 0.175772 0.009501
0.251781 0.175772 0.009501
0.280285 0.175772 0.015439
0.353919 0.175772 0.008314
0.389549 0.175772 0.008314
0.433492 0.175772 0.008314
0.446556 0.175772 0.008314
0.457245 0.175772 0.007126
0.469121 0.175772 0.008314
0.508314 0.175772 0.015439
0.127078 0.176960 0.009501
0.289786 0.176960 0.008314
0.317102 0.176960 0.007126
0.343230 0.176960 0.007126
0.375297 0.178147 0.010689
