0.941805 0.004751 0.015439
0.783848 0.008314 0.023753
0.755344 0.009501 0.020190
0.766033 0.010689 0.022565
0.844418 0.010689 0.021378
0.817102 0.011876 0.013064
0.880048 0.011876 0.013064
0.342043 0.017815 0.022565
0.309976 0.021378 0.013064
0.213777 0.022565 0.020190
0.247031 0.022565 0.016627
0.274347 0.022565 0.020190
0.184086 0.023753 0.013064
0.577197 0.039192 0.014252
0.650831 0.039192 0.008314
0.666271 0.039192 0.009501
0.814727 0.039192 0.008314
0.824228 0.039192 0.004751
0.638955 0.040380 0.008314
0.681710 0.040380 0.008314
0.697150 0.040380 0.008314
0.706651 0.040380 0.005938
0.716152 0.040380 0.004751
0.723278 0.040380 0.004751
0.733967 0.040380 0.007126
0.744656 0.040380 0.013064
0.752969 0.040380 0.004751
0.761283 0.040380 0.008314
0.771971 0.040380 0.007126
0.786223 0.040380 0.009501
0.802850 0.040380 0.007126
0.832542 0.040380 0.004751
0.604513 0.041568 0.007126
0.627078 0.041568 0.005938
0.842043 0.041568 0.005938
0.851544 0.041568 0.005938
0.567696 0.042755 0.016627
0.592637 0.042755 0.008314
0.615202 0.042755 0.008314
0.859857 0.042755 0.011876
0.871734 0.042755 0.008314
0.558195 0.043943 0.013064
0.541568 0.045131 0.008314
0.469121 0.046318 0.004751
0.509501 0.046318 0.008314
0.527316 0.046318 0.009501
0.440618 0.047506 0.004751
0.459620 0.047506 0.007126
0.485748 0.047506 0.007126
0.496437 0.047506 0.008314
0.369359 0.048694 0.008314
0.402613 0.048694 0.008314
0.412114 0.048694 0.005938
0.420428 0.048694 0.013064
0.429929 0.048694 0.007126
0.447743 0.048694 0.010689
0.351544 0.049881 0.013064
0.380048 0.049881 0.008314
0.389549 0.049881 0.005938
0.306413 0.051069 0.008314
0.343230 0.051069 0.004751
0.206651 0.052257 0.008314
0.237530 0.052257 0.004751
0.252969 0.052257 0.005938
0.263658 0.052257 0.004751
0.270784 0.052257 0.004751
0.280285 0.052257 0.008314
0.290974 0.052257 0.008314
0.321853 0.052257 0.003563
0.334917 0.052257 0.004751
0.152019 0.053444 0.008314
0.184086 0.053444 0.008314
0.193587 0.053444 0.007126
0.219715 0.053444 0.008314
0.231591 0.053444 0.004751
0.140143 0.054632 0.007126
0.162708 0.054632 0.005938
0.171021 0.054632 0.007126
0.128266 0.055819 0.008314
0.712589 0.055819 0.008314
0.748219 0.055819 0.007126
0.783848 0.055819 0.005938
0.796912 0.055819 0.009501
0.802850 0.055819 0.008314
0.812352 0.055819 0.007126
0.842043 0.055819 0.008314
0.662708 0.057007 0.007126
0.682898 0.057007 0.008314
0.700713 0.057007 0.008314
0.731591 0.057007 0.009501
0.739905 0.057007 0.004751
0.760095 0.057007 0.008314
0.775534 0.057007 0.004751
0.823040 0.057007 0.005938
0.832542 0.057007 0.005938
0.852732 0.057007 0.008314
0.622328 0.058195 0.008314
0.641330 0.058195 0.005938
0.652019 0.058195 0.005938
0.674584 0.058195 0.008314
0.865796 0.058195 0.007126
0.874109 0.058195 0.007126
0.597387 0.059382 0.005938
0.611639 0.059382 0.008314
0.631829 0.059382 0.005938
0.564133 0.060570 0.004751
0.542755 0.061758 0.005938
0.551069 0.061758 0.009501
0.571259 0.061758 0.010689
0.248219 0.065321 0.008314
0.260095 0.065321 0.007126
0.268409 0.065321 0.004751
0.385986 0.065321 0.004751
0.394299 0.065321 0.004751
0.401425 0.065321 0.008314
0.415677 0.065321 0.008314
0.425178 0.065321 0.005938
0.477435 0.065321 0.008314
0.489311 0.065321 0.005938
0.497625 0.065321 0.008314
0.508314 0.065321 0.007126
0.281473 0.066508 0.004751
0.290974 0.066508 0.005938
0.301663 0.066508 0.004751
0.312352 0.066508 0.008314
0.358670 0.066508 0.004751
0.365796 0.066508 0.005938
0.376485 0.066508 0.005938
0.434679 0.066508 0.005938
0.447743 0.066508 0.007126
0.464371 0.066508 0.008314
0.325416 0.067696 0.007126
0.334917 0.067696 0.007126
0.347981 0.067696 0.007126
0.815914 0.067696 0.008314
0.184086 0.068884 0.010689
0.191211 0.068884 0.004751
0.198337 0.068884 0.004751
0.216152 0.068884 0.008314
0.225653 0.068884 0.005938
0.235154 0.068884 0.004751
0.757720 0.068884 0.008314
0.763658 0.068884 0.008314
0.171021 0.070071 0.005938
0.685273 0.070071 0.007126
0.722090 0.070071 0.005938
0.730404 0.070071 0.005938
0.742280 0.070071 0.007126
0.776722 0.070071 0.005938
0.788599 0.070071 0.008314
0.801663 0.070071 0.007126
0.824228 0.070071 0.007126
0.876485 0.070071 0.008314
0.147268 0.071259 0.008314
0.711401 0.071259 0.004751
0.838480 0.071259 0.008314
0.846793 0.071259 0.004751
0.864608 0.071259 0.004751
0.633017 0.072447 0.008314
0.647268 0.072447 0.008314
0.656770 0.072447 0.004751
0.663895 0.072447 0.008314
0.674584 0.072447 0.005938
0.695962 0.072447 0.005938
0.704276 0.072447 0.004751
0.856295 0.072447 0.008314
0.595012 0.073634 0.008314
0.621140 0.073634 0.008314
0.581948 0.074822 0.008314
0.610451 0.074822 0.008314
0.553444 0.076010 0.005938
0.562945 0.076010 0.004751
0.570071 0.076010 0.010689
0.542755 0.077197 0.008314
0.302850 0.078385 0.005938
0.425178 0.078385 0.007126
0.435867 0.078385 0.005938
0.516627 0.078385 0.008314
0.527316 0.078385 0.008314
0.281473 0.079572 0.004751
0.387173 0.079572 0.008314
0.401425 0.079572 0.008314
0.413302 0.079572 0.004751
0.447743 0.079572 0.008314
0.461995 0.079572 0.004751
0.498812 0.079572 0.005938
0.508314 0.079572 0.005938
0.219715 0.080760 0.004751
0.252969 0.080760 0.004751
0.263658 0.080760 0.008314
0.274347 0.080760 0.004751
0.318290 0.080760 0.008314
0.342043 0.080760 0.004751
0.363420 0.080760 0.007126
0.374109 0.080760 0.007126
0.469121 0.080760 0.004751
0.477435 0.080760 0.008314
0.489311 0.080760 0.005938
0.225653 0.081948 0.008314
0.244656 0.081948 0.005938
0.292162 0.081948 0.008314
0.331354 0.081948 0.007126
0.350356 0.081948 0.005938
0.236342 0.083135 0.004751
0.175772 0.084323 0.008314
0.186461 0.084323 0.007126
0.195962 0.084323 0.008314
0.211401 0.084323 0.008314
0.795724 0.084323 0.008314
0.749406 0.085511 0.008314
0.771971 0.085511 0.007126
0.808789 0.085511 0.008314
0.817102 0.085511 0.004751
0.824228 0.085511 0.004751
0.834917 0.085511 0.008314
0.757720 0.086698 0.010689
0.782660 0.086698 0.008314
0.844418 0.086698 0.009501
0.858670 0.086698 0.008314
0.869359 0.086698 0.008314
0.880048 0.086698 0.008314
0.663895 0.087886 0.010689
0.673397 0.087886 0.005938
0.705463 0.087886 0.010689
0.720903 0.087886 0.010689
0.635392 0.089074 0.008314
0.650831 0.089074 0.009501
0.712589 0.089074 0.004751
0.604513 0.090261 0.005938
0.615202 0.090261 0.005938
0.623515 0.090261 0.005938
0.567696 0.091449 0.004751
0.574822 0.091449 0.004751
0.595012 0.091449 0.008314
0.559382 0.092637 0.005938
0.584323 0.092637 0.007126
0.433492 0.093824 0.008314
0.457245 0.093824 0.004751
0.491686 0.093824 0.007126
0.505938 0.093824 0.008314
0.524941 0.093824 0.008314
0.447743 0.095012 0.007126
0.290974 0.096200 0.007126
0.343230 0.096200 0.007126
0.390736 0.096200 0.008314
0.404988 0.096200 0.004751
0.412114 0.096200 0.004751
0.420428 0.096200 0.010689
0.247031 0.097387 0.005938
0.256532 0.097387 0.005938
0.267221 0.097387 0.005938
0.277910 0.097387 0.008314
0.333729 0.097387 0.008314
0.353919 0.097387 0.008314
0.368171 0.097387 0.005938
0.378860 0.097387 0.005938
0.220903 0.098575 0.005938
0.230404 0.098575 0.004751
0.238717 0.098575 0.005938
0.188836 0.099762 0.008314
0.211401 0.099762 0.005938
0.178147 0.100950 0.007126
0.200713 0.100950 0.007126
0.785036 0.100950 0.005938
0.794537 0.100950 0.004751
0.846793 0.100950 0.007126
0.712589 0.102138 0.008314
0.754157 0.102138 0.010689
0.761283 0.102138 0.004751
0.767221 0.102138 0.004751
0.776722 0.102138 0.005938
0.801663 0.102138 0.011876
0.811164 0.102138 0.007126
0.821853 0.102138 0.008314
0.836105 0.102138 0.008314
0.857482 0.102138 0.004751
0.870546 0.102138 0.010689
0.149644 0.103325 0.005938
0.159145 0.103325 0.005938
0.168646 0.103325 0.008314
0.723278 0.103325 0.008314
0.733967 0.103325 0.007126
0.744656 0.103325 0.007126
0.125891 0.104513 0.008314
0.137767 0.104513 0.007126
0.647268 0.104513 0.004751
0.654394 0.104513 0.004751
0.662708 0.104513 0.008314
0.637767 0.105701 0.005938
0.600950 0.106888 0.011876
0.609264 0.106888 0.004751
0.617577 0.106888 0.008314
0.629454 0.106888 0.008314
0.501188 0.108076 0.007126
0.458432 0.109264 0.007126
0.480998 0.109264 0.008314
0.491686 0.109264 0.007126
0.511876 0.109264 0.005938
0.522565 0.109264 0.007126
0.535629 0.109264 0.008314
0.433492 0.110451 0.008314
0.446556 0.110451 0.008314
0.469121 0.110451 0.008314
0.275534 0.111639 0.013064
0.408551 0.111639 0.007126
0.418052 0.111639 0.007126
0.267221 0.112827 0.008314
0.337292 0.112827 0.008314
0.350356 0.112827 0.008314
0.395487 0.112827 0.008314
0.244656 0.114014 0.005938
0.254157 0.114014 0.007126
0.376485 0.114014 0.004751
0.209026 0.115202 0.007126
0.219715 0.115202 0.007126
0.229216 0.115202 0.005938
0.236342 0.115202 0.005938
0.179335 0.116390 0.005938
0.188836 0.116390 0.004751
0.198337 0.116390 0.005938
0.152019 0.117577 0.008314
0.166271 0.117577 0.008314
0.362233 0.117577 0.004751
0.843230 0.117577 0.007126
0.865796 0.117577 0.004751
0.874109 0.117577 0.011876
0.133017 0.118765 0.004751
0.141330 0.118765 0.005938
0.821853 0.118765 0.010689
0.834917 0.118765 0.008314
0.857482 0.118765 0.013064
0.123515 0.119952 0.007126
0.780285 0.119952 0.008314
0.793349 0.119952 0.005938
0.807601 0.119952 0.004751
0.814727 0.119952 0.004751
0.769596 0.121140 0.004751
0.713777 0.122328 0.013064
0.722090 0.122328 0.005938
0.731591 0.122328 0.004751
0.738717 0.122328 0.004751
0.748219 0.122328 0.008314
0.760095 0.122328 0.007126
0.612827 0.124703 0.008314
0.623515 0.124703 0.008314
0.634204 0.124703 0.004751
0.643705 0.124703 0.008314
0.663895 0.124703 0.013064
0.567696 0.125891 0.011876
0.574822 0.125891 0.004751
0.585511 0.125891 0.008314
0.598575 0.125891 0.008314
0.458432 0.127078 0.008314
0.446556 0.128266 0.005938
0.470309 0.128266 0.008314
0.486936 0.128266 0.004751
0.501188 0.128266 0.004751
0.511876 0.128266 0.007126
0.524941 0.128266 0.007126
0.535629 0.128266 0.004751
0.542755 0.128266 0.004751
0.549881 0.128266 0.010689
0.351544 0.129454 0.005938
0.418052 0.129454 0.008314
0.427553 0.129454 0.008314
0.437055 0.129454 0.005938
0.477435 0.129454 0.008314
0.223278 0.130641 0.011876
0.237530 0.130641 0.005938
0.274347 0.130641 0.011876
0.339667 0.130641 0.008314
0.361045 0.130641 0.008314
0.404988 0.130641 0.010689
0.245843 0.131829 0.004751
0.260095 0.131829 0.010689
0.161520 0.133017 0.008314
0.193587 0.133017 0.008314
0.149644 0.134204 0.008314
0.172209 0.134204 0.007126
0.182898 0.134204 0.005938
0.213777 0.134204 0.008314
0.123515 0.135392 0.009501
0.136580 0.135392 0.009501
0.201900 0.136580 0.008314
0.781473 0.136580 0.008314
0.817102 0.136580 0.005938
0.859857 0.136580 0.007126
0.826603 0.137767 0.004751
0.833729 0.137767 0.004751
0.847981 0.137767 0.010689
0.794537 0.138955 0.008314
0.736342 0.140143 0.008314
0.756532 0.140143 0.007126
0.705463 0.141330 0.013064
0.714964 0.141330 0.005938
0.724466 0.141330 0.008314
0.745843 0.141330 0.007126
0.769596 0.141330 0.007126
0.509501 0.143705 0.008314
0.520190 0.143705 0.008314
0.528504 0.143705 0.007126
0.540380 0.143705 0.008314
0.551069 0.143705 0.007126
0.603325 0.143705 0.007126
0.614014 0.143705 0.008314
0.644893 0.143705 0.008314
0.656770 0.143705 0.007126
0.667458 0.143705 0.008314
0.483373 0.144893 0.008314
0.561758 0.144893 0.005938
0.571259 0.144893 0.007126
0.580760 0.144893 0.008314
0.591449 0.144893 0.007126
0.625891 0.144893 0.008314
0.635392 0.144893 0.007126
0.459620 0.146081 0.007126
0.469121 0.146081 0.005938
0.495249 0.146081 0.008314
0.782660 0.146081 0.007126
0.427553 0.147268 0.005938
0.448931 0.147268 0.007126
0.375297 0.148456 0.008314
0.394299 0.148456 0.011876
0.437055 0.148456 0.008314
0.262470 0.149644 0.005938
0.270784 0.149644 0.004751
0.279097 0.149644 0.013064
0.289786 0.149644 0.005938
0.418052 0.149644 0.007126
0.385986 0.150831 0.005938
0.212589 0.152019 0.008314
0.225653 0.152019 0.008314
0.251781 0.152019 0.008314
0.135392 0.153207 0.007126
0.200713 0.153207 0.005938
0.237530 0.153207 0.008314
0.122328 0.154394 0.008314
0.160333 0.154394 0.008314
0.171021 0.154394 0.005938
0.181710 0.154394 0.008314
0.143705 0.156770 0.011876
0.668646 0.157957 0.008314
0.679335 0.157957 0.008314
0.758907 0.157957 0.008314
0.769596 0.157957 0.005938
0.793349 0.157957 0.007126
0.598575 0.159145 0.007126
0.637767 0.159145 0.007126
0.650831 0.159145 0.010689
0.695962 0.159145 0.008314
0.707838 0.159145 0.008314
0.722090 0.159145 0.008314
0.732779 0.159145 0.008314
0.802850 0.159145 0.008314
0.743468 0.160333 0.008314
0.781473 0.160333 0.008314
0.547506 0.161520 0.007126
0.559382 0.161520 0.005938
0.577197 0.161520 0.008314
0.489311 0.162708 0.008314
0.517815 0.162708 0.011876
0.568884 0.162708 0.007126
0.478622 0.163895 0.007126
0.501188 0.163895 0.005938
0.509501 0.163895 0.004751
0.534442 0.163895 0.008314
0.390736 0.165083 0.008314
0.432304 0.165083 0.008314
0.444181 0.165083 0.005938
0.456057 0.165083 0.008314
0.467933 0.165083 0.005938
0.302850 0.166271 0.008314
0.314727 0.166271 0.005938
0.325416 0.166271 0.008314
0.366983 0.166271 0.004751
0.377672 0.166271 0.008314
0.402613 0.166271 0.005938
0.262470 0.168646 0.005938
0.201900 0.169834 0.008314
0.213777 0.169834 0.004751
0.225653 0.169834 0.007126
0.236342 0.169834 0.005938
0.244656 0.169834 0.004751
0.252969 0.169834 0.005938
0.121140 0.171021 0.008314
0.134204 0.171021 0.008314
0.147268 0.171021 0.008314
0.176960 0.171021 0.008314
0.190024 0.171021 0.008314
0.155582 0.172209 0.007126
0.165083 0.172209 0.004751
0.825416 0.172209 0.005938
0.843230 0.172209 0.007126
0.853919 0.172209 0.008314
0.725653 0.174584 0.008314
0.767221 0.174584 0.007126
0.783848 0.174584 0.008314
0.794537 0.174584 0.008314
0.804038 0.174584 0.007126
0.814727 0.174584 0.008314
0.659145 0.175772 0.009501
0.673397 0.175772 0.008314
0.690024 0.175772 0.008314
0.701900 0.175772 0.008314
0.711401 0.175772 0.008314
0.739905 0.175772 0.009501
0.606888 0.176960 0.008314
0.618765 0.176960 0.008314
0.644893 0.176960 0.010689
0.596200 0.178147 0.008314
0.634204 0.178147 0.004751
0.504751 0.180523 0.008314
0.528504 0.180523 0.008314
0.539192 0.180523 0.008314
0.553444 0.180523 0.008314
0.562945 0.180523 0.007126
0.572447 0.180523 0.008314
0.580760 0.180523 0.013064
0.432304 0.181710 0.010689
0.490499 0.181710 0.008314
0.515439 0.181710 0.008314
0.375297 0.182898 0.005938
0.383610 0.182898 0.004751
0.404988 0.182898 0.007126
0.470309 0.182898 0.010689
0.421615 0.184086 0.004751
0.308789 0.185273 0.008314
0.340855 0.185273 0.008314
0.352732 0.185273 0.004751
0.361045 0.185273 0.005938
0.320665 0.186461 0.005938
0.330166 0.186461 0.007126
0.212589 0.187648 0.005938
0.222090 0.187648 0.005938
0.232779 0.187648 0.008314
0.243468 0.187648 0.008314
0.255344 0.187648 0.007126
0.179335 0.188836 0.008314
0.190024 0.188836 0.007126
0.263658 0.188836 0.014252
0.168646 0.190024 0.007126
0.199525 0.190024 0.008314
0.497625 0.190024 0.005938
0.157957 0.191211 0.015439