0.941805 0.002375 0.019002
0.755344 0.009501 0.020190
0.851544 0.009501 0.020190
0.826603 0.010689 0.020190
0.769596 0.011876 0.024941
0.818290 0.011876 0.013064
0.880048 0.011876 0.013064
0.692399 0.014252 0.013064
0.713777 0.040380 0.008314
0.700713 0.041568 0.008314
0.735154 0.041568 0.004751
0.802850 0.041568 0.008314
0.812352 0.041568 0.011876
0.562945 0.042755 0.010689
0.576010 0.042755 0.008314
0.684086 0.042755 0.008314
0.725653 0.042755 0.005938
0.744656 0.042755 0.008314
0.756532 0.042755 0.008314
0.766033 0.042755 0.004751
0.775534 0.042755 0.008314
0.787411 0.042755 0.009501
0.820665 0.042755 0.004751
0.827791 0.042755 0.007126
0.838480 0.042755 0.005938
0.847981 0.042755 0.010689
0.853919 0.042755 0.010689
0.547506 0.043943 0.008314
0.587886 0.043943 0.008314
0.599762 0.043943 0.007126
0.609264 0.043943 0.007126
0.618765 0.043943 0.005938
0.628266 0.043943 0.005938
0.638955 0.043943 0.008314
0.653207 0.043943 0.008314
0.661520 0.043943 0.004751
0.672209 0.043943 0.008314
0.863420 0.043943 0.008314
0.876485 0.043943 0.005938
0.515439 0.045131 0.004751
0.526128 0.045131 0.005938
0.535629 0.045131 0.005938
0.345606 0.046318 0.008314
0.387173 0.046318 0.008314
0.451306 0.046318 0.008314
0.461995 0.046318 0.007126
0.471496 0.046318 0.004751
0.485748 0.046318 0.004751
0.505938 0.046318 0.007126
0.364608 0.047506 0.004751
0.375297 0.047506 0.008314
0.402613 0.047506 0.010689
0.416865 0.047506 0.008314
0.441805 0.047506 0.008314
0.495249 0.047506 0.007126
0.210214 0.048694 0.013064
0.220903 0.048694 0.007126
0.247031 0.048694 0.008314
0.283848 0.048694 0.005938
0.293349 0.048694 0.005938
0.304038 0.048694 0.007126
0.312352 0.048694 0.007126
0.324228 0.048694 0.005938
0.356295 0.048694 0.005938
0.429929 0.048694 0.008314
0.203088 0.049881 0.004751
0.233967 0.049881 0.008314
0.258907 0.049881 0.008314
0.275534 0.049881 0.011876
0.333729 0.049881 0.007126
0.171021 0.051069 0.008314
0.194774 0.051069 0.005938
0.131829 0.052257 0.007126
0.152019 0.052257 0.005938
0.161520 0.052257 0.005938
0.185273 0.052257 0.005938
0.140143 0.054632 0.008314
0.763658 0.055819 0.007126
0.836105 0.055819 0.007126
0.720903 0.057007 0.007126
0.733967 0.057007 0.008314
0.774347 0.057007 0.007126
0.786223 0.057007 0.005938
0.798100 0.057007 0.009501
0.805226 0.057007 0.004751
0.811164 0.057007 0.008314
0.825416 0.057007 0.007126
0.846793 0.057007 0.005938
0.855107 0.057007 0.005938
0.874109 0.057007 0.008314
0.671021 0.058195 0.008314
0.684086 0.058195 0.005938
0.691211 0.058195 0.004751
0.711401 0.058195 0.007126
0.744656 0.058195 0.005938
0.754157 0.058195 0.005938
0.557007 0.059382 0.011876
0.564133 0.059382 0.013064
0.574822 0.059382 0.007126
0.585511 0.059382 0.007126
0.637767 0.059382 0.007126
0.648456 0.059382 0.008314
0.662708 0.059382 0.005938
0.699525 0.059382 0.005938
0.489311 0.060570 0.007126
0.520190 0.060570 0.004751
0.528504 0.060570 0.010689
0.545131 0.060570 0.008314
0.596200 0.060570 0.007126
0.610451 0.060570 0.007126
0.622328 0.060570 0.008314
0.513064 0.061758 0.005938
0.119952 0.062945 0.008314
0.314727 0.062945 0.005938
0.384798 0.062945 0.004751
0.446556 0.062945 0.007126
0.475059 0.062945 0.004751
0.503563 0.062945 0.005938
0.229216 0.064133 0.004751
0.277910 0.064133 0.010689
0.286223 0.064133 0.004751
0.293349 0.064133 0.008314
0.304038 0.064133 0.008314
0.376485 0.064133 0.007126
0.393112 0.064133 0.005938
0.401425 0.064133 0.004751
0.409739 0.064133 0.005938
0.420428 0.064133 0.008314
0.433492 0.064133 0.007126
0.457245 0.064133 0.007126
0.466746 0.064133 0.005938
0.197150 0.065321 0.007126
0.219715 0.065321 0.008314
0.237530 0.065321 0.007126
0.252969 0.065321 0.008314
0.340855 0.065321 0.008314
0.363420 0.065321 0.007126
0.178147 0.066508 0.007126
0.186461 0.066508 0.004751
0.207838 0.066508 0.007126
0.262470 0.066508 0.005938
0.326603 0.066508 0.008314
0.152019 0.067696 0.004751
0.160333 0.067696 0.004751
0.167458 0.067696 0.004751
0.355107 0.067696 0.008314
0.131829 0.068884 0.004751
0.140143 0.068884 0.007126
0.751781 0.070071 0.007126
0.818290 0.070071 0.004751
0.722090 0.071259 0.005938
0.732779 0.071259 0.005938
0.761283 0.071259 0.008314
0.800475 0.071259 0.005938
0.809976 0.071259 0.005938
0.833729 0.071259 0.005938
0.842043 0.071259 0.004751
0.849169 0.071259 0.008314
0.859857 0.071259 0.007126
0.869359 0.071259 0.005938
0.878860 0.071259 0.005938
0.776722 0.072447 0.008314
0.788599 0.072447 0.008314
0.611639 0.073634 0.004751
0.660333 0.073634 0.008314
0.697150 0.073634 0.008314
0.704276 0.073634 0.004751
0.743468 0.073634 0.005938
0.597387 0.074822 0.011876
0.628266 0.074822 0.008314
0.640143 0.074822 0.008314
0.650831 0.074822 0.005938
0.673397 0.074822 0.008314
0.682898 0.074822 0.010689
0.542755 0.077197 0.005938
0.565321 0.077197 0.007126
0.577197 0.077197 0.008314
0.587886 0.077197 0.005938
0.321853 0.078385 0.005938
0.524941 0.078385 0.007126
0.554632 0.078385 0.008314
0.180523 0.079572 0.005938
0.283848 0.079572 0.004751
0.293349 0.079572 0.008314
0.359857 0.079572 0.007126
0.415677 0.079572 0.008314
0.426366 0.079572 0.008314
0.433492 0.079572 0.008314
0.445368 0.079572 0.007126
0.457245 0.079572 0.005938
0.477435 0.079572 0.007126
0.217340 0.080760 0.007126
0.228029 0.080760 0.007126
0.236342 0.080760 0.008314
0.247031 0.080760 0.008314
0.258907 0.080760 0.007126
0.270784 0.080760 0.009501
0.306413 0.080760 0.010689
0.372922 0.080760 0.007126
0.384798 0.080760 0.005938
0.466746 0.080760 0.008314
0.485748 0.080760 0.005938
0.501188 0.080760 0.007126
0.191211 0.081948 0.007126
0.203088 0.081948 0.009501
0.144893 0.084323 0.005938
0.154394 0.084323 0.004751
0.163895 0.084323 0.008314
0.135392 0.085511 0.011876
0.881235 0.085511 0.010689
0.872922 0.086698 0.009501
0.801663 0.087886 0.004751
0.809976 0.087886 0.008314
0.824228 0.087886 0.005938
0.832542 0.087886 0.004751
0.844418 0.087886 0.007126
0.750594 0.089074 0.010689
0.777910 0.089074 0.008314
0.787411 0.089074 0.005938
0.706651 0.090261 0.008314
0.717340 0.090261 0.010689
0.731591 0.090261 0.008314
0.855107 0.090261 0.010689
0.674584 0.091449 0.008314
0.653207 0.092637 0.007126
0.642518 0.093824 0.007126
0.663895 0.093824 0.008314
0.573634 0.095012 0.013064
0.581948 0.095012 0.011876
0.623515 0.095012 0.007126
0.456057 0.096200 0.008314
0.479810 0.096200 0.007126
0.491686 0.096200 0.007126
0.501188 0.096200 0.011876
0.543943 0.096200 0.007126
0.560570 0.096200 0.008314
0.633017 0.096200 0.007126
0.228029 0.097387 0.007126
0.238717 0.097387 0.008314
0.251781 0.097387 0.007126
0.274347 0.097387 0.007126
0.293349 0.097387 0.011876
0.351544 0.097387 0.008314
0.364608 0.097387 0.005938
0.382423 0.097387 0.005938
0.422803 0.097387 0.004751
0.429929 0.097387 0.011876
0.441805 0.097387 0.008314
0.469121 0.097387 0.007126
0.519002 0.097387 0.008314
0.532067 0.097387 0.008314
0.178147 0.098575 0.004751
0.186461 0.098575 0.005938
0.206651 0.098575 0.007126
0.217340 0.098575 0.007126
0.263658 0.098575 0.007126
0.285036 0.098575 0.005938
0.372922 0.098575 0.013064
0.395487 0.098575 0.009501
0.410926 0.098575 0.008314
0.138955 0.099762 0.008314
0.149644 0.099762 0.007126
0.157957 0.099762 0.004751
0.168646 0.099762 0.007126
0.197150 0.099762 0.005938
0.874109 0.103325 0.013064
0.881235 0.103325 0.010689
0.857482 0.104513 0.009501
0.864608 0.104513 0.005938
0.831354 0.105701 0.005938
0.842043 0.105701 0.007126
0.786223 0.106888 0.011876
0.807601 0.106888 0.010689
0.823040 0.106888 0.011876
0.714964 0.108076 0.008314
0.725653 0.108076 0.008314
0.736342 0.108076 0.008314
0.748219 0.108076 0.013064
0.764846 0.108076 0.005938
0.774347 0.108076 0.008314
0.099762 0.109264 0.019002
0.653207 0.109264 0.011876
0.756532 0.109264 0.005938
0.600950 0.111639 0.007126
0.627078 0.111639 0.007126
0.636580 0.111639 0.005938
0.646081 0.111639 0.005938
0.254157 0.112827 0.007126
0.267221 0.112827 0.008314
0.279097 0.112827 0.008314
0.442993 0.112827 0.005938
0.508314 0.112827 0.008314
0.529691 0.112827 0.008314
0.559382 0.112827 0.010689
0.565321 0.112827 0.011876
0.576010 0.112827 0.008314
0.589074 0.112827 0.008314
0.612827 0.112827 0.008314
0.218527 0.114014 0.009501
0.243468 0.114014 0.007126
0.363420 0.114014 0.008314
0.410926 0.114014 0.007126
0.433492 0.114014 0.007126
0.451306 0.114014 0.004751
0.464371 0.114014 0.008314
0.475059 0.114014 0.008314
0.485748 0.114014 0.008314
0.496437 0.114014 0.008314
0.192399 0.115202 0.005938
0.201900 0.115202 0.007126
0.231591 0.115202 0.008314
0.376485 0.115202 0.008314
0.388361 0.115202 0.004751
0.400238 0.115202 0.008314
0.422803 0.115202 0.007126
0.547506 0.115202 0.008314
0.155582 0.116390 0.008314
0.168646 0.116390 0.008314
0.181710 0.116390 0.004751
0.096200 0.117577 0.004751
0.140143 0.117577 0.010689
0.877672 0.118765 0.010689
0.869359 0.119952 0.011876
0.851544 0.122328 0.011876
0.858670 0.122328 0.004751
0.714964 0.123515 0.009501
0.805226 0.123515 0.005938
0.814727 0.123515 0.013064
0.824228 0.123515 0.008314
0.838480 0.123515 0.008314
0.728029 0.124703 0.004751
0.763658 0.124703 0.013064
0.771971 0.124703 0.004751
0.780285 0.124703 0.004751
0.737530 0.125891 0.013064
0.745843 0.125891 0.007126
0.755344 0.125891 0.005938
0.647268 0.127078 0.008314
0.659145 0.127078 0.008314
0.624703 0.128266 0.007126
0.635392 0.128266 0.008314
0.287411 0.129454 0.013064
0.453682 0.129454 0.008314
0.555819 0.129454 0.004751
0.562945 0.129454 0.004751
0.600950 0.129454 0.007126
0.276722 0.130641 0.008314
0.394299 0.130641 0.007126
0.429929 0.130641 0.008314
0.442993 0.130641 0.008314
0.466746 0.130641 0.010689
0.475059 0.130641 0.005938
0.491686 0.130641 0.005938
0.503563 0.130641 0.007126
0.514252 0.130641 0.005938
0.533254 0.130641 0.004751
0.541568 0.130641 0.010689
0.572447 0.130641 0.005938
0.581948 0.130641 0.008314
0.592637 0.130641 0.008314
0.612827 0.130641 0.008314
0.206651 0.131829 0.008314
0.231591 0.131829 0.008314
0.250594 0.131829 0.008314
0.262470 0.131829 0.008314
0.355107 0.131829 0.008314
0.366983 0.131829 0.010689
0.483373 0.131829 0.005938
0.523753 0.131829 0.005938
0.194774 0.133017 0.005938
0.219715 0.133017 0.008314
0.343230 0.133017 0.008314
0.382423 0.133017 0.008314
0.416865 0.133017 0.008314
0.178147 0.134204 0.013064
0.185273 0.134204 0.004751
0.155582 0.135392 0.007126
0.167458 0.135392 0.008314
0.878860 0.136580 0.004751
0.140143 0.137767 0.009501
0.865796 0.137767 0.004751
0.827791 0.138955 0.009501
0.845606 0.138955 0.005938
0.853919 0.138955 0.004751
0.755344 0.142518 0.004751
0.768409 0.142518 0.008314
0.779097 0.142518 0.005938
0.788599 0.142518 0.005938
0.796912 0.142518 0.007126
0.737530 0.143705 0.008314
0.748219 0.143705 0.004751
0.725653 0.144893 0.008314
0.515439 0.146081 0.010689
0.614014 0.146081 0.007126
0.661520 0.146081 0.007126
0.703088 0.146081 0.005938
0.712589 0.146081 0.004751
0.391924 0.147268 0.005938
0.414489 0.147268 0.008314
0.426366 0.147268 0.008314
0.438242 0.147268 0.008314
0.540380 0.147268 0.005938
0.560570 0.147268 0.007126
0.571259 0.147268 0.008314
0.583135 0.147268 0.007126
0.603325 0.147268 0.013064
0.640143 0.147268 0.011876
0.649644 0.147268 0.008314
0.678147 0.147268 0.008314
0.690024 0.147268 0.008314
0.334917 0.148456 0.010689
0.350356 0.148456 0.008314
0.372922 0.148456 0.008314
0.384798 0.148456 0.008314
0.400238 0.148456 0.008314
0.453682 0.148456 0.007126
0.463183 0.148456 0.005938
0.473872 0.148456 0.007126
0.485748 0.148456 0.010689
0.500000 0.148456 0.004751
0.549881 0.148456 0.008314
0.595012 0.148456 0.005938
0.874109 0.148456 0.004751
0.262470 0.149644 0.005938
0.271971 0.149644 0.004751
0.277910 0.149644 0.009501
0.292162 0.149644 0.010689
0.362233 0.149644 0.007126
0.243468 0.150831 0.007126
0.252969 0.150831 0.007126
0.192399 0.152019 0.004751
0.222090 0.152019 0.010689
0.232779 0.152019 0.008314
0.150831 0.153207 0.008314
0.171021 0.153207 0.008314
0.181710 0.153207 0.008314
0.887173 0.153207 0.009501
0.140143 0.154394 0.008314
0.157957 0.154394 0.010689
0.851544 0.154394 0.005938
0.129454 0.155582 0.004751
0.796912 0.156770 0.008314
0.804038 0.156770 0.004751
0.813539 0.156770 0.008314
0.820665 0.156770 0.005938
0.830166 0.156770 0.008314
0.842043 0.156770 0.008314
0.783848 0.159145 0.008314
0.114014 0.160333 0.007126
0.717340 0.160333 0.007126
0.733967 0.160333 0.008314
0.743468 0.160333 0.005938
0.754157 0.160333 0.007126
0.644893 0.161520 0.005938
0.657957 0.161520 0.008314
0.687648 0.161520 0.004751
0.695962 0.161520 0.005938
0.704276 0.161520 0.010689
0.768409 0.161520 0.008314
0.625891 0.162708 0.007126
0.636580 0.162708 0.005938
0.676960 0.162708 0.007126
0.347981 0.163895 0.008314
0.358670 0.163895 0.004751
0.368171 0.163895 0.007126
0.432304 0.163895 0.013064
0.300475 0.165083 0.008314
0.315914 0.165083 0.011876
0.387173 0.165083 0.007126
0.399050 0.165083 0.007126
0.410926 0.165083 0.007126
0.423990 0.165083 0.005938
0.451306 0.165083 0.008314
0.472684 0.165083 0.008314
0.496437 0.165083 0.005938
0.515439 0.165083 0.004751
0.524941 0.165083 0.008314
0.602138 0.165083 0.007126
0.614014 0.165083 0.007126
0.268409 0.166271 0.007126
0.280285 0.166271 0.005938
0.323040 0.166271 0.009501
0.334917 0.166271 0.008314
0.377672 0.166271 0.005938
0.461995 0.166271 0.004751
0.484561 0.166271 0.007126
0.504751 0.166271 0.005938
0.241093 0.167458 0.008314
0.251781 0.167458 0.004751
0.257720 0.167458 0.004751
0.289786 0.167458 0.008314
0.213777 0.168646 0.004751
0.228029 0.168646 0.008314
0.868171 0.168646 0.004751
0.190024 0.169834 0.007126
0.203088 0.169834 0.008314
0.838480 0.169834 0.005938
0.856295 0.169834 0.015439
0.147268 0.171021 0.008314
0.159145 0.171021 0.005938
0.168646 0.171021 0.008314
0.180523 0.171021 0.005938
0.821853 0.171021 0.008314
0.847981 0.171021 0.007126
0.138955 0.172209 0.005938
0.796912 0.172209 0.005938
0.123515 0.173397 0.009501
0.807601 0.173397 0.011876
0.775534 0.174584 0.008314
0.787411 0.174584 0.007126
0.691211 0.175772 0.008314
0.723278 0.175772 0.005938
0.732779 0.175772 0.005938
0.744656 0.175772 0.008314
0.755344 0.175772 0.008314
0.767221 0.175772 0.005938
0.678147 0.176960 0.005938
0.703088 0.176960 0.008314
0.713777 0.176960 0.007126
0.625891 0.178147 0.007126
0.635392 0.178147 0.007126
0.647268 0.178147 0.008314
0.659145 0.178147 0.007126
0.669834 0.178147 0.005938
0.540380 0.179335 0.008314
0.566508 0.179335 0.010689
0.579572 0.179335 0.008314
0.595012 0.179335 0.010689
0.610451 0.179335 0.009501
0.431116 0.180523 0.007126
0.444181 0.180523 0.008314
0.494062 0.180523 0.008314
0.503563 0.180523 0.004751
0.510689 0.180523 0.004751
0.529691 0.180523 0.007126
0.410926 0.181710 0.013064
0.453682 0.181710 0.008314
0.477435 0.181710 0.010689
0.317102 0.182898 0.008314
0.326603 0.182898 0.005938
0.336105 0.182898 0.008314
0.358670 0.182898 0.008314
0.369359 0.182898 0.008314
0.382423 0.182898 0.008314
0.397862 0.182898 0.008314
0.419240 0.182898 0.008314
0.285036 0.184086 0.008314
0.300475 0.184086 0.010689
0.200713 0.185273 0.007126
0.218527 0.185273 0.008314
0.255344 0.185273 0.008314
0.270784 0.185273 0.008314
0.181710 0.186461 0.008314
0.191211 0.186461 0.005938
0.244656 0.186461 0.008314
0.127078 0.187648 0.007126
0.143705 0.187648 0.027316
0.155582 0.187648 0.008314
0.171021 0.187648 0.008314
0.230404 0.188836 0.009501
