0.220903 0.000000 0.013064
0.846793 0.009501 0.023753
0.756532 0.010689 0.022565
0.766033 0.010689 0.024941
0.817102 0.011876 0.013064
0.880048 0.011876 0.011876
0.692399 0.014252 0.015439
0.247031 0.022565 0.015439
0.184086 0.023753 0.013064
0.212589 0.023753 0.020190
0.752969 0.040380 0.008314
0.814727 0.040380 0.005938
0.836105 0.040380 0.008314
0.764846 0.041568 0.007126
0.775534 0.041568 0.008314
0.788599 0.041568 0.007126
0.799287 0.041568 0.010689
0.806413 0.041568 0.004751
0.824228 0.041568 0.007126
0.846793 0.041568 0.007126
0.856295 0.041568 0.005938
0.865796 0.041568 0.005938
0.722090 0.042755 0.004751
0.739905 0.042755 0.008314
0.876485 0.042755 0.007126
0.570071 0.043943 0.004751
0.713777 0.043943 0.004751
0.559382 0.045131 0.007126
0.679335 0.045131 0.005938
0.688836 0.045131 0.005938
0.698337 0.045131 0.008314
0.706651 0.045131 0.005938
0.488124 0.046318 0.007126
0.501188 0.046318 0.008314
0.515439 0.046318 0.007126
0.526128 0.046318 0.017815
0.533254 0.046318 0.004751
0.547506 0.046318 0.007126
0.668646 0.046318 0.007126
0.434679 0.047506 0.008314
0.460808 0.047506 0.013064
0.469121 0.047506 0.005938
0.478622 0.047506 0.005938
0.448931 0.048694 0.008314
0.286223 0.051069 0.007126
0.308789 0.051069 0.005938
0.319477 0.051069 0.008314
0.247031 0.052257 0.008314
0.273159 0.052257 0.008314
0.296912 0.052257 0.008314
0.327791 0.052257 0.013064
0.200713 0.053444 0.008314
0.213777 0.053444 0.005938
0.222090 0.053444 0.004751
0.232779 0.053444 0.008314
0.178147 0.054632 0.004751
0.186461 0.054632 0.008314
0.260095 0.054632 0.008314
0.861045 0.054632 0.008314
0.870546 0.054632 0.008314
0.167458 0.055819 0.007126
0.827791 0.055819 0.007126
0.837292 0.055819 0.007126
0.849169 0.055819 0.007126
0.877672 0.055819 0.011876
0.142518 0.057007 0.008314
0.155582 0.057007 0.005938
0.752969 0.057007 0.005938
0.763658 0.057007 0.005938
0.774347 0.057007 0.005938
0.785036 0.057007 0.005938
0.795724 0.057007 0.007126
0.807601 0.057007 0.007126
0.817102 0.057007 0.007126
0.125891 0.058195 0.011876
0.134204 0.058195 0.004751
0.741093 0.058195 0.008314
0.722090 0.059382 0.004751
0.730404 0.059382 0.007126
0.640143 0.060570 0.005938
0.672209 0.060570 0.005938
0.680523 0.060570 0.010689
0.697150 0.060570 0.005938
0.705463 0.060570 0.011876
0.713777 0.060570 0.004751
0.609264 0.061758 0.007126
0.416865 0.062945 0.004751
0.426366 0.062945 0.005938
0.521378 0.062945 0.007126
0.543943 0.062945 0.004751
0.587886 0.062945 0.008314
0.598575 0.062945 0.007126
0.621140 0.062945 0.007126
0.630641 0.062945 0.008314
0.435867 0.064133 0.005938
0.457245 0.064133 0.004751
0.467933 0.064133 0.007126
0.477435 0.064133 0.005938
0.486936 0.064133 0.008314
0.500000 0.064133 0.007126
0.510689 0.064133 0.007126
0.533254 0.064133 0.008314
0.559382 0.064133 0.004751
0.567696 0.064133 0.008314
0.578385 0.064133 0.005938
0.382423 0.065321 0.014252
0.390736 0.065321 0.005938
0.402613 0.065321 0.007126
0.447743 0.065321 0.005938
0.549881 0.065321 0.008314
0.294537 0.066508 0.007126
0.302850 0.066508 0.007126
0.352732 0.066508 0.004751
0.359857 0.066508 0.009501
0.374109 0.066508 0.008314
0.237530 0.067696 0.005938
0.247031 0.067696 0.004751
0.270784 0.067696 0.008314
0.206651 0.068884 0.005938
0.217340 0.068884 0.005938
0.225653 0.068884 0.007126
0.255344 0.068884 0.007126
0.176960 0.070071 0.011876
0.194774 0.070071 0.007126
0.281473 0.070071 0.004751
0.853919 0.070071 0.008314
0.864608 0.070071 0.008314
0.871734 0.070071 0.009501
0.154394 0.071259 0.007126
0.168646 0.071259 0.009501
0.783848 0.071259 0.008314
0.793349 0.071259 0.005938
0.821853 0.071259 0.007126
0.832542 0.071259 0.007126
0.842043 0.071259 0.008314
0.135392 0.072447 0.007126
0.144893 0.072447 0.005938
0.760095 0.072447 0.008314
0.774347 0.072447 0.007126
0.801663 0.072447 0.004751
0.809976 0.072447 0.008314
0.123515 0.073634 0.007126
0.747031 0.073634 0.010689
0.722090 0.074822 0.008314
0.732779 0.074822 0.007126
0.617577 0.077197 0.005938
0.629454 0.077197 0.005938
0.648456 0.077197 0.008314
0.699525 0.077197 0.008314
0.710214 0.077197 0.005938
0.435867 0.078385 0.007126
0.547506 0.078385 0.004751
0.554632 0.078385 0.008314
0.608076 0.078385 0.005938
0.637767 0.078385 0.007126
0.662708 0.078385 0.010689
0.681710 0.078385 0.008314
0.243468 0.079572 0.008314
0.260095 0.079572 0.007126
0.270784 0.079572 0.005938
0.299287 0.079572 0.008314
0.447743 0.079572 0.005938
0.477435 0.079572 0.004751
0.490499 0.079572 0.008314
0.503563 0.079572 0.007126
0.516627 0.079572 0.008314
0.528504 0.079572 0.005938
0.538005 0.079572 0.005938
0.567696 0.079572 0.007126
0.585511 0.079572 0.005938
0.596200 0.079572 0.007126
0.219715 0.080760 0.007126
0.233967 0.080760 0.008314
0.280285 0.080760 0.004751
0.288599 0.080760 0.008314
0.389549 0.080760 0.005938
0.400238 0.080760 0.005938
0.459620 0.080760 0.007126
0.469121 0.080760 0.004751
0.576010 0.080760 0.008314
0.209026 0.081948 0.005938
0.201900 0.083135 0.010689
0.175772 0.084323 0.004751
0.187648 0.084323 0.009501
0.850356 0.085511 0.004751
0.144893 0.086698 0.005938
0.152019 0.086698 0.008314
0.163895 0.086698 0.004751
0.832542 0.086698 0.005938
0.842043 0.086698 0.007126
0.135392 0.087886 0.007126
0.821853 0.087886 0.007126
0.857482 0.087886 0.010689
0.865796 0.087886 0.004751
0.124703 0.089074 0.005938
0.790974 0.089074 0.004751
0.801663 0.089074 0.007126
0.775534 0.090261 0.011876
0.783848 0.090261 0.004751
0.811164 0.090261 0.008314
0.637767 0.091449 0.005938
0.738717 0.091449 0.005938
0.747031 0.091449 0.008314
0.282660 0.092637 0.008314
0.649644 0.092637 0.007126
0.723278 0.092637 0.004751
0.730404 0.092637 0.004751
0.756532 0.092637 0.005938
0.263658 0.093824 0.010689
0.526128 0.093824 0.011876
0.533254 0.093824 0.004751
0.557007 0.093824 0.007126
0.581948 0.093824 0.007126
0.605701 0.093824 0.008314
0.616390 0.093824 0.007126
0.628266 0.093824 0.008314
0.271971 0.095012 0.005938
0.371734 0.095012 0.008314
0.404988 0.095012 0.007126
0.431116 0.095012 0.008314
0.444181 0.095012 0.007126
0.459620 0.095012 0.008314
0.491686 0.095012 0.007126
0.502375 0.095012 0.005938
0.514252 0.095012 0.008314
0.542755 0.095012 0.007126
0.567696 0.095012 0.007126
0.713777 0.095012 0.013064
0.205463 0.096200 0.004751
0.213777 0.096200 0.005938
0.226841 0.096200 0.008314
0.239905 0.096200 0.007126
0.250594 0.096200 0.005938
0.416865 0.096200 0.008314
0.469121 0.096200 0.007126
0.590261 0.096200 0.010689
0.193587 0.097387 0.008314
0.152019 0.099762 0.004751
0.184086 0.099762 0.007126
0.146081 0.100950 0.009501
0.161520 0.100950 0.007126
0.172209 0.100950 0.008314
0.134204 0.102138 0.008314
0.868171 0.103325 0.010689
0.876485 0.103325 0.010689
0.849169 0.104513 0.010689
0.122328 0.105701 0.009501
0.811164 0.105701 0.004751
0.824228 0.105701 0.009501
0.839667 0.105701 0.008314
0.762470 0.106888 0.005938
0.771971 0.106888 0.007126
0.782660 0.106888 0.008314
0.792162 0.106888 0.007126
0.266033 0.108076 0.007126
0.276722 0.108076 0.007126
0.640143 0.108076 0.004751
0.717340 0.108076 0.007126
0.730404 0.108076 0.004751
0.736342 0.108076 0.004751
0.751781 0.108076 0.007126
0.801663 0.108076 0.005938
0.438242 0.109264 0.008314
0.654394 0.109264 0.011876
0.743468 0.109264 0.005938
0.226841 0.110451 0.008314
0.238717 0.110451 0.008314
0.252969 0.110451 0.008314
0.399050 0.110451 0.007126
0.426366 0.110451 0.005938
0.448931 0.110451 0.005938
0.459620 0.110451 0.008314
0.467933 0.110451 0.007126
0.497625 0.110451 0.007126
0.507126 0.110451 0.005938
0.539192 0.110451 0.008314
0.551069 0.110451 0.005938
0.560570 0.110451 0.007126
0.572447 0.110451 0.005938
0.609264 0.110451 0.005938
0.340855 0.111639 0.010689
0.349169 0.111639 0.007126
0.415677 0.111639 0.013064
0.480998 0.111639 0.008314
0.515439 0.111639 0.004751
0.526128 0.111639 0.007126
0.581948 0.111639 0.005938
0.591449 0.111639 0.005938
0.600950 0.111639 0.004751
0.616390 0.111639 0.008314
0.629454 0.111639 0.008314
0.214964 0.112827 0.008314
0.359857 0.112827 0.009501
0.365796 0.112827 0.004751
0.372922 0.112827 0.008314
0.408551 0.112827 0.005938
0.167458 0.115202 0.005938
0.191211 0.115202 0.007126
0.201900 0.115202 0.008314
0.179335 0.116390 0.007126
0.092637 0.117577 0.005938
0.159145 0.117577 0.005938
0.150831 0.118765 0.008314
0.865796 0.119952 0.008314
0.876485 0.119952 0.008314
0.136580 0.121140 0.008314
0.836105 0.121140 0.005938
0.845606 0.121140 0.005938
0.855107 0.121140 0.008314
0.123515 0.122328 0.008314
0.771971 0.122328 0.007126
0.826603 0.122328 0.005938
0.744656 0.123515 0.005938
0.761283 0.123515 0.011876
0.802850 0.123515 0.009501
0.815914 0.123515 0.005938
0.736342 0.124703 0.011876
0.752969 0.124703 0.004751
0.785036 0.124703 0.008314
0.796912 0.124703 0.004751
0.091449 0.125891 0.004751
0.274347 0.127078 0.014252
0.461995 0.127078 0.004751
0.519002 0.127078 0.007126
0.530879 0.127078 0.008314
0.542755 0.127078 0.008314
0.552257 0.127078 0.004751
0.561758 0.127078 0.005938
0.570071 0.127078 0.004751
0.717340 0.127078 0.011876
0.724466 0.127078 0.011876
0.339667 0.128266 0.011876
0.444181 0.128266 0.005938
0.453682 0.128266 0.005938
0.471496 0.128266 0.005938
0.480998 0.128266 0.008314
0.490499 0.128266 0.004751
0.497625 0.128266 0.004751
0.508314 0.128266 0.007126
0.600950 0.128266 0.004751
0.609264 0.128266 0.004751
0.635392 0.128266 0.007126
0.646081 0.128266 0.010689
0.659145 0.128266 0.008314
0.347981 0.129454 0.004751
0.355107 0.129454 0.013064
0.365796 0.129454 0.008314
0.371734 0.129454 0.004751
0.425178 0.129454 0.005938
0.433492 0.129454 0.005938
0.577197 0.129454 0.010689
0.590261 0.129454 0.008314
0.243468 0.130641 0.004751
0.252969 0.130641 0.007126
0.380048 0.130641 0.005938
0.399050 0.130641 0.004751
0.413302 0.130641 0.005938
0.623515 0.130641 0.010689
0.216152 0.131829 0.008314
0.224466 0.131829 0.005938
0.235154 0.131829 0.008314
0.390736 0.131829 0.005938
0.404988 0.131829 0.010689
0.091449 0.134204 0.007126
0.179335 0.134204 0.007126
0.190024 0.134204 0.004751
0.198337 0.134204 0.005938
0.206651 0.134204 0.004751
0.160333 0.135392 0.004751
0.169834 0.135392 0.007126
0.152019 0.136580 0.011876
0.135392 0.137767 0.005938
0.143705 0.137767 0.004751
0.844418 0.137767 0.008314
0.856295 0.137767 0.008314
0.868171 0.137767 0.004751
0.875297 0.137767 0.004751
0.121140 0.138955 0.008314
0.832542 0.138955 0.004751
0.806413 0.140143 0.013064
0.824228 0.140143 0.013064
0.744656 0.141330 0.004751
0.760095 0.141330 0.004751
0.798100 0.141330 0.010689
0.736342 0.142518 0.005938
0.771971 0.142518 0.008314
0.783848 0.142518 0.008314
0.408551 0.143705 0.005938
0.706651 0.143705 0.005938
0.501188 0.144893 0.007126
0.511876 0.144893 0.005938
0.523753 0.144893 0.007126
0.534442 0.144893 0.008314
0.549881 0.144893 0.008314
0.560570 0.144893 0.005938
0.572447 0.144893 0.007126
0.716152 0.144893 0.004751
0.726841 0.144893 0.008314
0.248219 0.146081 0.004751
0.258907 0.146081 0.004751
0.277910 0.146081 0.007126
0.428741 0.146081 0.007126
0.441805 0.146081 0.005938
0.450119 0.146081 0.004751
0.469121 0.146081 0.008314
0.482185 0.146081 0.005938
0.490499 0.146081 0.005938
0.583135 0.146081 0.007126
0.595012 0.146081 0.008314
0.606888 0.146081 0.005938
0.616390 0.146081 0.007126
0.625891 0.146081 0.008314
0.637767 0.146081 0.004751
0.646081 0.146081 0.005938
0.655582 0.146081 0.004751
0.666271 0.146081 0.008314
0.238717 0.147268 0.005938
0.267221 0.147268 0.004751
0.287411 0.147268 0.011876
0.327791 0.147268 0.008314
0.342043 0.147268 0.007126
0.352732 0.147268 0.007126
0.210214 0.148456 0.005938
0.219715 0.148456 0.004751
0.229216 0.148456 0.007126
0.363420 0.148456 0.008314
0.376485 0.148456 0.007126
0.385986 0.148456 0.007126
0.395487 0.148456 0.005938
0.416865 0.148456 0.007126
0.178147 0.149644 0.008314
0.190024 0.149644 0.007126
0.201900 0.149644 0.007126
0.122328 0.152019 0.008314
0.156770 0.152019 0.008314
0.166271 0.152019 0.008314
0.144893 0.153207 0.007126
0.135392 0.154394 0.005938
0.883610 0.154394 0.010689
0.868171 0.155582 0.008314
0.844418 0.157957 0.004751
0.851544 0.157957 0.004751
0.858670 0.157957 0.004751
0.789786 0.159145 0.008314
0.834917 0.159145 0.007126
0.776722 0.160333 0.008314
0.805226 0.160333 0.009501
0.818290 0.160333 0.010689
0.824228 0.160333 0.007126
0.494062 0.161520 0.005938
0.511876 0.161520 0.008314
0.527316 0.161520 0.007126
0.548694 0.161520 0.007126
0.558195 0.161520 0.008314
0.581948 0.161520 0.008314
0.755344 0.161520 0.011876
0.483373 0.162708 0.007126
0.502375 0.162708 0.013064
0.538005 0.162708 0.007126
0.571259 0.162708 0.005938
0.591449 0.162708 0.011876
0.649644 0.162708 0.008314
0.663895 0.162708 0.008314
0.688836 0.162708 0.004751
0.699525 0.162708 0.007126
0.710214 0.162708 0.004751
0.446556 0.163895 0.007126
0.471496 0.163895 0.007126
0.624703 0.163895 0.007126
0.634204 0.163895 0.008314
0.764846 0.163895 0.008314
0.257720 0.165083 0.008314
0.268409 0.165083 0.005938
0.314727 0.165083 0.007126
0.325416 0.165083 0.008314
0.391924 0.165083 0.008314
0.403800 0.165083 0.007126
0.415677 0.165083 0.005938
0.425178 0.165083 0.005938
0.222090 0.166271 0.007126
0.233967 0.166271 0.005938
0.244656 0.166271 0.008314
0.279097 0.166271 0.008314
0.289786 0.166271 0.007126
0.301663 0.166271 0.007126
0.366983 0.166271 0.007126
0.377672 0.166271 0.008314
0.200713 0.167458 0.008314
0.211401 0.167458 0.005938
0.340855 0.167458 0.008314
0.353919 0.167458 0.008314
0.144893 0.169834 0.008314
0.153207 0.169834 0.008314
0.166271 0.169834 0.005938
0.174584 0.169834 0.008314
0.185273 0.169834 0.007126
0.134204 0.171021 0.005938
0.119952 0.172209 0.008314
0.887173 0.172209 0.004751
0.894299 0.172209 0.011876
0.872922 0.173397 0.003563
0.861045 0.174584 0.004751
0.839667 0.175772 0.007126
0.853919 0.175772 0.010689
0.767221 0.176960 0.008314
0.820665 0.176960 0.004751
0.827791 0.176960 0.010689
0.545131 0.179335 0.007126
0.625891 0.179335 0.005938
0.648456 0.179335 0.007126
0.659145 0.179335 0.008314
0.775534 0.179335 0.004751
0.419240 0.180523 0.008314
0.558195 0.180523 0.008314
0.580760 0.180523 0.015439
0.587886 0.180523 0.013064
0.599762 0.180523 0.009501
0.637767 0.180523 0.008314
0.697150 0.180523 0.013064
0.706651 0.180523 0.005938
0.725653 0.180523 0.008314
0.738717 0.180523 0.013064
0.748219 0.180523 0.004751
0.755344 0.180523 0.004751
0.381235 0.181710 0.011876
0.388361 0.181710 0.004751
0.397862 0.181710 0.005938
0.407363 0.181710 0.004751
0.428741 0.181710 0.007126
0.439430 0.181710 0.005938
0.490499 0.181710 0.007126
0.501188 0.181710 0.005938
0.510689 0.181710 0.007126
0.522565 0.181710 0.008314
0.533254 0.181710 0.008314
0.570071 0.181710 0.008314
0.616390 0.181710 0.014252
0.713777 0.181710 0.004751
0.213777 0.182898 0.013064
0.256532 0.182898 0.008314
0.309976 0.182898 0.007126
0.361045 0.182898 0.007126
0.447743 0.182898 0.005938
0.459620 0.182898 0.007126
0.472684 0.182898 0.011876
0.478622 0.182898 0.016627
0.222090 0.184086 0.004751
0.243468 0.184086 0.008314
0.267221 0.184086 0.005938
0.276722 0.184086 0.005938
0.286223 0.184086 0.008314
0.299287 0.184086 0.008314
0.320665 0.184086 0.007126
0.330166 0.184086 0.005938
0.338480 0.184086 0.005938
0.349169 0.184086 0.005938
0.369359 0.184086 0.005938
0.204276 0.185273 0.007126
0.231591 0.185273 0.008314
0.163895 0.186461 0.003563
0.140143 0.187648 0.013064
0.148456 0.187648 0.010689
0.180523 0.187648 0.008314
0.190024 0.187648 0.007126
0.119952 0.188836 0.008314
0.129454 0.188836 0.004751
