0.942993 0.004751 0.016627
0.755344 0.009501 0.013064
0.781473 0.009501 0.022565
0.850356 0.009501 0.021378
0.817102 0.010689 0.013064
0.880048 0.010689 0.013064
0.692399 0.013064 0.013064
0.340855 0.019002 0.023753
0.309976 0.021378 0.011876
0.184086 0.023753 0.014252
0.216152 0.023753 0.020190
0.247031 0.023753 0.016627
0.274347 0.023753 0.019002
0.871734 0.038005 0.009501
0.840855 0.039192 0.008314
0.853919 0.039192 0.008314
0.776722 0.040380 0.013064
0.762470 0.041568 0.007126
0.786223 0.041568 0.007126
0.809976 0.041568 0.008314
0.831354 0.041568 0.008314
0.665083 0.042755 0.007126
0.675772 0.042755 0.004751
0.686461 0.042755 0.007126
0.706651 0.042755 0.007126
0.726841 0.042755 0.007126
0.739905 0.042755 0.008314
0.751781 0.042755 0.008314
0.796912 0.042755 0.008314
0.820665 0.042755 0.007126
0.656770 0.043943 0.008314
0.695962 0.043943 0.007126
0.717340 0.043943 0.008314
0.615202 0.045131 0.008314
0.625891 0.045131 0.005938
0.635392 0.045131 0.004751
0.644893 0.045131 0.007126
0.539192 0.046318 0.007126
0.559382 0.046318 0.007126
0.568884 0.046318 0.005938
0.578385 0.046318 0.007126
0.590261 0.046318 0.007126
0.600950 0.046318 0.008314
0.421615 0.047506 0.007126
0.477435 0.047506 0.007126
0.490499 0.047506 0.010689
0.517815 0.047506 0.007126
0.528504 0.047506 0.005938
0.549881 0.047506 0.004751
0.442993 0.048694 0.004751
0.465558 0.048694 0.010689
0.504751 0.048694 0.009501
0.408551 0.049881 0.008314
0.433492 0.049881 0.008314
0.448931 0.049881 0.008314
0.458432 0.049881 0.004751
0.389549 0.051069 0.014252
0.397862 0.051069 0.005938
0.280285 0.052257 0.010689
0.288599 0.052257 0.004751
0.296912 0.052257 0.008314
0.324228 0.052257 0.008314
0.342043 0.052257 0.011876
0.365796 0.052257 0.008314
0.380048 0.052257 0.008314
0.206651 0.053444 0.007126
0.229216 0.053444 0.007126
0.266033 0.053444 0.008314
0.308789 0.053444 0.008314
0.333729 0.053444 0.004751
0.350356 0.053444 0.011876
0.356295 0.053444 0.011876
0.197150 0.054632 0.005938
0.242280 0.054632 0.007126
0.254157 0.054632 0.008314
0.877672 0.054632 0.010689
0.176960 0.055819 0.005938
0.187648 0.055819 0.007126
0.219715 0.055819 0.008314
0.846793 0.055819 0.008314
0.856295 0.055819 0.004751
0.863420 0.055819 0.004751
0.871734 0.055819 0.004751
0.166271 0.057007 0.008314
0.834917 0.057007 0.007126
0.140143 0.058195 0.004751
0.149644 0.058195 0.007126
0.159145 0.058195 0.004751
0.771971 0.058195 0.008314
0.785036 0.058195 0.008314
0.661520 0.059382 0.007126
0.671021 0.059382 0.004751
0.679335 0.059382 0.011876
0.687648 0.059382 0.007126
0.698337 0.059382 0.004751
0.714964 0.059382 0.004751
0.735154 0.059382 0.008314
0.748219 0.059382 0.008314
0.755344 0.059382 0.008314
0.798100 0.059382 0.007126
0.809976 0.059382 0.008314
0.823040 0.059382 0.007126
0.131829 0.060570 0.011876
0.623515 0.060570 0.004751
0.629454 0.060570 0.004751
0.649644 0.060570 0.005938
0.705463 0.060570 0.011876
0.589074 0.061758 0.008314
0.608076 0.061758 0.008314
0.616390 0.061758 0.004751
0.636580 0.061758 0.009501
0.522565 0.062945 0.005938
0.532067 0.062945 0.004751
0.570071 0.062945 0.007126
0.578385 0.062945 0.004751
0.596200 0.062945 0.008314
0.475059 0.064133 0.004751
0.490499 0.064133 0.005938
0.511876 0.064133 0.005938
0.540380 0.064133 0.005938
0.559382 0.064133 0.005938
0.400238 0.065321 0.004751
0.415677 0.065321 0.008314
0.456057 0.065321 0.005938
0.466746 0.065321 0.005938
0.503563 0.065321 0.009501
0.551069 0.065321 0.007126
0.277910 0.066508 0.004751
0.286223 0.066508 0.004751
0.306413 0.066508 0.008314
0.336105 0.066508 0.005938
0.393112 0.066508 0.005938
0.427553 0.066508 0.008314
0.439430 0.066508 0.004751
0.446556 0.066508 0.010689
0.268409 0.067696 0.005938
0.294537 0.067696 0.005938
0.321853 0.067696 0.008314
0.357482 0.067696 0.008314
0.380048 0.067696 0.007126
0.225653 0.068884 0.008314
0.238717 0.068884 0.005938
0.248219 0.068884 0.005938
0.258907 0.068884 0.005938
0.346793 0.068884 0.005938
0.370546 0.068884 0.004751
0.195962 0.070071 0.004751
0.205463 0.070071 0.007126
0.181710 0.071259 0.003563
0.875297 0.071259 0.008314
0.162708 0.072447 0.005938
0.172209 0.072447 0.007126
0.868171 0.072447 0.004751
0.884798 0.072447 0.008314
0.153207 0.073634 0.005938
0.769596 0.073634 0.008314
0.820665 0.073634 0.007126
0.831354 0.073634 0.007126
0.844418 0.073634 0.008314
0.855107 0.073634 0.009501
0.862233 0.073634 0.004751
0.144893 0.074822 0.004751
0.751781 0.074822 0.008314
0.760095 0.074822 0.005938
0.783848 0.074822 0.007126
0.795724 0.074822 0.008314
0.808789 0.074822 0.008314
0.128266 0.076010 0.007126
0.136580 0.076010 0.005938
0.315914 0.076010 0.007126
0.622328 0.076010 0.007126
0.640143 0.076010 0.007126
0.668646 0.076010 0.007126
0.679335 0.076010 0.004751
0.686461 0.076010 0.010689
0.700713 0.076010 0.008314
0.717340 0.076010 0.008314
0.730404 0.076010 0.008314
0.742280 0.076010 0.007126
0.630641 0.077197 0.005938
0.654394 0.077197 0.008314
0.480998 0.078385 0.009501
0.598575 0.078385 0.007126
0.609264 0.078385 0.005938
0.497625 0.079572 0.008314
0.505938 0.079572 0.007126
0.517815 0.079572 0.008314
0.540380 0.079572 0.007126
0.553444 0.079572 0.008314
0.562945 0.079572 0.008314
0.576010 0.079572 0.008314
0.587886 0.079572 0.008314
0.369359 0.080760 0.008314
0.381235 0.080760 0.007126
0.442993 0.080760 0.008314
0.452494 0.080760 0.005938
0.465558 0.080760 0.007126
0.473872 0.080760 0.004751
0.528504 0.080760 0.008314
0.301663 0.081948 0.005938
0.356295 0.081948 0.005938
0.394299 0.081948 0.007126
0.431116 0.081948 0.005938
0.260095 0.083135 0.005938
0.267221 0.083135 0.004751
0.275534 0.083135 0.004751
0.282660 0.083135 0.004751
0.289786 0.083135 0.010689
0.327791 0.083135 0.010689
0.334917 0.083135 0.005938
0.346793 0.083135 0.007126
0.404988 0.083135 0.007126
0.414489 0.083135 0.004751
0.421615 0.083135 0.011876
0.243468 0.084323 0.004751
0.250594 0.084323 0.004751
0.211401 0.085511 0.007126
0.219715 0.085511 0.005938
0.232779 0.085511 0.008314
0.192399 0.087886 0.004751
0.877672 0.087886 0.008314
0.172209 0.089074 0.005938
0.180523 0.089074 0.010689
0.857482 0.089074 0.008314
0.868171 0.089074 0.005938
0.156770 0.090261 0.004751
0.165083 0.090261 0.004751
0.846793 0.090261 0.007126
0.130641 0.091449 0.008314
0.147268 0.091449 0.010689
0.752969 0.091449 0.007126
0.766033 0.091449 0.008314
0.776722 0.091449 0.008314
0.785036 0.091449 0.010689
0.827791 0.091449 0.004751
0.836105 0.091449 0.011876
0.724466 0.092637 0.005938
0.732779 0.092637 0.008314
0.743468 0.092637 0.007126
0.800475 0.092637 0.008314
0.809976 0.092637 0.004751
0.817102 0.092637 0.008314
0.624703 0.093824 0.011876
0.713777 0.093824 0.008314
0.486936 0.095012 0.007126
0.586698 0.095012 0.005938
0.614014 0.095012 0.005938
0.638955 0.095012 0.008314
0.649644 0.095012 0.008314
0.662708 0.095012 0.008314
0.463183 0.096200 0.007126
0.475059 0.096200 0.008314
0.497625 0.096200 0.007126
0.508314 0.096200 0.008314
0.522565 0.096200 0.005938
0.534442 0.096200 0.005938
0.595012 0.096200 0.008314
0.604513 0.096200 0.005938
0.293349 0.097387 0.007126
0.337292 0.097387 0.007126
0.385986 0.097387 0.007126
0.395487 0.097387 0.005938
0.414489 0.097387 0.008314
0.433492 0.097387 0.007126
0.444181 0.097387 0.007126
0.453682 0.097387 0.007126
0.545131 0.097387 0.008314
0.557007 0.097387 0.011876
0.565321 0.097387 0.007126
0.576010 0.097387 0.007126
0.258907 0.098575 0.007126
0.268409 0.098575 0.004751
0.283848 0.098575 0.005938
0.345606 0.098575 0.005938
0.355107 0.098575 0.005938
0.374109 0.098575 0.008314
0.404988 0.098575 0.007126
0.421615 0.098575 0.008314
0.235154 0.099762 0.008314
0.247031 0.099762 0.007126
0.363420 0.099762 0.005938
0.216152 0.102138 0.004751
0.224466 0.102138 0.004751
0.878860 0.102138 0.007126
0.209026 0.103325 0.004751
0.199525 0.104513 0.007126
0.868171 0.104513 0.008314
0.188836 0.105701 0.007126
0.137767 0.106888 0.004751
0.161520 0.106888 0.008314
0.169834 0.106888 0.007126
0.178147 0.106888 0.005938
0.783848 0.106888 0.004751
0.855107 0.106888 0.007126
0.127078 0.108076 0.007126
0.147268 0.108076 0.008314
0.766033 0.108076 0.008314
0.776722 0.108076 0.004751
0.793349 0.108076 0.008314
0.802850 0.108076 0.007126
0.843230 0.108076 0.008314
0.717340 0.109264 0.008314
0.752969 0.109264 0.008314
0.812352 0.109264 0.008314
0.823040 0.109264 0.008314
0.833729 0.109264 0.007126
0.731591 0.110451 0.008314
0.741093 0.110451 0.008314
0.663895 0.111639 0.008314
0.578385 0.112827 0.005938
0.589074 0.112827 0.007126
0.630641 0.112827 0.008314
0.638955 0.112827 0.005938
0.649644 0.112827 0.007126
0.095012 0.114014 0.016627
0.372922 0.114014 0.007126
0.394299 0.114014 0.008314
0.400238 0.114014 0.009501
0.442993 0.114014 0.007126
0.453682 0.114014 0.010689
0.466746 0.114014 0.007126
0.510689 0.114014 0.005938
0.521378 0.114014 0.007126
0.532067 0.114014 0.007126
0.541568 0.114014 0.005938
0.549881 0.114014 0.005938
0.559382 0.114014 0.005938
0.570071 0.114014 0.005938
0.600950 0.114014 0.007126
0.610451 0.114014 0.007126
0.619952 0.114014 0.005938
0.276722 0.115202 0.013064
0.362233 0.115202 0.007126
0.412114 0.115202 0.013064
0.431116 0.115202 0.007126
0.483373 0.115202 0.008314
0.491686 0.115202 0.007126
0.260095 0.116390 0.004751
0.267221 0.116390 0.004751
0.420428 0.116390 0.005938
0.501188 0.116390 0.007126
0.212589 0.117577 0.004751
0.248219 0.117577 0.008314
0.230404 0.118765 0.008314
0.173397 0.119952 0.007126
0.182898 0.119952 0.005938
0.194774 0.119952 0.008314
0.203088 0.119952 0.008314
0.219715 0.119952 0.010689
0.157957 0.121140 0.004751
0.871734 0.121140 0.005938
0.880048 0.121140 0.004751
0.097387 0.122328 0.008314
0.125891 0.122328 0.009501
0.138955 0.122328 0.004751
0.149644 0.122328 0.007126
0.861045 0.122328 0.007126
0.850356 0.123515 0.005938
0.820665 0.124703 0.008314
0.839667 0.124703 0.008314
0.730404 0.125891 0.010689
0.781473 0.125891 0.004751
0.789786 0.125891 0.008314
0.807601 0.125891 0.005938
0.831354 0.125891 0.004751
0.714964 0.127078 0.011876
0.723278 0.127078 0.004751
0.741093 0.127078 0.008314
0.752969 0.127078 0.007126
0.763658 0.127078 0.004751
0.773159 0.127078 0.007126
0.800475 0.127078 0.008314
0.557007 0.128266 0.008314
0.566508 0.128266 0.008314
0.641330 0.128266 0.011876
0.661520 0.128266 0.008314
0.611639 0.129454 0.008314
0.649644 0.129454 0.005938
0.467933 0.130641 0.008314
0.478622 0.130641 0.005938
0.489311 0.130641 0.008314
0.542755 0.130641 0.008314
0.578385 0.130641 0.004751
0.586698 0.130641 0.005938
0.595012 0.130641 0.004751
0.602138 0.130641 0.010689
0.627078 0.130641 0.008314
0.408551 0.131829 0.007126
0.431116 0.131829 0.007126
0.440618 0.131829 0.005938
0.451306 0.131829 0.008314
0.500000 0.131829 0.007126
0.524941 0.131829 0.007126
0.534442 0.131829 0.004751
0.419240 0.133017 0.007126
0.513064 0.133017 0.008314
0.098575 0.134204 0.014252
0.262470 0.134204 0.008314
0.271971 0.134204 0.007126
0.236342 0.135392 0.007126
0.248219 0.135392 0.007126
0.203088 0.136580 0.010689
0.225653 0.136580 0.005938
0.181710 0.137767 0.004751
0.194774 0.137767 0.004751
0.217340 0.137767 0.007126
0.148456 0.138955 0.008314
0.163895 0.138955 0.008314
0.173397 0.138955 0.004751
0.125891 0.140143 0.005938
0.875297 0.140143 0.004751
0.866983 0.141330 0.008314
0.796912 0.142518 0.010689
0.812352 0.142518 0.007126
0.823040 0.142518 0.008314
0.832542 0.142518 0.007126
0.844418 0.142518 0.008314
0.857482 0.143705 0.007126
0.719715 0.144893 0.008314
0.738717 0.144893 0.007126
0.748219 0.144893 0.008314
0.758907 0.144893 0.008314
0.770784 0.144893 0.011876
0.787411 0.144893 0.005938
0.729216 0.146081 0.005938
0.561758 0.147268 0.008314
0.571259 0.147268 0.007126
0.586698 0.147268 0.010689
0.593824 0.147268 0.004751
0.602138 0.147268 0.010689
0.667458 0.147268 0.016627
0.707838 0.147268 0.007126
0.528504 0.148456 0.007126
0.539192 0.148456 0.005938
0.548694 0.148456 0.007126
0.616390 0.148456 0.008314
0.636580 0.148456 0.004751
0.643705 0.148456 0.011876
0.657957 0.148456 0.008314
0.688836 0.148456 0.005938
0.699525 0.148456 0.005938
0.381235 0.149644 0.011876
0.426366 0.149644 0.007126
0.505938 0.149644 0.008314
0.515439 0.149644 0.007126
0.627078 0.149644 0.007126
0.371734 0.150831 0.008314
0.414489 0.150831 0.005938
0.437055 0.150831 0.007126
0.446556 0.150831 0.005938
0.485748 0.150831 0.004751
0.492874 0.150831 0.010689
0.282660 0.152019 0.008314
0.293349 0.152019 0.004751
0.320665 0.152019 0.007126
0.330166 0.152019 0.004751
0.349169 0.152019 0.007126
0.361045 0.152019 0.008314
0.394299 0.152019 0.004751
0.404988 0.152019 0.008314
0.457245 0.152019 0.008314
0.467933 0.152019 0.013064
0.212589 0.153207 0.004751
0.228029 0.153207 0.011876
0.236342 0.153207 0.007126
0.245843 0.153207 0.004751
0.254157 0.153207 0.011876
0.300475 0.153207 0.004751
0.308789 0.153207 0.005938
0.339667 0.153207 0.007126
0.476247 0.153207 0.007126
0.124703 0.154394 0.008314
0.135392 0.154394 0.005938
0.143705 0.154394 0.008314
0.155582 0.154394 0.004751
0.162708 0.154394 0.005938
0.171021 0.154394 0.011876
0.178147 0.154394 0.013064
0.195962 0.154394 0.004751
0.219715 0.154394 0.011876
0.187648 0.155582 0.004751
0.868171 0.159145 0.013064
0.827791 0.160333 0.004751
0.858670 0.160333 0.005938
0.814727 0.161520 0.005938
0.836105 0.161520 0.005938
0.846793 0.161520 0.008314
0.775534 0.162708 0.004751
0.726841 0.163895 0.005938
0.737530 0.163895 0.008314
0.748219 0.163895 0.008314
0.756532 0.163895 0.004751
0.766033 0.163895 0.005938
0.782660 0.163895 0.004751
0.804038 0.163895 0.010689
0.538005 0.165083 0.005938
0.583135 0.165083 0.005938
0.706651 0.165083 0.008314
0.716152 0.165083 0.007126
0.519002 0.166271 0.005938
0.528504 0.166271 0.005938
0.574822 0.166271 0.007126
0.592637 0.166271 0.004751
0.652019 0.166271 0.007126
0.666271 0.166271 0.008314
0.691211 0.166271 0.008314
0.501188 0.167458 0.010689
0.554632 0.167458 0.008314
0.564133 0.167458 0.005938
0.623515 0.167458 0.007126
0.634204 0.167458 0.008314
0.643705 0.167458 0.004751
0.679335 0.167458 0.007126
0.383610 0.168646 0.005938
0.421615 0.168646 0.007126
0.447743 0.168646 0.008314
0.457245 0.168646 0.004751
0.467933 0.168646 0.007126
0.478622 0.168646 0.005938
0.495249 0.168646 0.011876
0.509501 0.168646 0.007126
0.364608 0.169834 0.008314
0.374109 0.169834 0.008314
0.412114 0.169834 0.008314
0.486936 0.169834 0.005938
0.236342 0.171021 0.008314
0.307601 0.171021 0.007126
0.330166 0.171021 0.005938
0.351544 0.171021 0.005938
0.401425 0.171021 0.008314
0.124703 0.172209 0.008314
0.134204 0.172209 0.007126
0.144893 0.172209 0.007126
0.154394 0.172209 0.005938
0.203088 0.172209 0.004751
0.225653 0.172209 0.008314
0.252969 0.172209 0.008314
0.266033 0.172209 0.005938
0.274347 0.172209 0.008314
0.296912 0.172209 0.007126
0.319477 0.172209 0.005938
0.338480 0.172209 0.008314
0.165083 0.173397 0.005938
0.212589 0.173397 0.008314
0.286223 0.173397 0.004751
0.173397 0.174584 0.007126
0.193587 0.174584 0.008314
0.877672 0.174584 0.004751
0.866983 0.176960 0.008314
0.825416 0.178147 0.004751
0.856295 0.178147 0.004751
0.839667 0.179335 0.011876
0.847981 0.179335 0.004751
0.757720 0.180523 0.008314
0.767221 0.180523 0.008314
0.777910 0.180523 0.008314
0.792162 0.180523 0.008314
0.802850 0.180523 0.008314
0.817102 0.180523 0.005938
0.684086 0.181710 0.007126
0.693587 0.181710 0.008314
0.700713 0.181710 0.005938
0.713777 0.181710 0.008314
0.726841 0.181710 0.007126
0.745843 0.181710 0.008314
0.560570 0.182898 0.004751
0.570071 0.182898 0.007126
0.580760 0.182898 0.008314
0.592637 0.182898 0.008314
0.615202 0.182898 0.008314
0.628266 0.182898 0.008314
0.642518 0.182898 0.007126
0.663895 0.182898 0.008314
0.673397 0.182898 0.005938
0.735154 0.182898 0.004751
0.519002 0.184086 0.005938
0.529691 0.184086 0.008314
0.542755 0.184086 0.008314
0.552257 0.184086 0.004751
0.604513 0.184086 0.007126
0.653207 0.184086 0.008314
0.444181 0.185273 0.010689
0.472684 0.185273 0.008314
0.509501 0.185273 0.008314
0.422803 0.186461 0.010689
0.460808 0.186461 0.005938
0.489311 0.186461 0.010689
0.500000 0.186461 0.004751
0.325416 0.187648 0.013064
0.349169 0.187648 0.013064
0.380048 0.187648 0.007126
0.389549 0.187648 0.008314
0.400238 0.187648 0.005938
0.408551 0.187648 0.004751
0.124703 0.188836 0.008314
0.149644 0.188836 0.005938
0.198337 0.188836 0.008314
0.212589 0.188836 0.008314
0.302850 0.188836 0.010689
0.318290 0.188836 0.014252
0.339667 0.188836 0.008314
0.366983 0.188836 0.009501
0.135392 0.190024 0.008314
0.159145 0.190024 0.004751
0.166271 0.190024 0.010689
0.224466 0.190024 0.013064
0.231591 0.190024 0.004751
0.241093 0.190024 0.007126
0.251781 0.190024 0.008314
0.263658 0.190024 0.005938
0.273159 0.190024 0.008314
0.178147 0.191211 0.004751
0.187648 0.191211 0.008314
