0.289786 0.000000 0.013064
0.317102 0.001188 0.010689
0.328979 0.001188 0.004751
0.941805 0.002375 0.020190
0.655582 0.007126 0.024941
0.725653 0.007126 0.022565
0.847981 0.007126 0.023753
0.769596 0.009501 0.027316
0.880048 0.010689 0.013064
0.817102 0.011876 0.014252
0.692399 0.013064 0.013064
0.596200 0.014252 0.024941
0.629454 0.015439 0.013064
0.333729 0.017815 0.029691
0.377672 0.020190 0.016627
0.311164 0.021378 0.013064
0.247031 0.022565 0.016627
0.280285 0.022565 0.019002
0.184086 0.023753 0.013064
0.209026 0.023753 0.020190
0.273159 0.024941 0.020190
0.143705 0.026128 0.024941
0.800475 0.042755 0.004751
0.838480 0.042755 0.004751
0.846793 0.042755 0.004751
0.863420 0.042755 0.004751
0.871734 0.042755 0.005938
0.880048 0.042755 0.004751
0.764846 0.043943 0.004751
0.793349 0.043943 0.005938
0.811164 0.043943 0.008314
0.819477 0.043943 0.007126
0.828979 0.043943 0.007126
0.855107 0.043943 0.005938
0.737530 0.045131 0.005938
0.750594 0.045131 0.010689
0.757720 0.045131 0.004751
0.774347 0.045131 0.007126
0.783848 0.045131 0.008314
0.720903 0.046318 0.005938
0.729216 0.046318 0.004751
0.625891 0.047506 0.005938
0.634204 0.047506 0.007126
0.654394 0.047506 0.004751
0.665083 0.047506 0.007126
0.682898 0.047506 0.011876
0.697150 0.047506 0.008314
0.710214 0.047506 0.008314
0.529691 0.048694 0.004751
0.614014 0.048694 0.008314
0.644893 0.048694 0.007126
0.674584 0.048694 0.005938
0.464371 0.049881 0.004751
0.491686 0.049881 0.008314
0.521378 0.049881 0.005938
0.542755 0.049881 0.005938
0.562945 0.049881 0.008314
0.572447 0.049881 0.004751
0.593824 0.049881 0.008314
0.604513 0.049881 0.005938
0.320665 0.051069 0.004751
0.438242 0.051069 0.008314
0.448931 0.051069 0.008314
0.456057 0.051069 0.004751
0.480998 0.051069 0.005938
0.501188 0.051069 0.005938
0.511876 0.051069 0.007126
0.552257 0.051069 0.007126
0.580760 0.051069 0.008314
0.288599 0.052257 0.008314
0.305226 0.052257 0.004751
0.312352 0.052257 0.004751
0.383610 0.052257 0.007126
0.391924 0.052257 0.005938
0.401425 0.052257 0.004751
0.409739 0.052257 0.004751
0.418052 0.052257 0.005938
0.428741 0.052257 0.005938
0.471496 0.052257 0.011876
0.267221 0.053444 0.004751
0.276722 0.053444 0.008314
0.298100 0.053444 0.005938
0.336105 0.053444 0.005938
0.357482 0.053444 0.005938
0.371734 0.053444 0.010689
0.154394 0.054632 0.007126
0.163895 0.054632 0.004751
0.179335 0.054632 0.004751
0.185273 0.054632 0.004751
0.192399 0.054632 0.009501
0.206651 0.054632 0.008314
0.224466 0.054632 0.004751
0.256532 0.054632 0.008314
0.346793 0.054632 0.008314
0.137767 0.055819 0.009501
0.143705 0.055819 0.004751
0.171021 0.055819 0.011876
0.232779 0.055819 0.008314
0.245843 0.055819 0.008314
0.125891 0.057007 0.009501
0.213777 0.057007 0.008314
0.881235 0.057007 0.007126
0.757720 0.058195 0.008314
0.839667 0.058195 0.010689
0.865796 0.058195 0.004751
0.872922 0.058195 0.004751
0.812352 0.059382 0.010689
0.826603 0.059382 0.005938
0.846793 0.059382 0.004751
0.858670 0.059382 0.008314
0.743468 0.060570 0.008314
0.782660 0.060570 0.007126
0.804038 0.060570 0.005938
0.634204 0.061758 0.005938
0.643705 0.061758 0.004751
0.718527 0.061758 0.007126
0.731591 0.061758 0.007126
0.771971 0.061758 0.008314
0.794537 0.061758 0.007126
0.652019 0.062945 0.004751
0.698337 0.062945 0.007126
0.709026 0.062945 0.007126
0.624703 0.064133 0.007126
0.659145 0.064133 0.010689
0.666271 0.064133 0.004751
0.673397 0.064133 0.008314
0.684086 0.064133 0.004751
0.536817 0.065321 0.008314
0.560570 0.065321 0.007126
0.568884 0.065321 0.004751
0.604513 0.065321 0.007126
0.615202 0.065321 0.007126
0.526128 0.066508 0.007126
0.581948 0.066508 0.008314
0.592637 0.066508 0.007126
0.279097 0.067696 0.003563
0.375297 0.067696 0.004751
0.450119 0.067696 0.005938
0.459620 0.067696 0.008314
0.479810 0.067696 0.005938
0.490499 0.067696 0.005938
0.500000 0.067696 0.004751
0.507126 0.067696 0.004751
0.271971 0.068884 0.010689
0.287411 0.068884 0.008314
0.396675 0.068884 0.005938
0.418052 0.068884 0.007126
0.428741 0.068884 0.007126
0.440618 0.068884 0.007126
0.471496 0.068884 0.007126
0.515439 0.068884 0.008314
0.143705 0.070071 0.004751
0.181710 0.070071 0.005938
0.191211 0.070071 0.004751
0.199525 0.070071 0.005938
0.251781 0.070071 0.008314
0.262470 0.070071 0.005938
0.298100 0.070071 0.004751
0.311164 0.070071 0.005938
0.320665 0.070071 0.008314
0.326603 0.070071 0.004751
0.334917 0.070071 0.005938
0.364608 0.070071 0.008314
0.385986 0.070071 0.008314
0.407363 0.070071 0.007126
0.136580 0.071259 0.004751
0.162708 0.071259 0.004751
0.169834 0.071259 0.008314
0.209026 0.071259 0.005938
0.220903 0.071259 0.005938
0.230404 0.071259 0.005938
0.238717 0.071259 0.008314
0.344418 0.071259 0.005938
0.353919 0.071259 0.007126
0.127078 0.072447 0.007126
0.153207 0.072447 0.007126
0.863420 0.072447 0.008314
0.881235 0.072447 0.010689
0.852732 0.073634 0.004751
0.872922 0.073634 0.007126
0.824228 0.074822 0.004751
0.831354 0.074822 0.004751
0.842043 0.074822 0.007126
0.730404 0.076010 0.008314
0.739905 0.076010 0.004751
0.792162 0.076010 0.004751
0.800475 0.076010 0.004751
0.807601 0.076010 0.004751
0.815914 0.076010 0.005938
0.717340 0.077197 0.005938
0.750594 0.077197 0.008314
0.767221 0.077197 0.004751
0.774347 0.077197 0.008314
0.785036 0.077197 0.005938
0.684086 0.078385 0.005938
0.694774 0.078385 0.007126
0.707838 0.078385 0.008314
0.758907 0.078385 0.005938
0.593824 0.079572 0.004751
0.604513 0.079572 0.007126
0.615202 0.079572 0.005938
0.674584 0.079572 0.007126
0.560570 0.080760 0.007126
0.571259 0.080760 0.005938
0.584323 0.080760 0.008314
0.629454 0.080760 0.008314
0.638955 0.080760 0.008314
0.650831 0.080760 0.007126
0.500000 0.081948 0.010689
0.538005 0.081948 0.004751
0.660333 0.081948 0.008314
0.311164 0.083135 0.008314
0.438242 0.083135 0.004751
0.484561 0.083135 0.007126
0.516627 0.083135 0.007126
0.528504 0.083135 0.008314
0.547506 0.083135 0.008314
0.277910 0.084323 0.008314
0.288599 0.084323 0.008314
0.299287 0.084323 0.007126
0.412114 0.084323 0.007126
0.463183 0.084323 0.008314
0.473872 0.084323 0.005938
0.135392 0.085511 0.004751
0.143705 0.085511 0.010689
0.179335 0.085511 0.008314
0.190024 0.085511 0.007126
0.200713 0.085511 0.005938
0.254157 0.085511 0.007126
0.267221 0.085511 0.008314
0.377672 0.085511 0.013064
0.877672 0.085511 0.007126
0.123515 0.086698 0.008314
0.168646 0.086698 0.005938
0.212589 0.086698 0.007126
0.224466 0.086698 0.008314
0.233967 0.086698 0.007126
0.244656 0.086698 0.007126
0.368171 0.086698 0.005938
0.157957 0.087886 0.008314
0.862233 0.087886 0.004751
0.842043 0.089074 0.008314
0.852732 0.089074 0.005938
0.800475 0.090261 0.008314
0.809976 0.090261 0.007126
0.820665 0.090261 0.007126
0.830166 0.090261 0.005938
0.739905 0.091449 0.008314
0.755344 0.091449 0.008314
0.764846 0.091449 0.005938
0.773159 0.091449 0.005938
0.786223 0.091449 0.008314
0.720903 0.092637 0.004751
0.728029 0.092637 0.004751
0.712589 0.093824 0.008314
0.638955 0.096200 0.008314
0.660333 0.096200 0.008314
0.583135 0.097387 0.005938
0.622328 0.097387 0.008314
0.648456 0.097387 0.005938
0.564133 0.098575 0.007126
0.573634 0.098575 0.008314
0.593824 0.098575 0.013064
0.602138 0.098575 0.008314
0.614014 0.098575 0.005938
0.486936 0.099762 0.005938
0.526128 0.099762 0.004751
0.534442 0.099762 0.005938
0.542755 0.099762 0.007126
0.553444 0.099762 0.007126
0.165083 0.100950 0.007126
0.186461 0.100950 0.008314
0.384798 0.100950 0.007126
0.463183 0.100950 0.007126
0.473872 0.100950 0.009501
0.507126 0.100950 0.005938
0.516627 0.100950 0.005938
0.876485 0.100950 0.011876
0.123515 0.102138 0.008314
0.146081 0.102138 0.004751
0.155582 0.102138 0.004751
0.201900 0.102138 0.007126
0.211401 0.102138 0.005938
0.220903 0.102138 0.004751
0.244656 0.102138 0.008314
0.254157 0.102138 0.007126
0.263658 0.102138 0.013064
0.271971 0.102138 0.005938
0.279097 0.102138 0.004751
0.404988 0.102138 0.008314
0.425178 0.102138 0.011876
0.432304 0.102138 0.004751
0.452494 0.102138 0.008314
0.496437 0.102138 0.008314
0.230404 0.103325 0.007126
0.395487 0.103325 0.007126
0.414489 0.103325 0.008314
0.441805 0.103325 0.007126
0.868171 0.103325 0.004751
0.134204 0.104513 0.016627
0.849169 0.104513 0.008314
0.858670 0.104513 0.007126
0.808789 0.105701 0.007126
0.819477 0.105701 0.005938
0.837292 0.105701 0.007126
0.789786 0.106888 0.004751
0.796912 0.106888 0.005938
0.828979 0.106888 0.007126
0.749406 0.108076 0.004751
0.760095 0.108076 0.007126
0.781473 0.108076 0.005938
0.733967 0.109264 0.011876
0.771971 0.109264 0.008314
0.096200 0.110451 0.005938
0.717340 0.110451 0.009501
0.739905 0.110451 0.008314
0.640143 0.111639 0.005938
0.657957 0.111639 0.005938
0.630641 0.112827 0.008314
0.647268 0.112827 0.011876
0.610451 0.114014 0.005938
0.618765 0.114014 0.004751
0.570071 0.115202 0.005938
0.578385 0.115202 0.004751
0.586698 0.115202 0.011876
0.592637 0.115202 0.010689
0.602138 0.115202 0.004751
0.560570 0.116390 0.005938
0.180523 0.117577 0.007126
0.190024 0.117577 0.008314
0.203088 0.117577 0.005938
0.277910 0.117577 0.009501
0.528504 0.117577 0.007126
0.539192 0.117577 0.007126
0.551069 0.117577 0.008314
0.169834 0.118765 0.008314
0.212589 0.118765 0.008314
0.254157 0.118765 0.004751
0.346793 0.118765 0.007126
0.368171 0.118765 0.005938
0.456057 0.118765 0.005938
0.464371 0.118765 0.004751
0.485748 0.118765 0.007126
0.495249 0.118765 0.007126
0.509501 0.118765 0.008314
0.517815 0.118765 0.005938
0.869359 0.118765 0.004751
0.095012 0.119952 0.005938
0.134204 0.119952 0.004751
0.148456 0.119952 0.005938
0.157957 0.119952 0.007126
0.264846 0.119952 0.007126
0.358670 0.119952 0.005938
0.377672 0.119952 0.013064
0.384798 0.119952 0.013064
0.394299 0.119952 0.004751
0.403800 0.119952 0.008314
0.416865 0.119952 0.008314
0.426366 0.119952 0.005938
0.435867 0.119952 0.004751
0.445368 0.119952 0.007126
0.473872 0.119952 0.008314
0.876485 0.119952 0.010689
0.224466 0.121140 0.008314
0.233967 0.121140 0.005938
0.244656 0.121140 0.008314
0.844418 0.122328 0.009501
0.850356 0.122328 0.004751
0.777910 0.123515 0.010689
0.786223 0.123515 0.004751
0.808789 0.123515 0.004751
0.826603 0.123515 0.004751
0.833729 0.123515 0.004751
0.763658 0.124703 0.004751
0.796912 0.124703 0.008314
0.817102 0.124703 0.007126
0.717340 0.125891 0.013064
0.754157 0.125891 0.005938
0.725653 0.127078 0.004751
0.745843 0.127078 0.005938
0.656770 0.128266 0.008314
0.735154 0.128266 0.005938
0.093824 0.130641 0.008314
0.605701 0.130641 0.004751
0.638955 0.130641 0.004751
0.616390 0.131829 0.008314
0.630641 0.131829 0.011876
0.585511 0.133017 0.008314
0.596200 0.133017 0.007126
0.549881 0.134204 0.011876
0.574822 0.134204 0.013064
0.190024 0.135392 0.004751
0.276722 0.135392 0.004751
0.337292 0.135392 0.007126
0.494062 0.135392 0.007126
0.530879 0.135392 0.010689
0.567696 0.135392 0.011876
0.134204 0.136580 0.009501
0.147268 0.136580 0.005938
0.178147 0.136580 0.008314
0.198337 0.136580 0.007126
0.210214 0.136580 0.013064
0.218527 0.136580 0.007126
0.228029 0.136580 0.005938
0.243468 0.136580 0.008314
0.254157 0.136580 0.005938
0.264846 0.136580 0.008314
0.285036 0.136580 0.011876
0.346793 0.136580 0.008314
0.356295 0.136580 0.005938
0.389549 0.136580 0.007126
0.401425 0.136580 0.007126
0.447743 0.136580 0.005938
0.456057 0.136580 0.013064
0.466746 0.136580 0.007126
0.508314 0.136580 0.008314
0.519002 0.136580 0.004751
0.557007 0.136580 0.013064
0.121140 0.137767 0.008314
0.157957 0.137767 0.007126
0.167458 0.137767 0.004751
0.364608 0.137767 0.007126
0.375297 0.137767 0.008314
0.413302 0.137767 0.008314
0.425178 0.137767 0.008314
0.437055 0.137767 0.008314
0.479810 0.137767 0.008314
0.874109 0.138955 0.008314
0.880048 0.138955 0.008314
0.846793 0.140143 0.007126
0.853919 0.140143 0.004751
0.864608 0.140143 0.007126
0.786223 0.142518 0.011876
0.794537 0.142518 0.004751
0.806413 0.142518 0.004751
0.827791 0.142518 0.007126
0.836105 0.142518 0.007126
0.775534 0.143705 0.008314
0.732779 0.144893 0.007126
0.760095 0.144893 0.008314
0.742280 0.146081 0.004751
0.750594 0.146081 0.008314
0.701900 0.147268 0.005938
0.720903 0.147268 0.005938
0.672209 0.148456 0.013064
0.711401 0.148456 0.005938
0.629454 0.149644 0.007126
0.637767 0.149644 0.005938
0.650831 0.149644 0.008314
0.662708 0.149644 0.008314
0.606888 0.150831 0.004751
0.616390 0.150831 0.007126
0.532067 0.152019 0.005938
0.540380 0.152019 0.004751
0.591449 0.152019 0.005938
0.599762 0.152019 0.004751
0.119952 0.153207 0.004751
0.269596 0.153207 0.008314
0.280285 0.153207 0.013064
0.347981 0.153207 0.007126
0.368171 0.153207 0.007126
0.507126 0.153207 0.008314
0.521378 0.153207 0.008314
0.572447 0.153207 0.007126
0.581948 0.153207 0.005938
0.127078 0.154394 0.004751
0.235154 0.154394 0.010689
0.250594 0.154394 0.013064
0.287411 0.154394 0.013064
0.295724 0.154394 0.013064
0.325416 0.154394 0.007126
0.358670 0.154394 0.007126
0.377672 0.154394 0.004751
0.385986 0.154394 0.004751
0.394299 0.154394 0.004751
0.428741 0.154394 0.005938
0.484561 0.154394 0.010689
0.492874 0.154394 0.005938
0.551069 0.154394 0.008314
0.562945 0.154394 0.008314
0.868171 0.154394 0.008314
0.161520 0.155582 0.005938
0.172209 0.155582 0.005938
0.179335 0.155582 0.004751
0.192399 0.155582 0.010689
0.220903 0.155582 0.004751
0.402613 0.155582 0.005938
0.410926 0.155582 0.005938
0.420428 0.155582 0.013064
0.438242 0.155582 0.008314
0.447743 0.155582 0.008314
0.458432 0.155582 0.008314
0.469121 0.155582 0.007126
0.136580 0.156770 0.005938
0.200713 0.156770 0.008314
0.211401 0.156770 0.005938
0.840855 0.156770 0.005938
0.850356 0.156770 0.005938
0.859857 0.156770 0.004751
0.831354 0.157957 0.004751
0.794537 0.159145 0.004751
0.804038 0.159145 0.005938
0.813539 0.159145 0.007126
0.823040 0.159145 0.005938
0.786223 0.160333 0.005938
0.751781 0.161520 0.004751
0.776722 0.161520 0.004751
0.768409 0.162708 0.013064
0.742280 0.163895 0.013064
0.697150 0.165083 0.008314
0.707838 0.165083 0.004751
0.718527 0.165083 0.007126
0.735154 0.165083 0.011876
0.650831 0.166271 0.007126
0.662708 0.166271 0.007126
0.682898 0.166271 0.007126
0.624703 0.167458 0.005938
0.633017 0.167458 0.004751
0.672209 0.167458 0.004751
0.168646 0.168646 0.004751
0.590261 0.168646 0.005938
0.605701 0.168646 0.005938
0.615202 0.168646 0.007126
0.514252 0.169834 0.011876
0.532067 0.169834 0.005938
0.571259 0.169834 0.004751
0.579572 0.169834 0.008314
0.117577 0.171021 0.008314
0.461995 0.171021 0.007126
0.494062 0.171021 0.008314
0.540380 0.171021 0.007126
0.551069 0.171021 0.004751
0.558195 0.171021 0.004751
0.880048 0.171021 0.013064
0.176960 0.172209 0.007126
0.185273 0.172209 0.011876
0.192399 0.172209 0.005938
0.235154 0.172209 0.008314
0.277910 0.172209 0.008314
0.313539 0.172209 0.008314
0.325416 0.172209 0.010689
0.338480 0.172209 0.008314
0.349169 0.172209 0.005938
0.407363 0.172209 0.007126
0.419240 0.172209 0.007126
0.429929 0.172209 0.008314
0.439430 0.172209 0.005938
0.448931 0.172209 0.005938
0.471496 0.172209 0.007126
0.482185 0.172209 0.007126
0.503563 0.172209 0.008314
0.850356 0.172209 0.004751
0.862233 0.172209 0.008314
0.871734 0.172209 0.016627
0.201900 0.173397 0.007126
0.214964 0.173397 0.007126
0.223278 0.173397 0.008314
0.250594 0.173397 0.007126
0.288599 0.173397 0.007126
0.299287 0.173397 0.008314
0.385986 0.173397 0.007126
0.396675 0.173397 0.005938
0.260095 0.174584 0.008314
0.358670 0.174584 0.005938
0.366983 0.174584 0.005938
0.377672 0.174584 0.007126
0.817102 0.174584 0.004751
0.825416 0.175772 0.008314
0.838480 0.175772 0.009501
0.807601 0.176960 0.005938
0.786223 0.178147 0.008314
0.798100 0.178147 0.008314
0.769596 0.179335 0.011876
0.776722 0.179335 0.004751
0.675772 0.180523 0.003563
0.714964 0.180523 0.009501
0.722090 0.180523 0.004751
0.730404 0.180523 0.011876
0.757720 0.180523 0.008314
0.663895 0.181710 0.004751
0.691211 0.181710 0.008314
0.699525 0.181710 0.007126
0.745843 0.181710 0.005938
0.641330 0.182898 0.008314
0.619952 0.184086 0.007126
0.631829 0.184086 0.007126
0.653207 0.184086 0.008314
0.118765 0.185273 0.008314
0.593824 0.185273 0.010689
0.609264 0.185273 0.007126
0.130641 0.186461 0.007126
0.579572 0.186461 0.007126
0.450119 0.187648 0.004751
0.524941 0.187648 0.008314
0.536817 0.187648 0.013064
0.543943 0.187648 0.008314
0.558195 0.187648 0.008314
0.567696 0.187648 0.008314
0.141330 0.188836 0.007126
0.159145 0.188836 0.013064
0.169834 0.188836 0.008314
0.195962 0.188836 0.007126
0.237530 0.188836 0.007126
0.248219 0.188836 0.007126
0.260095 0.188836 0.007126
0.270784 0.188836 0.007126
0.384798 0.188836 0.008314
0.395487 0.188836 0.005938
0.403800 0.188836 0.007126
0.429929 0.188836 0.008314
0.440618 0.188836 0.005938
0.466746 0.188836 0.008314
0.480998 0.188836 0.007126
0.494062 0.188836 0.008314
0.184086 0.190024 0.008314
0.207838 0.190024 0.013064
0.216152 0.190024 0.004751
0.225653 0.190024 0.008314
0.280285 0.190024 0.005938
0.288599 0.190024 0.004751
0.296912 0.190024 0.007126
0.307601 0.190024 0.004751
0.344418 0.190024 0.008314
0.361045 0.190024 0.004751
0.375297 0.190024 0.008314
0.415677 0.190024 0.008314
0.510689 0.190024 0.008314
0.314727 0.191211 0.004751
0.321853 0.191211 0.011876
0.352732 0.191211 0.005938
0.333729 0.192399 0.005938
0.720903 0.194774 0.009501
0.524941 0.206651 0.010689
