0.707838 0.071259 0.011876
0.598575 0.072447 0.008314
0.667458 0.072447 0.005938
0.714964 0.072447 0.004751
0.723278 0.072447 0.008314
0.735154 0.072447 0.008314
0.751781 0.072447 0.004751
0.768409 0.072447 0.008314
0.796912 0.072447 0.008314
0.815914 0.072447 0.013064
0.827791 0.072447 0.007126
0.573634 0.073634 0.008314
0.628266 0.073634 0.005938
0.646081 0.073634 0.009501
0.676960 0.073634 0.007126
0.687648 0.073634 0.013064
0.743468 0.073634 0.013064
0.760095 0.073634 0.004751
0.808789 0.073634 0.011876
0.836105 0.073634 0.008314
0.510689 0.074822 0.004751
0.547506 0.074822 0.004751
0.555819 0.074822 0.005938
0.564133 0.074822 0.005938
0.586698 0.074822 0.008314
0.619952 0.074822 0.005938
0.652019 0.074822 0.004751
0.782660 0.074822 0.009501
0.847981 0.074822 0.005938
0.857482 0.074822 0.005938
0.866983 0.074822 0.008314
0.878860 0.074822 0.008314
0.484561 0.076010 0.004751
0.494062 0.076010 0.005938
0.502375 0.076010 0.004751
0.527316 0.076010 0.007126
0.538005 0.076010 0.007126
0.397862 0.077197 0.010689
0.431116 0.077197 0.007126
0.441805 0.077197 0.007126
0.457245 0.077197 0.007126
0.465558 0.077197 0.005938
0.289786 0.078385 0.007126
0.299287 0.078385 0.004751
0.319477 0.078385 0.004751
0.361045 0.078385 0.004751
0.369359 0.078385 0.008314
0.380048 0.078385 0.005938
0.407363 0.078385 0.008314
0.420428 0.078385 0.008314
0.476247 0.078385 0.007126
0.249406 0.079572 0.015439
0.308789 0.079572 0.007126
0.330166 0.079572 0.008314
0.342043 0.079572 0.007126
0.351544 0.079572 0.008314
0.171021 0.080760 0.004751
0.178147 0.080760 0.004751
0.192399 0.080760 0.005938
0.203088 0.080760 0.007126
0.212589 0.080760 0.004751
0.220903 0.080760 0.005938
0.230404 0.080760 0.004751
0.241093 0.080760 0.008314
0.263658 0.080760 0.009501
0.277910 0.080760 0.007126
0.130641 0.081948 0.010689
0.137767 0.081948 0.004751
0.147268 0.081948 0.005938
0.155582 0.081948 0.004751
0.163895 0.081948 0.004751
0.736342 0.085511 0.005938
0.844418 0.086698 0.004751
0.673397 0.087886 0.008314
0.685273 0.087886 0.004751
0.694774 0.087886 0.005938
0.728029 0.087886 0.007126
0.744656 0.087886 0.005938
0.754157 0.087886 0.005938
0.764846 0.087886 0.005938
0.792162 0.087886 0.005938
0.820665 0.087886 0.005938
0.830166 0.087886 0.007126
0.871734 0.087886 0.004751
0.882423 0.087886 0.007126
0.640143 0.089074 0.005938
0.650831 0.089074 0.007126
0.661520 0.089074 0.004751
0.701900 0.089074 0.004751
0.710214 0.089074 0.011876
0.718527 0.089074 0.007126
0.773159 0.089074 0.007126
0.783848 0.089074 0.005938
0.802850 0.089074 0.008314
0.811164 0.089074 0.004751
0.863420 0.089074 0.010689
0.566508 0.090261 0.007126
0.600950 0.090261 0.008314
0.610451 0.090261 0.008314
0.622328 0.090261 0.007126
0.631829 0.090261 0.005938
0.458432 0.091449 0.007126
0.467933 0.091449 0.005938
0.485748 0.091449 0.005938
0.507126 0.091449 0.007126
0.521378 0.091449 0.007126
0.532067 0.091449 0.007126
0.543943 0.091449 0.007126
0.554632 0.091449 0.005938
0.577197 0.091449 0.007126
0.586698 0.091449 0.007126
0.212589 0.092637 0.004751
0.279097 0.092637 0.007126
0.288599 0.092637 0.004751
0.298100 0.092637 0.005938
0.307601 0.092637 0.005938
0.365796 0.092637 0.004751
0.380048 0.092637 0.008314
0.390736 0.092637 0.008314
0.414489 0.092637 0.004751
0.422803 0.092637 0.007126
0.433492 0.092637 0.005938
0.446556 0.092637 0.008314
0.496437 0.092637 0.007126
0.195962 0.093824 0.004751
0.203088 0.093824 0.005938
0.219715 0.093824 0.010689
0.231591 0.093824 0.007126
0.319477 0.093824 0.007126
0.344418 0.093824 0.007126
0.358670 0.093824 0.008314
0.403800 0.093824 0.008314
0.475059 0.093824 0.008314
0.149644 0.095012 0.007126
0.175772 0.095012 0.008314
0.187648 0.095012 0.005938
0.331354 0.095012 0.007126
0.141330 0.096200 0.004751
0.162708 0.096200 0.008314
0.127078 0.097387 0.010689
0.264846 0.097387 0.007126
0.541568 0.102138 0.005938
0.817102 0.102138 0.007126
0.828979 0.102138 0.007126
0.840855 0.102138 0.008314
0.852732 0.102138 0.005938
0.533254 0.103325 0.005938
0.617577 0.103325 0.005938
0.640143 0.103325 0.005938
0.647268 0.103325 0.008314
0.691211 0.103325 0.007126
0.714964 0.103325 0.008314
0.725653 0.103325 0.007126
0.758907 0.103325 0.005938
0.768409 0.103325 0.005938
0.780285 0.103325 0.008314
0.789786 0.103325 0.005938
0.808789 0.103325 0.004751
0.862233 0.103325 0.004751
0.522565 0.104513 0.005938
0.548694 0.104513 0.004751
0.557007 0.104513 0.008314
0.628266 0.104513 0.008314
0.659145 0.104513 0.008314
0.669834 0.104513 0.008314
0.703088 0.104513 0.005938
0.737530 0.104513 0.008314
0.749406 0.104513 0.008314
0.799287 0.104513 0.007126
0.361045 0.105701 0.008314
0.372922 0.105701 0.004751
0.513064 0.105701 0.007126
0.570071 0.105701 0.004751
0.581948 0.105701 0.007126
0.682898 0.105701 0.010689
0.283848 0.106888 0.005938
0.293349 0.106888 0.007126
0.313539 0.106888 0.007126
0.323040 0.106888 0.005938
0.332542 0.106888 0.007126
0.381235 0.106888 0.005938
0.391924 0.106888 0.005938
0.440618 0.106888 0.007126
0.453682 0.106888 0.005938
0.463183 0.106888 0.004751
0.477435 0.106888 0.007126
0.488124 0.106888 0.007126
0.497625 0.106888 0.004751
0.605701 0.106888 0.007126
0.236342 0.108076 0.008314
0.248219 0.108076 0.007126
0.304038 0.108076 0.005938
0.352732 0.108076 0.005938
0.401425 0.108076 0.005938
0.410926 0.108076 0.007126
0.422803 0.108076 0.005938
0.432304 0.108076 0.005938
0.206651 0.109264 0.005938
0.216152 0.109264 0.004751
0.224466 0.109264 0.005938
0.258907 0.109264 0.007126
0.268409 0.109264 0.008314
0.127078 0.110451 0.005938
0.148456 0.110451 0.007126
0.159145 0.110451 0.004751
0.167458 0.110451 0.005938
0.176960 0.110451 0.005938
0.187648 0.110451 0.005938
0.197150 0.110451 0.005938
0.138955 0.111639 0.007126
0.800475 0.116390 0.007126
0.821853 0.116390 0.005938
0.844418 0.116390 0.008314
0.850356 0.116390 0.009501
0.654394 0.117577 0.004751
0.811164 0.117577 0.008314
0.833729 0.117577 0.008314
0.861045 0.117577 0.008314
0.581948 0.118765 0.008314
0.705463 0.118765 0.008314
0.758907 0.118765 0.005938
0.770784 0.118765 0.007126
0.787411 0.118765 0.010689
0.477435 0.119952 0.005938
0.489311 0.119952 0.008314
0.523753 0.119952 0.005938
0.557007 0.119952 0.004751
0.568884 0.119952 0.004751
0.625891 0.119952 0.008314
0.646081 0.119952 0.007126
0.714964 0.119952 0.005938
0.722090 0.119952 0.004751
0.730404 0.119952 0.005938
0.739905 0.119952 0.008314
0.749406 0.119952 0.005938
0.780285 0.119952 0.004751
0.380048 0.121140 0.010689
0.387173 0.121140 0.004751
0.403800 0.121140 0.004751
0.410926 0.121140 0.007126
0.421615 0.121140 0.005938
0.432304 0.121140 0.005938
0.440618 0.121140 0.004751
0.450119 0.121140 0.005938
0.459620 0.121140 0.005938
0.467933 0.121140 0.004751
0.502375 0.121140 0.004751
0.509501 0.121140 0.004751
0.532067 0.121140 0.004751
0.539192 0.121140 0.004751
0.595012 0.121140 0.007126
0.604513 0.121140 0.005938
0.614014 0.121140 0.005938
0.636580 0.121140 0.004751
0.182898 0.122328 0.005938
0.191211 0.122328 0.004751
0.547506 0.122328 0.005938
0.124703 0.123515 0.007126
0.173397 0.123515 0.004751
0.204276 0.123515 0.008314
0.212589 0.123515 0.004751
0.219715 0.123515 0.010689
0.229216 0.123515 0.004751
0.236342 0.123515 0.004751
0.245843 0.123515 0.005938
0.255344 0.123515 0.004751
0.280285 0.123515 0.004751
0.287411 0.123515 0.004751
0.135392 0.124703 0.004751
0.156770 0.124703 0.005938
0.165083 0.124703 0.004751
0.262470 0.124703 0.005938
0.270784 0.124703 0.007126
0.144893 0.125891 0.007126
0.808789 0.133017 0.008314
0.827791 0.133017 0.011876
0.837292 0.133017 0.004751
0.847981 0.133017 0.007126
0.798100 0.134204 0.005938
0.820665 0.134204 0.008314
0.861045 0.134204 0.007126
0.440618 0.135392 0.004751
0.448931 0.135392 0.004751
0.456057 0.135392 0.004751
0.471496 0.135392 0.007126
0.482185 0.135392 0.007126
0.501188 0.135392 0.005938
0.509501 0.135392 0.004751
0.517815 0.135392 0.004751
0.527316 0.135392 0.005938
0.535629 0.135392 0.005938
0.640143 0.135392 0.007126
0.653207 0.135392 0.010689
0.718527 0.135392 0.004751
0.733967 0.135392 0.004751
0.758907 0.135392 0.005938
0.779097 0.135392 0.005938
0.412114 0.136580 0.004751
0.431116 0.136580 0.008314
0.491686 0.136580 0.005938
0.558195 0.136580 0.004751
0.599762 0.136580 0.005938
0.609264 0.136580 0.008314
0.618765 0.136580 0.007126
0.629454 0.136580 0.005938
0.725653 0.136580 0.010689
0.741093 0.136580 0.010689
0.751781 0.136580 0.004751
0.770784 0.136580 0.008314
0.787411 0.136580 0.007126
0.124703 0.137767 0.007126
0.194774 0.137767 0.007126
0.214964 0.137767 0.005938
0.254157 0.137767 0.004751
0.261283 0.137767 0.010689
0.394299 0.137767 0.005938
0.403800 0.137767 0.005938
0.547506 0.137767 0.007126
0.567696 0.137767 0.005938
0.577197 0.137767 0.005938
0.589074 0.137767 0.007126
0.138955 0.138955 0.007126
0.156770 0.138955 0.004751
0.184086 0.138955 0.005938
0.205463 0.138955 0.005938
0.225653 0.138955 0.005938
0.235154 0.138955 0.005938
0.244656 0.138955 0.005938
0.269596 0.138955 0.004751
0.383610 0.138955 0.008314
0.148456 0.140143 0.004751
0.167458 0.140143 0.007126
0.175772 0.140143 0.005938
0.843230 0.146081 0.007126
0.851544 0.146081 0.004751
0.868171 0.146081 0.008314
0.884798 0.146081 0.010689
0.288599 0.148456 0.007126
0.826603 0.148456 0.008314
0.663895 0.149644 0.005938
0.781473 0.149644 0.007126
0.804038 0.149644 0.008314
0.817102 0.149644 0.008314
0.528504 0.150831 0.007126
0.612827 0.150831 0.008314
0.624703 0.150831 0.008314
0.636580 0.150831 0.008314
0.646081 0.150831 0.007126
0.720903 0.150831 0.004751
0.730404 0.150831 0.008314
0.747031 0.150831 0.004751
0.754157 0.150831 0.005938
0.763658 0.150831 0.004751
0.770784 0.150831 0.004751
0.792162 0.150831 0.007126
0.334917 0.152019 0.007126
0.538005 0.152019 0.007126
0.546318 0.152019 0.004751
0.554632 0.152019 0.010689
0.560570 0.152019 0.004751
0.571259 0.152019 0.007126
0.583135 0.152019 0.008314
0.592637 0.152019 0.005938
0.602138 0.152019 0.005938
0.710214 0.152019 0.013064
0.123515 0.153207 0.011876
0.131829 0.153207 0.004751
0.163895 0.153207 0.004751
0.172209 0.153207 0.005938
0.194774 0.153207 0.007126
0.207838 0.153207 0.005938
0.249406 0.153207 0.007126
0.261283 0.153207 0.004751
0.441805 0.153207 0.007126
0.463183 0.153207 0.008314
0.494062 0.153207 0.004751
0.502375 0.153207 0.007126
0.140143 0.154394 0.008314
0.153207 0.154394 0.008314
0.184086 0.154394 0.007126
0.219715 0.154394 0.008314
0.238717 0.154394 0.007126
0.359857 0.154394 0.007126
0.370546 0.154394 0.005938
0.378860 0.154394 0.004751
0.408551 0.154394 0.007126
0.431116 0.154394 0.008314
0.451306 0.154394 0.007126
0.476247 0.154394 0.005938
0.485748 0.154394 0.004751
0.513064 0.154394 0.008314
0.228029 0.155582 0.008314
0.347981 0.155582 0.007126
0.387173 0.155582 0.008314
0.399050 0.155582 0.007126
0.419240 0.155582 0.008314
0.864608 0.161520 0.004751
0.870546 0.161520 0.009501
0.856295 0.162708 0.007126
0.787411 0.165083 0.004751
0.794537 0.165083 0.004751
0.802850 0.165083 0.007126
0.814727 0.165083 0.007126
0.825416 0.165083 0.004751
0.833729 0.165083 0.008314
0.845606 0.165083 0.008314
0.747031 0.166271 0.007126
0.777910 0.166271 0.005938
0.533254 0.167458 0.007126
0.599762 0.167458 0.004751
0.610451 0.167458 0.008314
0.619952 0.167458 0.007126
0.633017 0.167458 0.008314
0.646081 0.167458 0.005938
0.661520 0.167458 0.010689
0.707838 0.167458 0.007126
0.717340 0.167458 0.005938
0.728029 0.167458 0.007126
0.738717 0.167458 0.008314
0.758907 0.167458 0.008314
0.769596 0.167458 0.005938
0.175772 0.168646 0.007126
0.188836 0.168646 0.007126
0.199525 0.168646 0.008314
0.229216 0.168646 0.005938
0.241093 0.168646 0.008314
0.269596 0.168646 0.004751
0.331354 0.168646 0.008314
0.342043 0.168646 0.007126
0.353919 0.168646 0.005938
0.450119 0.168646 0.008314
0.490499 0.168646 0.008314
0.513064 0.168646 0.007126
0.521378 0.168646 0.005938
0.559382 0.168646 0.008314
0.568884 0.168646 0.005938
0.577197 0.168646 0.004751
0.585511 0.168646 0.004751
0.592637 0.168646 0.004751
0.654394 0.168646 0.004751
0.133017 0.169834 0.007126
0.147268 0.169834 0.008314
0.157957 0.169834 0.004751
0.210214 0.169834 0.008314
0.219715 0.169834 0.005938
0.254157 0.169834 0.010689
0.362233 0.169834 0.005938
0.370546 0.169834 0.004751
0.425178 0.169834 0.005938
0.437055 0.169834 0.008314
0.457245 0.169834 0.008314
0.502375 0.169834 0.008314
0.545131 0.169834 0.005938
0.123515 0.171021 0.008314
0.166271 0.171021 0.011876
0.378860 0.171021 0.005938
0.388361 0.171021 0.007126
0.397862 0.171021 0.008314
0.415677 0.171021 0.007126
0.478622 0.171021 0.008314
0.404988 0.172209 0.004751
0.466746 0.172209 0.008314
0.877672 0.176960 0.011876
0.858670 0.178147 0.005938
0.869359 0.178147 0.008314
0.823040 0.179335 0.007126
0.836105 0.179335 0.007126
0.847981 0.179335 0.007126
0.785036 0.180523 0.005938
0.793349 0.180523 0.005938
0.802850 0.180523 0.005938
0.812352 0.180523 0.005938
0.732779 0.181710 0.004751
0.751781 0.181710 0.004751
0.763658 0.181710 0.008314
0.777910 0.181710 0.004751
0.665083 0.182898 0.011876
0.712589 0.182898 0.007126
0.723278 0.182898 0.005938
0.742280 0.182898 0.007126
0.232779 0.184086 0.008314
0.615202 0.184086 0.007126
0.633017 0.184086 0.004751
0.642518 0.184086 0.005938
0.649644 0.184086 0.005938
0.657957 0.184086 0.005938
0.699525 0.184086 0.008314
0.123515 0.185273 0.005938
0.136580 0.185273 0.010689
0.144893 0.185273 0.004751
0.153207 0.185273 0.005938
0.162708 0.185273 0.004751
0.178147 0.185273 0.005938
0.198337 0.185273 0.004751
0.205463 0.185273 0.011876
0.256532 0.185273 0.008314
0.273159 0.185273 0.005938
0.552257 0.185273 0.004751
0.568884 0.185273 0.007126
0.578385 0.185273 0.008314
0.604513 0.185273 0.005938
0.624703 0.185273 0.005938
0.188836 0.186461 0.007126
0.243468 0.186461 0.008314
0.282660 0.186461 0.008314
0.532067 0.186461 0.007126
0.593824 0.186461 0.009501
0.214964 0.187648 0.007126
0.344418 0.187648 0.005938
0.356295 0.187648 0.008314
0.368171 0.187648 0.007126
0.397862 0.187648 0.007126
0.429929 0.187648 0.005938
0.448931 0.187648 0.005938
0.457245 0.187648 0.004751
0.486936 0.187648 0.005938
0.496437 0.187648 0.011876
0.504751 0.187648 0.004751
0.542755 0.187648 0.005938
0.295724 0.188836 0.004751
0.301663 0.188836 0.008314
0.321853 0.188836 0.008314
0.336105 0.188836 0.008314
0.388361 0.188836 0.005938
0.410926 0.188836 0.008314
0.420428 0.188836 0.005938
0.440618 0.188836 0.007126
0.471496 0.188836 0.010689
0.838480 0.192399 0.007126
0.802850 0.193587 0.005938
0.811164 0.193587 0.004751
0.819477 0.193587 0.004751
0.827791 0.193587 0.005938
0.777910 0.194774 0.007126
0.788599 0.194774 0.008314
0.737530 0.197150 0.005938
0.745843 0.197150 0.004751
0.755344 0.197150 0.007126
0.766033 0.197150 0.008314
0.649644 0.198337 0.004751
0.656770 0.198337 0.005938
0.673397 0.198337 0.004751
0.718527 0.198337 0.008314
0.729216 0.198337 0.005938
0.874109 0.198337 0.008314
0.887173 0.198337 0.005938
0.122328 0.199525 0.005938
0.142518 0.199525 0.004751
0.232779 0.199525 0.004751
0.241093 0.199525 0.004751
0.617577 0.199525 0.007126
0.629454 0.199525 0.007126
0.640143 0.199525 0.005938
0.697150 0.199525 0.005938
0.706651 0.199525 0.007126
0.131829 0.200713 0.008314
0.150831 0.200713 0.004751
0.168646 0.200713 0.007126
0.178147 0.200713 0.007126
0.191211 0.200713 0.007126
0.219715 0.200713 0.004751
0.250594 0.200713 0.010689
0.267221 0.200713 0.007126
0.526128 0.200713 0.011876
0.542755 0.200713 0.007126
0.157957 0.201900 0.010689
0.200713 0.201900 0.008314
0.211401 0.201900 0.004751
0.277910 0.201900 0.005938
0.286223 0.201900 0.004751
0.299287 0.201900 0.008314
0.378860 0.201900 0.005938
0.387173 0.201900 0.005938
0.507126 0.201900 0.008314
0.516627 0.201900 0.005938
0.555819 0.201900 0.007126
0.564133 0.201900 0.005938
0.595012 0.201900 0.007126
0.604513 0.201900 0.007126
0.685273 0.201900 0.008314
0.861045 0.201900 0.008314
0.337292 0.203088 0.005938
0.349169 0.203088 0.005938
0.359857 0.203088 0.005938
0.369359 0.203088 0.005938
0.397862 0.203088 0.005938
0.409739 0.203088 0.005938
0.419240 0.203088 0.007126
0.428741 0.203088 0.007126
0.438242 0.203088 0.007126
0.463183 0.203088 0.008314
0.475059 0.203088 0.007126
0.484561 0.203088 0.007126
0.494062 0.203088 0.005938
0.574822 0.203088 0.007126
0.852732 0.203088 0.005938
0.309976 0.204276 0.007126
0.321853 0.204276 0.005938
0.450119 0.204276 0.005938
0.836105 0.204276 0.004751
0.844418 0.204276 0.005938
0.826603 0.205463 0.005938
0.817102 0.206651 0.007126
0.804038 0.207838 0.005938
0.776722 0.209026 0.007126
0.788599 0.209026 0.007126
0.796912 0.209026 0.004751
0.730404 0.211401 0.007126
0.743468 0.211401 0.008314
0.754157 0.211401 0.004751
0.633017 0.212589 0.008314
0.646081 0.212589 0.005938
0.718527 0.212589 0.004751
0.122328 0.213777 0.007126
0.273159 0.213777 0.008314
0.619952 0.213777 0.005938
0.659145 0.213777 0.007126
0.672209 0.213777 0.007126
0.698337 0.213777 0.007126
0.710214 0.213777 0.005938
0.763658 0.213777 0.008314
0.876485 0.213777 0.008314
0.131829 0.214964 0.004751
0.225653 0.214964 0.008314
0.281473 0.214964 0.005938
0.290974 0.214964 0.004751
0.324228 0.214964 0.008314
0.337292 0.214964 0.007126
0.349169 0.214964 0.008314
0.361045 0.214964 0.007126
0.370546 0.214964 0.008314
0.382423 0.214964 0.008314
0.587886 0.214964 0.008314
0.603325 0.214964 0.007126
0.611639 0.214964 0.004751
0.681710 0.214964 0.007126
0.859857 0.214964 0.004751
0.140143 0.216152 0.007126
0.149644 0.216152 0.005938
0.159145 0.216152 0.005938
0.169834 0.216152 0.005938
0.180523 0.216152 0.007126
0.192399 0.216152 0.007126
0.205463 0.216152 0.007126
0.214964 0.216152 0.007126
0.242280 0.216152 0.007126
0.252969 0.216152 0.007126
0.306413 0.216152 0.007126
0.393112 0.216152 0.005938
0.445368 0.216152 0.005938
0.458432 0.216152 0.007126
0.514252 0.216152 0.007126
0.524941 0.216152 0.008314
0.539192 0.216152 0.007126
0.551069 0.216152 0.005938
0.562945 0.216152 0.008314
0.574822 0.216152 0.008314
0.849169 0.216152 0.007126
0.404988 0.217340 0.008314
0.427553 0.217340 0.005938
0.437055 0.217340 0.008314
0.471496 0.217340 0.005938
0.479810 0.217340 0.004751
0.838480 0.217340 0.007126
0.419240 0.218527 0.005938
0.488124 0.218527 0.008314
0.500000 0.218527 0.008314
0.805226 0.219715 0.007126
0.825416 0.220903 0.008314
0.792162 0.222090 0.007126
0.782660 0.223278 0.005938
0.643705 0.224466 0.004751
0.669834 0.224466 0.005938
0.717340 0.224466 0.007126
0.726841 0.224466 0.004751
0.739905 0.224466 0.004751
0.773159 0.224466 0.007126
0.652019 0.225653 0.005938
0.661520 0.225653 0.004751
0.679335 0.225653 0.005938
0.705463 0.225653 0.007126
0.751781 0.225653 0.008314
0.761283 0.225653 0.004751
0.637767 0.226841 0.009501
0.693587 0.226841 0.008314
0.121140 0.228029 0.007126
0.203088 0.228029 0.005938
0.131829 0.229216 0.004751
0.141330 0.229216 0.005938
0.149644 0.229216 0.004751
0.157957 0.229216 0.005938
0.171021 0.229216 0.008314
0.191211 0.229216 0.008314
0.230404 0.229216 0.011876
0.238717 0.229216 0.005938
0.306413 0.229216 0.005938
0.448931 0.229216 0.009501
0.522565 0.229216 0.008314
0.565321 0.229216 0.007126
0.586698 0.229216 0.007126
0.595012 0.229216 0.004751
0.618765 0.229216 0.008314
0.213777 0.230404 0.005938
0.222090 0.230404 0.011876
0.247031 0.230404 0.005938
0.255344 0.230404 0.011876
0.277910 0.230404 0.008314
0.288599 0.230404 0.005938
0.298100 0.230404 0.013064
0.318290 0.230404 0.008314
0.353919 0.230404 0.007126
0.380048 0.230404 0.010689
0.388361 0.230404 0.008314
0.400238 0.230404 0.004751
0.414489 0.230404 0.008314
0.425178 0.230404 0.007126
0.460808 0.230404 0.007126
0.482185 0.230404 0.007126
0.497625 0.230404 0.004751
0.505938 0.230404 0.004751
0.514252 0.230404 0.005938
0.533254 0.230404 0.007126
0.543943 0.230404 0.007126
0.554632 0.230404 0.008314
0.576010 0.230404 0.005938
0.604513 0.230404 0.008314
0.182898 0.231591 0.005938
0.331354 0.231591 0.008314
0.344418 0.231591 0.007126
0.365796 0.231591 0.008314
0.470309 0.231591 0.007126