268.000000 0.000000 10.000000
306.000000 0.000000 11.000000
318.000000 0.000000 11.000000
509.000000 0.000000 21.000000
249.000000 1.000000 7.000000
793.000000 4.000000 11.000000
545.000000 6.000000 30.000000
277.000000 7.000000 4.000000
531.000000 7.000000 44.000000
709.000000 7.000000 17.000000
761.000000 8.000000 17.000000
605.000000 9.000000 21.000000
637.000000 9.000000 14.000000
650.000000 9.000000 28.000000
688.000000 9.000000 10.000000
741.000000 9.000000 11.000000
583.000000 11.000000 11.000000
281.000000 16.000000 14.000000
261.000000 17.000000 11.000000
176.000000 18.000000 17.000000
315.000000 18.000000 10.000000
208.000000 19.000000 14.000000
232.000000 19.000000 21.000000
121.000000 20.000000 27.000000
155.000000 20.000000 11.000000
219.000000 20.000000 31.000000
102.000000 23.000000 11.000000
464.000000 48.000000 9.000000
477.000000 49.000000 4.000000
482.000000 50.000000 4.000000
448.000000 51.000000 4.000000
434.000000 53.000000 12.000000
356.000000 55.000000 7.000000
399.000000 55.000000 9.000000
410.000000 55.000000 10.000000
364.000000 57.000000 8.000000
374.000000 57.000000 14.000000
384.000000 57.000000 4.000000
390.000000 57.000000 4.000000
415.000000 57.000000 4.000000
411.000000 85.000000 4.000000
441.000000 85.000000 4.000000
403.000000 86.000000 14.000000
435.000000 86.000000 4.000000
379.000000 87.000000 7.000000
384.000000 87.000000 16.000000
427.000000 87.000000 14.000000
393.000000 88.000000 4.000000
465.000000 102.000000 4.000000
473.000000 103.000000 4.000000
480.000000 103.000000 4.000000
454.000000 105.000000 4.000000
488.000000 105.000000 7.000000
384.000000 108.000000 13.000000
423.000000 108.000000 4.000000
430.000000 109.000000 7.000000
448.000000 109.000000 6.000000
440.000000 110.000000 7.000000
391.000000 111.000000 18.000000
402.000000 113.000000 7.000000
413.000000 114.000000 7.000000
446.000000 147.000000 4.000000
451.000000 148.000000 4.000000
367.000000 150.000000 7.000000
321.000000 151.000000 16.000000
331.000000 151.000000 6.000000
353.000000 151.000000 9.000000
377.000000 151.000000 19.000000
416.000000 151.000000 7.000000
425.000000 151.000000 6.000000
434.000000 151.000000 15.000000
341.000000 152.000000 7.000000
