0.941805 0.002375 0.020190
0.783848 0.007126 0.023753
0.852732 0.007126 0.022565
0.768409 0.008314 0.024941
0.755344 0.009501 0.020190
0.880048 0.010689 0.013064
0.817102 0.011876 0.011876
0.572447 0.036817 0.009501
0.578385 0.036817 0.004751
0.585511 0.038005 0.005938
0.593824 0.038005 0.004751
0.600950 0.038005 0.010689
0.612827 0.038005 0.007126
0.624703 0.038005 0.008314
0.634204 0.038005 0.008314
0.647268 0.038005 0.008314
0.748219 0.038005 0.008314
0.769596 0.038005 0.009501
0.775534 0.038005 0.004751
0.785036 0.038005 0.005938
0.794537 0.038005 0.005938
0.804038 0.038005 0.004751
0.827791 0.038005 0.009501
0.660333 0.039192 0.008314
0.733967 0.039192 0.011876
0.756532 0.039192 0.005938
0.812352 0.039192 0.007126
0.839667 0.039192 0.008314
0.503563 0.040380 0.007126
0.516627 0.040380 0.008314
0.528504 0.040380 0.008314
0.536817 0.040380 0.008314
0.551069 0.040380 0.008314
0.672209 0.040380 0.007126
0.682898 0.040380 0.008314
0.716152 0.040380 0.007126
0.725653 0.040380 0.004751
0.847981 0.040380 0.007126
0.858670 0.040380 0.004751
0.866983 0.040380 0.010689
0.439430 0.041568 0.008314
0.448931 0.041568 0.005938
0.460808 0.041568 0.008314
0.472684 0.041568 0.008314
0.486936 0.041568 0.005938
0.495249 0.041568 0.004751
0.560570 0.041568 0.008314
0.706651 0.041568 0.004751
0.883610 0.041568 0.008314
0.399050 0.042755 0.004751
0.408551 0.042755 0.005938
0.419240 0.042755 0.005938
0.426366 0.042755 0.005938
0.693587 0.042755 0.005938
0.390736 0.043943 0.005938
0.191211 0.045131 0.007126
0.223278 0.045131 0.004751
0.231591 0.045131 0.005938
0.241093 0.045131 0.007126
0.251781 0.045131 0.008314
0.260095 0.045131 0.005938
0.369359 0.045131 0.009501
0.143705 0.046318 0.011876
0.152019 0.046318 0.004751
0.160333 0.046318 0.005938
0.169834 0.046318 0.004751
0.201900 0.046318 0.008314
0.213777 0.046318 0.007126
0.122328 0.047506 0.011876
0.130641 0.048694 0.004751
0.712589 0.051069 0.004751
0.777910 0.052257 0.008314
0.599762 0.053444 0.007126
0.610451 0.053444 0.008314
0.624703 0.053444 0.008314
0.631829 0.053444 0.004751
0.640143 0.053444 0.004751
0.649644 0.053444 0.008314
0.675772 0.053444 0.004751
0.718527 0.053444 0.008314
0.742280 0.053444 0.005938
0.757720 0.053444 0.004751
0.766033 0.053444 0.005938
0.542755 0.054632 0.007126
0.565321 0.054632 0.005938
0.586698 0.054632 0.008314
0.659145 0.054632 0.004751
0.666271 0.054632 0.008314
0.682898 0.054632 0.009501
0.732779 0.054632 0.007126
0.793349 0.054632 0.008314
0.805226 0.054632 0.008314
0.814727 0.054632 0.005938
0.837292 0.054632 0.008314
0.846793 0.054632 0.005938
0.856295 0.054632 0.007126
0.866983 0.054632 0.008314
0.513064 0.055819 0.007126
0.522565 0.055819 0.005938
0.532067 0.055819 0.005938
0.554632 0.055819 0.007126
0.573634 0.055819 0.008314
0.694774 0.055819 0.007126
0.823040 0.055819 0.008314
0.397862 0.057007 0.007126
0.408551 0.057007 0.004751
0.416865 0.057007 0.004751
0.425178 0.057007 0.007126
0.437055 0.057007 0.007126
0.447743 0.057007 0.007126
0.467933 0.057007 0.005938
0.501188 0.057007 0.007126
0.384798 0.058195 0.008314
0.477435 0.058195 0.008314
0.489311 0.058195 0.008314
0.238717 0.059382 0.005938
0.248219 0.059382 0.004751
0.352732 0.059382 0.007126
0.363420 0.059382 0.007126
0.168646 0.060570 0.009501
0.180523 0.060570 0.004751
0.191211 0.060570 0.007126
0.201900 0.060570 0.005938
0.212589 0.060570 0.005938
0.222090 0.060570 0.004751
0.229216 0.060570 0.004751
0.292162 0.060570 0.008314
0.300475 0.060570 0.007126
0.325416 0.060570 0.008314
0.342043 0.060570 0.007126
0.372922 0.060570 0.007126
0.123515 0.061758 0.007126
0.133017 0.061758 0.005938
0.142518 0.061758 0.005938
0.152019 0.061758 0.005938
0.161520 0.061758 0.004751
0.309976 0.061758 0.008314
0.580760 0.067696 0.011876
0.617577 0.067696 0.005938
0.629454 0.067696 0.007126
0.637767 0.067696 0.004751
0.589074 0.068884 0.005938
0.598575 0.068884 0.005938
0.610451 0.068884 0.007126
0.669834 0.068884 0.008314
0.678147 0.068884 0.005938
0.686461 0.068884 0.008314
0.714964 0.068884 0.013064
0.724466 0.068884 0.005938
0.744656 0.068884 0.008314
0.754157 0.068884 0.005938
0.762470 0.068884 0.005938
0.869359 0.068884 0.004751
0.882423 0.068884 0.004751
0.523753 0.070071 0.005938
0.533254 0.070071 0.008314
0.553444 0.070071 0.008314
0.731591 0.070071 0.004751
0.771971 0.070071 0.004751
0.779097 0.070071 0.008314
0.789786 0.070071 0.004751
0.798100 0.070071 0.004751
0.806413 0.070071 0.005938
0.817102 0.070071 0.005938
0.827791 0.070071 0.005938
0.836105 0.070071 0.004751
0.843230 0.070071 0.004751
0.851544 0.070071 0.007126
0.862233 0.070071 0.005938
0.431116 0.071259 0.004751
0.439430 0.071259 0.005938
0.448931 0.071259 0.008314
0.458432 0.071259 0.005938
0.467933 0.071259 0.007126
0.478622 0.071259 0.005938
0.489311 0.071259 0.005938
0.498812 0.071259 0.007126
0.510689 0.071259 0.008314
0.541568 0.071259 0.007126
0.566508 0.071259 0.005938
0.699525 0.071259 0.005938
0.412114 0.072447 0.005938
0.421615 0.072447 0.005938
0.188836 0.073634 0.007126
0.258907 0.073634 0.005938
0.279097 0.073634 0.007126
0.300475 0.073634 0.005938
0.401425 0.073634 0.008314
0.152019 0.074822 0.007126
0.160333 0.074822 0.005938
0.168646 0.074822 0.005938
0.197150 0.074822 0.013064
0.205463 0.074822 0.004751
0.213777 0.074822 0.008314
0.224466 0.074822 0.007126
0.233967 0.074822 0.005938
0.250594 0.074822 0.005938
0.269596 0.074822 0.005938
0.292162 0.074822 0.008314
0.309976 0.074822 0.005938
0.319477 0.074822 0.004751
0.334917 0.074822 0.009501
0.370546 0.074822 0.005938
0.382423 0.074822 0.007126
0.390736 0.074822 0.004751
0.119952 0.076010 0.005938
0.127078 0.076010 0.008314
0.141330 0.076010 0.008314
0.242280 0.076010 0.004751
0.350356 0.076010 0.007126
0.362233 0.076010 0.005938
0.176960 0.077197 0.008314
0.840855 0.080760 0.007126
0.808789 0.083135 0.008314
0.819477 0.083135 0.007126
0.827791 0.083135 0.007126
0.869359 0.083135 0.008314
0.608076 0.084323 0.008314
0.619952 0.084323 0.008314
0.629454 0.084323 0.005938
0.774347 0.084323 0.007126
0.788599 0.084323 0.010689
0.796912 0.084323 0.007126
0.856295 0.084323 0.008314
0.880048 0.084323 0.008314
0.501188 0.085511 0.005938
0.597387 0.085511 0.007126
0.643705 0.085511 0.009501
0.748219 0.085511 0.007126
0.760095 0.085511 0.008314
0.285036 0.086698 0.009501
0.475059 0.086698 0.005938
0.483373 0.086698 0.004751
0.521378 0.086698 0.007126
0.535629 0.086698 0.008314
0.559382 0.086698 0.005938
0.570071 0.086698 0.007126
0.578385 0.086698 0.005938
0.587886 0.086698 0.004751
0.654394 0.086698 0.004751
0.707838 0.086698 0.008314
0.723278 0.086698 0.008314
0.735154 0.086698 0.008314
0.242280 0.087886 0.004751
0.270784 0.087886 0.004751
0.279097 0.087886 0.008314
0.434679 0.087886 0.008314
0.457245 0.087886 0.011876
0.464371 0.087886 0.004751
0.509501 0.087886 0.007126
0.547506 0.087886 0.008314
0.663895 0.087886 0.008314
0.229216 0.089074 0.004751
0.257720 0.089074 0.010689
0.339667 0.089074 0.005938
0.446556 0.089074 0.008314
0.119952 0.090261 0.007126
0.129454 0.090261 0.004751
0.154394 0.090261 0.009501
0.330166 0.090261 0.005938
0.350356 0.090261 0.004751
0.358670 0.090261 0.008314
0.370546 0.090261 0.005938
0.389549 0.090261 0.008314
0.401425 0.090261 0.004751
0.408551 0.090261 0.010689
0.165083 0.091449 0.008314
0.172209 0.091449 0.004751
0.201900 0.091449 0.008314
0.141330 0.092637 0.004751
0.191211 0.092637 0.004751
0.853919 0.097387 0.008314
0.868171 0.098575 0.008314
0.839667 0.099762 0.009501
0.619952 0.100950 0.008314
0.640143 0.100950 0.008314
0.648456 0.100950 0.007126
0.779097 0.100950 0.005938
0.787411 0.100950 0.004751
0.796912 0.100950 0.005938
0.806413 0.100950 0.008314
0.824228 0.100950 0.009501
0.281473 0.102138 0.004751
0.574822 0.102138 0.007126
0.583135 0.102138 0.005938
0.592637 0.102138 0.008314
0.605701 0.102138 0.008314
0.630641 0.102138 0.004751
0.659145 0.102138 0.005938
0.716152 0.102138 0.008314
0.737530 0.102138 0.008314
0.747031 0.102138 0.005938
0.760095 0.102138 0.007126
0.768409 0.102138 0.008314
0.273159 0.103325 0.005938
0.494062 0.103325 0.009501
0.520190 0.103325 0.005938
0.529691 0.103325 0.004751
0.539192 0.103325 0.005938
0.561758 0.103325 0.008314
0.726841 0.103325 0.005938
0.255344 0.104513 0.008314
0.264846 0.104513 0.004751
0.346793 0.104513 0.007126
0.356295 0.104513 0.005938
0.459620 0.104513 0.008314
0.473872 0.104513 0.005938
0.548694 0.104513 0.007126
0.337292 0.105701 0.007126
0.365796 0.105701 0.007126
0.374109 0.105701 0.005938
0.401425 0.105701 0.005938
0.412114 0.105701 0.007126
0.423990 0.105701 0.010689
0.432304 0.105701 0.004751
0.448931 0.105701 0.007126
0.119952 0.106888 0.008314
0.171021 0.106888 0.008314
0.184086 0.106888 0.007126
0.197150 0.106888 0.007126
0.391924 0.106888 0.008314
0.440618 0.106888 0.005938
0.135392 0.108076 0.008314
0.143705 0.108076 0.007126
0.154394 0.108076 0.005938
0.162708 0.108076 0.004751
0.857482 0.114014 0.004751
0.868171 0.114014 0.013064
0.833729 0.115202 0.003563
0.849169 0.115202 0.005938
0.790974 0.116390 0.008314
0.820665 0.116390 0.008314
0.605701 0.117577 0.008314
0.616390 0.117577 0.007126
0.662708 0.117577 0.010689
0.747031 0.117577 0.005938
0.767221 0.117577 0.008314
0.774347 0.117577 0.010689
0.806413 0.117577 0.008314
0.587886 0.118765 0.005938
0.596200 0.118765 0.005938
0.629454 0.118765 0.008314
0.637767 0.118765 0.004751
0.644893 0.118765 0.004751
0.710214 0.118765 0.007126
0.720903 0.118765 0.004751
0.729216 0.118765 0.005938
0.737530 0.118765 0.007126
0.755344 0.118765 0.007126
0.197150 0.119952 0.008314
0.453682 0.119952 0.007126
0.465558 0.119952 0.007126
0.485748 0.119952 0.008314
0.500000 0.119952 0.007126
0.510689 0.119952 0.005938
0.534442 0.119952 0.007126
0.547506 0.119952 0.008314
0.576010 0.119952 0.008314
0.254157 0.121140 0.007126
0.264846 0.121140 0.008314
0.380048 0.121140 0.007126
0.431116 0.121140 0.008314
0.444181 0.121140 0.005938
0.476247 0.121140 0.008314
0.520190 0.121140 0.008314
0.561758 0.121140 0.008314
0.182898 0.122328 0.008314
0.219715 0.122328 0.010689
0.243468 0.122328 0.007126
0.344418 0.122328 0.013064
0.353919 0.122328 0.005938
0.361045 0.122328 0.007126
0.370546 0.122328 0.004751
0.388361 0.122328 0.005938
0.400238 0.122328 0.008314
0.415677 0.122328 0.008314
0.117577 0.123515 0.007126
0.128266 0.123515 0.004751
0.136580 0.123515 0.008314
0.148456 0.123515 0.004751
0.157957 0.123515 0.007126
0.171021 0.123515 0.008314
0.210214 0.123515 0.005938
0.233967 0.123515 0.007126
0.864608 0.129454 0.008314
0.872922 0.129454 0.008314
0.885986 0.129454 0.004751
0.773159 0.131829 0.008314
0.627078 0.133017 0.005938
0.650831 0.133017 0.008314
0.667458 0.133017 0.004751
0.762470 0.133017 0.008314
0.786223 0.133017 0.008314
0.796912 0.133017 0.004751
0.805226 0.133017 0.008314
0.818290 0.133017 0.008314
0.608076 0.134204 0.005938
0.617577 0.134204 0.004751
0.636580 0.134204 0.005938
0.660333 0.134204 0.005938
0.719715 0.134204 0.010689
0.733967 0.134204 0.005938
0.743468 0.134204 0.004751
0.136580 0.135392 0.005938
0.144893 0.135392 0.004751
0.528504 0.135392 0.005938
0.598575 0.135392 0.005938
0.726841 0.135392 0.004751
0.127078 0.136580 0.005938
0.406176 0.136580 0.011876
0.451306 0.136580 0.005938
0.461995 0.136580 0.007126
0.472684 0.136580 0.008314
0.496437 0.136580 0.008314
0.508314 0.136580 0.007126
0.517815 0.136580 0.005938
0.539192 0.136580 0.005938
0.553444 0.136580 0.008314
0.580760 0.136580 0.005938
0.590261 0.136580 0.007126
0.118765 0.137767 0.007126
0.181710 0.137767 0.005938
0.191211 0.137767 0.004751
0.385986 0.137767 0.007126
0.396675 0.137767 0.005938
0.442993 0.137767 0.005938
0.484561 0.137767 0.005938
0.562945 0.137767 0.004751
0.571259 0.137767 0.005938
0.157957 0.138955 0.008314
0.172209 0.138955 0.005938
0.217340 0.138955 0.005938
0.230404 0.138955 0.008314
0.241093 0.138955 0.004751
0.205463 0.140143 0.008314
0.250594 0.140143 0.005938
0.258907 0.140143 0.005938
0.432304 0.140143 0.007126
0.269596 0.142518 0.005938
0.871734 0.142518 0.005938
0.881235 0.142518 0.008314
0.864608 0.143705 0.004751
0.831354 0.144893 0.007126
0.743468 0.146081 0.008314
0.807601 0.146081 0.005938
0.818290 0.146081 0.005938
0.842043 0.146081 0.005938
0.850356 0.146081 0.010689
0.760095 0.147268 0.004751
0.775534 0.147268 0.004751
0.783848 0.147268 0.005938
0.794537 0.147268 0.007126
0.801663 0.147268 0.004751
0.750594 0.148456 0.007126
0.766033 0.148456 0.010689
0.562945 0.149644 0.007126
0.656770 0.149644 0.005938
0.692399 0.149644 0.007126
0.703088 0.149644 0.005938
0.725653 0.149644 0.008314
0.732779 0.149644 0.008314
0.173397 0.150831 0.007126
0.521378 0.150831 0.008314
0.573634 0.150831 0.007126
0.585511 0.150831 0.005938
0.599762 0.150831 0.008314
0.609264 0.150831 0.004751
0.617577 0.150831 0.008314
0.636580 0.150831 0.004751
0.644893 0.150831 0.008314
0.667458 0.150831 0.005938
0.675772 0.150831 0.005938
0.684086 0.150831 0.005938
0.714964 0.150831 0.005938
0.140143 0.152019 0.008314
0.150831 0.152019 0.004751
0.161520 0.152019 0.007126
0.226841 0.152019 0.007126
0.237530 0.152019 0.007126
0.273159 0.152019 0.005938
0.509501 0.152019 0.007126
0.530879 0.152019 0.008314
0.543943 0.152019 0.005938
0.553444 0.152019 0.005938
0.628266 0.152019 0.005938
0.117577 0.153207 0.007126
0.128266 0.153207 0.005938
0.182898 0.153207 0.005938
0.214964 0.153207 0.007126
0.248219 0.153207 0.005938
0.376485 0.153207 0.005938
0.387173 0.153207 0.008314
0.419240 0.153207 0.005938
0.429929 0.153207 0.008314
0.441805 0.153207 0.007126
0.453682 0.153207 0.008314
0.486936 0.153207 0.005938
0.496437 0.153207 0.005938
0.192399 0.154394 0.005938
0.201900 0.154394 0.007126
0.258907 0.154394 0.008314
0.285036 0.154394 0.008314
0.337292 0.154394 0.005938
0.402613 0.154394 0.011876
0.410926 0.154394 0.004751
0.466746 0.154394 0.007126
0.476247 0.154394 0.005938
0.296912 0.155582 0.007126
0.307601 0.155582 0.008314
0.328979 0.155582 0.004751
0.882423 0.155582 0.008314
0.319477 0.156770 0.007126
0.871734 0.156770 0.007126
0.861045 0.159145 0.004751
0.795724 0.160333 0.007126
0.805226 0.160333 0.004751
0.831354 0.160333 0.007126
0.842043 0.160333 0.005938
0.851544 0.160333 0.005938
0.758907 0.161520 0.007126
0.769596 0.161520 0.007126
0.818290 0.161520 0.008314
0.680523 0.162708 0.008314
0.714964 0.162708 0.005938
0.728029 0.162708 0.005938
0.596200 0.163895 0.005938
0.650831 0.163895 0.004751
0.657957 0.163895 0.005938
0.667458 0.163895 0.005938
0.694774 0.163895 0.008314
0.700713 0.163895 0.010689
0.737530 0.163895 0.005938
0.747031 0.163895 0.005938
0.143705 0.165083 0.005938
0.153207 0.165083 0.005938
0.163895 0.165083 0.005938
0.586698 0.165083 0.008314
0.604513 0.165083 0.004751
0.619952 0.165083 0.004751
0.628266 0.165083 0.004751
0.642518 0.165083 0.004751
0.782660 0.165083 0.008314
0.115202 0.166271 0.007126
0.125891 0.166271 0.005938
0.134204 0.166271 0.005938
0.173397 0.166271 0.007126
0.185273 0.166271 0.007126
0.197150 0.166271 0.007126
0.210214 0.166271 0.007126
0.273159 0.166271 0.005938
0.473872 0.166271 0.008314
0.483373 0.166271 0.007126
0.494062 0.166271 0.004751
0.501188 0.166271 0.004751
0.508314 0.166271 0.005938
0.549881 0.166271 0.005938
0.566508 0.166271 0.008314
0.578385 0.166271 0.005938
0.611639 0.166271 0.005938
0.217340 0.167458 0.004751
0.225653 0.167458 0.005938
0.235154 0.167458 0.004751
0.263658 0.167458 0.005938
0.286223 0.167458 0.008314
0.298100 0.167458 0.004751
0.439430 0.167458 0.007126
0.458432 0.167458 0.007126
0.517815 0.167458 0.005938
0.529691 0.167458 0.008314
0.541568 0.167458 0.005938
0.254157 0.168646 0.005938
0.314727 0.168646 0.005938
0.419240 0.168646 0.008314
0.447743 0.168646 0.008314
0.880048 0.168646 0.005938
0.324228 0.169834 0.005938
0.369359 0.169834 0.009501
0.387173 0.169834 0.008314
0.400238 0.169834 0.005938
0.408551 0.169834 0.007126
0.870546 0.169834 0.004751
0.855107 0.171021 0.005938
0.862233 0.171021 0.004751
0.805226 0.173397 0.007126
0.828979 0.173397 0.005938
0.837292 0.173397 0.005938
0.845606 0.173397 0.004751
0.723278 0.174584 0.007126
0.742280 0.174584 0.005938
0.771971 0.174584 0.007126
0.792162 0.174584 0.008314
0.817102 0.174584 0.008314
0.714964 0.175772 0.005938
0.733967 0.175772 0.004751
0.754157 0.175772 0.004751
0.761283 0.175772 0.008314
0.781473 0.175772 0.005938
0.671021 0.176960 0.007126
0.686461 0.176960 0.008314
0.250594 0.178147 0.003563
0.268409 0.178147 0.007126
0.300475 0.178147 0.007126
0.619952 0.178147 0.005938
0.641330 0.178147 0.008314
0.652019 0.178147 0.007126
0.116390 0.179335 0.009501
0.131829 0.179335 0.005938
0.140143 0.179335 0.005938
0.192399 0.179335 0.005938
0.200713 0.179335 0.004751
0.219715 0.179335 0.007126
0.229216 0.179335 0.007126
0.241093 0.179335 0.005938
0.280285 0.179335 0.004751
0.288599 0.179335 0.005938
0.311164 0.179335 0.008314
0.380048 0.179335 0.004751
0.600950 0.179335 0.005938
0.610451 0.179335 0.005938
0.631829 0.179335 0.007126
0.661520 0.179335 0.007126
0.155582 0.180523 0.005938
0.165083 0.180523 0.008314
0.180523 0.180523 0.005938
0.209026 0.180523 0.005938
0.397862 0.180523 0.005938
0.406176 0.180523 0.005938
0.566508 0.180523 0.004751
0.590261 0.180523 0.010689
0.435867 0.181710 0.007126
0.472684 0.181710 0.008314
0.484561 0.181710 0.004751
0.502375 0.181710 0.007126
0.513064 0.181710 0.007126
0.523753 0.181710 0.005938
0.530879 0.181710 0.005938
0.540380 0.181710 0.005938
0.548694 0.181710 0.005938
0.558195 0.181710 0.004751
0.573634 0.181710 0.005938
0.583135 0.181710 0.004751
0.425178 0.182898 0.007126
0.445368 0.182898 0.004751
0.452494 0.182898 0.004751
0.461995 0.182898 0.005938
0.876485 0.182898 0.008314
0.845606 0.184086 0.005938
0.856295 0.186461 0.007126
0.865796 0.186461 0.008314
0.833729 0.188836 0.005938
0.786223 0.191211 0.007126
0.794537 0.191211 0.004751
0.823040 0.191211 0.008314
0.123515 0.192399 0.011876
0.741093 0.192399 0.007126
0.751781 0.192399 0.005938
0.774347 0.192399 0.008314
0.804038 0.192399 0.008314
0.814727 0.192399 0.005938
0.131829 0.193587 0.004751
0.140143 0.193587 0.005938
0.157957 0.193587 0.007126
0.168646 0.193587 0.005938
0.178147 0.193587 0.005938
0.188836 0.193587 0.005938
0.197150 0.193587 0.004751
0.205463 0.193587 0.008314
0.216152 0.193587 0.005938
0.224466 0.193587 0.008314
0.428741 0.193587 0.005938
0.610451 0.193587 0.009501
0.619952 0.193587 0.007126
0.693587 0.193587 0.008314
0.716152 0.193587 0.008314
0.729216 0.193587 0.008314
0.115202 0.194774 0.011876
0.148456 0.194774 0.004751
0.275534 0.194774 0.011876
0.283848 0.194774 0.004751
0.292162 0.194774 0.005938
0.301663 0.194774 0.005938
0.311164 0.194774 0.005938
0.319477 0.194774 0.004751
0.325416 0.194774 0.019002
0.358670 0.194774 0.005938
0.400238 0.194774 0.008314
0.410926 0.194774 0.008314
0.419240 0.194774 0.005938
0.439430 0.194774 0.005938
0.450119 0.194774 0.005938
0.644893 0.194774 0.011876
0.653207 0.194774 0.004751
0.673397 0.194774 0.008314
0.684086 0.194774 0.005938
0.704276 0.194774 0.007126
0.762470 0.194774 0.008314
0.336105 0.195962 0.008314
0.346793 0.195962 0.007126
0.387173 0.195962 0.008314
0.460808 0.195962 0.008314
0.473872 0.195962 0.004751
0.491686 0.195962 0.008314
0.521378 0.195962 0.004751
0.554632 0.195962 0.007126
0.592637 0.195962 0.004751
0.633017 0.195962 0.008314
0.660333 0.195962 0.010689
0.501188 0.197150 0.005938
0.511876 0.197150 0.007126
0.539192 0.197150 0.009501
0.564133 0.197150 0.008314
0.577197 0.197150 0.010689
0.585511 0.197150 0.004751
0.371734 0.198337 0.010689
0.528504 0.198337 0.005938
