0.787411 0.084323 0.008314
0.836105 0.084323 0.004751
0.856295 0.084323 0.007126
0.866983 0.084323 0.008314
0.733967 0.085511 0.009501
0.767221 0.085511 0.007126
0.777910 0.085511 0.007126
0.807601 0.085511 0.004751
0.814727 0.085511 0.013064
0.844418 0.085511 0.011876
0.749406 0.086698 0.007126
0.758907 0.086698 0.008314
0.798100 0.086698 0.005938
0.826603 0.086698 0.008314
0.700713 0.087886 0.005938
0.709026 0.087886 0.005938
0.717340 0.087886 0.013064
0.634204 0.089074 0.005938
0.647268 0.089074 0.005938
0.680523 0.089074 0.005938
0.690024 0.089074 0.005938
0.572447 0.090261 0.004751
0.580760 0.090261 0.013064
0.591449 0.090261 0.009501
0.608076 0.090261 0.008314
0.671021 0.090261 0.005938
0.452494 0.091449 0.007126
0.461995 0.091449 0.007126
0.472684 0.091449 0.004751
0.479810 0.091449 0.004751
0.520190 0.091449 0.008314
0.530879 0.091449 0.004751
0.542755 0.091449 0.008314
0.560570 0.091449 0.013064
0.616390 0.091449 0.005938
0.624703 0.091449 0.007126
0.410926 0.092637 0.008314
0.422803 0.092637 0.005938
0.433492 0.092637 0.005938
0.442993 0.092637 0.004751
0.490499 0.092637 0.008314
0.501188 0.092637 0.004751
0.552257 0.092637 0.004751
0.400238 0.093824 0.004751
0.380048 0.095012 0.005938
0.388361 0.095012 0.008314
0.371734 0.096200 0.014252
0.361045 0.098575 0.008314
0.321853 0.099762 0.007126
0.333729 0.099762 0.009501
0.738717 0.099762 0.008314
0.813539 0.099762 0.008314
0.843230 0.099762 0.005938
0.852732 0.099762 0.004751
0.866983 0.099762 0.004751
0.875297 0.099762 0.004751
0.289786 0.100950 0.005938
0.298100 0.100950 0.008314
0.308789 0.100950 0.008314
0.748219 0.100950 0.011876
0.755344 0.100950 0.004751
0.767221 0.100950 0.008314
0.774347 0.100950 0.004751
0.785036 0.100950 0.007126
0.795724 0.100950 0.009501
0.802850 0.100950 0.004751
0.824228 0.100950 0.005938
0.833729 0.100950 0.005938
0.268409 0.102138 0.007126
0.724466 0.102138 0.010689
0.732779 0.102138 0.004751
0.205463 0.103325 0.008314
0.236342 0.103325 0.008314
0.248219 0.103325 0.007126
0.257720 0.103325 0.007126
0.279097 0.103325 0.008314
0.692399 0.103325 0.005938
0.711401 0.103325 0.007126
0.180523 0.104513 0.008314
0.193587 0.104513 0.008314
0.226841 0.104513 0.004751
0.643705 0.104513 0.007126
0.654394 0.104513 0.004751
0.662708 0.104513 0.008314
0.675772 0.104513 0.010689
0.701900 0.104513 0.004751
0.168646 0.105701 0.008314
0.218527 0.105701 0.008314
0.629454 0.105701 0.008314
0.138955 0.106888 0.010689
0.144893 0.106888 0.013064
0.154394 0.106888 0.007126
0.495249 0.106888 0.005938
0.583135 0.106888 0.008314
0.598575 0.106888 0.008314
0.608076 0.106888 0.004751
0.618765 0.106888 0.007126
0.450119 0.108076 0.004751
0.460808 0.108076 0.008314
0.472684 0.108076 0.008314
0.508314 0.108076 0.008314
0.521378 0.108076 0.007126
0.572447 0.108076 0.007126
0.127078 0.109264 0.008314
0.431116 0.109264 0.005938
0.442993 0.109264 0.010689
0.533254 0.109264 0.007126
0.542755 0.109264 0.005938
0.553444 0.109264 0.007126
0.562945 0.109264 0.004751
0.421615 0.110451 0.004751
0.410926 0.111639 0.007126
0.397862 0.112827 0.008314
0.849169 0.112827 0.007126
0.866983 0.112827 0.004751
0.872922 0.112827 0.009501
0.314727 0.114014 0.007126
0.785036 0.114014 0.007126
0.796912 0.114014 0.005938
0.859857 0.114014 0.005938
0.302850 0.115202 0.005938
0.326603 0.115202 0.008314
0.371734 0.115202 0.005938
0.381235 0.115202 0.008314
0.814727 0.115202 0.007126
0.837292 0.115202 0.005938
0.293349 0.116390 0.005938
0.338480 0.116390 0.005938
0.349169 0.116390 0.007126
0.361045 0.116390 0.007126
0.281473 0.117577 0.007126
0.742280 0.117577 0.008314
0.754157 0.117577 0.005938
0.827791 0.117577 0.007126
0.243468 0.118765 0.004751
0.258907 0.118765 0.005938
0.268409 0.118765 0.007126
0.212589 0.119952 0.007126
0.232779 0.119952 0.008314
0.667458 0.119952 0.005938
0.682898 0.119952 0.010689
0.736342 0.119952 0.009501
0.175772 0.121140 0.008314
0.186461 0.121140 0.008314
0.200713 0.121140 0.007126
0.657957 0.121140 0.011876
0.150831 0.122328 0.009501
0.165083 0.122328 0.005938
0.629454 0.122328 0.007126
0.640143 0.122328 0.007126
0.650831 0.122328 0.004751
0.138955 0.123515 0.007126
0.421615 0.123515 0.007126
0.431116 0.123515 0.007126
0.441805 0.123515 0.004751
0.450119 0.123515 0.011876
0.472684 0.123515 0.011876
0.480998 0.123515 0.005938
0.490499 0.123515 0.005938
0.498812 0.123515 0.005938
0.508314 0.123515 0.004751
0.528504 0.123515 0.005938
0.536817 0.123515 0.004751
0.543943 0.123515 0.004751
0.557007 0.123515 0.004751
0.578385 0.123515 0.008314
0.589074 0.123515 0.008314
0.606888 0.123515 0.008314
0.617577 0.123515 0.007126
0.565321 0.124703 0.011876
0.125891 0.125891 0.008314
0.407363 0.125891 0.010689
0.399050 0.127078 0.004751
0.856295 0.127078 0.004751
0.864608 0.127078 0.010689
0.391924 0.128266 0.004751
0.849169 0.128266 0.010689
0.301663 0.129454 0.005938
0.311164 0.129454 0.008314
0.340855 0.129454 0.009501
0.346793 0.129454 0.004751
0.363420 0.129454 0.004751
0.374109 0.129454 0.005938
0.383610 0.129454 0.005938
0.355107 0.130641 0.005938
0.804038 0.130641 0.008314
0.814727 0.130641 0.008314
0.824228 0.130641 0.007126
0.836105 0.130641 0.007126
0.260095 0.131829 0.007126
0.277910 0.131829 0.008314
0.290974 0.131829 0.008314
0.327791 0.131829 0.009501
0.779097 0.131829 0.009501
0.790974 0.131829 0.008314
0.249406 0.133017 0.007126
0.766033 0.133017 0.008314
0.237530 0.134204 0.008314
0.756532 0.134204 0.007126
0.186461 0.135392 0.005938
0.195962 0.135392 0.007126
0.209026 0.135392 0.005938
0.217340 0.135392 0.005938
0.226841 0.135392 0.005938
0.745843 0.135392 0.008314
0.167458 0.136580 0.007126
0.179335 0.136580 0.010689
0.713777 0.136580 0.008314
0.732779 0.136580 0.010689
0.144893 0.137767 0.007126
0.153207 0.137767 0.008314
0.595012 0.137767 0.008314
0.649644 0.137767 0.011876
0.552257 0.138955 0.008314
0.610451 0.138955 0.007126
0.621140 0.138955 0.007126
0.631829 0.138955 0.004751
0.641330 0.138955 0.005938
0.494062 0.140143 0.007126
0.508314 0.140143 0.010689
0.517815 0.140143 0.007126
0.530879 0.140143 0.005938
0.540380 0.140143 0.005938
0.574822 0.140143 0.007126
0.585511 0.140143 0.005938
0.134204 0.141330 0.005938
0.446556 0.141330 0.007126
0.472684 0.141330 0.007126
0.484561 0.141330 0.005938
0.564133 0.141330 0.005938
0.124703 0.142518 0.008314
0.409739 0.142518 0.004751
0.416865 0.142518 0.004751
0.427553 0.142518 0.007126
0.437055 0.142518 0.005938
0.457245 0.142518 0.010689
0.397862 0.143705 0.004751
0.874109 0.143705 0.005938
0.882423 0.143705 0.013064
0.390736 0.144893 0.010689
0.855107 0.144893 0.008314
0.865796 0.144893 0.004751
0.270784 0.146081 0.007126
0.836105 0.146081 0.004751
0.281473 0.147268 0.007126
0.365796 0.147268 0.008314
0.377672 0.147268 0.005938
0.827791 0.147268 0.005938
0.245843 0.148456 0.009501
0.251781 0.148456 0.004751
0.260095 0.148456 0.010689
0.336105 0.148456 0.011876
0.344418 0.148456 0.004751
0.351544 0.148456 0.008314
0.818290 0.148456 0.005938
0.212589 0.149644 0.007126
0.223278 0.149644 0.005938
0.235154 0.149644 0.007126
0.792162 0.149644 0.004751
0.809976 0.149644 0.007126
0.203088 0.150831 0.007126
0.768409 0.150831 0.008314
0.783848 0.150831 0.005938
0.798100 0.150831 0.009501
0.181710 0.152019 0.007126
0.193587 0.152019 0.008314
0.749406 0.152019 0.004751
0.757720 0.152019 0.011876
0.163895 0.153207 0.005938
0.173397 0.153207 0.005938
0.713777 0.153207 0.009501
0.155582 0.154394 0.013064
0.648456 0.154394 0.004751
0.659145 0.154394 0.008314
0.725653 0.154394 0.008314
0.736342 0.154394 0.008314
0.617577 0.155582 0.007126
0.627078 0.155582 0.007126
0.637767 0.155582 0.007126
0.143705 0.156770 0.008314
0.517815 0.156770 0.007126
0.572447 0.156770 0.007126
0.591449 0.156770 0.007126
0.604513 0.156770 0.008314
0.123515 0.157957 0.008314
0.131829 0.157957 0.007126
0.508314 0.157957 0.007126
0.529691 0.157957 0.008314
0.540380 0.157957 0.007126
0.549881 0.157957 0.005938
0.581948 0.157957 0.007126
0.882423 0.157957 0.005938
0.466746 0.159145 0.008314
0.477435 0.159145 0.008314
0.489311 0.159145 0.008314
0.497625 0.159145 0.007126
0.560570 0.159145 0.008314
0.872922 0.159145 0.005938
0.429929 0.160333 0.008314
0.453682 0.160333 0.007126
0.852732 0.160333 0.004751
0.863420 0.160333 0.007126
0.416865 0.161520 0.008314
0.442993 0.161520 0.008314
0.842043 0.161520 0.007126
0.262470 0.163895 0.004751
0.824228 0.163895 0.007126
0.832542 0.163895 0.010689
0.245843 0.165083 0.004751
0.254157 0.165083 0.005938
0.274347 0.165083 0.010689
0.237530 0.166271 0.008314
0.813539 0.166271 0.004751
0.214964 0.167458 0.007126
0.226841 0.167458 0.008314
0.792162 0.167458 0.005938
0.802850 0.167458 0.007126
0.781473 0.168646 0.008314
0.173397 0.169834 0.007126
0.204276 0.169834 0.007126
0.758907 0.169834 0.005938
0.769596 0.169834 0.008314
0.163895 0.171021 0.004751
0.182898 0.171021 0.008314
0.194774 0.171021 0.007126
0.710214 0.171021 0.007126
0.719715 0.171021 0.007126
0.729216 0.171021 0.007126
0.737530 0.171021 0.004751
0.745843 0.171021 0.011876
0.156770 0.172209 0.004751
0.652019 0.172209 0.004751
0.551069 0.173397 0.007126
0.666271 0.173397 0.011876
0.144893 0.174584 0.008314
0.540380 0.174584 0.004751
0.634204 0.174584 0.007126
0.644893 0.174584 0.004751
0.123515 0.175772 0.008314
0.134204 0.175772 0.005938
0.520190 0.175772 0.008314
0.532067 0.175772 0.007126
0.560570 0.175772 0.007126
0.570071 0.175772 0.005938
0.579572 0.175772 0.007126
0.625891 0.175772 0.005938
0.862233 0.175772 0.005938
0.870546 0.175772 0.004751
0.877672 0.175772 0.010689
0.500000 0.176960 0.007126
0.510689 0.176960 0.007126
0.590261 0.176960 0.007126
0.603325 0.176960 0.008314
0.853919 0.176960 0.004751
0.426366 0.178147 0.004751
0.464371 0.178147 0.008314
0.478622 0.178147 0.005938
0.446556 0.179335 0.004751
0.453682 0.179335 0.011876
0.488124 0.179335 0.007126
0.833729 0.179335 0.008314
0.844418 0.179335 0.008314
0.409739 0.180523 0.005938
0.420428 0.180523 0.009501
0.437055 0.180523 0.008314
0.818290 0.180523 0.008314
0.801663 0.181710 0.004751
0.248219 0.182898 0.005938
0.343230 0.182898 0.010689
0.783848 0.182898 0.004751
0.793349 0.182898 0.005938
0.267221 0.184086 0.008314
0.277910 0.184086 0.005938
0.287411 0.184086 0.007126
0.776722 0.184086 0.008314
0.239905 0.185273 0.005938
0.257720 0.185273 0.008314
0.757720 0.185273 0.005938
0.229216 0.186461 0.007126
0.748219 0.186461 0.005938
0.764846 0.186461 0.008314
0.219715 0.187648 0.005938
0.729216 0.187648 0.013064
0.737530 0.187648 0.007126
0.192399 0.188836 0.004751
0.200713 0.188836 0.004751
0.209026 0.188836 0.008314
0.619952 0.188836 0.008314
0.716152 0.188836 0.009501
0.157957 0.190024 0.004751
0.168646 0.190024 0.008314
0.181710 0.190024 0.008314
0.633017 0.190024 0.008314
0.656770 0.190024 0.005938
0.666271 0.190024 0.011876
0.700713 0.190024 0.008314
0.600950 0.191211 0.008314
0.644893 0.191211 0.008314
0.875297 0.191211 0.008314
0.122328 0.192399 0.005938
0.134204 0.192399 0.007126
0.144893 0.192399 0.008314
0.573634 0.192399 0.007126
0.583135 0.192399 0.004751
0.590261 0.192399 0.004751
0.865796 0.192399 0.005938
0.523753 0.193587 0.007126
0.543943 0.193587 0.004751
0.549881 0.193587 0.004751
0.561758 0.193587 0.008314
0.534442 0.194774 0.007126
0.856295 0.194774 0.005938
0.488124 0.195962 0.007126
0.407363 0.197150 0.004751
0.415677 0.197150 0.005938
0.832542 0.197150 0.008314
0.844418 0.197150 0.008314
0.383610 0.198337 0.008314
0.394299 0.198337 0.013064
0.422803 0.198337 0.011876
0.461995 0.198337 0.007126
0.807601 0.198337 0.010689
0.815914 0.198337 0.010689
0.334917 0.199525 0.005938
0.372922 0.199525 0.005938
0.432304 0.199525 0.005938
0.793349 0.199525 0.007126
0.324228 0.200713 0.007126
0.344418 0.200713 0.004751
0.364608 0.200713 0.008314
0.274347 0.201900 0.008314
0.285036 0.201900 0.005938
0.294537 0.201900 0.008314
0.352732 0.201900 0.008314
0.771971 0.201900 0.005938
0.782660 0.201900 0.005938
0.261283 0.203088 0.005938
0.744656 0.203088 0.007126
0.754157 0.203088 0.004751
0.762470 0.203088 0.004751
0.205463 0.204276 0.005938
0.218527 0.204276 0.008314
0.229216 0.204276 0.007126
0.243468 0.204276 0.013064
0.250594 0.204276 0.013064
0.131829 0.205463 0.007126
0.146081 0.205463 0.007126
0.174584 0.205463 0.004751
0.181710 0.205463 0.008314
0.195962 0.205463 0.007126
0.676960 0.205463 0.008314
0.694774 0.205463 0.004751
0.725653 0.205463 0.005938
0.733967 0.205463 0.011876
0.122328 0.206651 0.008314
0.155582 0.206651 0.005938
0.165083 0.206651 0.005938
0.648456 0.206651 0.004751
0.655582 0.206651 0.010689
0.667458 0.206651 0.007126
0.685273 0.206651 0.005938
0.701900 0.206651 0.010689
0.717340 0.206651 0.007126
0.609264 0.207838 0.009501
0.638955 0.207838 0.007126
0.884798 0.207838 0.004751
0.586698 0.209026 0.005938
0.596200 0.209026 0.008314
0.625891 0.209026 0.008314
0.869359 0.209026 0.005938
0.877672 0.209026 0.004751
0.536817 0.210214 0.004751
0.543943 0.210214 0.010689
0.557007 0.210214 0.005938
0.567696 0.210214 0.005938
0.577197 0.210214 0.007126
0.861045 0.211401 0.008314
0.454869 0.212589 0.010689
0.461995 0.212589 0.004751
0.469121 0.212589 0.008314
0.482185 0.212589 0.008314
0.492874 0.212589 0.007126
0.503563 0.212589 0.005938
0.836105 0.212589 0.007126
0.846793 0.212589 0.007126
0.819477 0.213777 0.004751
0.410926 0.214964 0.005938
0.420428 0.214964 0.004751
0.429929 0.214964 0.005938
0.439430 0.214964 0.005938
0.808789 0.214964 0.007126
0.315914 0.216152 0.005938
0.370546 0.216152 0.005938
0.402613 0.216152 0.005938
0.282660 0.217340 0.007126
0.298100 0.217340 0.008314
0.306413 0.217340 0.005938
0.327791 0.217340 0.008314
0.342043 0.217340 0.005938
0.361045 0.217340 0.004751
0.382423 0.217340 0.007126
0.393112 0.217340 0.005938
0.780285 0.217340 0.008314
0.792162 0.217340 0.005938
0.799287 0.217340 0.013064
0.212589 0.218527 0.008314
0.219715 0.218527 0.004751
0.228029 0.218527 0.005938
0.260095 0.218527 0.007126
0.268409 0.218527 0.004751
0.274347 0.218527 0.004751
0.352732 0.218527 0.007126
0.178147 0.219715 0.008314
0.188836 0.219715 0.008314
0.201900 0.219715 0.007126
0.745843 0.219715 0.009501
0.769596 0.219715 0.008314
0.146081 0.220903 0.007126
0.156770 0.220903 0.005938
0.165083 0.220903 0.005938
0.121140 0.222090 0.007126
0.133017 0.222090 0.008314
0.739905 0.222090 0.004751
0.757720 0.222090 0.008314
0.668646 0.223278 0.004751
0.695962 0.223278 0.008314
0.561758 0.224466 0.004751
0.593824 0.224466 0.008314
0.603325 0.224466 0.011876
0.661520 0.224466 0.013064
0.678147 0.224466 0.008314
0.707838 0.224466 0.011876
0.724466 0.224466 0.013064
0.527316 0.225653 0.007126
0.549881 0.225653 0.007126
0.619952 0.225653 0.007126
0.629454 0.225653 0.007126
0.640143 0.225653 0.007126
0.650831 0.225653 0.007126
0.454869 0.226841 0.007126
0.517815 0.226841 0.007126
0.536817 0.226841 0.008314
0.580760 0.226841 0.008314
0.465558 0.228029 0.008314
0.475059 0.228029 0.007126
0.486936 0.228029 0.007126
0.496437 0.228029 0.008314
0.505938 0.228029 0.008314
0.409739 0.229216 0.007126
0.422803 0.229216 0.007126
0.435867 0.229216 0.008314
0.368171 0.230404 0.009501
0.380048 0.230404 0.007126
0.389549 0.230404 0.004751
0.399050 0.230404 0.007126
0.445368 0.230404 0.008314
0.283848 0.231591 0.013064
0.332542 0.231591 0.008314
0.342043 0.231591 0.005938
0.353919 0.231591 0.007126
0.174584 0.232779 0.008314
0.194774 0.232779 0.007126
0.211401 0.232779 0.005938
0.254157 0.232779 0.007126
0.266033 0.232779 0.008314
0.275534 0.232779 0.004751
0.295724 0.232779 0.008314
0.305226 0.232779 0.008314
0.161520 0.233967 0.008314
0.184086 0.233967 0.005938
0.201900 0.233967 0.005938
0.219715 0.233967 0.008314
0.235154 0.233967 0.013064
0.243468 0.233967 0.008314
0.319477 0.233967 0.008314
0.130641 0.235154 0.004751
0.119952 0.236342 0.008314
0.137767 0.236342 0.011876
0.147268 0.236342 0.007126