1033.000000 27.000000 0.004400
1069.000000 27.000000 0.005600
943.000000 28.000000 0.004400
1089.000000 28.000000 0.003600
1103.000000 28.000000 0.004400
1158.000000 28.000000 0.002800
930.000000 29.000000 0.004000
1050.000000 29.000000 0.003600
1121.000000 29.000000 0.004400
878.000000 30.000000 0.002800
973.000000 30.000000 0.004400
987.000000 30.000000 0.004400
1002.000000 30.000000 0.004400
1015.000000 30.000000 0.004000
1170.000000 30.000000 0.007600
913.000000 31.000000 0.004400
959.000000 31.000000 0.004400
1137.000000 31.000000 0.003600
787.000000 32.000000 0.004000
802.000000 33.000000 0.004000
818.000000 33.000000 0.004400
832.000000 33.000000 0.004000
897.000000 33.000000 0.005600
739.000000 34.000000 0.004000
763.000000 34.000000 0.002800
847.000000 34.000000 0.003600
692.000000 35.000000 0.004400
711.000000 35.000000 0.003600
725.000000 35.000000 0.004000
774.000000 35.000000 0.003600
678.000000 36.000000 0.003600
664.000000 37.000000 0.004400
1094.000000 67.000000 0.010400
1106.000000 67.000000 0.010000
182.000000 71.000000 0.011200
219.000000 73.000000 0.004400
236.000000 73.000000 0.004400
251.000000 73.000000 0.009200
202.000000 74.000000 0.004400
1076.000000 108.000000 0.006400
1112.000000 108.000000 0.009600
1098.000000 109.000000 0.005600
1006.000000 110.000000 0.006800
1028.000000 110.000000 0.006400
1053.000000 110.000000 0.006400
912.000000 111.000000 0.006400
982.000000 111.000000 0.008400
936.000000 112.000000 0.005600
965.000000 112.000000 0.006800
706.000000 113.000000 0.002800
722.000000 113.000000 0.005600
745.000000 113.000000 0.006800
798.000000 113.000000 0.005600
891.000000 113.000000 0.004400
954.000000 113.000000 0.002800
849.000000 114.000000 0.005600
658.000000 115.000000 0.009600
693.000000 115.000000 0.006800
774.000000 115.000000 0.005600
824.000000 115.000000 0.006400
204.000000 116.000000 0.005600
873.000000 116.000000 0.005600
183.000000 117.000000 0.008000
223.000000 117.000000 0.005600
297.000000 117.000000 0.006800
447.000000 117.000000 0.005600
469.000000 117.000000 0.005600
490.000000 117.000000 0.005600
539.000000 117.000000 0.005600
564.000000 117.000000 0.008400
624.000000 117.000000 0.008400
241.000000 118.000000 0.004400
385.000000 118.000000 0.006800
406.000000 118.000000 0.005600
426.000000 118.000000 0.005600
521.000000 118.000000 0.004400
596.000000 118.000000 0.005600
268.000000 119.000000 0.006800
320.000000 119.000000 0.006800
508.000000 119.000000 0.004400
362.000000 120.000000 0.005600
343.000000 121.000000 0.004400
50.000000 123.000000 0.007200
106.000000 123.000000 0.002800
118.000000 123.000000 0.007600
93.000000 124.000000 0.004400
74.000000 125.000000 0.005600
1102.000000 139.000000 0.006400
1083.000000 140.000000 0.005600
909.000000 141.000000 0.006400
1018.000000 141.000000 0.007200
1045.000000 141.000000 0.005600
1063.000000 141.000000 0.005600
734.000000 143.000000 0.006800
713.000000 144.000000 0.005600
932.000000 144.000000 0.005600
947.000000 144.000000 0.006800
969.000000 144.000000 0.004800
990.000000 144.000000 0.006800
693.000000 146.000000 0.005600
774.000000 146.000000 0.006800
804.000000 146.000000 0.005600
884.000000 146.000000 0.006400
187.000000 147.000000 0.007600
752.000000 147.000000 0.006400
836.000000 147.000000 0.007600
863.000000 147.000000 0.006400
679.000000 148.000000 0.003600
221.000000 149.000000 0.007600
280.000000 149.000000 0.007600
443.000000 149.000000 0.006400
468.000000 149.000000 0.006400
649.000000 149.000000 0.009200
664.000000 149.000000 0.008400
249.000000 150.000000 0.005600
635.000000 150.000000 0.005600
308.000000 151.000000 0.005600
418.000000 151.000000 0.005600
512.000000 151.000000 0.005600
549.000000 151.000000 0.004400
569.000000 151.000000 0.006000
595.000000 151.000000 0.005600
492.000000 152.000000 0.005600
531.000000 152.000000 0.005600
616.000000 152.000000 0.005600
332.000000 153.000000 0.005600
350.000000 153.000000 0.004400
368.000000 153.000000 0.006800
395.000000 154.000000 0.005600
109.000000 169.000000 0.004400
153.000000 169.000000 0.004800
124.000000 170.000000 0.003200
137.000000 170.000000 0.003600
1088.000000 170.000000 0.006800
1110.000000 170.000000 0.008400
93.000000 171.000000 0.004000
72.000000 172.000000 0.004400
38.000000 173.000000 0.004000
55.000000 173.000000 0.004000
1061.000000 173.000000 0.006000
784.000000 174.000000 0.005600
966.000000 174.000000 0.005600
1011.000000 174.000000 0.005600
1033.000000 174.000000 0.006400
940.000000 175.000000 0.006400
737.000000 176.000000 0.005600
807.000000 176.000000 0.005600
844.000000 176.000000 0.006800
892.000000 176.000000 0.004400
989.000000 176.000000 0.005600
715.000000 177.000000 0.005600
760.000000 177.000000 0.005600
875.000000 177.000000 0.005600
913.000000 177.000000 0.006400
605.000000 181.000000 0.006800
632.000000 181.000000 0.006400
684.000000 181.000000 0.007600
385.000000 182.000000 0.005600
561.000000 182.000000 0.005600
658.000000 182.000000 0.005600
185.000000 183.000000 0.007200
226.000000 183.000000 0.006800
364.000000 183.000000 0.005600
468.000000 183.000000 0.006800
542.000000 183.000000 0.006800
580.000000 183.000000 0.005600
209.000000 184.000000 0.004400
406.000000 184.000000 0.005600
421.000000 184.000000 0.005600
443.000000 184.000000 0.005600
514.000000 184.000000 0.005600
254.000000 185.000000 0.005600
277.000000 185.000000 0.005600
298.000000 185.000000 0.005600
491.000000 185.000000 0.005600
323.000000 186.000000 0.005600
344.000000 186.000000 0.005600
121.000000 187.000000 0.004400
106.000000 188.000000 0.003600
87.000000 189.000000 0.004400
35.000000 190.000000 0.004000
50.000000 190.000000 0.004000
71.000000 190.000000 0.004000
876.000000 204.000000 0.005600
1072.000000 204.000000 0.005600
1015.000000 205.000000 0.005600
1038.000000 205.000000 0.006800
1053.000000 205.000000 0.006800
842.000000 206.000000 0.006400
993.000000 206.000000 0.005600
898.000000 207.000000 0.005200
971.000000 207.000000 0.005600
1105.000000 207.000000 0.008400
798.000000 208.000000 0.005600
921.000000 208.000000 0.005600
949.000000 208.000000 0.006400
755.000000 209.000000 0.005600
777.000000 209.000000 0.005600
818.000000 209.000000 0.005600
735.000000 210.000000 0.005600
694.000000 212.000000 0.005600
713.000000 212.000000 0.005600
671.000000 213.000000 0.005600
620.000000 214.000000 0.006800
515.000000 215.000000 0.005600
537.000000 215.000000 0.006800
569.000000 215.000000 0.006400
594.000000 215.000000 0.005600
649.000000 215.000000 0.006000
186.000000 216.000000 0.006800
491.000000 216.000000 0.006800
274.000000 217.000000 0.006400
250.000000 218.000000 0.005600
389.000000 218.000000 0.004400
459.000000 218.000000 0.006400
208.000000 219.000000 0.005600
230.000000 219.000000 0.005600
356.000000 219.000000 0.005600
404.000000 219.000000 0.008400
295.000000 220.000000 0.005600
315.000000 220.000000 0.005600
336.000000 220.000000 0.004400
372.000000 220.000000 0.004400
433.000000 220.000000 0.006000
1101.000000 235.000000 0.007600
1051.000000 236.000000 0.005600
1069.000000 236.000000 0.005600
845.000000 237.000000 0.006800
919.000000 237.000000 0.006400
952.000000 237.000000 0.006800
978.000000 237.000000 0.006400
808.000000 238.000000 0.008400
896.000000 238.000000 0.006800
1001.000000 238.000000 0.005600
1021.000000 238.000000 0.006800
873.000000 239.000000 0.006800
786.000000 242.000000 0.005600
765.000000 243.000000 0.005600
742.000000 244.000000 0.005600
604.000000 245.000000 0.005600
679.000000 245.000000 0.005600
720.000000 245.000000 0.005600
628.000000 246.000000 0.006000
657.000000 246.000000 0.006800
700.000000 246.000000 0.006800
552.000000 247.000000 0.005600
572.000000 247.000000 0.008400
584.000000 247.000000 0.008400
428.000000 248.000000 0.005600
474.000000 248.000000 0.008400
505.000000 248.000000 0.006800
451.000000 249.000000 0.006400
522.000000 249.000000 0.009600
406.000000 250.000000 0.005600
358.000000 252.000000 0.006400
387.000000 252.000000 0.006800
190.000000 253.000000 0.008000
241.000000 253.000000 0.006400
266.000000 253.000000 0.005600
288.000000 253.000000 0.005200
333.000000 253.000000 0.006400
215.000000 254.000000 0.006800
305.000000 254.000000 0.005600
1200.000000 264.000000 0.004400
1216.000000 264.000000 0.005600
1137.000000 266.000000 0.004400
1153.000000 266.000000 0.004400
1184.000000 266.000000 0.003600
1038.000000 269.000000 0.006800
1057.000000 270.000000 0.002800
1069.000000 270.000000 0.004400
1088.000000 270.000000 0.005600
1107.000000 270.000000 0.006800
979.000000 273.000000 0.009200
1013.000000 273.000000 0.006800
994.000000 274.000000 0.009600
947.000000 275.000000 0.007600
750.000000 277.000000 0.006800
917.000000 277.000000 0.007600
608.000000 278.000000 0.006800
773.000000 278.000000 0.006800
802.000000 278.000000 0.006800
891.000000 278.000000 0.006800
588.000000 279.000000 0.005600
650.000000 279.000000 0.005600
722.000000 279.000000 0.006400
835.000000 279.000000 0.007600
633.000000 280.000000 0.004400
673.000000 280.000000 0.006400
697.000000 280.000000 0.006800
865.000000 280.000000 0.007600
316.000000 282.000000 0.007200
568.000000 282.000000 0.010400
1142.000000 282.000000 0.004800
1163.000000 282.000000 0.004000
261.000000 283.000000 0.006800
288.000000 283.000000 0.006800
349.000000 283.000000 0.006000
435.000000 283.000000 0.006800
552.000000 283.000000 0.008400
373.000000 284.000000 0.005600
457.000000 284.000000 0.006800
1185.000000 284.000000 0.004000
236.000000 285.000000 0.005600
407.000000 285.000000 0.008000
506.000000 285.000000 0.006800
208.000000 286.000000 0.007600
483.000000 286.000000 0.006800
530.000000 286.000000 0.006400
189.000000 287.000000 0.006800
335.000000 300.000000 0.003600
389.000000 300.000000 0.003600
364.000000 301.000000 0.002800
352.000000 302.000000 0.003600
1100.000000 303.000000 0.004400
1089.000000 304.000000 0.007600
1113.000000 304.000000 0.007600
1035.000000 306.000000 0.005600
1050.000000 306.000000 0.004400
1069.000000 307.000000 0.005600
981.000000 308.000000 0.005600
1003.000000 308.000000 0.008000
879.000000 310.000000 0.006400
957.000000 310.000000 0.006800
830.000000 311.000000 0.005600
907.000000 311.000000 0.006400
932.000000 311.000000 0.006400
794.000000 312.000000 0.005600
810.000000 312.000000 0.004400
712.000000 313.000000 0.006800
732.000000 313.000000 0.002800
855.000000 313.000000 0.005600
750.000000 314.000000 0.006000
774.000000 314.000000 0.005600
606.000000 315.000000 0.006800
81.000000 316.000000 0.004400
97.000000 316.000000 0.004000
111.000000 316.000000 0.004400
131.000000 316.000000 0.004400
146.000000 316.000000 0.004400
690.000000 316.000000 0.005200
43.000000 317.000000 0.003600
61.000000 317.000000 0.004400
631.000000 317.000000 0.005600
564.000000 318.000000 0.009600
579.000000 318.000000 0.005600
647.000000 318.000000 0.005600
671.000000 318.000000 0.006400
30.000000 319.000000 0.003600
454.000000 319.000000 0.006800
475.000000 319.000000 0.005600
526.000000 319.000000 0.004400
541.000000 319.000000 0.005600
402.000000 320.000000 0.006800
431.000000 320.000000 0.005600
501.000000 320.000000 0.007200
191.000000 321.000000 0.006800
214.000000 322.000000 0.005600
242.000000 322.000000 0.006400
269.000000 322.000000 0.006800
318.000000 322.000000 0.006800
348.000000 322.000000 0.005600
372.000000 322.000000 0.006800
293.000000 324.000000 0.005600
129.000000 333.000000 0.003600
62.000000 334.000000 0.004000
77.000000 334.000000 0.003600
95.000000 334.000000 0.004400
161.000000 334.000000 0.005600
33.000000 335.000000 0.004000
47.000000 335.000000 0.003600
113.000000 335.000000 0.003600
1034.000000 340.000000 0.010400
1096.000000 341.000000 0.008400
1071.000000 342.000000 0.006400
1012.000000 343.000000 0.011200
1048.000000 343.000000 0.009600
839.000000 344.000000 0.006800
895.000000 344.000000 0.006800
940.000000 344.000000 0.006800
995.000000 344.000000 0.009600
768.000000 345.000000 0.006400
864.000000 345.000000 0.006800
969.000000 345.000000 0.006800
1147.000000 345.000000 0.006800
747.000000 346.000000 0.002800
811.000000 346.000000 0.006800
916.000000 346.000000 0.005600
1172.000000 346.000000 0.005600
789.000000 347.000000 0.005600
705.000000 348.000000 0.006800
724.000000 348.000000 0.008000
1191.000000 348.000000 0.006800
131.000000 349.000000 0.004000
678.000000 349.000000 0.006800
116.000000 350.000000 0.003600
650.000000 350.000000 0.006400
64.000000 352.000000 0.004000
81.000000 352.000000 0.004000
97.000000 352.000000 0.004400
29.000000 353.000000 0.004000
149.000000 353.000000 0.004000
322.000000 353.000000 0.006800
540.000000 353.000000 0.009600
625.000000 353.000000 0.006800
45.000000 354.000000 0.004400
527.000000 354.000000 0.009200
579.000000 354.000000 0.005600
606.000000 354.000000 0.009600
191.000000 355.000000 0.006800
213.000000 355.000000 0.006800
432.000000 355.000000 0.007600
459.000000 355.000000 0.006800
481.000000 355.000000 0.005600
559.000000 355.000000 0.005600
275.000000 356.000000 0.006800
298.000000 356.000000 0.005600
347.000000 356.000000 0.006800
387.000000 356.000000 0.005600
406.000000 356.000000 0.005600
244.000000 357.000000 0.007600
362.000000 357.000000 0.007200
504.000000 357.000000 0.006800
738.000000 374.000000 0.003600
720.000000 377.000000 0.005600
365.000000 387.000000 0.004400
346.000000 389.000000 0.006800
158.650796 315.079362 0.005894
158.650796 349.365076 0.005894
405.793653 301.507933 0.005894
247.936510 135.079362 0.005894
264.365082 135.793648 0.005894
1197.222225 282.222219 0.005894
129.365082 186.507933 0.005894
