67 68
99 100
147 149
269 273
159 160
329 333
40 41
100 101
270 274
41 42
321 325
284 285
255 258
376 377
14 15
384 390
225 226
395 399
74 75
214 216
15 16
266 272
366 368
107 117
199 200
369 373
328 332
259 260
291 301
331 337
343 348
10 22
37 403
232 233
240 246
81 82
73 78
81 91
324 325
202 210
265 266
114 115
265 275
394 398
357 358
206 207
55 56
298 299
306 312
379 382
269 272
358 359
172 177
305 307
364 365
181 182
324 338
58 62
220 222
268 271
339 340
372 374
205 206
224 228
146 147
179 180
28 29
136 138
120 121
180 181
29 30
268 275
121 122
113 118
383 387
102 108
353 355
154 155
51 53
116 119
367 375
394 401
235 237
36 37
68 69
128 129
238 248
371 372
69 70
101 102
150 153
161 162
10 11
313 314
183 186
32 35
194 195
385 391
43 44
135 136
5 8
346 347
87 96
76 77
356 360
287 288
319 320
168 169
379 380
201 203
50 52
260 261
90 97
242 249
261 262
83 94
293 303
334 341
175 177
345 350
294 295
87 91
176 178
86 95
138 142
150 152
134 135
182 184
352 357
204 208
13 30
264 267
109 110
19 27
400 402
211 215
190 192
20 28
23 33
115 116
326 327
382 389
24 25
72 74
16 21
388 396
256 258
167 168
200 201
241 251
171 174
333 334
141 142
123 124
64 65
307 308
189 190
278 286
241 246
281 282
351 356
60 63
292 297
271 274
314 315
392 402
395 398
374 375
122 123
277 280
348 349
299 304
310 313
391 396
370 373
240 245
222 227
133 137
144 146
152 159
22 31
166 170
193 196
226 230
18 24
107 111
70 71
188 194
130 131
0 3
329 340
291 295
11 21
163 164
196 197
114 118
236 242
155 156
288 289
247 248
185 187
229 230
280 281
170 171
218 220
262 263
221 231
151 157
203 204
73 76
243 249
254 255
144 145
236 237
106 109
354 360
85 86
317 320
166 169
306 310
228 229
80 83
140 143
383 386
110 111
321 322
243 244
173 176
384 387
294 304
158 160
276 283
250 252
347 352
45 404
2 6
25 26
361 362
202 207
3 7
165 167
397 401
17 18
365 368
47 49
335 336
327 332
88 96
128 132
139 141
188 192
309 311
129 133
153 161
172 174
221 225
205 208
253 257
54 57
154 162
84 85
84 94
217 218
323 339
276 282
316 318
157 163
279 287
250 251
298 300
257 259
58 59
301 302
61 64
290 292
293 297
183 184
51 55
124 125
127 130
216 217
65 66
235 239
57 62
308 309
198 199
209 214
139 140
98 99
341 342
39 40
23 32
131 132
253 256
54 56
342 343
223 224
283 284
164 165
46 48
316 317
197 198
279 286
149 158
289 290
98 103
61 63
349 350
82 95
231 232
38 39
367 376
386 389
9 12
89 93
209 213
71 72
278 285
134 137
393 397
31 35
104 105
105 106
296 302
323 328
5 9
46 47
78 79
378 380
89 97
19 20
79 80
330 336
12 17
52 53
381 390
263 264
112 113
252 254
223 227
344 346
267 270
193 195
26 27
178 179
300 303
238 239
148 156
119 120
330 331
362 363
211 212
381 385
4 8
219 234
112 117
75 77
363 364
1 2
212 213
244 245
388 393
126 127
337 338
186 187
0 6
210 215
148 151
370 371
311 312
104 108
344 345
296 305
59 60
366 369
377 378
48 50
92 93
351 353
322 326
33 34
4 7
125 126
173 175
392 399
355 359
66 67
