314.000000 26.000000 0.005600
331.000000 26.000000 0.002800
343.000000 26.000000 0.003600
302.000000 27.000000 0.006800
357.000000 28.000000 0.004400
377.000000 29.000000 0.004400
400.000000 30.000000 0.003600
419.000000 30.000000 0.004000
433.000000 30.000000 0.002800
488.000000 30.000000 0.004400
470.000000 31.000000 0.004400
500.000000 32.000000 0.002800
521.000000 32.000000 0.004000
558.000000 32.000000 0.003600
590.000000 32.000000 0.003600
457.000000 33.000000 0.004400
537.000000 33.000000 0.005600
571.000000 33.000000 0.004400
603.000000 34.000000 0.004400
123.000000 58.000000 0.010400
158.000000 60.000000 0.004800
176.000000 60.000000 0.004400
141.000000 61.000000 0.003600
190.000000 61.000000 0.009200
1073.000000 88.000000 0.010800
1085.000000 89.000000 0.010000
1034.000000 108.000000 0.006000
172.000000 117.000000 0.006800
195.000000 117.000000 0.006800
222.000000 118.000000 0.006800
245.000000 118.000000 0.005600
267.000000 118.000000 0.006000
293.000000 119.000000 0.006800
319.000000 119.000000 0.006400
396.000000 119.000000 0.005600
344.000000 120.000000 0.005600
375.000000 120.000000 0.005600
447.000000 121.000000 0.006800
424.000000 122.000000 0.006800
537.000000 122.000000 0.004400
551.000000 122.000000 0.004400
471.000000 123.000000 0.006400
524.000000 123.000000 0.004400
569.000000 123.000000 0.005600
593.000000 123.000000 0.005600
705.000000 123.000000 0.005600
93.000000 124.000000 0.006800
496.000000 124.000000 0.006800
614.000000 124.000000 0.005600
639.000000 124.000000 0.006800
737.000000 124.000000 0.008400
658.000000 125.000000 0.006800
668.000000 125.000000 0.008400
43.000000 126.000000 0.008400
56.000000 126.000000 0.004400
685.000000 126.000000 0.005200
72.000000 127.000000 0.005600
801.000000 128.000000 0.006000
826.000000 128.000000 0.005600
890.000000 128.000000 0.005600
1051.000000 128.000000 0.006400
771.000000 129.000000 0.007600
852.000000 129.000000 0.006400
911.000000 129.000000 0.005600
946.000000 129.000000 0.002800
874.000000 130.000000 0.004400
931.000000 130.000000 0.005600
956.000000 130.000000 0.006400
1028.000000 130.000000 0.005600
1074.000000 130.000000 0.006800
1098.000000 130.000000 0.008000
974.000000 131.000000 0.005600
996.000000 131.000000 0.008400
165.000000 143.000000 0.008400
182.000000 147.000000 0.005200
200.000000 148.000000 0.006800
230.000000 149.000000 0.005600
253.000000 149.000000 0.005600
278.000000 149.000000 0.006400
351.000000 149.000000 0.005600
330.000000 150.000000 0.005600
433.000000 150.000000 0.005600
462.000000 150.000000 0.005600
488.000000 150.000000 0.005600
305.000000 151.000000 0.006400
394.000000 151.000000 0.005600
560.000000 151.000000 0.005600
372.000000 152.000000 0.005600
412.000000 152.000000 0.004400
540.000000 152.000000 0.006400
581.000000 152.000000 0.005600
513.000000 153.000000 0.006800
604.000000 153.000000 0.005600
683.000000 154.000000 0.006800
708.000000 154.000000 0.006400
732.000000 154.000000 0.004800
640.000000 155.000000 0.004400
662.000000 155.000000 0.005600
948.000000 155.000000 0.005600
623.000000 156.000000 0.005600
753.000000 156.000000 0.005600
800.000000 156.000000 0.005600
819.000000 156.000000 0.004800
838.000000 156.000000 0.005200
882.000000 156.000000 0.006400
902.000000 156.000000 0.004800
923.000000 157.000000 0.005200
782.000000 158.000000 0.005600
857.000000 158.000000 0.004800
1057.000000 158.000000 0.005600
967.000000 159.000000 0.005200
1037.000000 159.000000 0.005600
988.000000 160.000000 0.005600
1016.000000 160.000000 0.005600
1089.000000 161.000000 0.006400
444.000000 164.000000 0.003200
99.000000 175.000000 0.008400
113.000000 175.000000 0.003600
55.000000 176.000000 0.004400
72.000000 176.000000 0.005200
125.000000 176.000000 0.007600
37.000000 177.000000 0.005200
190.000000 180.000000 0.006800
247.000000 180.000000 0.006800
168.000000 181.000000 0.006800
217.000000 181.000000 0.006800
271.000000 181.000000 0.006400
298.000000 182.000000 0.005600
340.000000 182.000000 0.004400
644.000000 182.000000 0.005600
319.000000 183.000000 0.006000
466.000000 183.000000 0.005600
487.000000 183.000000 0.005600
502.000000 183.000000 0.008400
559.000000 183.000000 0.005600
618.000000 183.000000 0.005600
667.000000 183.000000 0.006400
1212.000000 183.000000 0.004400
353.000000 184.000000 0.008000
376.000000 184.000000 0.006000
400.000000 184.000000 0.007600
446.000000 184.000000 0.005200
538.000000 184.000000 0.005600
580.000000 184.000000 0.005600
814.000000 184.000000 0.008400
904.000000 184.000000 0.005600
1157.000000 184.000000 0.004000
1183.000000 184.000000 0.002800
1198.000000 184.000000 0.003600
518.000000 185.000000 0.005600
598.000000 185.000000 0.005600
689.000000 185.000000 0.004400
712.000000 185.000000 0.006400
761.000000 185.000000 0.005600
1126.000000 185.000000 0.004000
1141.000000 185.000000 0.004000
1172.000000 185.000000 0.003600
427.000000 186.000000 0.005600
737.000000 186.000000 0.006000
782.000000 186.000000 0.005200
854.000000 186.000000 0.005600
876.000000 186.000000 0.005600
917.000000 186.000000 0.004400
958.000000 186.000000 0.005600
937.000000 187.000000 0.005600
976.000000 187.000000 0.005200
1051.000000 187.000000 0.006800
1072.000000 187.000000 0.005600
1090.000000 187.000000 0.005200
995.000000 188.000000 0.005200
1023.000000 188.000000 0.006800
1037.000000 188.000000 0.008400
1106.000000 188.000000 0.004400
915.000000 202.000000 0.003200
1129.000000 202.000000 0.004000
1169.000000 202.000000 0.004000
1186.000000 202.000000 0.004400
877.000000 203.000000 0.002800
891.000000 203.000000 0.002800
903.000000 203.000000 0.002800
1148.000000 203.000000 0.004000
1000.000000 204.000000 0.003200
1206.000000 204.000000 0.005600
105.000000 205.000000 0.004400
123.000000 205.000000 0.005600
987.000000 205.000000 0.002800
35.000000 207.000000 0.008400
64.000000 207.000000 0.008400
74.000000 207.000000 0.008400
88.000000 207.000000 0.004400
188.000000 208.000000 0.005600
50.000000 209.000000 0.004400
169.000000 209.000000 0.005600
237.000000 209.000000 0.006800
210.000000 210.000000 0.005600
266.000000 211.000000 0.006800
294.000000 211.000000 0.006400
467.000000 212.000000 0.006800
317.000000 213.000000 0.005600
529.000000 213.000000 0.006400
339.000000 214.000000 0.005600
363.000000 214.000000 0.005600
416.000000 214.000000 0.005200
500.000000 214.000000 0.006800
390.000000 215.000000 0.006000
554.000000 215.000000 0.006400
628.000000 215.000000 0.006800
695.000000 215.000000 0.006800
437.000000 216.000000 0.005600
578.000000 216.000000 0.006800
762.000000 216.000000 0.006000
644.000000 217.000000 0.008400
718.000000 217.000000 0.005600
739.000000 217.000000 0.005600
787.000000 217.000000 0.005600
807.000000 217.000000 0.006800
841.000000 217.000000 0.006800
866.000000 217.000000 0.005200
1070.000000 217.000000 0.005600
1096.000000 217.000000 0.008000
1129.000000 217.000000 0.004000
608.000000 218.000000 0.006000
1146.000000 218.000000 0.003600
670.000000 219.000000 0.005600
889.000000 219.000000 0.005600
913.000000 219.000000 0.005200
940.000000 219.000000 0.006400
967.000000 219.000000 0.005600
1024.000000 219.000000 0.005600
1046.000000 219.000000 0.005600
1160.000000 219.000000 0.003600
986.000000 220.000000 0.004400
1002.000000 220.000000 0.004800
365.000000 231.000000 0.002800
377.000000 231.000000 0.002800
354.000000 232.000000 0.002800
142.000000 235.000000 0.005200
88.000000 236.000000 0.005200
107.000000 236.000000 0.004400
124.000000 236.000000 0.004400
36.000000 239.000000 0.004400
68.000000 239.000000 0.004400
169.000000 239.000000 0.007600
52.000000 240.000000 0.003200
190.000000 240.000000 0.006400
211.000000 241.000000 0.006800
241.000000 241.000000 0.006800
298.000000 243.000000 0.006400
546.000000 243.000000 0.006400
615.000000 243.000000 0.006400
268.000000 244.000000 0.007200
410.000000 244.000000 0.008400
497.000000 244.000000 0.005600
520.000000 244.000000 0.005600
317.000000 245.000000 0.005600
423.000000 245.000000 0.005600
445.000000 245.000000 0.006400
469.000000 245.000000 0.006800
568.000000 245.000000 0.005600
375.000000 246.000000 0.005600
665.000000 246.000000 0.006000
691.000000 246.000000 0.006800
355.000000 247.000000 0.004400
592.000000 247.000000 0.005600
337.000000 248.000000 0.005600
642.000000 248.000000 0.005600
725.000000 248.000000 0.007600
746.000000 248.000000 0.006800
774.000000 249.000000 0.004800
837.000000 249.000000 0.005600
853.000000 249.000000 0.004400
788.000000 250.000000 0.007600
816.000000 250.000000 0.004400
870.000000 250.000000 0.005600
948.000000 250.000000 0.006800
893.000000 251.000000 0.005600
917.000000 251.000000 0.006400
970.000000 252.000000 0.005600
988.000000 252.000000 0.005600
1009.000000 253.000000 0.006800
1035.000000 254.000000 0.004400
51.000000 255.000000 0.003600
1051.000000 255.000000 0.004400
1070.000000 255.000000 0.005600
35.000000 256.000000 0.004000
1099.000000 257.000000 0.008000
150.000000 271.000000 0.006400
175.000000 273.000000 0.006400
70.000000 276.000000 0.005600
87.000000 276.000000 0.004400
108.000000 276.000000 0.005600
129.000000 276.000000 0.004400
200.000000 276.000000 0.006800
47.000000 277.000000 0.005600
413.000000 277.000000 0.005600
229.000000 278.000000 0.006800
293.000000 278.000000 0.006400
312.000000 278.000000 0.005600
390.000000 278.000000 0.006000
268.000000 279.000000 0.006800
335.000000 279.000000 0.006400
246.000000 280.000000 0.005600
433.000000 280.000000 0.005600
363.000000 281.000000 0.006800
449.000000 281.000000 0.004400
463.000000 281.000000 0.008000
512.000000 282.000000 0.005600
533.000000 282.000000 0.005600
549.000000 282.000000 0.005600
822.000000 282.000000 0.008000
491.000000 283.000000 0.006800
570.000000 283.000000 0.006400
620.000000 283.000000 0.006400
772.000000 283.000000 0.005600
795.000000 283.000000 0.006400
875.000000 283.000000 0.006800
595.000000 284.000000 0.006400
647.000000 284.000000 0.006400
674.000000 284.000000 0.006400
853.000000 284.000000 0.005600
902.000000 284.000000 0.006800
704.000000 285.000000 0.007600
753.000000 285.000000 0.004400
928.000000 285.000000 0.005600
724.000000 286.000000 0.005600
740.000000 286.000000 0.003600
951.000000 286.000000 0.005600
1053.000000 286.000000 0.007600
974.000000 287.000000 0.005600
991.000000 287.000000 0.005600
1014.000000 287.000000 0.006800
1080.000000 287.000000 0.005600
1101.000000 288.000000 0.006800
168.000000 293.000000 0.003200
127.000000 299.000000 0.004400
81.000000 300.000000 0.005200
140.000000 300.000000 0.003600
153.000000 300.000000 0.004400
41.000000 302.000000 0.005600
61.000000 302.000000 0.004400
107.000000 302.000000 0.005600
213.000000 309.000000 0.006800
182.000000 310.000000 0.007600
274.000000 311.000000 0.005600
296.000000 311.000000 0.005600
237.000000 312.000000 0.005600
351.000000 312.000000 0.005600
257.000000 313.000000 0.004400
318.000000 313.000000 0.008400
372.000000 313.000000 0.005600
392.000000 313.000000 0.005600
414.000000 313.000000 0.006800
440.000000 313.000000 0.006800
550.000000 314.000000 0.006400
576.000000 314.000000 0.006800
862.000000 314.000000 0.007200
465.000000 315.000000 0.006400
492.000000 315.000000 0.006400
520.000000 315.000000 0.006800
603.000000 316.000000 0.005600
625.000000 316.000000 0.005600
732.000000 316.000000 0.005600
807.000000 316.000000 0.006400
753.000000 317.000000 0.006800
647.000000 318.000000 0.005600
706.000000 318.000000 0.006800
783.000000 318.000000 0.005600
888.000000 318.000000 0.005600
932.000000 318.000000 0.005600
673.000000 319.000000 0.007600
834.000000 319.000000 0.006800
911.000000 319.000000 0.006400
995.000000 319.000000 0.005600
1019.000000 319.000000 0.005600
954.000000 320.000000 0.005600
974.000000 321.000000 0.005600
1040.000000 321.000000 0.005600
1066.000000 321.000000 0.006800
1098.000000 323.000000 0.006400
173.000000 339.000000 0.006800
196.000000 341.000000 0.005600
224.000000 343.000000 0.006400
247.000000 344.000000 0.005600
354.000000 344.000000 0.006400
377.000000 344.000000 0.006000
404.000000 346.000000 0.005600
461.000000 346.000000 0.006400
489.000000 346.000000 0.006800
517.000000 346.000000 0.006800
551.000000 346.000000 0.006800
269.000000 347.000000 0.005600
291.000000 347.000000 0.005600
323.000000 347.000000 0.008400
578.000000 347.000000 0.006400
806.000000 347.000000 0.006800
424.000000 348.000000 0.005600
622.000000 349.000000 0.006800
741.000000 349.000000 0.007600
773.000000 349.000000 0.007600
833.000000 349.000000 0.006000
605.000000 350.000000 0.008400
713.000000 350.000000 0.006000
857.000000 350.000000 0.006800
648.000000 351.000000 0.005600
669.000000 351.000000 0.005600
690.000000 352.000000 0.005600
876.000000 352.000000 0.005600
924.000000 352.000000 0.005600
943.000000 352.000000 0.005600
975.000000 352.000000 0.008000
1036.000000 352.000000 0.005600
1059.000000 352.000000 0.005600
900.000000 353.000000 0.006800
1012.000000 353.000000 0.008400
1077.000000 353.000000 0.004400
1100.000000 355.000000 0.006000
1136.000000 355.000000 0.006800
1160.000000 356.000000 0.005600
1181.000000 357.000000 0.006800
232.000000 396.000000 0.004400
274.000000 396.000000 0.005600
251.000000 397.000000 0.004800
297.000000 397.000000 0.006800
211.000000 398.000000 0.005200
177.000000 399.000000 0.005600
192.000000 399.000000 0.004400
316.000000 399.000000 0.005200
457.000000 400.000000 0.004400
471.000000 400.000000 0.004400
335.000000 401.000000 0.005600
357.000000 401.000000 0.005600
375.000000 401.000000 0.004400
392.000000 401.000000 0.004000
406.000000 401.000000 0.004400
421.000000 401.000000 0.004400
440.000000 401.000000 0.004400
488.000000 402.000000 0.004000
509.000000 404.000000 0.002800
412.936510 165.079362 0.005742
426.507939 165.079362 0.005742
930.079368 203.650791 0.005742
395.079368 230.793648 0.005742
407.222225 229.365076 0.005742
1022.936510 109.365076 0.005742
