0.104000 0.050400 0.000008
0.144000 0.051200 0.000004
0.119200 0.052000 0.000003
0.131200 0.052000 0.000004
0.156800 0.052000 0.000004
0.860000 0.056800 0.000008
0.869600 0.056800 0.000008
0.314400 0.084000 0.000004
0.300000 0.084800 0.000004
0.228000 0.085600 0.000004
0.260800 0.085600 0.000004
0.282400 0.085600 0.000005
0.244000 0.086400 0.000004
0.352800 0.086400 0.000005
0.458400 0.086400 0.000004
0.203200 0.087200 0.000005
0.335200 0.087200 0.000004
0.373600 0.087200 0.000004
0.384000 0.087200 0.000004
0.472800 0.087200 0.000004
0.562400 0.087200 0.000004
0.576800 0.087200 0.000004
0.187200 0.088000 0.000004
0.544800 0.088000 0.000004
0.594400 0.088000 0.000004
0.612800 0.088000 0.000004
0.756000 0.088000 0.000004
0.158400 0.088800 0.000004
0.171200 0.088800 0.000005
0.399200 0.088800 0.000004
0.415200 0.088800 0.000004
0.429600 0.088800 0.000004
0.442400 0.088800 0.000004
0.488000 0.088800 0.000004
0.505600 0.088800 0.000005
0.627200 0.088800 0.000004
0.680000 0.088800 0.000004
0.695200 0.088800 0.000004
0.141600 0.089600 0.000005
0.650400 0.089600 0.000004
0.665600 0.089600 0.000004
0.709600 0.089600 0.000004
0.739200 0.089600 0.000004
0.772000 0.089600 0.000004
0.802400 0.089600 0.000004
0.923200 0.089600 0.000003
0.528000 0.090400 0.000004
0.725600 0.090400 0.000004
0.787200 0.090400 0.000004
0.815200 0.090400 0.000004
0.912000 0.090400 0.000003
0.932800 0.090400 0.000002
0.943200 0.090400 0.000003
0.954400 0.090400 0.000003
0.829600 0.091200 0.000004
0.862400 0.091200 0.000004
0.900800 0.091200 0.000003
0.964000 0.091200 0.000003
0.976800 0.091200 0.000004
0.844800 0.092000 0.000004
0.877600 0.092800 0.000005
0.624800 0.100000 0.000002
0.636000 0.100000 0.000002
0.900800 0.102400 0.000003
0.922400 0.102400 0.000003
0.910400 0.103200 0.000003
0.953600 0.103200 0.000003
0.963200 0.103200 0.000003
0.932000 0.104000 0.000003
0.943200 0.104000 0.000003
0.076800 0.108000 0.000004
0.316000 0.108000 0.000006
0.095200 0.108800 0.000004
0.237600 0.108800 0.000005
0.258400 0.108800 0.000005
0.036800 0.109600 0.000005
0.065600 0.109600 0.000004
0.204000 0.109600 0.000005
0.222400 0.109600 0.000005
0.277600 0.109600 0.000005
0.296000 0.109600 0.000005
0.045600 0.110400 0.000002
0.363200 0.110400 0.000004
0.138400 0.111200 0.000004
0.155200 0.111200 0.000004
0.187200 0.111200 0.000005
0.348800 0.111200 0.000004
0.378400 0.111200 0.000004
0.395200 0.111200 0.000004
0.408800 0.111200 0.000004
0.170400 0.112000 0.000002
0.334400 0.112000 0.000004
0.473600 0.112000 0.000004
0.508000 0.112000 0.000002
0.520800 0.112000 0.000004
0.540800 0.112000 0.000004
0.576000 0.112000 0.000005
0.424000 0.112800 0.000004
0.440800 0.112800 0.000005
0.454400 0.112800 0.000004
0.490400 0.112800 0.000004
0.555200 0.112800 0.000004
0.704800 0.112800 0.000004
0.812000 0.112800 0.000005
0.835200 0.112800 0.000005
0.599200 0.113600 0.000005
0.620800 0.113600 0.000004
0.641600 0.113600 0.000004
0.668000 0.114400 0.000006
0.689600 0.114400 0.000004
0.721600 0.114400 0.000005
0.740000 0.114400 0.000004
0.764800 0.114400 0.000004
0.855200 0.114400 0.000004
0.751200 0.115200 0.000004
0.794400 0.115200 0.000004
0.873600 0.115200 0.000005
0.776800 0.116000 0.000005
0.162400 0.135200 0.000005
0.231200 0.135200 0.000004
0.278400 0.135200 0.000005
0.316000 0.135200 0.000004
0.330400 0.135200 0.000004
0.348000 0.135200 0.000004
0.367200 0.135200 0.000005
0.895200 0.135200 0.000004
0.923200 0.135200 0.000003
0.936800 0.135200 0.000004
0.214400 0.136000 0.000004
0.298400 0.136000 0.000004
0.385600 0.136000 0.000005
0.404800 0.136000 0.000004
0.422400 0.136000 0.000004
0.509600 0.136000 0.000005
0.142400 0.136800 0.000005
0.180800 0.136800 0.000004
0.197600 0.136800 0.000004
0.250400 0.136800 0.000005
0.438400 0.136800 0.000004
0.526400 0.136800 0.000004
0.829600 0.136800 0.000004
0.858400 0.136800 0.000004
0.909600 0.136800 0.000004
0.951200 0.136800 0.000004
0.963200 0.136800 0.000003
0.975200 0.136800 0.000004
0.452800 0.137600 0.000004
0.468000 0.137600 0.000004
0.488800 0.137600 0.000005
0.543200 0.137600 0.000005
0.572800 0.137600 0.000004
0.594400 0.137600 0.000005
0.636800 0.137600 0.000004
0.654400 0.137600 0.000005
0.726400 0.137600 0.000005
0.745600 0.137600 0.000005
0.874400 0.137600 0.000004
0.561600 0.138400 0.000005
0.614400 0.138400 0.000005
0.673600 0.138400 0.000005
0.695200 0.138400 0.000004
0.710400 0.138400 0.000004
0.764000 0.138400 0.000004
0.844000 0.138400 0.000004
0.796000 0.139200 0.000004
0.809600 0.139200 0.000004
0.779200 0.140000 0.000004
0.898400 0.150400 0.000003
0.912800 0.150400 0.000004
0.929600 0.151200 0.000004
0.973600 0.151200 0.000004
0.945600 0.152000 0.000003
0.958400 0.152000 0.000003
0.184800 0.159200 0.000004
0.204800 0.159200 0.000005
0.254400 0.159200 0.000005
0.140800 0.160000 0.000004
0.156800 0.160000 0.000004
0.172800 0.160000 0.000004
0.223200 0.160800 0.000007
0.235200 0.160800 0.000005
0.349600 0.160800 0.000004
0.275200 0.161600 0.000005
0.313600 0.161600 0.000004
0.366400 0.161600 0.000007
0.488000 0.161600 0.000004
0.294400 0.162400 0.000005
0.332800 0.162400 0.000004
0.376800 0.162400 0.000004
0.390400 0.162400 0.000004
0.407200 0.162400 0.000004
0.421600 0.162400 0.000004
0.437600 0.162400 0.000004
0.454400 0.162400 0.000004
0.505600 0.162400 0.000004
0.470400 0.163200 0.000004
0.896000 0.163200 0.000003
0.546400 0.164000 0.000005
0.564000 0.164000 0.000004
0.648800 0.164000 0.000004
0.677600 0.164000 0.000004
0.709600 0.164000 0.000005
0.873600 0.164000 0.000005
0.907200 0.164000 0.000003
0.919200 0.164000 0.000004
0.525600 0.164800 0.000005
0.664000 0.164800 0.000004
0.693600 0.164800 0.000004
0.832000 0.164800 0.000007
0.843200 0.164800 0.000007
0.579200 0.165600 0.000004
0.611200 0.165600 0.000005
0.629600 0.165600 0.000004
0.729600 0.165600 0.000005
0.752000 0.165600 0.000005
0.856800 0.165600 0.000004
0.935200 0.165600 0.000003
0.970400 0.165600 0.000004
0.774400 0.166400 0.000005
0.814400 0.166400 0.000005
0.948000 0.166400 0.000003
0.960800 0.166400 0.000003
0.595200 0.168000 0.000004
0.796800 0.169600 0.000005
0.132800 0.174400 0.000003
0.144800 0.174400 0.000003
0.136800 0.188000 0.000005
0.158400 0.188800 0.000005
0.231200 0.188800 0.000004
0.212000 0.189600 0.000005
0.244000 0.189600 0.000004
0.259200 0.189600 0.000004
0.277600 0.189600 0.000005
0.289600 0.189600 0.000006
0.195200 0.190400 0.000004
0.331200 0.190400 0.000007
0.391200 0.190400 0.000004
0.177600 0.191200 0.000004
0.313600 0.191200 0.000004
0.354400 0.191200 0.000004
0.372800 0.191200 0.000004
0.411200 0.191200 0.000005
0.545600 0.191200 0.000005
0.428800 0.192000 0.000004
0.506400 0.192000 0.000004
0.440800 0.192800 0.000004
0.457600 0.192800 0.000005
0.566400 0.192800 0.000005
0.613600 0.192800 0.000005
0.664000 0.192800 0.000005
0.725600 0.192800 0.000004
0.744800 0.192800 0.000005
0.760000 0.192800 0.000007
0.483200 0.193600 0.000006
0.526400 0.193600 0.000005
0.632000 0.193600 0.000004
0.647200 0.193600 0.000004
0.701600 0.193600 0.000004
0.878400 0.193600 0.000005
0.685600 0.194400 0.000004
0.588000 0.195200 0.000006
0.815200 0.195200 0.000005
0.860000 0.195200 0.000005
0.790400 0.196000 0.000006
0.838400 0.196000 0.000006
0.427200 0.204800 0.000002
0.380800 0.205600 0.000003
0.436000 0.205600 0.000002
0.444800 0.206400 0.000002
0.455200 0.206400 0.000002
0.465600 0.206400 0.000002
0.512000 0.206400 0.000003
0.490400 0.207200 0.000002
0.500000 0.207200 0.000003
0.140800 0.216800 0.000007
0.203200 0.218400 0.000005
0.244800 0.218400 0.000005
0.280000 0.218400 0.000005
0.171200 0.219200 0.000006
0.224000 0.219200 0.000004
0.262400 0.219200 0.000005
0.422400 0.219200 0.000004
0.535200 0.219200 0.000004
0.294400 0.220000 0.000008
0.326400 0.220000 0.000006
0.403200 0.220000 0.000005
0.515200 0.220000 0.000004
0.631200 0.220000 0.000005
0.871200 0.220000 0.000005
0.188000 0.220800 0.000004
0.307200 0.220800 0.000007
0.345600 0.220800 0.000005
0.552000 0.220800 0.000004
0.611200 0.220800 0.000005
0.361600 0.221600 0.000004
0.380000 0.221600 0.000005
0.442400 0.221600 0.000004
0.467200 0.221600 0.000005
0.571200 0.221600 0.000005
0.591200 0.221600 0.000005
0.742400 0.221600 0.000005
0.852000 0.221600 0.000005
0.662400 0.222400 0.000005
0.762400 0.222400 0.000005
0.807200 0.222400 0.000006
0.832000 0.222400 0.000005
0.497600 0.223200 0.000004
0.645600 0.223200 0.000004
0.720800 0.223200 0.000005
0.785600 0.224000 0.000005
0.687200 0.224800 0.000007
0.702400 0.225600 0.000005
0.157600 0.244000 0.000005
0.236000 0.244000 0.000005
0.178400 0.244800 0.000004
0.195200 0.244800 0.000004
0.214400 0.245600 0.000005
0.256800 0.245600 0.000005
0.278400 0.245600 0.000004
0.292800 0.245600 0.000004
0.476000 0.245600 0.000006
0.136000 0.246400 0.000006
0.322400 0.246400 0.000005
0.337600 0.246400 0.000005
0.532000 0.246400 0.000004
0.312000 0.247200 0.000005
0.360000 0.247200 0.000005
0.428000 0.247200 0.000005
0.492000 0.247200 0.000004
0.516800 0.247200 0.000004
0.551200 0.247200 0.000005
0.612000 0.247200 0.000005
0.628000 0.247200 0.000005
0.380000 0.248000 0.000005
0.395200 0.248000 0.000005
0.450400 0.248000 0.000005
0.504000 0.248000 0.000004
0.806400 0.248000 0.000004
0.883200 0.248000 0.000006
0.411200 0.248800 0.000005
0.571200 0.248800 0.000005
0.591200 0.248800 0.000005
0.648000 0.248800 0.000005
0.664800 0.248800 0.000004
0.713600 0.248800 0.000004
0.726400 0.248800 0.000004
0.759200 0.248800 0.000005
0.872000 0.248800 0.000004
0.696000 0.249600 0.000004
0.740800 0.249600 0.000004
0.783200 0.249600 0.000005
0.819200 0.249600 0.000004
0.844000 0.249600 0.000004
0.859200 0.249600 0.000004
0.680800 0.250400 0.000004
0.832000 0.250400 0.000004
0.806400 0.261600 0.000002
0.031200 0.266400 0.000010
0.079200 0.268000 0.000005
0.236000 0.268000 0.000005
0.042400 0.268800 0.000005
0.193600 0.268800 0.000004
0.071200 0.269600 0.000002
0.095200 0.269600 0.000004
0.132000 0.269600 0.000007
0.220800 0.269600 0.000004
0.060000 0.270400 0.000004
0.156000 0.270400 0.000004
0.175200 0.270400 0.000005
0.206400 0.271200 0.000004
0.278400 0.271200 0.000007
0.295200 0.271200 0.000005
0.320800 0.271200 0.000005
0.338400 0.271200 0.000007
0.443200 0.271200 0.000005
0.536800 0.271200 0.000005
0.701600 0.271200 0.000005
0.720800 0.271200 0.000006
0.856000 0.271200 0.000005
0.254400 0.272000 0.000004
0.268000 0.272000 0.000008
0.348000 0.272000 0.000007
0.365600 0.272000 0.000005
0.380800 0.272000 0.000004
0.423200 0.272000 0.000005
0.465600 0.272000 0.000005
0.492800 0.272000 0.000005
0.516000 0.272000 0.000005
0.564000 0.272000 0.000005
0.587200 0.272000 0.000006
0.674400 0.272000 0.000004
0.876800 0.272000 0.000006
0.399200 0.272800 0.000005
0.579200 0.272800 0.000005
0.597600 0.272800 0.000005
0.617600 0.272800 0.000004
0.640800 0.272800 0.000006
0.660800 0.272800 0.000004
0.836000 0.272800 0.000005
0.746400 0.273600 0.000005
0.768800 0.273600 0.000005
0.810400 0.273600 0.000007
0.684800 0.274400 0.000007
0.788800 0.275200 0.000004
0.705600 0.303200 0.000004
0.718400 0.303200 0.000004
0.731200 0.303200 0.000003
0.744800 0.303200 0.000004
0.757600 0.304000 0.000004
0.774400 0.304000 0.000004
0.690400 0.304800 0.000004
0.786400 0.304800 0.000004
0.813600 0.304800 0.000004
0.830400 0.304800 0.000004
0.673600 0.306400 0.000004
0.842400 0.306400 0.000003
0.854400 0.306400 0.000004
0.868000 0.306400 0.000004
0.896800 0.306400 0.000004
0.919200 0.306400 0.000004
0.534400 0.307200 0.000004
0.550400 0.307200 0.000004
0.632800 0.307200 0.000003
0.661600 0.307200 0.000004
0.801600 0.307200 0.000004
0.884800 0.307200 0.000004
0.933600 0.307200 0.000003
0.952000 0.307200 0.000005
0.487200 0.308000 0.000004
0.621600 0.308000 0.000004
0.646400 0.308000 0.000004
0.458400 0.308800 0.000004
0.472800 0.308800 0.000004
0.503200 0.308800 0.000004
0.518400 0.308800 0.000004
0.564800 0.308800 0.000004
0.580800 0.308800 0.000004
0.595200 0.308800 0.000003
0.444800 0.309600 0.000004
0.719200 0.319200 0.000004
0.732000 0.320000 0.000003
0.743200 0.320000 0.000005
0.688000 0.320800 0.000004
0.553600 0.321600 0.000003
0.565600 0.321600 0.000003
0.648000 0.321600 0.000004
0.540800 0.322400 0.000003
0.580800 0.322400 0.000004
0.596000 0.322400 0.000004
0.620800 0.322400 0.000004
0.632800 0.322400 0.000003
0.662400 0.322400 0.000003
0.675200 0.322400 0.000003
0.701600 0.322400 0.000004
0.442400 0.324000 0.000003
0.452000 0.324000 0.000003
0.464000 0.324000 0.000003
0.476800 0.324000 0.000003
0.489600 0.324800 0.000003
0.502400 0.324800 0.000003
0.525600 0.324800 0.000004
0.512800 0.325600 0.000004
0.326921 0.125778 0.000004
0.338921 0.125206 0.000004
0.369206 0.205778 0.000004
0.389778 0.205206 0.000004
0.792063 0.262349 0.000004
0.816063 0.261206 0.000004
0.825778 0.260635 0.000004
0.154921 0.173206 0.000004
0.164063 0.173778 0.000004
