371.000000 35.000000 0.007200
437.000000 35.000000 0.004400
393.000000 36.000000 0.006400
417.000000 36.000000 0.004400
499.000000 36.000000 0.002800
520.000000 36.000000 0.006400
571.000000 36.000000 0.004400
455.000000 37.000000 0.004400
510.000000 37.000000 0.002800
536.000000 37.000000 0.004400
548.000000 37.000000 0.007600
559.000000 37.000000 0.003600
476.000000 38.000000 0.006800
489.000000 38.000000 0.002800
884.000000 39.000000 0.011200
592.000000 40.000000 0.005600
729.000000 40.000000 0.015200
752.000000 40.000000 0.004400
823.000000 40.000000 0.004400
864.000000 40.000000 0.004400
638.000000 41.000000 0.005600
656.000000 41.000000 0.004400
679.000000 41.000000 0.006400
715.000000 41.000000 0.004400
775.000000 41.000000 0.007600
837.000000 41.000000 0.003600
850.000000 41.000000 0.004000
898.000000 41.000000 0.011600
614.000000 42.000000 0.005600
699.000000 42.000000 0.004400
789.000000 42.000000 0.004400
804.000000 42.000000 0.004400
159.000000 66.000000 0.011600
228.000000 66.000000 0.009200
180.000000 67.000000 0.004400
197.000000 67.000000 0.004400
214.000000 67.000000 0.004000
1079.000000 67.000000 0.010800
1098.000000 68.000000 0.005600
1059.000000 93.000000 0.005200
932.000000 97.000000 0.004400
920.000000 98.000000 0.002800
1042.000000 98.000000 0.005600
94.000000 99.000000 0.005600
115.000000 99.000000 0.005600
892.000000 99.000000 0.004400
904.000000 100.000000 0.004000
78.000000 101.000000 0.004400
52.000000 102.000000 0.006800
37.000000 104.000000 0.004400
1084.000000 110.000000 0.008400
1072.000000 111.000000 0.007600
1096.000000 112.000000 0.008000
959.000000 113.000000 0.006800
1018.000000 113.000000 0.007600
1050.000000 113.000000 0.006400
732.000000 114.000000 0.006800
985.000000 114.000000 0.008000
653.000000 115.000000 0.002800
679.000000 115.000000 0.008400
706.000000 115.000000 0.006400
753.000000 115.000000 0.005600
615.000000 116.000000 0.005600
640.000000 116.000000 0.006800
909.000000 116.000000 0.005200
933.000000 116.000000 0.005200
515.000000 117.000000 0.005600
578.000000 117.000000 0.005600
597.000000 117.000000 0.004400
868.000000 117.000000 0.002800
420.000000 118.000000 0.008000
537.000000 118.000000 0.005600
809.000000 118.000000 0.005600
854.000000 118.000000 0.007600
888.000000 118.000000 0.006400
182.000000 119.000000 0.005600
472.000000 119.000000 0.006400
496.000000 119.000000 0.005600
556.000000 119.000000 0.005600
774.000000 119.000000 0.005600
791.000000 119.000000 0.004400
831.000000 119.000000 0.006800
160.000000 120.000000 0.008400
451.000000 120.000000 0.005600
200.000000 121.000000 0.004400
214.000000 121.000000 0.004400
302.000000 122.000000 0.007600
332.000000 122.000000 0.005600
354.000000 122.000000 0.005600
399.000000 122.000000 0.005600
252.000000 123.000000 0.005600
275.000000 123.000000 0.006800
377.000000 123.000000 0.005600
230.000000 124.000000 0.005600
87.000000 126.000000 0.006800
35.000000 128.000000 0.006800
66.000000 128.000000 0.006800
1087.000000 145.000000 0.008400
1067.000000 146.000000 0.006800
915.000000 148.000000 0.006800
940.000000 148.000000 0.006800
961.000000 148.000000 0.005600
1010.000000 148.000000 0.006000
1034.000000 148.000000 0.008000
490.000000 150.000000 0.008000
518.000000 150.000000 0.006800
545.000000 150.000000 0.006800
567.000000 150.000000 0.008400
578.000000 150.000000 0.009200
670.000000 150.000000 0.008400
820.000000 150.000000 0.004800
859.000000 150.000000 0.006800
886.000000 150.000000 0.006800
421.000000 151.000000 0.005600
444.000000 151.000000 0.005600
462.000000 151.000000 0.008000
599.000000 151.000000 0.005600
647.000000 151.000000 0.006400
744.000000 151.000000 0.007600
773.000000 151.000000 0.006400
799.000000 151.000000 0.005200
844.000000 151.000000 0.005600
402.000000 152.000000 0.005600
623.000000 152.000000 0.006800
283.000000 153.000000 0.006000
162.000000 154.000000 0.006000
990.000000 154.000000 0.007600
186.000000 155.000000 0.006800
200.000000 155.000000 0.005600
221.000000 155.000000 0.006800
256.000000 155.000000 0.006800
308.000000 155.000000 0.006400
356.000000 155.000000 0.006000
706.000000 155.000000 0.007600
376.000000 156.000000 0.006800
332.000000 157.000000 0.006400
152.000000 169.000000 0.003600
788.000000 169.000000 0.002800
799.000000 169.000000 0.002400
811.000000 169.000000 0.002800
1024.000000 181.000000 0.007600
1053.000000 181.000000 0.005600
1086.000000 181.000000 0.008400
875.000000 182.000000 0.008400
1070.000000 182.000000 0.004400
489.000000 184.000000 0.005600
510.000000 184.000000 0.005600
724.000000 184.000000 0.005600
749.000000 184.000000 0.006400
262.000000 185.000000 0.005600
421.000000 185.000000 0.008400
529.000000 185.000000 0.006800
557.000000 185.000000 0.005600
580.000000 185.000000 0.005600
772.000000 185.000000 0.005600
932.000000 185.000000 0.006800
959.000000 185.000000 0.006800
993.000000 185.000000 0.006400
246.000000 186.000000 0.004000
403.000000 186.000000 0.005600
599.000000 186.000000 0.005600
700.000000 186.000000 0.006800
850.000000 186.000000 0.006800
907.000000 186.000000 0.006800
163.000000 187.000000 0.005600
180.000000 187.000000 0.005600
280.000000 187.000000 0.008400
291.000000 187.000000 0.008000
333.000000 187.000000 0.005600
347.000000 187.000000 0.007600
370.000000 187.000000 0.005600
387.000000 187.000000 0.004400
450.000000 187.000000 0.004400
468.000000 187.000000 0.005600
792.000000 187.000000 0.005600
201.000000 188.000000 0.005600
223.000000 188.000000 0.005600
310.000000 188.000000 0.004800
621.000000 188.000000 0.006400
645.000000 188.000000 0.006400
670.000000 188.000000 0.006800
824.000000 188.000000 0.006400
218.000000 204.000000 0.002800
229.000000 205.000000 0.002800
207.000000 206.000000 0.002800
987.000000 214.000000 0.005600
1033.000000 214.000000 0.008000
746.000000 215.000000 0.005600
963.000000 215.000000 0.006400
1008.000000 215.000000 0.005600
1090.000000 215.000000 0.008400
1064.000000 216.000000 0.006800
701.000000 217.000000 0.005200
719.000000 217.000000 0.006800
766.000000 217.000000 0.005600
857.000000 217.000000 0.005600
933.000000 217.000000 0.006800
575.000000 218.000000 0.008000
670.000000 218.000000 0.005600
685.000000 218.000000 0.005600
783.000000 218.000000 0.005600
803.000000 218.000000 0.005600
517.000000 219.000000 0.007200
540.000000 219.000000 0.006800
598.000000 219.000000 0.005600
646.000000 219.000000 0.006400
881.000000 219.000000 0.006400
906.000000 219.000000 0.006400
189.000000 220.000000 0.006000
622.000000 220.000000 0.006800
829.000000 220.000000 0.006800
165.000000 221.000000 0.007600
210.000000 221.000000 0.005600
287.000000 221.000000 0.005600
304.000000 221.000000 0.004800
485.000000 221.000000 0.006800
267.000000 222.000000 0.005600
363.000000 222.000000 0.008400
240.000000 223.000000 0.006400
346.000000 223.000000 0.005600
388.000000 223.000000 0.006800
454.000000 223.000000 0.006800
324.000000 224.000000 0.005600
409.000000 224.000000 0.005600
430.000000 225.000000 0.006800
460.000000 240.000000 0.002800
992.000000 247.000000 0.006800
967.000000 248.000000 0.005600
1015.000000 248.000000 0.006000
1041.000000 248.000000 0.006000
1069.000000 248.000000 0.006400
911.000000 249.000000 0.005600
926.000000 249.000000 0.004400
1090.000000 249.000000 0.005600
887.000000 250.000000 0.005600
945.000000 250.000000 0.005600
706.000000 251.000000 0.008000
729.000000 251.000000 0.006800
811.000000 251.000000 0.006800
866.000000 251.000000 0.005600
672.000000 252.000000 0.006400
759.000000 252.000000 0.006400
784.000000 252.000000 0.006800
844.000000 252.000000 0.006400
522.000000 253.000000 0.006800
602.000000 253.000000 0.006400
625.000000 253.000000 0.005600
497.000000 254.000000 0.006800
552.000000 254.000000 0.006800
650.000000 254.000000 0.007200
283.000000 255.000000 0.006800
578.000000 255.000000 0.006400
88.000000 256.000000 0.004400
168.000000 257.000000 0.006800
197.000000 257.000000 0.008400
234.000000 257.000000 0.006800
258.000000 257.000000 0.006400
310.000000 257.000000 0.007600
42.000000 258.000000 0.005600
455.000000 258.000000 0.006000
61.000000 259.000000 0.003600
337.000000 259.000000 0.007600
432.000000 259.000000 0.005600
73.000000 260.000000 0.003600
370.000000 260.000000 0.006800
398.000000 260.000000 0.008000
1090.000000 275.000000 0.006400
863.000000 277.000000 0.005200
885.000000 277.000000 0.005600
906.000000 277.000000 0.005600
930.000000 277.000000 0.005600
971.000000 277.000000 0.004400
987.000000 277.000000 0.004400
1010.000000 277.000000 0.006000
1072.000000 277.000000 0.004800
842.000000 278.000000 0.005600
952.000000 278.000000 0.005200
1031.000000 278.000000 0.005600
1052.000000 278.000000 0.005200
773.000000 279.000000 0.005600
753.000000 280.000000 0.005600
803.000000 280.000000 0.004800
822.000000 280.000000 0.005200
728.000000 282.000000 0.006800
677.000000 283.000000 0.006400
702.000000 283.000000 0.005600
570.000000 286.000000 0.005600
642.000000 287.000000 0.006800
519.000000 288.000000 0.007600
545.000000 288.000000 0.006800
589.000000 288.000000 0.005600
476.000000 289.000000 0.007600
502.000000 289.000000 0.006800
612.000000 289.000000 0.006800
166.000000 290.000000 0.006800
189.000000 290.000000 0.006800
357.000000 290.000000 0.006800
440.000000 290.000000 0.007600
333.000000 291.000000 0.006800
384.000000 291.000000 0.005600
269.000000 292.000000 0.006400
300.000000 292.000000 0.006800
409.000000 292.000000 0.006800
241.000000 293.000000 0.006400
217.000000 295.000000 0.006000
1089.000000 307.000000 0.008000
1040.000000 308.000000 0.006400
825.000000 309.000000 0.005600
849.000000 309.000000 0.005600
992.000000 309.000000 0.006800
1067.000000 309.000000 0.005600
869.000000 310.000000 0.005200
891.000000 310.000000 0.005600
914.000000 310.000000 0.006400
963.000000 310.000000 0.006800
977.000000 310.000000 0.004400
938.000000 311.000000 0.006400
1015.000000 311.000000 0.005600
795.000000 312.000000 0.006800
706.000000 313.000000 0.006400
772.000000 313.000000 0.005600
678.000000 314.000000 0.007200
628.000000 315.000000 0.006800
649.000000 315.000000 0.005600
727.000000 315.000000 0.005600
750.000000 315.000000 0.005600
596.000000 316.000000 0.005600
575.000000 317.000000 0.005600
262.000000 318.000000 0.004400
306.000000 318.000000 0.006400
524.000000 318.000000 0.004400
57.000000 319.000000 0.005600
163.000000 319.000000 0.008400
180.000000 319.000000 0.004400
195.000000 319.000000 0.005600
218.000000 319.000000 0.005600
389.000000 319.000000 0.004400
539.000000 319.000000 0.002800
554.000000 319.000000 0.005200
78.000000 320.000000 0.004400
90.000000 320.000000 0.004400
242.000000 320.000000 0.005600
280.000000 320.000000 0.005600
335.000000 320.000000 0.005600
357.000000 320.000000 0.005600
377.000000 320.000000 0.005600
456.000000 320.000000 0.004800
506.000000 320.000000 0.005600
43.000000 321.000000 0.010800
439.000000 321.000000 0.005600
477.000000 321.000000 0.005600
418.000000 322.000000 0.005600
1096.000000 336.000000 0.006800
1057.000000 337.000000 0.004400
1075.000000 337.000000 0.004400
1044.000000 338.000000 0.002800
1139.000000 338.000000 0.005600
935.000000 339.000000 0.004800
1156.000000 339.000000 0.005600
907.000000 340.000000 0.007600
996.000000 340.000000 0.005200
1016.000000 340.000000 0.006400
1176.000000 340.000000 0.010800
813.000000 341.000000 0.004400
855.000000 341.000000 0.005600
876.000000 341.000000 0.005600
956.000000 341.000000 0.005600
977.000000 341.000000 0.005600
833.000000 342.000000 0.005600
690.000000 343.000000 0.006800
769.000000 344.000000 0.005600
721.000000 345.000000 0.006800
747.000000 345.000000 0.005600
789.000000 345.000000 0.006800
312.000000 347.000000 0.006400
353.000000 347.000000 0.005600
375.000000 347.000000 0.005600
561.000000 347.000000 0.005600
586.000000 347.000000 0.006400
618.000000 347.000000 0.007200
656.000000 347.000000 0.008400
186.000000 348.000000 0.005600
206.000000 348.000000 0.005600
284.000000 348.000000 0.006800
331.000000 348.000000 0.005600
402.000000 348.000000 0.006800
165.000000 349.000000 0.005600
257.000000 349.000000 0.006400
425.000000 349.000000 0.006400
451.000000 349.000000 0.005600
473.000000 349.000000 0.005600
507.000000 349.000000 0.008000
518.000000 349.000000 0.005600
537.000000 349.000000 0.005600
231.000000 351.000000 0.006800
473.650796 238.650791 0.006041
242.222225 205.079362 0.006041
1017.936510 232.936505 0.006041
1033.650796 230.793648 0.006041
1050.793653 230.793648 0.006041
1020.793653 167.222219 0.006041
