207.000000 68.000000 0.000002
225.000000 68.000000 0.000002
242.000000 68.000000 0.000004
166.000000 70.000000 0.000003
188.000000 70.000000 0.000002
1079.000000 90.000000 0.000003
1093.000000 90.000000 0.000002
499.000000 99.000000 0.000002
510.000000 99.000000 0.000002
523.000000 99.000000 0.000001
179.000000 111.000000 0.000002
274.000000 111.000000 0.000002
294.000000 111.000000 0.000002
364.000000 111.000000 0.000003
388.000000 111.000000 0.000003
406.000000 111.000000 0.000002
156.000000 112.000000 0.000003
200.000000 112.000000 0.000002
247.000000 112.000000 0.000003
342.000000 112.000000 0.000003
421.000000 112.000000 0.000004
224.000000 113.000000 0.000003
313.000000 113.000000 0.000003
435.000000 113.000000 0.000002
454.000000 114.000000 0.000002
482.000000 116.000000 0.000003
493.000000 116.000000 0.000002
506.000000 116.000000 0.000002
525.000000 116.000000 0.000002
551.000000 116.000000 0.000002
610.000000 117.000000 0.000002
568.000000 118.000000 0.000002
588.000000 118.000000 0.000002
685.000000 118.000000 0.000003
634.000000 119.000000 0.000003
722.000000 119.000000 0.000004
660.000000 120.000000 0.000003
704.000000 120.000000 0.000002
748.000000 120.000000 0.000002
767.000000 120.000000 0.000002
780.000000 121.000000 0.000003
792.000000 121.000000 0.000003
811.000000 121.000000 0.000002
828.000000 123.000000 0.000002
846.000000 123.000000 0.000002
1205.000000 123.000000 0.000002
862.000000 124.000000 0.000002
1022.000000 124.000000 0.000003
880.000000 125.000000 0.000003
904.000000 125.000000 0.000002
946.000000 126.000000 0.000002
1063.000000 126.000000 0.000001
1140.000000 126.000000 0.000002
1190.000000 126.000000 0.000002
970.000000 127.000000 0.000003
993.000000 127.000000 0.000003
1045.000000 127.000000 0.000002
1076.000000 127.000000 0.000002
1126.000000 127.000000 0.000002
1153.000000 127.000000 0.000002
1172.000000 127.000000 0.000002
924.000000 128.000000 0.000002
1100.000000 128.000000 0.000003
260.000000 140.000000 0.000003
156.000000 141.000000 0.000002
198.000000 141.000000 0.000002
218.000000 141.000000 0.000002
238.000000 141.000000 0.000002
271.000000 141.000000 0.000001
284.000000 141.000000 0.000002
329.000000 141.000000 0.000003
358.000000 141.000000 0.000002
179.000000 142.000000 0.000002
306.000000 142.000000 0.000002
380.000000 143.000000 0.000003
405.000000 144.000000 0.000002
450.000000 144.000000 0.000003
426.000000 145.000000 0.000003
522.000000 145.000000 0.000003
475.000000 146.000000 0.000002
498.000000 146.000000 0.000002
571.000000 146.000000 0.000002
595.000000 146.000000 0.000003
547.000000 147.000000 0.000002
619.000000 148.000000 0.000002
654.000000 148.000000 0.000003
636.000000 149.000000 0.000002
680.000000 151.000000 0.000002
798.000000 153.000000 0.000002
819.000000 153.000000 0.000002
699.000000 154.000000 0.000002
778.000000 154.000000 0.000003
712.000000 155.000000 0.000002
748.000000 155.000000 0.000002
732.000000 156.000000 0.000002
841.000000 157.000000 0.000003
857.000000 158.000000 0.000002
918.000000 158.000000 0.000003
962.000000 158.000000 0.000002
878.000000 159.000000 0.000002
899.000000 159.000000 0.000002
940.000000 159.000000 0.000002
1050.000000 159.000000 0.000002
1003.000000 160.000000 0.000002
1023.000000 160.000000 0.000003
1069.000000 160.000000 0.000002
985.000000 161.000000 0.000002
1098.000000 165.000000 0.000003
154.000000 170.000000 0.000003
237.000000 171.000000 0.000002
349.000000 171.000000 0.000003
185.000000 172.000000 0.000003
370.000000 172.000000 0.000002
206.000000 173.000000 0.000003
217.000000 173.000000 0.000003
257.000000 173.000000 0.000002
277.000000 174.000000 0.000002
324.000000 174.000000 0.000002
395.000000 174.000000 0.000002
306.000000 175.000000 0.000003
420.000000 175.000000 0.000003
455.000000 175.000000 0.000003
501.000000 175.000000 0.000002
558.000000 175.000000 0.000003
483.000000 176.000000 0.000002
544.000000 176.000000 0.000001
522.000000 177.000000 0.000003
587.000000 181.000000 0.000003
616.000000 181.000000 0.000003
656.000000 181.000000 0.000002
676.000000 181.000000 0.000002
638.000000 182.000000 0.000002
697.000000 182.000000 0.000002
801.000000 184.000000 0.000002
726.000000 185.000000 0.000003
739.000000 185.000000 0.000001
755.000000 185.000000 0.000002
775.000000 186.000000 0.000003
786.000000 186.000000 0.000003
818.000000 186.000000 0.000003
838.000000 187.000000 0.000003
909.000000 188.000000 0.000003
943.000000 188.000000 0.000003
866.000000 189.000000 0.000002
887.000000 189.000000 0.000002
971.000000 189.000000 0.000003
1001.000000 191.000000 0.000002
1017.000000 191.000000 0.000002
1061.000000 191.000000 0.000003
1078.000000 191.000000 0.000002
1034.000000 192.000000 0.000002
1105.000000 192.000000 0.000003
297.000000 202.000000 0.000003
323.000000 202.000000 0.000003
411.000000 202.000000 0.000002
173.000000 204.000000 0.000002
335.000000 204.000000 0.000003
219.000000 205.000000 0.000003
270.000000 205.000000 0.000002
353.000000 205.000000 0.000002
391.000000 205.000000 0.000002
434.000000 205.000000 0.000002
449.000000 205.000000 0.000002
473.000000 205.000000 0.000002
499.000000 205.000000 0.000003
518.000000 205.000000 0.000002
545.000000 205.000000 0.000002
154.000000 206.000000 0.000002
237.000000 206.000000 0.000002
251.000000 206.000000 0.000002
371.000000 206.000000 0.000002
565.000000 206.000000 0.000002
193.000000 207.000000 0.000002
592.000000 208.000000 0.000002
610.000000 209.000000 0.000002
632.000000 209.000000 0.000003
658.000000 209.000000 0.000003
681.000000 210.000000 0.000002
700.000000 210.000000 0.000003
725.000000 211.000000 0.000002
746.000000 214.000000 0.000002
810.000000 214.000000 0.000002
786.000000 215.000000 0.000002
767.000000 216.000000 0.000002
827.000000 217.000000 0.000001
870.000000 217.000000 0.000002
853.000000 218.000000 0.000002
887.000000 218.000000 0.000002
921.000000 218.000000 0.000003
904.000000 219.000000 0.000002
1005.000000 219.000000 0.000002
932.000000 220.000000 0.000003
949.000000 222.000000 0.000002
971.000000 222.000000 0.000002
989.000000 222.000000 0.000002
1025.000000 223.000000 0.000003
1042.000000 223.000000 0.000003
1106.000000 223.000000 0.000003
1066.000000 224.000000 0.000002
1084.000000 224.000000 0.000002
577.000000 236.000000 0.000003
154.000000 238.000000 0.000003
175.000000 238.000000 0.000002
449.000000 238.000000 0.000003
197.000000 239.000000 0.000002
292.000000 239.000000 0.000003
374.000000 239.000000 0.000002
400.000000 239.000000 0.000003
423.000000 239.000000 0.000002
472.000000 239.000000 0.000003
597.000000 239.000000 0.000002
216.000000 240.000000 0.000002
230.000000 240.000000 0.000002
249.000000 240.000000 0.000002
266.000000 240.000000 0.000002
355.000000 240.000000 0.000002
549.000000 240.000000 0.000003
640.000000 240.000000 0.000002
656.000000 240.000000 0.000002
318.000000 241.000000 0.000003
334.000000 241.000000 0.000003
498.000000 241.000000 0.000002
615.000000 241.000000 0.000003
519.000000 242.000000 0.000003
674.000000 242.000000 0.000002
688.000000 243.000000 0.000002
703.000000 243.000000 0.000001
715.000000 243.000000 0.000002
752.000000 243.000000 0.000002
737.000000 244.000000 0.000003
766.000000 244.000000 0.000002
785.000000 244.000000 0.000003
813.000000 245.000000 0.000003
844.000000 245.000000 0.000003
864.000000 246.000000 0.000002
888.000000 246.000000 0.000003
911.000000 248.000000 0.000003
938.000000 248.000000 0.000002
1144.000000 248.000000 0.000002
1162.000000 248.000000 0.000002
959.000000 249.000000 0.000002
980.000000 249.000000 0.000002
1125.000000 250.000000 0.000002
1175.000000 250.000000 0.000002
1188.000000 250.000000 0.000002
1201.000000 250.000000 0.000002
999.000000 251.000000 0.000003
1013.000000 252.000000 0.000003
1030.000000 252.000000 0.000003
1100.000000 252.000000 0.000002
1051.000000 255.000000 0.000003
1069.000000 255.000000 0.000002
123.000000 264.000000 0.000002
53.000000 265.000000 0.000002
39.000000 266.000000 0.000002
67.000000 266.000000 0.000002
88.000000 266.000000 0.000002
106.000000 267.000000 0.000002
209.000000 267.000000 0.000003
156.000000 269.000000 0.000003
184.000000 269.000000 0.000002
256.000000 269.000000 0.000002
283.000000 270.000000 0.000003
233.000000 271.000000 0.000003
459.000000 271.000000 0.000003
362.000000 272.000000 0.000003
392.000000 272.000000 0.000003
416.000000 272.000000 0.000003
438.000000 272.000000 0.000002
473.000000 272.000000 0.000001
307.000000 273.000000 0.000002
340.000000 273.000000 0.000002
484.000000 273.000000 0.000003
322.000000 274.000000 0.000002
498.000000 274.000000 0.000002
546.000000 274.000000 0.000003
575.000000 275.000000 0.000002
594.000000 275.000000 0.000002
518.000000 276.000000 0.000003
560.000000 276.000000 0.000002
769.000000 276.000000 0.000003
741.000000 277.000000 0.000003
793.000000 277.000000 0.000002
617.000000 278.000000 0.000002
640.000000 278.000000 0.000003
664.000000 278.000000 0.000003
719.000000 278.000000 0.000003
815.000000 278.000000 0.000002
835.000000 278.000000 0.000003
695.000000 279.000000 0.000003
862.000000 279.000000 0.000002
946.000000 279.000000 0.000002
883.000000 280.000000 0.000002
905.000000 280.000000 0.000002
923.000000 280.000000 0.000003
961.000000 280.000000 0.000001
992.000000 281.000000 0.000002
1016.000000 281.000000 0.000002
1036.000000 284.000000 0.000002
1068.000000 284.000000 0.000002
1094.000000 284.000000 0.000003
1121.000000 284.000000 0.000002
1137.000000 284.000000 0.000002
1050.000000 285.000000 0.000002
1151.000000 285.000000 0.000002
1187.000000 285.000000 0.000002
1206.000000 285.000000 0.000002
66.000000 286.000000 0.000002
81.000000 286.000000 0.000002
101.000000 286.000000 0.000001
1171.000000 286.000000 0.000002
42.000000 287.000000 0.000002
329.000000 288.000000 0.000002
178.000000 300.000000 0.000002
201.000000 300.000000 0.000002
251.000000 300.000000 0.000003
155.000000 301.000000 0.000003
225.000000 301.000000 0.000003
368.000000 301.000000 0.000002
319.000000 302.000000 0.000002
338.000000 302.000000 0.000002
1125.000000 302.000000 0.000002
1173.000000 302.000000 0.000001
1185.000000 302.000000 0.000001
276.000000 303.000000 0.000003
299.000000 303.000000 0.000002
391.000000 303.000000 0.000003
1142.000000 303.000000 0.000002
1159.000000 303.000000 0.000002
411.000000 304.000000 0.000001
427.000000 304.000000 0.000002
445.000000 305.000000 0.000002
550.000000 306.000000 0.000003
463.000000 307.000000 0.000003
485.000000 307.000000 0.000002
502.000000 308.000000 0.000002
520.000000 308.000000 0.000002
570.000000 308.000000 0.000003
667.000000 309.000000 0.000003
619.000000 310.000000 0.000002
641.000000 310.000000 0.000002
699.000000 311.000000 0.000003
769.000000 311.000000 0.000002
857.000000 311.000000 0.000002
598.000000 312.000000 0.000002
744.000000 312.000000 0.000003
815.000000 312.000000 0.000003
834.000000 312.000000 0.000003
900.000000 312.000000 0.000003
791.000000 313.000000 0.000002
874.000000 313.000000 0.000002
919.000000 313.000000 0.000002
942.000000 313.000000 0.000002
1005.000000 314.000000 0.000003
962.000000 315.000000 0.000002
984.000000 315.000000 0.000002
1054.000000 315.000000 0.000002
1068.000000 315.000000 0.000002
1033.000000 316.000000 0.000002
1088.000000 316.000000 0.000003
120.000000 330.000000 0.000002
153.000000 330.000000 0.000002
222.000000 330.000000 0.000002
197.000000 331.000000 0.000003
59.000000 332.000000 0.000002
92.000000 332.000000 0.000002
104.000000 332.000000 0.000002
174.000000 332.000000 0.000003
136.000000 333.000000 0.000002
44.000000 334.000000 0.000003
245.000000 335.000000 0.000003
267.000000 335.000000 0.000001
319.000000 335.000000 0.000003
369.000000 335.000000 0.000003
291.000000 336.000000 0.000003
344.000000 336.000000 0.000003
390.000000 337.000000 0.000002
411.000000 338.000000 0.000002
433.000000 340.000000 0.000003
501.000000 340.000000 0.000002
521.000000 340.000000 0.000002
544.000000 340.000000 0.000002
460.000000 341.000000 0.000002
565.000000 341.000000 0.000002
647.000000 341.000000 0.000003
481.000000 342.000000 0.000002
588.000000 342.000000 0.000003
634.000000 343.000000 0.000002
708.000000 343.000000 0.000003
737.000000 343.000000 0.000003
781.000000 343.000000 0.000003
614.000000 344.000000 0.000002
673.000000 344.000000 0.000003
761.000000 344.000000 0.000002
1019.000000 344.000000 0.000002
814.000000 345.000000 0.000003
955.000000 345.000000 0.000002
997.000000 345.000000 0.000002
839.000000 346.000000 0.000002
857.000000 346.000000 0.000002
869.000000 346.000000 0.000002
906.000000 346.000000 0.000002
1041.000000 346.000000 0.000002
883.000000 347.000000 0.000003
929.000000 347.000000 0.000003
976.000000 347.000000 0.000002
1057.000000 347.000000 0.000002
1084.000000 350.000000 0.000003
1096.000000 351.000000 0.000004
454.000000 409.000000 0.000002
471.000000 409.000000 0.000002
486.000000 410.000000 0.000002
535.000000 410.000000 0.000002
500.000000 411.000000 0.000002
516.000000 411.000000 0.000002
556.000000 412.000000 0.000002
621.000000 412.000000 0.000002
576.000000 413.000000 0.000002
590.000000 413.000000 0.000002
606.000000 413.000000 0.000002
635.000000 413.000000 0.000002
648.000000 413.000000 0.000002
665.000000 413.000000 0.000002
685.000000 414.000000 0.000002
705.000000 414.000000 0.000002
726.000000 414.000000 0.000003
739.000000 414.000000 0.000002
753.000000 414.000000 0.000003
792.000000 415.000000 0.000002
779.000000 416.000000 0.000002
809.000000 416.000000 0.000002
531.507500 98.651250 0.000003
542.936250 98.651250 0.000003
1220.793750 122.936250 0.000003
343.651250 286.507500 0.000003
358.651250 287.936250 0.000003
372.222500 288.651250 0.000003
