130.000000 63.000000 0.010400
180.000000 64.000000 0.004400
149.000000 65.000000 0.003600
164.000000 65.000000 0.004400
196.000000 65.000000 0.005600
1075.000000 71.000000 0.010400
1087.000000 71.000000 0.010000
393.000000 105.000000 0.005600
375.000000 106.000000 0.005200
285.000000 107.000000 0.005200
326.000000 107.000000 0.005600
353.000000 107.000000 0.006800
305.000000 108.000000 0.004400
441.000000 108.000000 0.006000
573.000000 108.000000 0.005200
254.000000 109.000000 0.006800
419.000000 109.000000 0.005600
467.000000 109.000000 0.005600
480.000000 109.000000 0.004400
591.000000 109.000000 0.005600
703.000000 109.000000 0.005600
721.000000 109.000000 0.005600
234.000000 110.000000 0.005600
681.000000 110.000000 0.005600
743.000000 110.000000 0.005600
766.000000 110.000000 0.004800
945.000000 110.000000 0.005600
198.000000 111.000000 0.005600
214.000000 111.000000 0.006800
499.000000 111.000000 0.004400
519.000000 111.000000 0.005600
537.000000 111.000000 0.004400
553.000000 111.000000 0.004400
610.000000 111.000000 0.005600
632.000000 111.000000 0.006800
784.000000 111.000000 0.004400
850.000000 111.000000 0.004400
869.000000 111.000000 0.005600
177.000000 112.000000 0.006400
813.000000 112.000000 0.005600
832.000000 112.000000 0.005600
887.000000 112.000000 0.005600
924.000000 112.000000 0.004400
965.000000 112.000000 0.004400
1003.000000 112.000000 0.005600
1154.000000 112.000000 0.003600
660.000000 113.000000 0.005600
907.000000 113.000000 0.005600
984.000000 113.000000 0.005600
1019.000000 113.000000 0.005600
1140.000000 113.000000 0.003200
1166.000000 113.000000 0.002800
1179.000000 113.000000 0.003600
1193.000000 113.000000 0.003600
1037.000000 114.000000 0.004400
1078.000000 114.000000 0.005600
1126.000000 114.000000 0.003600
1205.000000 114.000000 0.003600
1221.000000 114.000000 0.004400
1056.000000 115.000000 0.005600
1097.000000 116.000000 0.006800
781.000000 125.000000 0.002800
795.000000 125.000000 0.002800
1126.000000 128.000000 0.003600
1153.000000 128.000000 0.003600
1138.000000 129.000000 0.003600
1192.000000 129.000000 0.003200
1204.000000 129.000000 0.003600
1165.000000 130.000000 0.003600
1179.000000 130.000000 0.003200
96.000000 135.000000 0.004400
395.000000 135.000000 0.007200
119.000000 136.000000 0.005600
297.000000 136.000000 0.006800
323.000000 136.000000 0.006400
46.000000 137.000000 0.006400
82.000000 137.000000 0.004400
255.000000 137.000000 0.006000
278.000000 137.000000 0.006800
347.000000 137.000000 0.006400
370.000000 137.000000 0.006800
57.000000 138.000000 0.002800
454.000000 138.000000 0.005600
173.000000 139.000000 0.005600
194.000000 139.000000 0.005600
234.000000 139.000000 0.006800
436.000000 139.000000 0.005200
473.000000 139.000000 0.005600
494.000000 139.000000 0.005200
511.000000 139.000000 0.005600
213.000000 140.000000 0.002800
418.000000 140.000000 0.005600
592.000000 140.000000 0.005600
635.000000 140.000000 0.002800
651.000000 140.000000 0.005600
676.000000 140.000000 0.004800
720.000000 140.000000 0.006800
530.000000 141.000000 0.004400
551.000000 141.000000 0.006800
568.000000 141.000000 0.005600
613.000000 141.000000 0.004400
694.000000 141.000000 0.005600
881.000000 141.000000 0.005600
1015.000000 141.000000 0.006000
1044.000000 141.000000 0.006400
749.000000 142.000000 0.006400
776.000000 142.000000 0.005600
802.000000 142.000000 0.005200
835.000000 143.000000 0.008000
862.000000 143.000000 0.005600
902.000000 143.000000 0.006000
925.000000 143.000000 0.004400
956.000000 143.000000 0.005600
1069.000000 143.000000 0.005600
939.000000 144.000000 0.005600
993.000000 144.000000 0.005600
1092.000000 144.000000 0.006000
971.000000 145.000000 0.006800
203.000000 169.000000 0.006400
289.000000 169.000000 0.005600
348.000000 169.000000 0.006800
395.000000 169.000000 0.005600
413.000000 169.000000 0.005200
435.000000 169.000000 0.005600
459.000000 169.000000 0.006000
1119.000000 169.000000 0.004400
1154.000000 169.000000 0.004000
1171.000000 169.000000 0.004400
268.000000 170.000000 0.005200
373.000000 170.000000 0.005600
482.000000 170.000000 0.006400
506.000000 170.000000 0.005600
528.000000 170.000000 0.005600
637.000000 170.000000 0.006000
178.000000 171.000000 0.006800
226.000000 171.000000 0.005600
247.000000 171.000000 0.005200
313.000000 171.000000 0.006400
548.000000 171.000000 0.005600
658.000000 171.000000 0.005600
1037.000000 171.000000 0.005600
1073.000000 171.000000 0.005600
1137.000000 171.000000 0.004400
1189.000000 171.000000 0.004400
1204.000000 171.000000 0.004000
1219.000000 171.000000 0.004400
566.000000 172.000000 0.004400
585.000000 172.000000 0.005600
611.000000 172.000000 0.006400
679.000000 172.000000 0.006800
716.000000 172.000000 0.005600
743.000000 172.000000 0.006800
796.000000 172.000000 0.005600
818.000000 172.000000 0.006400
908.000000 172.000000 0.006800
932.000000 172.000000 0.006800
1093.000000 172.000000 0.005600
702.000000 173.000000 0.006800
768.000000 173.000000 0.006800
842.000000 173.000000 0.006800
869.000000 173.000000 0.005600
888.000000 173.000000 0.005200
955.000000 173.000000 0.005600
1055.000000 173.000000 0.004400
995.000000 174.000000 0.005600
1012.000000 174.000000 0.005600
974.000000 175.000000 0.004800
1123.000000 188.000000 0.004000
1141.000000 188.000000 0.004400
1162.000000 189.000000 0.004400
1217.000000 189.000000 0.004400
1182.000000 190.000000 0.004000
1198.000000 190.000000 0.004000
231.000000 199.000000 0.005600
256.000000 199.000000 0.006800
318.000000 199.000000 0.006000
176.000000 200.000000 0.005600
196.000000 200.000000 0.005600
216.000000 200.000000 0.004400
279.000000 201.000000 0.008400
294.000000 201.000000 0.006800
437.000000 201.000000 0.005600
344.000000 202.000000 0.006800
392.000000 202.000000 0.005600
458.000000 202.000000 0.008400
610.000000 202.000000 0.005600
368.000000 203.000000 0.006800
416.000000 203.000000 0.005600
471.000000 203.000000 0.004400
488.000000 203.000000 0.004800
509.000000 203.000000 0.005600
527.000000 203.000000 0.005600
547.000000 203.000000 0.005600
568.000000 203.000000 0.005600
632.000000 203.000000 0.005600
588.000000 204.000000 0.005600
1120.000000 204.000000 0.004000
683.000000 205.000000 0.006400
705.000000 205.000000 0.005600
811.000000 205.000000 0.005600
847.000000 205.000000 0.004800
887.000000 205.000000 0.006800
1092.000000 205.000000 0.006400
1134.000000 205.000000 0.003600
1149.000000 205.000000 0.004400
657.000000 206.000000 0.006800
830.000000 206.000000 0.005600
867.000000 206.000000 0.005200
1040.000000 206.000000 0.008400
1054.000000 206.000000 0.009200
724.000000 207.000000 0.005600
764.000000 207.000000 0.006400
787.000000 207.000000 0.005600
912.000000 207.000000 0.006800
940.000000 207.000000 0.006800
1071.000000 207.000000 0.005600
1169.000000 207.000000 0.004000
1213.000000 207.000000 0.004400
968.000000 208.000000 0.006800
1018.000000 208.000000 0.006400
1185.000000 208.000000 0.004000
1201.000000 208.000000 0.003600
744.000000 210.000000 0.005600
996.000000 212.000000 0.006400
166.000000 218.000000 0.003200
181.000000 218.000000 0.003200
171.000000 235.000000 0.006000
198.000000 236.000000 0.006000
289.000000 236.000000 0.005600
265.000000 237.000000 0.006000
305.000000 237.000000 0.004400
324.000000 237.000000 0.005600
347.000000 237.000000 0.006800
362.000000 237.000000 0.007600
244.000000 238.000000 0.005600
414.000000 238.000000 0.008400
489.000000 238.000000 0.005600
222.000000 239.000000 0.005600
392.000000 239.000000 0.005600
443.000000 239.000000 0.005600
466.000000 239.000000 0.005600
514.000000 239.000000 0.006800
682.000000 239.000000 0.006400
536.000000 240.000000 0.004400
633.000000 240.000000 0.005600
551.000000 241.000000 0.004400
572.000000 241.000000 0.006800
708.000000 241.000000 0.006800
767.000000 241.000000 0.006800
830.000000 241.000000 0.006400
907.000000 241.000000 0.005600
931.000000 241.000000 0.006800
950.000000 241.000000 0.008800
604.000000 242.000000 0.007200
658.000000 242.000000 0.006400
790.000000 242.000000 0.005600
809.000000 242.000000 0.005200
877.000000 242.000000 0.005600
1098.000000 242.000000 0.006800
857.000000 243.000000 0.005600
735.000000 244.000000 0.007600
1019.000000 244.000000 0.006800
1075.000000 244.000000 0.006800
988.000000 245.000000 0.007600
1048.000000 245.000000 0.007600
534.000000 256.000000 0.002800
476.000000 257.000000 0.003200
545.000000 257.000000 0.002400
556.000000 258.000000 0.002800
569.000000 258.000000 0.002800
582.000000 258.000000 0.002800
640.000000 258.000000 0.003200
613.000000 259.000000 0.002800
625.000000 259.000000 0.003200
176.000000 271.000000 0.008400
254.000000 273.000000 0.006800
306.000000 273.000000 0.006800
350.000000 273.000000 0.006000
214.000000 274.000000 0.007600
280.000000 274.000000 0.005600
328.000000 274.000000 0.006400
528.000000 274.000000 0.005600
669.000000 274.000000 0.005600
368.000000 275.000000 0.009600
408.000000 275.000000 0.008000
504.000000 275.000000 0.006800
644.000000 275.000000 0.005600
789.000000 275.000000 0.006800
1089.000000 275.000000 0.006800
235.000000 276.000000 0.004400
384.000000 276.000000 0.008400
432.000000 276.000000 0.006800
690.000000 276.000000 0.005600
764.000000 276.000000 0.006400
452.000000 277.000000 0.005600
475.000000 277.000000 0.006000
553.000000 277.000000 0.005600
584.000000 277.000000 0.006400
714.000000 277.000000 0.006400
739.000000 277.000000 0.006000
928.000000 277.000000 0.006800
1065.000000 277.000000 0.006400
828.000000 278.000000 0.006800
953.000000 278.000000 0.006800
1009.000000 278.000000 0.007600
1040.000000 278.000000 0.006400
622.000000 279.000000 0.005600
807.000000 279.000000 0.005600
901.000000 279.000000 0.006800
982.000000 280.000000 0.006800
859.000000 281.000000 0.008400
878.000000 282.000000 0.006800
197.000000 305.000000 0.006800
295.000000 305.000000 0.006800
223.000000 306.000000 0.005600
244.000000 306.000000 0.005600
268.000000 307.000000 0.006400
321.000000 307.000000 0.006800
348.000000 307.000000 0.005600
366.000000 307.000000 0.004400
595.000000 307.000000 0.007600
170.000000 308.000000 0.007600
403.000000 308.000000 0.006800
422.000000 308.000000 0.006800
665.000000 308.000000 0.005600
390.000000 309.000000 0.006800
450.000000 309.000000 0.006800
535.000000 309.000000 0.006800
615.000000 309.000000 0.005600
646.000000 309.000000 0.005600
689.000000 309.000000 0.006400
765.000000 309.000000 0.006800
785.000000 309.000000 0.006000
475.000000 310.000000 0.006400
494.000000 310.000000 0.006800
563.000000 310.000000 0.006400
630.000000 310.000000 0.005600
1008.000000 310.000000 0.004400
1104.000000 310.000000 0.008000
514.000000 311.000000 0.006400
714.000000 311.000000 0.006400
739.000000 311.000000 0.006800
810.000000 311.000000 0.006400
831.000000 311.000000 0.005600
892.000000 311.000000 0.004400
908.000000 311.000000 0.004400
949.000000 311.000000 0.006800
1090.000000 311.000000 0.004400
870.000000 312.000000 0.005600
926.000000 312.000000 0.005600
979.000000 312.000000 0.006800
1024.000000 312.000000 0.004400
1055.000000 312.000000 0.004400
1074.000000 312.000000 0.004800
851.000000 313.000000 0.004400
1040.000000 313.000000 0.004400
1008.000000 327.000000 0.002800
39.000000 333.000000 0.012000
99.000000 335.000000 0.006400
295.000000 335.000000 0.006000
53.000000 336.000000 0.006800
242.000000 336.000000 0.004400
89.000000 337.000000 0.002800
119.000000 337.000000 0.005200
165.000000 337.000000 0.008400
276.000000 337.000000 0.004400
75.000000 338.000000 0.004400
195.000000 338.000000 0.005600
219.000000 338.000000 0.006400
258.000000 339.000000 0.004400
348.000000 339.000000 0.008400
369.000000 339.000000 0.006800
401.000000 339.000000 0.006800
423.000000 339.000000 0.008400
554.000000 339.000000 0.006400
671.000000 339.000000 0.006800
877.000000 339.000000 0.006400
901.000000 339.000000 0.007600
1070.000000 339.000000 0.006400
318.000000 340.000000 0.005600
335.000000 340.000000 0.009600
435.000000 340.000000 0.008400
457.000000 340.000000 0.006800
476.000000 340.000000 0.005600
529.000000 340.000000 0.006000
582.000000 340.000000 0.006800
616.000000 340.000000 0.006800
645.000000 340.000000 0.006400
705.000000 340.000000 0.006800
734.000000 340.000000 0.007600
843.000000 340.000000 0.004400
1096.000000 340.000000 0.007600
499.000000 341.000000 0.006800
724.000000 341.000000 0.006800
747.000000 341.000000 0.006800
772.000000 341.000000 0.005600
801.000000 341.000000 0.007200
826.000000 341.000000 0.005600
1045.000000 341.000000 0.006800
933.000000 342.000000 0.006800
961.000000 342.000000 0.006800
1013.000000 342.000000 0.008400
856.000000 343.000000 0.008400
986.000000 344.000000 0.005600
882.000000 379.000000 0.004400
898.000000 379.000000 0.004400
914.000000 379.000000 0.004000
931.000000 379.000000 0.004400
947.000000 380.000000 0.005600
968.000000 380.000000 0.004400
863.000000 381.000000 0.004400
983.000000 381.000000 0.005200
1017.000000 381.000000 0.005600
1038.000000 381.000000 0.004400
842.000000 383.000000 0.004400
1053.000000 383.000000 0.003600
1068.000000 383.000000 0.004400
1085.000000 383.000000 0.005600
1121.000000 383.000000 0.004400
1149.000000 383.000000 0.004400
668.000000 384.000000 0.004800
688.000000 384.000000 0.004400
791.000000 384.000000 0.003600
827.000000 384.000000 0.004400
1002.000000 384.000000 0.004400
1106.000000 384.000000 0.004400
1167.000000 384.000000 0.004000
1190.000000 384.000000 0.006400
609.000000 385.000000 0.004400
777.000000 385.000000 0.004400
808.000000 385.000000 0.004400
573.000000 386.000000 0.004400
591.000000 386.000000 0.004800
629.000000 386.000000 0.004400
648.000000 386.000000 0.004400
706.000000 386.000000 0.004400
726.000000 386.000000 0.004400
744.000000 386.000000 0.003600
556.000000 387.000000 0.004400
899.000000 399.000000 0.005200
915.000000 400.000000 0.004000
929.000000 400.000000 0.006800
860.000000 401.000000 0.004400
692.000000 402.000000 0.004000
707.000000 402.000000 0.003600
810.000000 402.000000 0.004400
676.000000 403.000000 0.003600
726.000000 403.000000 0.004400
745.000000 403.000000 0.005600
776.000000 403.000000 0.004400
791.000000 403.000000 0.004000
828.000000 403.000000 0.004000
844.000000 403.000000 0.004000
877.000000 403.000000 0.004400
553.000000 405.000000 0.004000
565.000000 405.000000 0.003200
580.000000 405.000000 0.004000
596.000000 405.000000 0.003600
612.000000 406.000000 0.004000
628.000000 406.000000 0.003600
657.000000 406.000000 0.004400
641.000000 407.000000 0.004400
408.650796 157.222219 0.005600
423.650796 156.507933 0.005600
461.507939 257.222219 0.005600
487.222225 256.507933 0.005600
990.079368 327.936505 0.005600
1020.079368 326.507933 0.005600
1032.222225 325.793648 0.005600
193.650796 216.507933 0.005600
205.079368 217.222219 0.005600
