55 57
18 26
99 100
67 77
350 356
329 333
251 252
100 101
129 137
148 159
391 393
221 229
343 353
240 242
172 187
313 321
154 175
125 139
66 80
166 167
15 16
206 212
409 410
258 259
247 268
318 319
269 277
48 49
280 283
0 9
259 260
239 263
351 352
232 233
172 191
25 29
292 293
81 91
173 174
265 266
394 398
286 307
206 207
158 167
55 56
409 414
7 16
47 52
390 391
207 208
21 27
272 274
61 72
80 85
331 332
205 211
184 188
361 369
364 365
3 5
22 27
165 183
179 185
214 215
298 303
6 15
306 316
347 354
339 340
169 176
383 392
146 147
162 173
43 45
35 41
87 88
127 133
195 197
28 29
36 42
88 89
117 134
61 62
272 273
2 3
213 214
62 63
342 346
397 398
35 45
95 96
246 256
127 128
338 339
68 69
160 161
408 412
371 372
379 385
180 185
228 234
69 70
309 317
312 313
253 254
102 103
223 231
194 195
64 67
215 227
146 155
275 278
405 406
135 136
386 392
65 68
297 302
108 137
276 279
227 228
65 77
335 337
319 320
400 403
120 129
241 248
249 261
241 257
360 366
412 413
153 162
234 236
261 262
75 90
315 318
46 50
386 387
216 223
17 23
300 311
71 79
31 33
75 76
1 10
53 57
105 113
108 109
396 405
49 50
285 299
109 110
348 355
82 83
249 260
330 334
341 343
142 143
23 24
292 316
326 327
123 138
267 268
359 360
256 267
186 190
89 99
118 135
149 150
107 144
0 18
30 31
281 287
330 338
119 136
381 383
200 219
141 142
104 111
282 288
212 220
37 39
252 265
93 101
174 184
304 321
177 189
396 404
5 6
245 253
97 98
148 149
351 356
240 250
44 46
271 274
4 19
243 264
314 315
411 415
115 124
374 375
407 408
366 367
358 363
337 340
8 21
170 181
270 277
399 400
63 73
322 324
381 382
243 250
284 297
104 110
273 278
395 402
217 225
244 251
373 374
37 47
365 370
229 235
306 320
147 156
126 133
11 12
218 225
280 295
92 95
132 140
163 164
4 9
384 388
233 237
196 197
74 82
122 131
106 114
155 165
288 289
85 91
247 248
96 97
358 362
299 303
262 263
111 112
10 20
291 317
203 204
332 336
284 296
295 296
154 168
254 255
217 224
66 73
114 122
347 348
199 202
121 130
372 377
132 139
305 314
202 203
413 414
51 52
43 48
384 387
84 86
143 144
106 113
235 236
117 128
335 341
298 310
239 242
221 230
361 362
283 290
294 308
394 395
198 200
379 388
328 333
342 344
205 226
324 326
32 38
176 177
216 222
378 382
17 22
36 44
198 204
58 59
191 192
150 151
401 407
2 14
353 357
32 33
385 389
115 138
323 325
105 121
84 98
286 294
367 368
208 213
346 354
187 190
368 369
201 210
309 310
349 355
39 40
54 56
83 92
293 301
345 357
375 376
116 125
245 266
130 145
257 258
209 218
289 290
349 350
171 182
401 406
282 287
231 232
24 28
175 188
164 169
415 416
178 189
157 166
71 72
371 373
201 209
90 94
12 13
219 226
182 186
352 359
393 397
13 14
112 145
244 264
275 279
116 124
78 79
378 380
19 20
170 180
322 323
163 168
171 181
134 141
255 269
123 131
34 41
237 238
86 87
178 179
389 390
270 271
222 230
152 153
363 364
1 11
74 81
93 94
304 305
38 42
285 300
329 334
311 312
403 404
34 40
344 345
193 194
107 118
70 78
126 140
199 210
291 302
399 402
410 411
151 160
211 220
152 161
158 159
7 8
