265.000000 59.000000 14.000000
339.000000 59.000000 14.000000
192.000000 60.000000 11.000000
207.000000 60.000000 11.000000
309.000000 60.000000 10.000000
324.000000 60.000000 11.000000
245.000000 61.000000 11.000000
282.000000 61.000000 9.000000
295.000000 61.000000 11.000000
227.000000 62.000000 12.000000
177.000000 88.000000 28.000000
218.000000 88.000000 14.000000
198.000000 89.000000 11.000000
236.000000 89.000000 11.000000
253.000000 89.000000 14.000000
42.000000 126.000000 17.000000
64.000000 128.000000 11.000000
81.000000 128.000000 11.000000
194.000000 128.000000 17.000000
217.000000 128.000000 14.000000
97.000000 129.000000 10.000000
239.000000 129.000000 14.000000
112.000000 130.000000 23.000000
261.000000 130.000000 14.000000
284.000000 132.000000 16.000000
436.000000 132.000000 21.000000
526.000000 132.000000 23.000000
334.000000 133.000000 14.000000
358.000000 133.000000 14.000000
379.000000 133.000000 11.000000
425.000000 133.000000 23.000000
455.000000 133.000000 14.000000
552.000000 133.000000 16.000000
784.000000 133.000000 14.000000
309.000000 134.000000 14.000000
392.000000 134.000000 11.000000
409.000000 134.000000 11.000000
475.000000 134.000000 13.000000
576.000000 134.000000 14.000000
744.000000 134.000000 17.000000
917.000000 134.000000 14.000000
966.000000 134.000000 21.000000
1050.000000 134.000000 17.000000
495.000000 135.000000 14.000000
679.000000 135.000000 16.000000
699.000000 135.000000 14.000000
720.000000 135.000000 14.000000
802.000000 135.000000 11.000000
821.000000 135.000000 14.000000
839.000000 135.000000 11.000000
877.000000 135.000000 14.000000
898.000000 135.000000 14.000000
938.000000 135.000000 14.000000
596.000000 136.000000 17.000000
629.000000 136.000000 17.000000
766.000000 136.000000 11.000000
857.000000 136.000000 14.000000
996.000000 136.000000 17.000000
1076.000000 136.000000 17.000000
1093.000000 136.000000 14.000000
653.000000 137.000000 14.000000
1026.000000 137.000000 16.000000
188.000000 164.000000 22.000000
467.000000 164.000000 19.000000
243.000000 165.000000 14.000000
301.000000 165.000000 15.000000
506.000000 165.000000 17.000000
325.000000 166.000000 16.000000
352.000000 166.000000 17.000000
437.000000 166.000000 14.000000
221.000000 167.000000 14.000000
281.000000 167.000000 11.000000
388.000000 167.000000 21.000000
525.000000 167.000000 14.000000
551.000000 167.000000 17.000000
264.000000 168.000000 14.000000
414.000000 168.000000 16.000000
577.000000 169.000000 17.000000
598.000000 170.000000 14.000000
621.000000 170.000000 14.000000
639.000000 171.000000 13.000000
908.000000 171.000000 16.000000
929.000000 171.000000 14.000000
996.000000 171.000000 19.000000
732.000000 172.000000 11.000000
800.000000 172.000000 17.000000
1022.000000 172.000000 17.000000
668.000000 173.000000 20.000000
694.000000 173.000000 11.000000
707.000000 173.000000 20.000000
820.000000 173.000000 11.000000
954.000000 173.000000 20.000000
965.000000 173.000000 21.000000
750.000000 174.000000 14.000000
837.000000 174.000000 21.000000
862.000000 174.000000 14.000000
882.000000 174.000000 14.000000
1069.000000 175.000000 21.000000
771.000000 176.000000 16.000000
1047.000000 176.000000 17.000000
1102.000000 177.000000 24.000000
517.000000 200.000000 17.000000
616.000000 200.000000 16.000000
340.000000 201.000000 18.000000
492.000000 201.000000 15.000000
637.000000 201.000000 14.000000
469.000000 202.000000 14.000000
538.000000 202.000000 14.000000
660.000000 202.000000 15.000000
248.000000 203.000000 11.000000
269.000000 203.000000 15.000000
292.000000 203.000000 17.000000
314.000000 203.000000 14.000000
402.000000 203.000000 20.000000
899.000000 203.000000 19.000000
217.000000 204.000000 21.000000
233.000000 204.000000 11.000000
370.000000 204.000000 17.000000
438.000000 204.000000 19.000000
555.000000 204.000000 14.000000
592.000000 204.000000 16.000000
680.000000 204.000000 9.000000
718.000000 204.000000 14.000000
760.000000 204.000000 15.000000
571.000000 205.000000 14.000000
738.000000 205.000000 14.000000
188.000000 206.000000 22.000000
698.000000 206.000000 14.000000
783.000000 206.000000 13.000000
978.000000 206.000000 17.000000
802.000000 207.000000 14.000000
825.000000 207.000000 14.000000
927.000000 207.000000 14.000000
845.000000 208.000000 14.000000
868.000000 208.000000 16.000000
950.000000 208.000000 17.000000
1002.000000 209.000000 14.000000
1023.000000 209.000000 14.000000
1049.000000 210.000000 17.000000
1074.000000 211.000000 14.000000
1090.000000 212.000000 21.000000
314.000000 238.000000 19.000000
187.000000 239.000000 17.000000
363.000000 239.000000 17.000000
426.000000 239.000000 16.000000
446.000000 239.000000 14.000000
563.000000 239.000000 7.000000
579.000000 239.000000 12.000000
596.000000 239.000000 20.000000
634.000000 239.000000 21.000000
755.000000 239.000000 19.000000
784.000000 239.000000 17.000000
803.000000 239.000000 14.000000
828.000000 239.000000 16.000000
851.000000 239.000000 19.000000
208.000000 240.000000 14.000000
230.000000 240.000000 17.000000
403.000000 240.000000 11.000000
485.000000 240.000000 11.000000
549.000000 240.000000 11.000000
660.000000 240.000000 17.000000
884.000000 240.000000 17.000000
340.000000 241.000000 17.000000
385.000000 241.000000 14.000000
469.000000 241.000000 14.000000
508.000000 241.000000 21.000000
536.000000 241.000000 11.000000
690.000000 241.000000 21.000000
911.000000 241.000000 16.000000
1014.000000 241.000000 19.000000
253.000000 242.000000 24.000000
729.000000 242.000000 21.000000
960.000000 242.000000 14.000000
983.000000 242.000000 19.000000
938.000000 243.000000 16.000000
292.000000 244.000000 17.000000
1044.000000 244.000000 14.000000
1062.000000 244.000000 11.000000
1083.000000 246.000000 17.000000
437.000000 271.000000 17.000000
471.000000 271.000000 17.000000
186.000000 272.000000 17.000000
493.000000 272.000000 14.000000
516.000000 272.000000 14.000000
533.000000 273.000000 11.000000
211.000000 274.000000 16.000000
236.000000 274.000000 17.000000
261.000000 274.000000 19.000000
290.000000 274.000000 21.000000
406.000000 274.000000 19.000000
549.000000 274.000000 14.000000
302.000000 275.000000 21.000000
570.000000 275.000000 14.000000
592.000000 275.000000 14.000000
610.000000 275.000000 14.000000
637.000000 275.000000 17.000000
662.000000 275.000000 14.000000
685.000000 275.000000 14.000000
709.000000 275.000000 16.000000
876.000000 275.000000 17.000000
327.000000 276.000000 17.000000
355.000000 276.000000 14.000000
380.000000 276.000000 17.000000
729.000000 276.000000 14.000000
822.000000 276.000000 14.000000
848.000000 276.000000 18.000000
896.000000 276.000000 11.000000
912.000000 276.000000 11.000000
750.000000 277.000000 14.000000
774.000000 277.000000 17.000000
802.000000 277.000000 14.000000
936.000000 278.000000 16.000000
958.000000 278.000000 16.000000
987.000000 278.000000 17.000000
1031.000000 279.000000 11.000000
1052.000000 279.000000 20.000000
1014.000000 280.000000 14.000000
1066.000000 280.000000 7.000000
1083.000000 282.000000 22.000000
191.000000 306.000000 23.000000
563.000000 308.000000 17.000000
628.000000 308.000000 14.000000
679.000000 308.000000 17.000000
226.000000 309.000000 20.000000
410.000000 309.000000 21.000000
433.000000 309.000000 21.000000
512.000000 309.000000 14.000000
528.000000 309.000000 24.000000
541.000000 309.000000 21.000000
588.000000 309.000000 11.000000
604.000000 309.000000 17.000000
651.000000 309.000000 17.000000
917.000000 309.000000 18.000000
373.000000 310.000000 18.000000
465.000000 310.000000 17.000000
709.000000 310.000000 17.000000
827.000000 310.000000 17.000000
888.000000 310.000000 17.000000
948.000000 310.000000 17.000000
253.000000 311.000000 17.000000
342.000000 311.000000 16.000000
492.000000 311.000000 17.000000
734.000000 311.000000 16.000000
760.000000 311.000000 17.000000
780.000000 311.000000 14.000000
801.000000 311.000000 14.000000
294.000000 312.000000 21.000000
307.000000 312.000000 21.000000
320.000000 312.000000 17.000000
857.000000 312.000000 19.000000
276.000000 313.000000 14.000000
973.000000 313.000000 17.000000
1042.000000 313.000000 11.000000
1057.000000 315.000000 14.000000
996.000000 316.000000 17.000000
1087.000000 316.000000 20.000000
1021.000000 317.000000 16.000000
453.000000 343.000000 14.000000
493.000000 343.000000 16.000000
188.000000 344.000000 21.000000
330.000000 344.000000 19.000000
424.000000 344.000000 17.000000
471.000000 344.000000 11.000000
515.000000 344.000000 17.000000
211.000000 345.000000 14.000000
235.000000 345.000000 17.000000
367.000000 345.000000 20.000000
395.000000 345.000000 17.000000
542.000000 345.000000 17.000000
567.000000 346.000000 14.000000
586.000000 346.000000 11.000000
614.000000 346.000000 11.000000
635.000000 346.000000 16.000000
658.000000 346.000000 16.000000
724.000000 346.000000 24.000000
759.000000 346.000000 17.000000
840.000000 346.000000 16.000000
865.000000 346.000000 14.000000
888.000000 346.000000 16.000000
303.000000 347.000000 17.000000
680.000000 347.000000 14.000000
701.000000 347.000000 14.000000
914.000000 347.000000 14.000000
931.000000 347.000000 11.000000
945.000000 347.000000 21.000000
264.000000 348.000000 17.000000
285.000000 348.000000 14.000000
785.000000 348.000000 17.000000
810.000000 348.000000 17.000000
968.000000 348.000000 18.000000
998.000000 348.000000 14.000000
1019.000000 350.000000 12.000000
1037.000000 351.000000 12.000000
1056.000000 352.000000 11.000000
1069.000000 353.000000 7.000000
1087.000000 353.000000 13.000000
1121.000000 353.000000 17.000000
1145.000000 354.000000 14.000000
1163.000000 357.000000 31.000000
