170.000000 35.000000 14.000000
190.000000 36.000000 14.000000
282.000000 40.000000 17.000000
214.000000 41.000000 14.000000
242.000000 41.000000 11.000000
259.000000 41.000000 11.000000
231.000000 42.000000 21.000000
299.000000 43.000000 11.000000
315.000000 43.000000 11.000000
338.000000 43.000000 17.000000
351.000000 43.000000 11.000000
371.000000 43.000000 12.000000
419.000000 43.000000 20.000000
391.000000 44.000000 11.000000
861.000000 46.000000 11.000000
879.000000 46.000000 11.000000
895.000000 46.000000 11.000000
847.000000 48.000000 11.000000
946.000000 48.000000 9.000000
976.000000 48.000000 10.000000
1030.000000 48.000000 10.000000
910.000000 49.000000 13.000000
960.000000 49.000000 10.000000
1047.000000 49.000000 9.000000
1091.000000 49.000000 7.000000
1102.000000 49.000000 14.000000
930.000000 50.000000 10.000000
993.000000 50.000000 10.000000
1012.000000 51.000000 11.000000
1081.000000 51.000000 11.000000
1062.000000 52.000000 10.000000
838.000000 64.000000 14.000000
854.000000 65.000000 11.000000
1046.000000 65.000000 11.000000
874.000000 68.000000 11.000000
946.000000 68.000000 10.000000
966.000000 68.000000 11.000000
986.000000 68.000000 12.000000
1093.000000 68.000000 11.000000
1108.000000 68.000000 11.000000
892.000000 69.000000 11.000000
930.000000 69.000000 10.000000
1007.000000 69.000000 11.000000
1027.000000 69.000000 11.000000
1066.000000 69.000000 10.000000
1122.000000 69.000000 10.000000
1134.000000 69.000000 11.000000
1147.000000 69.000000 11.000000
910.000000 70.000000 11.000000
202.000000 79.000000 9.000000
215.000000 79.000000 21.000000
149.000000 80.000000 29.000000
186.000000 80.000000 11.000000
170.000000 82.000000 11.000000
836.000000 84.000000 10.000000
852.000000 86.000000 10.000000
867.000000 86.000000 9.000000
1048.000000 86.000000 11.000000
959.000000 87.000000 11.000000
978.000000 87.000000 10.000000
994.000000 87.000000 10.000000
880.000000 88.000000 9.000000
897.000000 88.000000 11.000000
913.000000 88.000000 9.000000
927.000000 88.000000 9.000000
943.000000 88.000000 10.000000
1074.000000 88.000000 11.000000
1012.000000 89.000000 10.000000
1029.000000 89.000000 11.000000
1114.000000 99.000000 11.000000
1127.000000 102.000000 24.000000
83.000000 117.000000 17.000000
34.000000 120.000000 18.000000
260.000000 120.000000 17.000000
318.000000 120.000000 24.000000
58.000000 121.000000 17.000000
283.000000 122.000000 14.000000
302.000000 122.000000 12.000000
369.000000 122.000000 16.000000
174.000000 123.000000 24.000000
189.000000 123.000000 14.000000
210.000000 123.000000 14.000000
347.000000 123.000000 14.000000
233.000000 124.000000 16.000000
401.000000 124.000000 21.000000
555.000000 124.000000 21.000000
418.000000 125.000000 17.000000
442.000000 125.000000 20.000000
505.000000 125.000000 18.000000
470.000000 126.000000 11.000000
484.000000 126.000000 14.000000
529.000000 126.000000 17.000000
540.000000 126.000000 7.000000
586.000000 126.000000 16.000000
609.000000 126.000000 14.000000
631.000000 126.000000 14.000000
652.000000 126.000000 14.000000
675.000000 126.000000 14.000000
829.000000 126.000000 19.000000
754.000000 127.000000 17.000000
861.000000 127.000000 17.000000
698.000000 128.000000 14.000000
718.000000 128.000000 14.000000
736.000000 128.000000 14.000000
976.000000 128.000000 19.000000
806.000000 129.000000 14.000000
890.000000 129.000000 14.000000
934.000000 129.000000 14.000000
1002.000000 129.000000 16.000000
911.000000 130.000000 13.000000
950.000000 130.000000 11.000000
1022.000000 131.000000 14.000000
785.000000 132.000000 17.000000
1046.000000 133.000000 16.000000
1072.000000 133.000000 16.000000
1090.000000 134.000000 11.000000
1107.000000 134.000000 14.000000
84.000000 146.000000 18.000000
72.000000 147.000000 8.000000
60.000000 148.000000 8.000000
31.000000 151.000000 11.000000
44.000000 151.000000 14.000000
208.000000 152.000000 16.000000
298.000000 153.000000 16.000000
264.000000 154.000000 17.000000
278.000000 154.000000 11.000000
177.000000 155.000000 19.000000
236.000000 155.000000 17.000000
319.000000 155.000000 17.000000
374.000000 155.000000 14.000000
542.000000 155.000000 17.000000
610.000000 155.000000 19.000000
352.000000 156.000000 14.000000
514.000000 156.000000 21.000000
568.000000 156.000000 17.000000
644.000000 156.000000 17.000000
675.000000 156.000000 18.000000
852.000000 156.000000 15.000000
709.000000 157.000000 16.000000
736.000000 157.000000 17.000000
825.000000 157.000000 16.000000
879.000000 157.000000 15.000000
931.000000 157.000000 17.000000
396.000000 158.000000 14.000000
487.000000 158.000000 14.000000
1001.000000 158.000000 14.000000
1030.000000 158.000000 17.000000
415.000000 159.000000 11.000000
433.000000 159.000000 17.000000
463.000000 159.000000 17.000000
768.000000 159.000000 16.000000
795.000000 159.000000 16.000000
907.000000 159.000000 14.000000
953.000000 159.000000 14.000000
972.000000 160.000000 17.000000
1059.000000 160.000000 17.000000
1151.000000 163.000000 11.000000
1167.000000 163.000000 10.000000
1133.000000 164.000000 14.000000
1181.000000 164.000000 11.000000
1194.000000 164.000000 11.000000
1215.000000 165.000000 13.000000
1102.000000 166.000000 16.000000
200.000000 181.000000 14.000000
178.000000 182.000000 14.000000
222.000000 183.000000 17.000000
249.000000 183.000000 14.000000
657.000000 183.000000 11.000000
670.000000 183.000000 19.000000
268.000000 184.000000 11.000000
309.000000 184.000000 17.000000
680.000000 184.000000 14.000000
734.000000 184.000000 11.000000
294.000000 185.000000 11.000000
334.000000 185.000000 14.000000
596.000000 185.000000 14.000000
637.000000 185.000000 14.000000
698.000000 185.000000 11.000000
717.000000 185.000000 11.000000
751.000000 185.000000 10.000000
1206.000000 185.000000 12.000000
352.000000 186.000000 14.000000
574.000000 186.000000 14.000000
612.000000 186.000000 14.000000
785.000000 186.000000 13.000000
810.000000 186.000000 14.000000
830.000000 186.000000 14.000000
848.000000 186.000000 11.000000
866.000000 186.000000 12.000000
1132.000000 186.000000 13.000000
1183.000000 186.000000 11.000000
371.000000 187.000000 7.000000
484.000000 187.000000 16.000000
552.000000 187.000000 11.000000
765.000000 187.000000 11.000000
887.000000 187.000000 12.000000
1010.000000 187.000000 14.000000
1148.000000 187.000000 9.000000
1164.000000 187.000000 11.000000
389.000000 188.000000 15.000000
412.000000 188.000000 14.000000
437.000000 188.000000 16.000000
514.000000 188.000000 11.000000
534.000000 188.000000 11.000000
908.000000 188.000000 13.000000
929.000000 188.000000 13.000000
948.000000 188.000000 11.000000
988.000000 188.000000 13.000000
1031.000000 188.000000 14.000000
1109.000000 188.000000 11.000000
966.000000 189.000000 13.000000
1090.000000 189.000000 13.000000
462.000000 190.000000 14.000000
1051.000000 190.000000 13.000000
1072.000000 190.000000 13.000000
510.000000 202.000000 8.000000
554.000000 202.000000 7.000000
565.000000 202.000000 7.000000
1212.000000 205.000000 11.000000
1128.000000 206.000000 14.000000
1153.000000 207.000000 11.000000
1169.000000 207.000000 11.000000
1198.000000 207.000000 11.000000
245.000000 208.000000 15.000000
1183.000000 208.000000 9.000000
177.000000 210.000000 15.000000
273.000000 210.000000 14.000000
201.000000 211.000000 14.000000
222.000000 211.000000 14.000000
293.000000 211.000000 11.000000
313.000000 212.000000 12.000000
879.000000 213.000000 14.000000
334.000000 214.000000 14.000000
628.000000 214.000000 7.000000
648.000000 214.000000 17.000000
673.000000 214.000000 14.000000
694.000000 214.000000 16.000000
720.000000 214.000000 16.000000
743.000000 214.000000 14.000000
840.000000 214.000000 11.000000
857.000000 214.000000 14.000000
902.000000 214.000000 14.000000
609.000000 215.000000 17.000000
765.000000 215.000000 14.000000
789.000000 215.000000 16.000000
816.000000 215.000000 16.000000
354.000000 216.000000 14.000000
520.000000 216.000000 19.000000
581.000000 216.000000 16.000000
369.000000 217.000000 14.000000
385.000000 217.000000 14.000000
425.000000 217.000000 14.000000
493.000000 217.000000 14.000000
406.000000 218.000000 11.000000
449.000000 218.000000 16.000000
473.000000 218.000000 13.000000
551.000000 218.000000 14.000000
924.000000 218.000000 14.000000
1003.000000 218.000000 19.000000
1025.000000 218.000000 14.000000
945.000000 219.000000 16.000000
973.000000 219.000000 16.000000
1045.000000 220.000000 14.000000
1088.000000 220.000000 14.000000
1106.000000 220.000000 14.000000
1066.000000 221.000000 14.000000
183.000000 241.000000 19.000000
210.000000 243.000000 16.000000
279.000000 243.000000 16.000000
254.000000 244.000000 17.000000
812.000000 244.000000 14.000000
232.000000 245.000000 14.000000
834.000000 245.000000 12.000000
855.000000 245.000000 14.000000
880.000000 245.000000 16.000000
781.000000 246.000000 14.000000
936.000000 246.000000 14.000000
978.000000 246.000000 14.000000
302.000000 247.000000 14.000000
320.000000 247.000000 11.000000
664.000000 247.000000 17.000000
677.000000 247.000000 7.000000
714.000000 247.000000 17.000000
742.000000 247.000000 14.000000
758.000000 247.000000 12.000000
912.000000 247.000000 21.000000
957.000000 247.000000 13.000000
521.000000 248.000000 14.000000
539.000000 248.000000 14.000000
1095.000000 248.000000 14.000000
341.000000 249.000000 16.000000
369.000000 249.000000 17.000000
390.000000 249.000000 14.000000
497.000000 249.000000 20.000000
559.000000 249.000000 11.000000
573.000000 249.000000 14.000000
594.000000 249.000000 14.000000
692.000000 249.000000 14.000000
999.000000 249.000000 12.000000
1020.000000 249.000000 17.000000
1074.000000 249.000000 13.000000
616.000000 250.000000 14.000000
639.000000 250.000000 14.000000
1050.000000 250.000000 14.000000
407.000000 251.000000 14.000000
422.000000 251.000000 17.000000
445.000000 251.000000 17.000000
463.000000 251.000000 17.000000
316.000000 264.000000 6.000000
1101.000000 264.000000 8.000000
301.000000 265.000000 9.000000
1045.000000 266.000000 6.000000
1056.000000 266.000000 6.000000
1086.000000 266.000000 8.000000
182.000000 272.000000 17.000000
794.000000 273.000000 14.000000
853.000000 274.000000 14.000000
200.000000 275.000000 11.000000
811.000000 275.000000 11.000000
218.000000 276.000000 16.000000
722.000000 276.000000 20.000000
774.000000 276.000000 14.000000
831.000000 276.000000 14.000000
878.000000 276.000000 16.000000
1125.000000 276.000000 14.000000
1153.000000 276.000000 11.000000
1215.000000 276.000000 11.000000
546.000000 277.000000 15.000000
566.000000 277.000000 14.000000
583.000000 277.000000 11.000000
618.000000 277.000000 13.000000
640.000000 277.000000 14.000000
657.000000 277.000000 16.000000
685.000000 277.000000 14.000000
705.000000 277.000000 11.000000
752.000000 277.000000 14.000000
903.000000 277.000000 17.000000
1035.000000 277.000000 7.000000
1140.000000 277.000000 9.000000
1168.000000 277.000000 9.000000
1182.000000 277.000000 11.000000
1198.000000 277.000000 10.000000
246.000000 278.000000 13.000000
284.000000 278.000000 14.000000
599.000000 278.000000 14.000000
968.000000 278.000000 16.000000
1048.000000 278.000000 9.000000
1066.000000 278.000000 11.000000
263.000000 279.000000 14.000000
306.000000 279.000000 11.000000
943.000000 279.000000 16.000000
1019.000000 279.000000 14.000000
320.000000 280.000000 11.000000
379.000000 280.000000 14.000000
401.000000 280.000000 14.000000
524.000000 280.000000 11.000000
1100.000000 280.000000 14.000000
337.000000 281.000000 14.000000
358.000000 281.000000 14.000000
499.000000 281.000000 19.000000
421.000000 282.000000 14.000000
441.000000 282.000000 14.000000
466.000000 282.000000 14.000000
996.000000 282.000000 17.000000
1205.000000 292.000000 10.000000
851.000000 303.000000 17.000000
811.000000 304.000000 17.000000
872.000000 305.000000 13.000000
699.000000 306.000000 15.000000
749.000000 306.000000 13.000000
786.000000 306.000000 14.000000
924.000000 306.000000 11.000000
955.000000 306.000000 14.000000
184.000000 307.000000 17.000000
725.000000 307.000000 16.000000
767.000000 307.000000 11.000000
890.000000 307.000000 14.000000
909.000000 307.000000 13.000000
936.000000 307.000000 17.000000
975.000000 307.000000 16.000000
1171.000000 307.000000 9.000000
214.000000 308.000000 19.000000
1184.000000 308.000000 9.000000
654.000000 309.000000 16.000000
676.000000 309.000000 13.000000
1078.000000 309.000000 14.000000
1143.000000 309.000000 9.000000
1198.000000 309.000000 9.000000
243.000000 310.000000 16.000000
623.000000 310.000000 19.000000
995.000000 310.000000 14.000000
1018.000000 310.000000 14.000000
1060.000000 310.000000 13.000000
1129.000000 310.000000 14.000000
1156.000000 310.000000 9.000000
324.000000 311.000000 16.000000
1100.000000 311.000000 14.000000
267.000000 312.000000 17.000000
295.000000 312.000000 17.000000
348.000000 312.000000 14.000000
556.000000 312.000000 11.000000
1041.000000 312.000000 14.000000
445.000000 313.000000 20.000000
472.000000 313.000000 15.000000
497.000000 313.000000 14.000000
516.000000 313.000000 11.000000
574.000000 313.000000 14.000000
365.000000 314.000000 14.000000
403.000000 314.000000 17.000000
593.000000 314.000000 17.000000
383.000000 315.000000 14.000000
541.000000 315.000000 21.000000
1151.000000 328.000000 12.000000
1171.000000 328.000000 11.000000
1204.000000 328.000000 11.000000
1187.000000 329.000000 10.000000
1132.000000 330.000000 11.000000
1216.000000 331.000000 20.000000
867.000000 336.000000 21.000000
897.000000 337.000000 16.000000
192.000000 338.000000 19.000000
786.000000 338.000000 14.000000
852.000000 338.000000 11.000000
738.000000 339.000000 14.000000
762.000000 339.000000 16.000000
808.000000 339.000000 16.000000
918.000000 339.000000 11.000000
934.000000 339.000000 11.000000
947.000000 339.000000 20.000000
972.000000 339.000000 14.000000
987.000000 339.000000 7.000000
1006.000000 339.000000 14.000000
710.000000 340.000000 17.000000
1025.000000 340.000000 14.000000
218.000000 341.000000 14.000000
1049.000000 341.000000 14.000000
1099.000000 341.000000 19.000000
236.000000 342.000000 11.000000
257.000000 342.000000 14.000000
521.000000 342.000000 13.000000
686.000000 342.000000 16.000000
835.000000 342.000000 24.000000
280.000000 343.000000 14.000000
309.000000 343.000000 19.000000
337.000000 343.000000 17.000000
659.000000 343.000000 17.000000
1073.000000 343.000000 14.000000
464.000000 345.000000 20.000000
546.000000 345.000000 16.000000
372.000000 346.000000 21.000000
384.000000 346.000000 28.000000
495.000000 346.000000 17.000000
570.000000 346.000000 14.000000
634.000000 346.000000 17.000000
431.000000 347.000000 17.000000
597.000000 347.000000 20.000000
404.000000 348.000000 16.000000
1151.000000 359.000000 17.000000
1177.000000 359.000000 15.000000
1201.000000 362.000000 21.000000
