207.000000 68.000000 0.005600
225.000000 68.000000 0.004400
242.000000 68.000000 0.010400
166.000000 70.000000 0.008400
188.000000 70.000000 0.004400
1079.000000 90.000000 0.008800
1093.000000 90.000000 0.004400
499.000000 99.000000 0.003600
510.000000 99.000000 0.003200
523.000000 99.000000 0.002800
179.000000 111.000000 0.005600
274.000000 111.000000 0.005600
294.000000 111.000000 0.005600
364.000000 111.000000 0.007200
388.000000 111.000000 0.006800
406.000000 111.000000 0.005600
156.000000 112.000000 0.007600
200.000000 112.000000 0.005600
247.000000 112.000000 0.006800
342.000000 112.000000 0.006400
421.000000 112.000000 0.009600
224.000000 113.000000 0.006400
313.000000 113.000000 0.006800
435.000000 113.000000 0.005600
454.000000 114.000000 0.005600
482.000000 116.000000 0.006400
493.000000 116.000000 0.005600
506.000000 116.000000 0.004400
525.000000 116.000000 0.005600
551.000000 116.000000 0.005600
610.000000 117.000000 0.005600
568.000000 118.000000 0.005600
588.000000 118.000000 0.005600
685.000000 118.000000 0.006800
634.000000 119.000000 0.006800
722.000000 119.000000 0.009600
660.000000 120.000000 0.006800
704.000000 120.000000 0.004400
748.000000 120.000000 0.005600
767.000000 120.000000 0.005600
780.000000 121.000000 0.009200
792.000000 121.000000 0.007600
811.000000 121.000000 0.005600
828.000000 123.000000 0.004400
846.000000 123.000000 0.004400
1205.000000 123.000000 0.004400
862.000000 124.000000 0.004400
1022.000000 124.000000 0.009200
880.000000 125.000000 0.006400
904.000000 125.000000 0.005600
946.000000 126.000000 0.005600
1063.000000 126.000000 0.002800
1140.000000 126.000000 0.004000
1190.000000 126.000000 0.004400
970.000000 127.000000 0.006000
993.000000 127.000000 0.008400
1045.000000 127.000000 0.005600
1076.000000 127.000000 0.004400
1126.000000 127.000000 0.004400
1153.000000 127.000000 0.003600
1172.000000 127.000000 0.005600
924.000000 128.000000 0.005600
1100.000000 128.000000 0.006800
260.000000 140.000000 0.006400
156.000000 141.000000 0.005600
198.000000 141.000000 0.004800
218.000000 141.000000 0.004800
238.000000 141.000000 0.004800
271.000000 141.000000 0.002800
284.000000 141.000000 0.004400
329.000000 141.000000 0.006800
358.000000 141.000000 0.005600
179.000000 142.000000 0.005600
306.000000 142.000000 0.005600
380.000000 143.000000 0.006800
405.000000 144.000000 0.005600
450.000000 144.000000 0.006800
426.000000 145.000000 0.006400
522.000000 145.000000 0.006400
475.000000 146.000000 0.005600
498.000000 146.000000 0.005600
571.000000 146.000000 0.005600
595.000000 146.000000 0.006800
547.000000 147.000000 0.005600
619.000000 148.000000 0.004400
654.000000 148.000000 0.006400
636.000000 149.000000 0.004400
680.000000 151.000000 0.004800
798.000000 153.000000 0.005600
819.000000 153.000000 0.005600
699.000000 154.000000 0.005600
778.000000 154.000000 0.006800
712.000000 155.000000 0.004400
748.000000 155.000000 0.004400
732.000000 156.000000 0.005600
841.000000 157.000000 0.006400
857.000000 158.000000 0.005600
918.000000 158.000000 0.006400
962.000000 158.000000 0.005600
878.000000 159.000000 0.005600
899.000000 159.000000 0.005600
940.000000 159.000000 0.005600
1050.000000 159.000000 0.005600
1003.000000 160.000000 0.005600
1023.000000 160.000000 0.007200
1069.000000 160.000000 0.004400
985.000000 161.000000 0.005600
1098.000000 165.000000 0.008400
154.000000 170.000000 0.008000
237.000000 171.000000 0.005600
349.000000 171.000000 0.006800
185.000000 172.000000 0.006800
370.000000 172.000000 0.005600
206.000000 173.000000 0.008400
217.000000 173.000000 0.007600
257.000000 173.000000 0.005600
277.000000 174.000000 0.005600
324.000000 174.000000 0.005600
395.000000 174.000000 0.005600
306.000000 175.000000 0.008000
420.000000 175.000000 0.006800
455.000000 175.000000 0.006800
501.000000 175.000000 0.005600
558.000000 175.000000 0.007600
483.000000 176.000000 0.005600
544.000000 176.000000 0.002800
522.000000 177.000000 0.006800
587.000000 181.000000 0.006400
616.000000 181.000000 0.006400
656.000000 181.000000 0.004400
676.000000 181.000000 0.005600
638.000000 182.000000 0.005600
697.000000 182.000000 0.005600
801.000000 184.000000 0.005600
726.000000 185.000000 0.007600
739.000000 185.000000 0.002800
755.000000 185.000000 0.005600
775.000000 186.000000 0.008000
786.000000 186.000000 0.008000
818.000000 186.000000 0.006800
838.000000 187.000000 0.006800
909.000000 188.000000 0.006000
943.000000 188.000000 0.006800
866.000000 189.000000 0.005600
887.000000 189.000000 0.005600
971.000000 189.000000 0.007600
1001.000000 191.000000 0.004800
1017.000000 191.000000 0.004400
1061.000000 191.000000 0.008000
1078.000000 191.000000 0.005600
1034.000000 192.000000 0.005600
1105.000000 192.000000 0.006400
297.000000 202.000000 0.007200
323.000000 202.000000 0.008400
411.000000 202.000000 0.005600
173.000000 204.000000 0.005600
335.000000 204.000000 0.008400
219.000000 205.000000 0.006400
270.000000 205.000000 0.005600
353.000000 205.000000 0.005600
391.000000 205.000000 0.005200
434.000000 205.000000 0.004800
449.000000 205.000000 0.005600
473.000000 205.000000 0.005600
499.000000 205.000000 0.006800
518.000000 205.000000 0.005600
545.000000 205.000000 0.005600
154.000000 206.000000 0.005600
237.000000 206.000000 0.003600
251.000000 206.000000 0.004400
371.000000 206.000000 0.005600
565.000000 206.000000 0.005600
193.000000 207.000000 0.005600
592.000000 208.000000 0.005600
610.000000 209.000000 0.005600
632.000000 209.000000 0.006000
658.000000 209.000000 0.006000
681.000000 210.000000 0.005200
700.000000 210.000000 0.006000
725.000000 211.000000 0.005600
746.000000 214.000000 0.005200
810.000000 214.000000 0.005600
786.000000 215.000000 0.005200
767.000000 216.000000 0.004800
827.000000 217.000000 0.002800
870.000000 217.000000 0.004800
853.000000 218.000000 0.004400
887.000000 218.000000 0.004400
921.000000 218.000000 0.007600
904.000000 219.000000 0.005200
1005.000000 219.000000 0.004400
932.000000 220.000000 0.006800
949.000000 222.000000 0.005600
971.000000 222.000000 0.005200
989.000000 222.000000 0.004800
1025.000000 223.000000 0.006400
1042.000000 223.000000 0.006800
1106.000000 223.000000 0.006800
1066.000000 224.000000 0.005600
1084.000000 224.000000 0.005600
577.000000 236.000000 0.006800
154.000000 238.000000 0.006400
175.000000 238.000000 0.005600
449.000000 238.000000 0.006800
197.000000 239.000000 0.005600
292.000000 239.000000 0.007200
374.000000 239.000000 0.005600
400.000000 239.000000 0.006000
423.000000 239.000000 0.005600
472.000000 239.000000 0.006800
597.000000 239.000000 0.005600
216.000000 240.000000 0.004400
230.000000 240.000000 0.004000
249.000000 240.000000 0.005200
266.000000 240.000000 0.005600
355.000000 240.000000 0.005600
549.000000 240.000000 0.006400
640.000000 240.000000 0.004400
656.000000 240.000000 0.004400
318.000000 241.000000 0.008400
334.000000 241.000000 0.006800
498.000000 241.000000 0.005600
615.000000 241.000000 0.006800
519.000000 242.000000 0.006800
674.000000 242.000000 0.005600
688.000000 243.000000 0.004800
703.000000 243.000000 0.002800
715.000000 243.000000 0.004400
752.000000 243.000000 0.004400
737.000000 244.000000 0.006800
766.000000 244.000000 0.004400
785.000000 244.000000 0.006800
813.000000 245.000000 0.006400
844.000000 245.000000 0.006400
864.000000 246.000000 0.005600
888.000000 246.000000 0.006000
911.000000 248.000000 0.006400
938.000000 248.000000 0.005600
1144.000000 248.000000 0.005600
1162.000000 248.000000 0.004400
959.000000 249.000000 0.005200
980.000000 249.000000 0.005600
1125.000000 250.000000 0.005600
1175.000000 250.000000 0.003600
1188.000000 250.000000 0.003600
1201.000000 250.000000 0.004400
999.000000 251.000000 0.006800
1013.000000 252.000000 0.006800
1030.000000 252.000000 0.006800
1100.000000 252.000000 0.005600
1051.000000 255.000000 0.006400
1069.000000 255.000000 0.004400
123.000000 264.000000 0.005600
53.000000 265.000000 0.003600
39.000000 266.000000 0.005600
67.000000 266.000000 0.004400
88.000000 266.000000 0.004800
106.000000 267.000000 0.004400
209.000000 267.000000 0.006000
156.000000 269.000000 0.006800
184.000000 269.000000 0.005600
256.000000 269.000000 0.005600
283.000000 270.000000 0.006800
233.000000 271.000000 0.006400
459.000000 271.000000 0.007600
362.000000 272.000000 0.006800
392.000000 272.000000 0.006400
416.000000 272.000000 0.006400
438.000000 272.000000 0.005600
473.000000 272.000000 0.002800
307.000000 273.000000 0.005600
340.000000 273.000000 0.004800
484.000000 273.000000 0.008400
322.000000 274.000000 0.004400
498.000000 274.000000 0.005600
546.000000 274.000000 0.008000
575.000000 275.000000 0.004400
594.000000 275.000000 0.005600
518.000000 276.000000 0.006800
560.000000 276.000000 0.003600
769.000000 276.000000 0.006800
741.000000 277.000000 0.006400
793.000000 277.000000 0.005600
617.000000 278.000000 0.005600
640.000000 278.000000 0.006400
664.000000 278.000000 0.008000
719.000000 278.000000 0.006800
815.000000 278.000000 0.005600
835.000000 278.000000 0.006800
695.000000 279.000000 0.008400
862.000000 279.000000 0.005600
946.000000 279.000000 0.004400
883.000000 280.000000 0.005600
905.000000 280.000000 0.005600
923.000000 280.000000 0.006400
961.000000 280.000000 0.002800
992.000000 281.000000 0.005600
1016.000000 281.000000 0.005600
1036.000000 284.000000 0.004400
1068.000000 284.000000 0.004800
1094.000000 284.000000 0.006800
1121.000000 284.000000 0.004400
1137.000000 284.000000 0.004400
1050.000000 285.000000 0.004400
1151.000000 285.000000 0.003600
1187.000000 285.000000 0.004400
1206.000000 285.000000 0.005600
66.000000 286.000000 0.004400
81.000000 286.000000 0.005600
101.000000 286.000000 0.002800
1171.000000 286.000000 0.004400
42.000000 287.000000 0.005200
329.000000 288.000000 0.003200
178.000000 300.000000 0.005600
201.000000 300.000000 0.005600
251.000000 300.000000 0.006800
155.000000 301.000000 0.006400
225.000000 301.000000 0.006000
368.000000 301.000000 0.005600
319.000000 302.000000 0.004800
338.000000 302.000000 0.004400
1125.000000 302.000000 0.004400
1173.000000 302.000000 0.002800
1185.000000 302.000000 0.002800
276.000000 303.000000 0.006000
299.000000 303.000000 0.004800
391.000000 303.000000 0.006400
1142.000000 303.000000 0.004000
1159.000000 303.000000 0.004400
411.000000 304.000000 0.002800
427.000000 304.000000 0.005200
445.000000 305.000000 0.005600
550.000000 306.000000 0.006800
463.000000 307.000000 0.006400
485.000000 307.000000 0.004400
502.000000 308.000000 0.004400
520.000000 308.000000 0.005600
570.000000 308.000000 0.006800
667.000000 309.000000 0.006800
619.000000 310.000000 0.005600
641.000000 310.000000 0.005600
699.000000 311.000000 0.006800
769.000000 311.000000 0.005600
857.000000 311.000000 0.004800
598.000000 312.000000 0.005600
744.000000 312.000000 0.006800
815.000000 312.000000 0.006400
834.000000 312.000000 0.006000
900.000000 312.000000 0.006800
791.000000 313.000000 0.005600
874.000000 313.000000 0.004400
919.000000 313.000000 0.005600
942.000000 313.000000 0.005600
1005.000000 314.000000 0.006400
962.000000 315.000000 0.005600
984.000000 315.000000 0.005600
1054.000000 315.000000 0.005600
1068.000000 315.000000 0.004400
1033.000000 316.000000 0.005600
1088.000000 316.000000 0.006400
120.000000 330.000000 0.005600
153.000000 330.000000 0.005600
222.000000 330.000000 0.005600
197.000000 331.000000 0.006000
59.000000 332.000000 0.004400
92.000000 332.000000 0.004400
104.000000 332.000000 0.004400
174.000000 332.000000 0.006800
136.000000 333.000000 0.004400
44.000000 334.000000 0.007600
245.000000 335.000000 0.007200
267.000000 335.000000 0.002800
319.000000 335.000000 0.006400
369.000000 335.000000 0.006400
291.000000 336.000000 0.007600
344.000000 336.000000 0.006400
390.000000 337.000000 0.005600
411.000000 338.000000 0.005600
433.000000 340.000000 0.006800
501.000000 340.000000 0.004400
521.000000 340.000000 0.005600
544.000000 340.000000 0.005600
460.000000 341.000000 0.005600
565.000000 341.000000 0.005600
647.000000 341.000000 0.008400
481.000000 342.000000 0.005600
588.000000 342.000000 0.006400
634.000000 343.000000 0.004400
708.000000 343.000000 0.006400
737.000000 343.000000 0.006800
781.000000 343.000000 0.008400
614.000000 344.000000 0.005600
673.000000 344.000000 0.006800
761.000000 344.000000 0.005200
1019.000000 344.000000 0.005600
814.000000 345.000000 0.006400
955.000000 345.000000 0.005600
997.000000 345.000000 0.005600
839.000000 346.000000 0.005600
857.000000 346.000000 0.004400
869.000000 346.000000 0.003600
906.000000 346.000000 0.005600
1041.000000 346.000000 0.005600
883.000000 347.000000 0.008400
929.000000 347.000000 0.006400
976.000000 347.000000 0.005600
1057.000000 347.000000 0.005600
1084.000000 350.000000 0.008400
1096.000000 351.000000 0.009600
454.000000 409.000000 0.005600
471.000000 409.000000 0.003600
486.000000 410.000000 0.004400
535.000000 410.000000 0.005600
500.000000 411.000000 0.004000
516.000000 411.000000 0.005600
556.000000 412.000000 0.005200
621.000000 412.000000 0.004000
576.000000 413.000000 0.004400
590.000000 413.000000 0.004000
606.000000 413.000000 0.003600
635.000000 413.000000 0.003600
648.000000 413.000000 0.004400
665.000000 413.000000 0.004400
685.000000 414.000000 0.004800
705.000000 414.000000 0.005600
726.000000 414.000000 0.008400
739.000000 414.000000 0.004400
753.000000 414.000000 0.007600
792.000000 415.000000 0.004400
779.000000 416.000000 0.004400
809.000000 416.000000 0.004400
1219.947090 122.342922 0.005689
533.518519 98.771493 0.005689
544.947090 98.771493 0.005689
344.232804 288.771493 0.005689
357.804233 288.057207 0.005689
373.518519 287.342922 0.005689
