424.000000 52.000000 0.000002
401.000000 55.000000 0.000003
102.000000 57.000000 0.000005
122.000000 59.000000 0.000002
138.000000 59.000000 0.000002
153.000000 60.000000 0.000002
168.000000 60.000000 0.000003
1055.000000 79.000000 0.000003
1044.000000 80.000000 0.000003
1081.000000 103.000000 0.000002
1067.000000 104.000000 0.000002
174.000000 112.000000 0.000003
195.000000 112.000000 0.000003
246.000000 113.000000 0.000003
268.000000 113.000000 0.000002
288.000000 113.000000 0.000002
224.000000 114.000000 0.000002
318.000000 114.000000 0.000003
441.000000 114.000000 0.000003
344.000000 115.000000 0.000002
364.000000 115.000000 0.000003
783.000000 115.000000 0.000003
484.000000 116.000000 0.000002
531.000000 116.000000 0.000002
552.000000 116.000000 0.000002
390.000000 117.000000 0.000003
465.000000 117.000000 0.000002
418.000000 118.000000 0.000002
510.000000 118.000000 0.000003
569.000000 118.000000 0.000002
652.000000 118.000000 0.000003
732.000000 118.000000 0.000002
797.000000 118.000000 0.000003
1160.000000 118.000000 0.000002
1195.000000 118.000000 0.000002
588.000000 119.000000 0.000002
600.000000 119.000000 0.000001
628.000000 119.000000 0.000002
670.000000 119.000000 0.000002
688.000000 119.000000 0.000002
711.000000 119.000000 0.000003
749.000000 119.000000 0.000003
1005.000000 119.000000 0.000003
1130.000000 119.000000 0.000002
1144.000000 119.000000 0.000002
1178.000000 119.000000 0.000002
615.000000 120.000000 0.000002
820.000000 120.000000 0.000003
1206.000000 120.000000 0.000001
855.000000 121.000000 0.000003
885.000000 121.000000 0.000002
964.000000 121.000000 0.000002
1037.000000 121.000000 0.000002
1082.000000 121.000000 0.000002
1116.000000 121.000000 0.000003
836.000000 122.000000 0.000002
906.000000 122.000000 0.000003
932.000000 122.000000 0.000003
1056.000000 122.000000 0.000003
1067.000000 122.000000 0.000003
1219.000000 122.000000 0.000002
986.000000 123.000000 0.000002
95.000000 125.000000 0.000002
48.000000 126.000000 0.000003
71.000000 127.000000 0.000003
1137.000000 135.000000 0.000002
1157.000000 136.000000 0.000001
1170.000000 137.000000 0.000002
168.000000 138.000000 0.000003
1191.000000 139.000000 0.000002
196.000000 140.000000 0.000002
1207.000000 140.000000 0.000002
226.000000 141.000000 0.000001
129.000000 142.000000 0.000003
213.000000 142.000000 0.000002
285.000000 142.000000 0.000002
245.000000 143.000000 0.000002
264.000000 143.000000 0.000002
313.000000 143.000000 0.000003
109.000000 144.000000 0.000002
339.000000 144.000000 0.000002
360.000000 144.000000 0.000002
647.000000 144.000000 0.000002
672.000000 144.000000 0.000003
380.000000 145.000000 0.000002
401.000000 145.000000 0.000002
421.000000 145.000000 0.000002
619.000000 145.000000 0.000003
699.000000 145.000000 0.000003
724.000000 145.000000 0.000003
506.000000 146.000000 0.000002
531.000000 146.000000 0.000001
543.000000 146.000000 0.000003
592.000000 146.000000 0.000003
760.000000 146.000000 0.000003
790.000000 146.000000 0.000002
445.000000 147.000000 0.000003
469.000000 147.000000 0.000002
491.000000 147.000000 0.000002
521.000000 147.000000 0.000003
566.000000 147.000000 0.000002
814.000000 147.000000 0.000002
1032.000000 149.000000 0.000002
838.000000 150.000000 0.000002
1119.000000 150.000000 0.000002
856.000000 151.000000 0.000002
894.000000 151.000000 0.000002
913.000000 151.000000 0.000002
966.000000 151.000000 0.000003
989.000000 151.000000 0.000002
1008.000000 151.000000 0.000002
1051.000000 151.000000 0.000002
1136.000000 151.000000 0.000002
1158.000000 151.000000 0.000001
876.000000 152.000000 0.000002
936.000000 152.000000 0.000001
1068.000000 152.000000 0.000002
1084.000000 152.000000 0.000003
184.000000 171.000000 0.000002
196.000000 171.000000 0.000002
219.000000 171.000000 0.000003
166.000000 172.000000 0.000003
297.000000 172.000000 0.000003
246.000000 173.000000 0.000002
269.000000 173.000000 0.000002
364.000000 174.000000 0.000002
379.000000 174.000000 0.000002
328.000000 175.000000 0.000002
351.000000 175.000000 0.000002
406.000000 176.000000 0.000002
439.000000 176.000000 0.000001
456.000000 176.000000 0.000002
551.000000 176.000000 0.000002
574.000000 176.000000 0.000002
598.000000 176.000000 0.000003
426.000000 177.000000 0.000002
474.000000 177.000000 0.000002
509.000000 177.000000 0.000002
532.000000 177.000000 0.000002
616.000000 177.000000 0.000002
632.000000 178.000000 0.000002
653.000000 178.000000 0.000002
674.000000 178.000000 0.000003
699.000000 179.000000 0.000003
730.000000 179.000000 0.000003
749.000000 179.000000 0.000002
784.000000 180.000000 0.000003
822.000000 180.000000 0.000002
926.000000 180.000000 0.000003
773.000000 181.000000 0.000003
803.000000 181.000000 0.000002
840.000000 181.000000 0.000002
861.000000 181.000000 0.000002
885.000000 181.000000 0.000002
900.000000 182.000000 0.000003
1002.000000 182.000000 0.000003
1063.000000 182.000000 0.000002
951.000000 183.000000 0.000003
977.000000 183.000000 0.000003
1031.000000 183.000000 0.000002
1050.000000 184.000000 0.000002
1080.000000 184.000000 0.000003
272.000000 201.000000 0.000003
173.000000 202.000000 0.000003
299.000000 202.000000 0.000002
346.000000 202.000000 0.000003
388.000000 202.000000 0.000002
196.000000 203.000000 0.000002
221.000000 203.000000 0.000003
248.000000 203.000000 0.000003
322.000000 203.000000 0.000002
366.000000 204.000000 0.000002
421.000000 204.000000 0.000002
444.000000 204.000000 0.000003
475.000000 204.000000 0.000003
499.000000 205.000000 0.000002
522.000000 207.000000 0.000003
628.000000 207.000000 0.000002
570.000000 208.000000 0.000003
604.000000 208.000000 0.000003
547.000000 209.000000 0.000002
652.000000 209.000000 0.000003
735.000000 210.000000 0.000002
835.000000 210.000000 0.000003
674.000000 211.000000 0.000002
754.000000 211.000000 0.000002
813.000000 211.000000 0.000002
861.000000 211.000000 0.000002
1120.000000 211.000000 0.000002
1134.000000 211.000000 0.000002
693.000000 212.000000 0.000002
774.000000 212.000000 0.000002
1147.000000 212.000000 0.000002
1179.000000 212.000000 0.000002
715.000000 213.000000 0.000002
794.000000 213.000000 0.000002
882.000000 213.000000 0.000002
940.000000 213.000000 0.000003
963.000000 213.000000 0.000002
992.000000 213.000000 0.000003
1024.000000 213.000000 0.000003
1047.000000 213.000000 0.000002
1073.000000 213.000000 0.000003
1160.000000 213.000000 0.000002
1192.000000 213.000000 0.000002
904.000000 214.000000 0.000002
1103.000000 214.000000 0.000002
1167.000000 228.000000 0.000002
1190.000000 228.000000 0.000002
1140.000000 229.000000 0.000002
1153.000000 229.000000 0.000001
1126.000000 230.000000 0.000002
1112.000000 231.000000 0.000002
379.000000 234.000000 0.000003
433.000000 234.000000 0.000002
450.000000 234.000000 0.000002
168.000000 235.000000 0.000003
410.000000 235.000000 0.000003
473.000000 235.000000 0.000003
188.000000 236.000000 0.000002
232.000000 236.000000 0.000003
252.000000 236.000000 0.000002
266.000000 236.000000 0.000002
306.000000 236.000000 0.000002
328.000000 236.000000 0.000003
340.000000 236.000000 0.000003
359.000000 236.000000 0.000002
210.000000 237.000000 0.000002
284.000000 237.000000 0.000002
518.000000 237.000000 0.000003
546.000000 237.000000 0.000002
569.000000 237.000000 0.000002
496.000000 238.000000 0.000002
593.000000 238.000000 0.000003
625.000000 240.000000 0.000003
650.000000 240.000000 0.000003
680.000000 240.000000 0.000003
778.000000 241.000000 0.000003
706.000000 242.000000 0.000002
748.000000 242.000000 0.000003
803.000000 242.000000 0.000002
822.000000 242.000000 0.000002
842.000000 242.000000 0.000002
868.000000 242.000000 0.000003
725.000000 243.000000 0.000002
1121.000000 243.000000 0.000002
1075.000000 244.000000 0.000003
1166.000000 244.000000 0.000002
1204.000000 244.000000 0.000002
896.000000 245.000000 0.000003
962.000000 245.000000 0.000003
986.000000 245.000000 0.000002
1110.000000 245.000000 0.000002
1142.000000 245.000000 0.000002
1182.000000 245.000000 0.000002
925.000000 246.000000 0.000003
1008.000000 246.000000 0.000002
1032.000000 247.000000 0.000003
1056.000000 247.000000 0.000002
1158.000000 260.000000 0.000002
1184.000000 260.000000 0.000002
1196.000000 260.000000 0.000002
1112.000000 261.000000 0.000002
1126.000000 261.000000 0.000002
1140.000000 261.000000 0.000002
168.000000 265.000000 0.000003
192.000000 267.000000 0.000003
375.000000 269.000000 0.000003
399.000000 269.000000 0.000003
492.000000 269.000000 0.000003
436.000000 270.000000 0.000003
514.000000 270.000000 0.000002
537.000000 270.000000 0.000002
220.000000 271.000000 0.000002
236.000000 271.000000 0.000003
262.000000 271.000000 0.000003
297.000000 271.000000 0.000003
466.000000 271.000000 0.000003
351.000000 272.000000 0.000003
560.000000 272.000000 0.000003
325.000000 273.000000 0.000003
590.000000 273.000000 0.000003
619.000000 273.000000 0.000003
746.000000 273.000000 0.000003
779.000000 273.000000 0.000003
651.000000 274.000000 0.000003
677.000000 275.000000 0.000002
698.000000 275.000000 0.000002
720.000000 275.000000 0.000003
805.000000 275.000000 0.000003
896.000000 276.000000 0.000003
841.000000 277.000000 0.000003
864.000000 277.000000 0.000003
925.000000 277.000000 0.000003
957.000000 278.000000 0.000003
985.000000 280.000000 0.000003
1012.000000 281.000000 0.000003
1072.000000 281.000000 0.000003
1045.000000 282.000000 0.000003
1093.000000 282.000000 0.000002
175.000000 298.000000 0.000003
199.000000 301.000000 0.000003
222.000000 301.000000 0.000002
243.000000 301.000000 0.000002
309.000000 303.000000 0.000002
436.000000 303.000000 0.000003
291.000000 304.000000 0.000002
267.000000 305.000000 0.000002
388.000000 305.000000 0.000003
409.000000 305.000000 0.000002
335.000000 306.000000 0.000003
363.000000 306.000000 0.000002
464.000000 306.000000 0.000002
536.000000 307.000000 0.000003
513.000000 308.000000 0.000002
487.000000 309.000000 0.000003
564.000000 309.000000 0.000003
782.000000 309.000000 0.000003
586.000000 310.000000 0.000002
805.000000 310.000000 0.000002
845.000000 310.000000 0.000003
825.000000 311.000000 0.000002
894.000000 311.000000 0.000003
923.000000 311.000000 0.000003
997.000000 311.000000 0.000003
606.000000 312.000000 0.000003
635.000000 312.000000 0.000003
663.000000 312.000000 0.000003
695.000000 312.000000 0.000003
740.000000 312.000000 0.000001
764.000000 312.000000 0.000002
945.000000 312.000000 0.000002
969.000000 312.000000 0.000003
724.000000 313.000000 0.000002
870.000000 313.000000 0.000003
1045.000000 313.000000 0.000002
1022.000000 314.000000 0.000003
1067.000000 315.000000 0.000002
1087.000000 315.000000 0.000003
85.000000 325.000000 0.000002
64.000000 326.000000 0.000002
105.000000 327.000000 0.000002
49.000000 328.000000 0.000002
117.000000 328.000000 0.000002
33.000000 329.000000 0.000002
175.000000 332.000000 0.000003
191.000000 333.000000 0.000001
215.000000 335.000000 0.000002
276.000000 335.000000 0.000002
292.000000 335.000000 0.000002
263.000000 336.000000 0.000003
240.000000 337.000000 0.000003
314.000000 337.000000 0.000003
339.000000 339.000000 0.000002
368.000000 341.000000 0.000003
393.000000 341.000000 0.000002
445.000000 341.000000 0.000003
469.000000 341.000000 0.000002
682.000000 341.000000 0.000002
705.000000 341.000000 0.000003
796.000000 341.000000 0.000002
415.000000 342.000000 0.000003
557.000000 342.000000 0.000003
777.000000 342.000000 0.000002
809.000000 342.000000 0.000003
495.000000 343.000000 0.000003
510.000000 343.000000 0.000002
584.000000 343.000000 0.000003
596.000000 343.000000 0.000003
633.000000 343.000000 0.000003
658.000000 343.000000 0.000003
832.000000 343.000000 0.000002
849.000000 343.000000 0.000002
864.000000 343.000000 0.000002
885.000000 343.000000 0.000002
948.000000 343.000000 0.000002
1013.000000 343.000000 0.000002
530.000000 344.000000 0.000002
619.000000 344.000000 0.000002
731.000000 344.000000 0.000003
755.000000 344.000000 0.000002
927.000000 344.000000 0.000002
995.000000 344.000000 0.000002
901.000000 345.000000 0.000003
1026.000000 345.000000 0.000001
1041.000000 345.000000 0.000003
975.000000 346.000000 0.000003
1053.000000 347.000000 0.000002
1067.000000 347.000000 0.000002
1079.000000 347.000000 0.000003
1127.000000 353.000000 0.000003
1148.000000 353.000000 0.000002
1171.000000 353.000000 0.000003
666.000000 387.000000 0.000004
649.000000 388.000000 0.000002
633.000000 392.000000 0.000004
401.376250 88.057500 0.000003
417.090000 85.913750 0.000003
1117.803750 134.486250 0.000003
