1049.000000 75.000000 0.011200
1064.000000 76.000000 0.010000
214.000000 82.000000 0.009200
146.000000 83.000000 0.011600
166.000000 83.000000 0.004400
183.000000 83.000000 0.004400
198.000000 83.000000 0.004400
1116.000000 112.000000 0.009600
1061.000000 114.000000 0.005600
1041.000000 115.000000 0.005600
870.000000 116.000000 0.005600
1084.000000 116.000000 0.006800
852.000000 117.000000 0.005600
795.000000 118.000000 0.005600
809.000000 118.000000 0.008400
913.000000 118.000000 0.006800
934.000000 118.000000 0.005600
971.000000 118.000000 0.004400
984.000000 118.000000 0.002800
1000.000000 118.000000 0.005200
1019.000000 118.000000 0.005600
692.000000 119.000000 0.006800
713.000000 119.000000 0.006400
739.000000 119.000000 0.006000
778.000000 119.000000 0.005600
830.000000 119.000000 0.005600
891.000000 119.000000 0.005600
953.000000 119.000000 0.006800
664.000000 120.000000 0.006800
758.000000 120.000000 0.005600
638.000000 121.000000 0.006800
592.000000 122.000000 0.006800
611.000000 122.000000 0.006800
569.000000 124.000000 0.005600
549.000000 126.000000 0.006800
521.000000 128.000000 0.002800
311.000000 129.000000 0.006400
350.000000 129.000000 0.004400
395.000000 129.000000 0.006400
417.000000 129.000000 0.005600
438.000000 129.000000 0.005600
475.000000 129.000000 0.009200
507.000000 129.000000 0.007600
334.000000 130.000000 0.005600
364.000000 130.000000 0.008000
458.000000 130.000000 0.005600
487.000000 130.000000 0.006800
181.000000 132.000000 0.009200
233.000000 132.000000 0.005200
255.000000 132.000000 0.005600
285.000000 132.000000 0.006800
196.000000 133.000000 0.005600
215.000000 133.000000 0.004400
1058.000000 152.000000 0.006800
1085.000000 152.000000 0.007600
740.000000 153.000000 0.006800
864.000000 153.000000 0.006800
891.000000 153.000000 0.006800
1028.000000 153.000000 0.006400
678.000000 154.000000 0.006400
720.000000 154.000000 0.005600
775.000000 154.000000 0.009600
791.000000 154.000000 0.005600
912.000000 154.000000 0.005600
654.000000 155.000000 0.008000
699.000000 155.000000 0.006400
839.000000 155.000000 0.005600
980.000000 155.000000 0.007200
1007.000000 155.000000 0.005600
623.000000 156.000000 0.005600
813.000000 156.000000 0.006800
933.000000 156.000000 0.006400
956.000000 156.000000 0.006800
576.000000 157.000000 0.005600
523.000000 158.000000 0.007200
553.000000 158.000000 0.006400
598.000000 158.000000 0.006400
240.000000 159.000000 0.006400
282.000000 159.000000 0.005600
395.000000 159.000000 0.006400
469.000000 159.000000 0.006800
219.000000 160.000000 0.006400
260.000000 160.000000 0.005600
307.000000 160.000000 0.005600
329.000000 160.000000 0.005600
493.000000 160.000000 0.005600
348.000000 161.000000 0.004400
419.000000 161.000000 0.005200
439.000000 161.000000 0.005600
177.000000 162.000000 0.006800
199.000000 162.000000 0.005600
367.000000 162.000000 0.005600
1087.000000 185.000000 0.006800
706.000000 186.000000 0.006800
731.000000 186.000000 0.005600
570.000000 187.000000 0.005600
682.000000 187.000000 0.006800
762.000000 187.000000 0.007600
1036.000000 187.000000 0.008000
1059.000000 187.000000 0.006400
348.000000 188.000000 0.004400
428.000000 188.000000 0.006000
511.000000 188.000000 0.007200
543.000000 188.000000 0.007200
593.000000 188.000000 0.005600
618.000000 188.000000 0.007200
948.000000 188.000000 0.005600
1004.000000 188.000000 0.005600
251.000000 189.000000 0.004400
405.000000 189.000000 0.005600
483.000000 189.000000 0.006400
906.000000 189.000000 0.006800
287.000000 190.000000 0.005600
334.000000 190.000000 0.006400
459.000000 190.000000 0.006800
650.000000 190.000000 0.006800
787.000000 190.000000 0.005600
806.000000 190.000000 0.005600
826.000000 190.000000 0.005600
848.000000 190.000000 0.005600
929.000000 190.000000 0.005600
981.000000 190.000000 0.006800
218.000000 191.000000 0.006800
234.000000 191.000000 0.005600
268.000000 191.000000 0.005600
308.000000 191.000000 0.005600
365.000000 191.000000 0.006800
388.000000 191.000000 0.008400
876.000000 191.000000 0.006800
177.000000 193.000000 0.006400
196.000000 194.000000 0.005600
1063.000000 214.000000 0.005600
1093.000000 215.000000 0.007200
1040.000000 216.000000 0.005600
962.000000 217.000000 0.005600
984.000000 217.000000 0.005600
1005.000000 217.000000 0.005600
1018.000000 217.000000 0.006800
586.000000 219.000000 0.005600
842.000000 219.000000 0.006800
866.000000 219.000000 0.006000
941.000000 219.000000 0.005600
533.000000 220.000000 0.005600
560.000000 220.000000 0.006800
607.000000 220.000000 0.005600
750.000000 220.000000 0.005600
816.000000 220.000000 0.004400
891.000000 220.000000 0.005600
915.000000 220.000000 0.006800
463.000000 221.000000 0.007600
510.000000 221.000000 0.005600
629.000000 221.000000 0.005600
680.000000 221.000000 0.005600
730.000000 221.000000 0.005600
772.000000 221.000000 0.005600
787.000000 221.000000 0.002800
803.000000 221.000000 0.005200
489.000000 222.000000 0.006400
403.000000 223.000000 0.005600
432.000000 223.000000 0.006800
450.000000 223.000000 0.003600
654.000000 223.000000 0.006400
702.000000 223.000000 0.006800
265.000000 224.000000 0.007600
297.000000 224.000000 0.006400
319.000000 224.000000 0.005600
336.000000 224.000000 0.004400
380.000000 224.000000 0.005600
179.000000 225.000000 0.007600
348.000000 225.000000 0.002800
208.000000 226.000000 0.006800
237.000000 227.000000 0.006400
1095.000000 245.000000 0.007600
1001.000000 247.000000 0.006800
1046.000000 248.000000 0.005600
1068.000000 248.000000 0.005600
1025.000000 249.000000 0.005600
479.000000 250.000000 0.005600
617.000000 250.000000 0.006000
826.000000 250.000000 0.006800
870.000000 250.000000 0.004400
972.000000 250.000000 0.006400
643.000000 251.000000 0.006400
690.000000 251.000000 0.005600
712.000000 251.000000 0.005600
887.000000 251.000000 0.005600
908.000000 251.000000 0.006800
443.000000 252.000000 0.005600
461.000000 252.000000 0.004400
500.000000 252.000000 0.003600
557.000000 252.000000 0.005600
669.000000 252.000000 0.005600
737.000000 252.000000 0.006400
850.000000 252.000000 0.005600
942.000000 252.000000 0.006800
366.000000 253.000000 0.006800
392.000000 253.000000 0.005600
415.000000 253.000000 0.006400
515.000000 253.000000 0.005600
537.000000 253.000000 0.005600
571.000000 253.000000 0.005600
593.000000 253.000000 0.005600
790.000000 254.000000 0.006800
321.000000 255.000000 0.005600
340.000000 255.000000 0.005600
296.000000 256.000000 0.005600
764.000000 256.000000 0.006400
178.000000 257.000000 0.006000
200.000000 257.000000 0.005600
223.000000 257.000000 0.005600
263.000000 257.000000 0.003600
274.000000 257.000000 0.006800
246.000000 258.000000 0.005600
475.000000 267.000000 0.003200
494.000000 267.000000 0.003600
545.000000 269.000000 0.002400
717.000000 280.000000 0.005600
739.000000 280.000000 0.005600
695.000000 281.000000 0.005600
1015.000000 281.000000 0.006800
1095.000000 281.000000 0.005600
989.000000 282.000000 0.006800
1037.000000 282.000000 0.005600
1059.000000 282.000000 0.005600
1078.000000 282.000000 0.005600
672.000000 283.000000 0.005600
764.000000 283.000000 0.006000
793.000000 283.000000 0.006400
815.000000 283.000000 0.005600
849.000000 283.000000 0.008000
879.000000 283.000000 0.005600
894.000000 283.000000 0.004400
910.000000 283.000000 0.005600
935.000000 283.000000 0.006800
960.000000 283.000000 0.007200
363.000000 284.000000 0.006800
445.000000 284.000000 0.005600
471.000000 284.000000 0.006800
519.000000 284.000000 0.004400
536.000000 284.000000 0.005600
564.000000 284.000000 0.006400
652.000000 284.000000 0.006800
393.000000 285.000000 0.006800
420.000000 285.000000 0.006800
588.000000 285.000000 0.005600
602.000000 285.000000 0.004400
621.000000 285.000000 0.006400
501.000000 286.000000 0.006800
337.000000 287.000000 0.005600
287.000000 288.000000 0.005600
312.000000 288.000000 0.006800
184.000000 289.000000 0.007600
210.000000 289.000000 0.005600
266.000000 289.000000 0.005600
233.000000 290.000000 0.006400
1108.000000 313.000000 0.006800
779.000000 314.000000 0.005600
848.000000 314.000000 0.005600
875.000000 314.000000 0.007200
1037.000000 314.000000 0.005600
1062.000000 314.000000 0.006000
731.000000 315.000000 0.005600
756.000000 315.000000 0.006400
826.000000 315.000000 0.005600
922.000000 315.000000 0.004400
988.000000 315.000000 0.005600
1012.000000 315.000000 0.006000
1086.000000 315.000000 0.005600
584.000000 316.000000 0.007200
799.000000 316.000000 0.005600
905.000000 316.000000 0.005600
714.000000 317.000000 0.006000
938.000000 317.000000 0.005600
962.000000 317.000000 0.006000
262.000000 318.000000 0.007200
556.000000 318.000000 0.006800
619.000000 318.000000 0.007600
667.000000 318.000000 0.005600
336.000000 319.000000 0.008400
431.000000 319.000000 0.007200
644.000000 319.000000 0.006800
689.000000 319.000000 0.005600
178.000000 320.000000 0.006800
231.000000 320.000000 0.006800
462.000000 320.000000 0.006800
494.000000 320.000000 0.007600
525.000000 320.000000 0.006800
204.000000 321.000000 0.006400
293.000000 321.000000 0.008000
367.000000 321.000000 0.006800
384.000000 323.000000 0.002800
400.000000 323.000000 0.008000
857.000000 342.000000 0.006400
968.000000 342.000000 0.006400
1044.000000 342.000000 0.006400
1094.000000 342.000000 0.006800
944.000000 343.000000 0.005600
1069.000000 343.000000 0.005600
774.000000 344.000000 0.006800
801.000000 344.000000 0.006400
832.000000 344.000000 0.006800
893.000000 344.000000 0.007600
992.000000 344.000000 0.004800
1008.000000 344.000000 0.004400
1021.000000 344.000000 0.007600
921.000000 345.000000 0.006800
704.000000 346.000000 0.005600
725.000000 346.000000 0.005600
574.000000 347.000000 0.006800
665.000000 347.000000 0.005200
684.000000 347.000000 0.004400
745.000000 347.000000 0.006000
641.000000 348.000000 0.005600
506.000000 349.000000 0.006400
601.000000 349.000000 0.006400
620.000000 349.000000 0.005600
178.000000 350.000000 0.006800
530.000000 350.000000 0.005600
548.000000 350.000000 0.005600
445.000000 351.000000 0.006800
463.000000 351.000000 0.005600
479.000000 351.000000 0.008400
204.000000 352.000000 0.006800
238.000000 353.000000 0.008400
400.000000 353.000000 0.005600
269.000000 354.000000 0.006800
294.000000 354.000000 0.006400
317.000000 354.000000 0.007600
354.000000 354.000000 0.008400
376.000000 354.000000 0.005600
422.000000 354.000000 0.005600
1112.000000 377.000000 0.008800
1068.000000 379.000000 0.004400
1083.000000 379.000000 0.004400
1097.000000 379.000000 0.004000
1051.000000 380.000000 0.005200
831.000000 381.000000 0.005600
991.000000 381.000000 0.004400
1026.000000 381.000000 0.005600
973.000000 382.000000 0.004400
957.000000 383.000000 0.004400
1007.000000 383.000000 0.004400
798.000000 384.000000 0.004400
813.000000 384.000000 0.004000
940.000000 384.000000 0.004400
781.000000 385.000000 0.004400
853.000000 385.000000 0.005600
872.000000 385.000000 0.004400
890.000000 385.000000 0.004400
906.000000 385.000000 0.004400
923.000000 385.000000 0.004400
720.000000 386.000000 0.004400
765.000000 386.000000 0.004400
703.000000 387.000000 0.004400
736.000000 387.000000 0.003600
749.000000 387.000000 0.004000
653.000000 389.000000 0.005600
688.000000 389.000000 0.004000
672.000000 390.000000 0.004400
638.000000 391.000000 0.003600
626.000000 393.000000 0.004400
526.000000 394.000000 0.006800
612.000000 394.000000 0.005600
592.000000 395.000000 0.004400
508.000000 396.000000 0.005600
549.000000 396.000000 0.004400
576.000000 396.000000 0.006800
489.000000 398.000000 0.004400
171.000000 399.000000 0.005600
317.000000 399.000000 0.005600
337.000000 399.000000 0.004400
376.000000 399.000000 0.004800
459.000000 399.000000 0.004400
476.000000 399.000000 0.004400
190.000000 400.000000 0.004400
272.000000 400.000000 0.004400
292.000000 400.000000 0.005600
402.000000 400.000000 0.004400
436.000000 400.000000 0.004400
216.000000 401.000000 0.005200
356.000000 401.000000 0.004400
416.000000 401.000000 0.004000
237.000000 402.000000 0.004400
256.000000 402.000000 0.004400
426.000000 416.000000 0.004400
441.000000 416.000000 0.003200
454.000000 416.000000 0.002800
356.000000 418.000000 0.003600
371.000000 418.000000 0.003600
386.000000 418.000000 0.004000
166.000000 419.000000 0.004400
188.000000 419.000000 0.005600
341.000000 419.000000 0.004000
402.000000 419.000000 0.004000
202.000000 420.000000 0.004000
242.000000 420.000000 0.003600
284.000000 420.000000 0.004400
302.000000 420.000000 0.004400
324.000000 420.000000 0.004400
220.000000 421.000000 0.005200
266.000000 421.000000 0.004000
444.947090 267.342922 0.005860
460.661376 265.200065 0.005860
534.232804 269.485779 0.005860
563.518519 268.057207 0.005860
