0.136000 0.028000 0.000004
0.152000 0.028800 0.000004
0.225600 0.032000 0.000005
0.171200 0.032800 0.000004
0.193600 0.032800 0.000004
0.207200 0.032800 0.000004
0.184800 0.033600 0.000007
0.239200 0.034400 0.000004
0.252000 0.034400 0.000004
0.270400 0.034400 0.000005
0.280800 0.034400 0.000004
0.296800 0.034400 0.000004
0.335200 0.034400 0.000006
0.312800 0.035200 0.000004
0.688800 0.036800 0.000004
0.703200 0.036800 0.000004
0.716000 0.036800 0.000004
0.677600 0.038400 0.000004
0.756800 0.038400 0.000003
0.780800 0.038400 0.000003
0.824000 0.038400 0.000003
0.728000 0.039200 0.000004
0.768000 0.039200 0.000003
0.837600 0.039200 0.000003
0.872800 0.039200 0.000002
0.881600 0.039200 0.000004
0.744000 0.040000 0.000003
0.794400 0.040000 0.000003
0.809600 0.040800 0.000004
0.864800 0.040800 0.000004
0.849600 0.041600 0.000003
0.670400 0.051200 0.000004
0.683200 0.052000 0.000004
0.836800 0.052000 0.000004
0.699200 0.054400 0.000004
0.756800 0.054400 0.000003
0.772800 0.054400 0.000004
0.788800 0.054400 0.000004
0.874400 0.054400 0.000004
0.886400 0.054400 0.000004
0.713600 0.055200 0.000004
0.744000 0.055200 0.000003
0.805600 0.055200 0.000004
0.821600 0.055200 0.000004
0.852800 0.055200 0.000003
0.897600 0.055200 0.000003
0.907200 0.055200 0.000004
0.917600 0.055200 0.000004
0.728000 0.056000 0.000004
0.161600 0.063200 0.000003
0.172000 0.063200 0.000007
0.119200 0.064000 0.000009
0.148800 0.064000 0.000004
0.136000 0.065600 0.000004
0.668800 0.067200 0.000003
0.681600 0.068800 0.000003
0.693600 0.068800 0.000003
0.838400 0.068800 0.000004
0.767200 0.069600 0.000004
0.782400 0.069600 0.000003
0.795200 0.069600 0.000003
0.704000 0.070400 0.000003
0.717600 0.070400 0.000004
0.730400 0.070400 0.000003
0.741600 0.070400 0.000003
0.754400 0.070400 0.000003
0.859200 0.070400 0.000004
0.809600 0.071200 0.000003
0.823200 0.071200 0.000004
0.891200 0.079200 0.000004
0.901600 0.081600 0.000008
0.066400 0.093600 0.000005
0.027200 0.096000 0.000006
0.208000 0.096000 0.000005
0.254400 0.096000 0.000008
0.046400 0.096800 0.000005
0.226400 0.097600 0.000004
0.241600 0.097600 0.000004
0.295200 0.097600 0.000005
0.139200 0.098400 0.000008
0.151200 0.098400 0.000004
0.168000 0.098400 0.000004
0.277600 0.098400 0.000004
0.186400 0.099200 0.000005
0.320800 0.099200 0.000007
0.444000 0.099200 0.000007
0.334400 0.100000 0.000005
0.353600 0.100000 0.000006
0.404000 0.100000 0.000006
0.376000 0.100800 0.000004
0.387200 0.100800 0.000004
0.423200 0.100800 0.000005
0.432000 0.100800 0.000002
0.468800 0.100800 0.000005
0.487200 0.100800 0.000004
0.504800 0.100800 0.000004
0.521600 0.100800 0.000004
0.540000 0.100800 0.000004
0.663200 0.100800 0.000006
0.603200 0.101600 0.000005
0.688800 0.101600 0.000005
0.558400 0.102400 0.000004
0.574400 0.102400 0.000004
0.588800 0.102400 0.000004
0.780800 0.102400 0.000006
0.644800 0.103200 0.000004
0.712000 0.103200 0.000004
0.747200 0.103200 0.000004
0.801600 0.103200 0.000005
0.728800 0.104000 0.000004
0.760000 0.104000 0.000004
0.817600 0.104800 0.000004
0.628000 0.105600 0.000005
0.836800 0.106400 0.000005
0.857600 0.106400 0.000005
0.872000 0.107200 0.000004
0.885600 0.107200 0.000004
0.067200 0.116800 0.000006
0.057600 0.117600 0.000003
0.048000 0.118400 0.000003
0.024800 0.120800 0.000004
0.035200 0.120800 0.000004
0.166400 0.121600 0.000005
0.238400 0.122400 0.000005
0.211200 0.123200 0.000005
0.222400 0.123200 0.000004
0.141600 0.124000 0.000006
0.188800 0.124000 0.000005
0.255200 0.124000 0.000005
0.299200 0.124000 0.000004
0.433600 0.124000 0.000005
0.488000 0.124000 0.000006
0.281600 0.124800 0.000004
0.411200 0.124800 0.000007
0.454400 0.124800 0.000005
0.515200 0.124800 0.000005
0.540000 0.124800 0.000006
0.681600 0.124800 0.000005
0.567200 0.125600 0.000005
0.588800 0.125600 0.000005
0.660000 0.125600 0.000005
0.703200 0.125600 0.000005
0.744800 0.125600 0.000005
0.316800 0.126400 0.000004
0.389600 0.126400 0.000004
0.800800 0.126400 0.000004
0.824000 0.126400 0.000005
0.332000 0.127200 0.000004
0.346400 0.127200 0.000005
0.370400 0.127200 0.000005
0.614400 0.127200 0.000005
0.636000 0.127200 0.000005
0.725600 0.127200 0.000004
0.762400 0.127200 0.000004
0.777600 0.128000 0.000005
0.847200 0.128000 0.000005
0.920800 0.130400 0.000004
0.933600 0.130400 0.000003
0.906400 0.131200 0.000004
0.944800 0.131200 0.000004
0.955200 0.131200 0.000004
0.972000 0.132000 0.000004
0.881600 0.132800 0.000005
0.160000 0.144800 0.000004
0.142400 0.145600 0.000004
0.177600 0.146400 0.000005
0.199200 0.146400 0.000004
0.525600 0.146400 0.000004
0.536000 0.146400 0.000006
0.214400 0.147200 0.000004
0.247200 0.147200 0.000005
0.544000 0.147200 0.000004
0.587200 0.147200 0.000004
0.235200 0.148000 0.000004
0.267200 0.148000 0.000004
0.476800 0.148000 0.000004
0.509600 0.148000 0.000004
0.558400 0.148000 0.000004
0.573600 0.148000 0.000004
0.600800 0.148000 0.000003
0.964800 0.148000 0.000004
0.281600 0.148800 0.000004
0.459200 0.148800 0.000004
0.489600 0.148800 0.000004
0.628000 0.148800 0.000004
0.648000 0.148800 0.000004
0.664000 0.148800 0.000004
0.678400 0.148800 0.000004
0.692800 0.148800 0.000004
0.905600 0.148800 0.000004
0.946400 0.148800 0.000004
0.296800 0.149600 0.000002
0.387200 0.149600 0.000005
0.441600 0.149600 0.000004
0.612000 0.149600 0.000004
0.709600 0.149600 0.000004
0.808000 0.149600 0.000004
0.918400 0.149600 0.000003
0.931200 0.149600 0.000004
0.311200 0.150400 0.000005
0.329600 0.150400 0.000004
0.349600 0.150400 0.000005
0.411200 0.150400 0.000004
0.427200 0.150400 0.000004
0.726400 0.150400 0.000004
0.743200 0.150400 0.000004
0.758400 0.150400 0.000004
0.790400 0.150400 0.000004
0.824800 0.150400 0.000004
0.887200 0.150400 0.000004
0.772800 0.151200 0.000004
0.872000 0.151200 0.000004
0.369600 0.152000 0.000004
0.840800 0.152000 0.000004
0.857600 0.152000 0.000004
0.408000 0.161600 0.000003
0.443200 0.161600 0.000002
0.452000 0.161600 0.000002
0.969600 0.164000 0.000004
0.902400 0.164800 0.000004
0.922400 0.165600 0.000004
0.935200 0.165600 0.000004
0.958400 0.165600 0.000004
0.196000 0.166400 0.000005
0.946400 0.166400 0.000003
0.141600 0.168000 0.000005
0.218400 0.168000 0.000004
0.160800 0.168800 0.000004
0.177600 0.168800 0.000004
0.234400 0.168800 0.000004
0.250400 0.169600 0.000004
0.703200 0.170400 0.000004
0.267200 0.171200 0.000004
0.502400 0.171200 0.000002
0.518400 0.171200 0.000005
0.538400 0.171200 0.000004
0.555200 0.171200 0.000005
0.576000 0.171200 0.000005
0.594400 0.171200 0.000004
0.672000 0.171200 0.000004
0.685600 0.171200 0.000004
0.721600 0.171200 0.000004
0.487200 0.172000 0.000005
0.612000 0.172000 0.000004
0.631200 0.172000 0.000005
0.652800 0.172000 0.000005
0.283200 0.172800 0.000004
0.416000 0.172800 0.000006
0.464800 0.172800 0.000005
0.295200 0.173600 0.000004
0.308000 0.173600 0.000004
0.340000 0.173600 0.000004
0.394400 0.173600 0.000004
0.324800 0.174400 0.000004
0.359200 0.174400 0.000005
0.378400 0.174400 0.000004
0.440800 0.174400 0.000004
0.739200 0.174400 0.000004
0.802400 0.174400 0.000006
0.820000 0.174400 0.000004
0.756000 0.175200 0.000005
0.778400 0.175200 0.000005
0.836000 0.176000 0.000004
0.870400 0.176000 0.000004
0.884800 0.176000 0.000004
0.852800 0.176800 0.000004
0.146400 0.192800 0.000006
0.168000 0.194400 0.000005
0.223200 0.194400 0.000005
0.203200 0.195200 0.000005
0.649600 0.195200 0.000004
0.185600 0.196000 0.000004
0.667200 0.196000 0.000004
0.684000 0.196000 0.000004
0.704000 0.196000 0.000005
0.624800 0.196800 0.000004
0.748800 0.196800 0.000004
0.782400 0.196800 0.000004
0.241600 0.197600 0.000004
0.256000 0.197600 0.000004
0.531200 0.197600 0.000005
0.541600 0.197600 0.000002
0.571200 0.197600 0.000005
0.593600 0.197600 0.000004
0.606400 0.197600 0.000004
0.729600 0.197600 0.000007
0.765600 0.197600 0.000004
0.416800 0.198400 0.000004
0.431200 0.198400 0.000004
0.876000 0.198400 0.000004
0.272800 0.199200 0.000005
0.295200 0.199200 0.000005
0.312000 0.199200 0.000004
0.397600 0.199200 0.000006
0.447200 0.199200 0.000004
0.458400 0.199200 0.000004
0.475200 0.199200 0.000004
0.553600 0.199200 0.000004
0.799200 0.199200 0.000004
0.816000 0.199200 0.000005
0.859200 0.199200 0.000004
0.492800 0.200000 0.000004
0.511200 0.200000 0.000004
0.840000 0.200000 0.000004
0.325600 0.200800 0.000004
0.337600 0.200800 0.000005
0.356000 0.200800 0.000005
0.370400 0.200800 0.000005
0.252800 0.211200 0.000002
0.880800 0.211200 0.000003
0.240800 0.212000 0.000003
0.836000 0.212800 0.000002
0.844800 0.212800 0.000002
0.868800 0.212800 0.000003
0.145600 0.217600 0.000005
0.635200 0.218400 0.000004
0.682400 0.219200 0.000004
0.160000 0.220000 0.000004
0.648800 0.220000 0.000004
0.174400 0.220800 0.000005
0.577600 0.220800 0.000006
0.619200 0.220800 0.000004
0.664800 0.220800 0.000004
0.702400 0.220800 0.000005
0.900000 0.220800 0.000004
0.922400 0.220800 0.000004
0.972000 0.220800 0.000004
0.436800 0.221600 0.000005
0.452800 0.221600 0.000004
0.466400 0.221600 0.000004
0.494400 0.221600 0.000004
0.512000 0.221600 0.000004
0.525600 0.221600 0.000005
0.548000 0.221600 0.000004
0.564000 0.221600 0.000004
0.601600 0.221600 0.000004
0.722400 0.221600 0.000005
0.828000 0.221600 0.000002
0.912000 0.221600 0.000003
0.934400 0.221600 0.000003
0.945600 0.221600 0.000004
0.958400 0.221600 0.000003
0.196800 0.222400 0.000004
0.227200 0.222400 0.000004
0.479200 0.222400 0.000004
0.774400 0.222400 0.000005
0.838400 0.222400 0.000003
0.852800 0.222400 0.000004
0.210400 0.223200 0.000004
0.244800 0.223200 0.000004
0.754400 0.223200 0.000005
0.815200 0.223200 0.000004
0.256000 0.224000 0.000004
0.303200 0.224000 0.000004
0.320800 0.224000 0.000004
0.419200 0.224000 0.000004
0.880000 0.224000 0.000004
0.269600 0.224800 0.000004
0.286400 0.224800 0.000004
0.399200 0.224800 0.000006
0.336800 0.225600 0.000004
0.352800 0.225600 0.000004
0.372800 0.225600 0.000004
0.796800 0.225600 0.000005
0.964000 0.233600 0.000003
0.680800 0.242400 0.000005
0.648800 0.243200 0.000005
0.697600 0.244000 0.000004
0.559200 0.244800 0.000005
0.599200 0.244800 0.000004
0.628800 0.244800 0.000004
0.739200 0.244800 0.000004
0.764000 0.244800 0.000004
0.147200 0.245600 0.000005
0.580000 0.245600 0.000005
0.613600 0.245600 0.000004
0.712000 0.245600 0.000004
0.727200 0.245600 0.000004
0.748800 0.245600 0.000005
0.780000 0.245600 0.000005
0.936800 0.245600 0.000003
0.171200 0.246400 0.000006
0.947200 0.246400 0.000003
0.523200 0.247200 0.000005
0.540800 0.247200 0.000004
0.862400 0.247200 0.000004
0.914400 0.247200 0.000003
0.958400 0.247200 0.000003
0.194400 0.248000 0.000005
0.498400 0.248000 0.000006
0.796000 0.248000 0.000004
0.814400 0.248000 0.000004
0.848000 0.248000 0.000004
0.903200 0.248000 0.000004
0.924800 0.248000 0.000003
0.259200 0.248800 0.000005
0.880000 0.248800 0.000004
0.213600 0.249600 0.000005
0.236000 0.249600 0.000005
0.278400 0.249600 0.000004
0.444800 0.249600 0.000004
0.832800 0.249600 0.000004
0.356000 0.250400 0.000006
0.377600 0.250400 0.000005
0.397600 0.250400 0.000004
0.412800 0.250400 0.000004
0.459200 0.250400 0.000004
0.292000 0.251200 0.000004
0.322400 0.251200 0.000005
0.474400 0.251200 0.000005
0.306400 0.252000 0.000004
0.432800 0.252000 0.000007
0.920800 0.262400 0.000004
0.936800 0.262400 0.000004
0.963200 0.262400 0.000004
0.949600 0.263200 0.000003
0.905600 0.264000 0.000004
0.972800 0.264800 0.000006
0.693600 0.268800 0.000007
0.717600 0.269600 0.000005
0.153600 0.270400 0.000006
0.628800 0.270400 0.000004
0.681600 0.270400 0.000004
0.590400 0.271200 0.000004
0.609600 0.271200 0.000005
0.646400 0.271200 0.000005
0.734400 0.271200 0.000004
0.747200 0.271200 0.000004
0.757600 0.271200 0.000006
0.777600 0.271200 0.000004
0.789600 0.271200 0.000002
0.804800 0.271200 0.000004
0.568000 0.272000 0.000005
0.820000 0.272000 0.000004
0.174400 0.272800 0.000004
0.839200 0.272800 0.000004
0.879200 0.272800 0.000006
0.188800 0.273600 0.000004
0.205600 0.273600 0.000004
0.416800 0.273600 0.000004
0.548800 0.273600 0.000005
0.668000 0.273600 0.000008
0.224000 0.274400 0.000004
0.247200 0.274400 0.000006
0.269600 0.274400 0.000005
0.527200 0.274400 0.000005
0.858400 0.274400 0.000004
0.371200 0.276000 0.000006
0.436800 0.276000 0.000005
0.297600 0.276800 0.000007
0.307200 0.276800 0.000009
0.396000 0.276800 0.000005
0.456000 0.276800 0.000004
0.507200 0.276800 0.000005
0.344800 0.277600 0.000005
0.477600 0.277600 0.000006
0.323200 0.278400 0.000005
0.920800 0.287200 0.000005
0.941600 0.287200 0.000005
0.960800 0.289600 0.000007
0.972529 0.236160 0.000004
0.393672 0.162446 0.000004
0.431386 0.161303 0.000004
0.401672 0.137874 0.000004
0.410815 0.137874 0.000004
0.625672 0.159017 0.000004
0.638815 0.159017 0.000004
0.081101 0.115589 0.000004
