67 68
99 100
188 196
40 41
100 101
291 297
343 344
192 193
284 285
165 175
66 71
106 107
244 248
166 167
7 12
47 48
226 227
247 259
107 108
306 317
48 49
280 283
291 292
328 341
140 141
262 265
148 154
221 224
313 316
324 325
14 19
114 115
346 349
187 194
206 207
158 176
347 350
147 148
390 391
136 395
101 126
391 392
261 264
332 333
364 365
154 174
376 385
76 83
279 281
6 15
21 22
147 161
113 114
339 340
150 172
54 55
62 68
87 88
375 384
179 180
187 193
195 206
357 366
149 166
387 394
272 273
360 367
2 3
213 214
383 387
131 135
62 63
110 121
353 355
146 151
194 200
102 126
35 36
95 96
127 128
145 173
17 24
279 280
287 293
128 129
327 338
371 372
257 261
90 93
309 317
312 313
113 122
10 11
253 254
102 103
305 310
364 368
43 44
72 80
116 123
5 8
378 379
297 302
76 77
308 311
238 243
168 169
379 380
50 52
142 144
39 42
271 276
205 209
353 354
275 282
294 295
124 131
9 10
186 191
319 324
268 269
160 178
182 184
360 361
23 29
290 293
231 234
382 394
53 57
16 17
24 30
307 318
237 241
359 365
216 218
329 342
197 204
238 242
50 51
20 28
225 397
314 316
326 327
175 176
215 221
85 93
267 268
185 189
167 177
300 301
230 233
30 31
241 242
71 78
200 201
90 91
333 334
41 46
330 347
182 183
53 65
64 65
296 299
56 61
307 308
156 157
18 25
97 98
19 26
400 401
281 282
392 393
314 315
104 115
244 247
196 207
185 188
366 367
99 112
399 400
370 373
219 222
381 382
14 27
37 38
296 298
15 28
70 89
33 36
240 249
321 323
73 81
255 256
217 220
155 156
143 163
288 289
195 210
137 138
229 230
358 362
369 371
118 133
159 171
239 243
170 171
369 380
129 130
132 135
111 112
161 180
140 157
284 287
162 181
254 255
273 277
236 237
266 274
306 310
250 257
269 270
118 119
228 229
69 74
0 2
169 170
61 79
331 339
151 152
331 348
192 199
232 235
110 120
202 203
125 127
217 219
66 77
143 162
214 222
198 205
88 92
335 341
298 301
109 133
320 325
139 402
299 302
132 134
25 26
32 34
117 123
258 260
250 256
168 177
69 73
328 342
54 57
283 285
43 47
84 85
124 130
286 290
346 350
357 359
58 59
309 315
349 351
234 239
213 216
75 84
334 335
51 55
64 74
202 215
246 249
227 235
198 199
356 358
197 203
201 210
58 63
220 223
190 191
153 160
172 173
223 224
374 384
164 165
286 289
375 376
186 189
149 158
6 11
98 103
330 337
260 263
150 159
94 96
231 232
385 388
56 60
108 116
264 265
208 212
109 117
12 13
381 386
104 105
274 278
1 3
355 361
45 46
374 383
105 106
72 81
267 275
5 9
138 139
319 321
377 393
79 80
270 276
322 323
370 372
111 121
20 21
352 354
4 13
75 82
1 7
212 218
252 263
16 23
145 146
336 351
388 389
245 251
86 87
208 211
89 92
178 179
300 303
389 390
259 262
119 120
4 8
271 272
141 144
303 304
152 153
363 373
204 209
245 246
277 278
67 78
86 91
248 251
337 338
70 83
329 343
311 312
295 304
22 29
363 368
122 134
344 345
288 292
174 181
226 228
59 60
18 31
318 320
377 378
322 326
183 396
34 35
236 240
155 163
336 345
