75.000000 28.000000 0.000002
196.000000 28.000000 0.000002
279.000000 28.000000 0.000002
297.000000 28.000000 0.000002
116.000000 29.000000 0.000002
311.000000 29.000000 0.000002
324.000000 29.000000 0.000002
375.000000 29.000000 0.000002
388.000000 29.000000 0.000002
103.000000 30.000000 0.000002
180.000000 30.000000 0.000003
213.000000 30.000000 0.000002
228.000000 30.000000 0.000002
241.000000 30.000000 0.000002
260.000000 30.000000 0.000002
337.000000 30.000000 0.000002
358.000000 30.000000 0.000002
464.000000 30.000000 0.000002
61.000000 31.000000 0.000001
129.000000 31.000000 0.000001
155.000000 31.000000 0.000002
407.000000 31.000000 0.000003
444.000000 31.000000 0.000002
481.000000 31.000000 0.000002
497.000000 31.000000 0.000002
540.000000 32.000000 0.000002
44.000000 33.000000 0.000002
429.000000 33.000000 0.000002
511.000000 33.000000 0.000002
523.000000 34.000000 0.000002
1087.000000 37.000000 0.000002
1073.000000 39.000000 0.000005
1030.000000 40.000000 0.000002
1050.000000 40.000000 0.000002
745.000000 41.000000 0.000002
785.000000 41.000000 0.000002
962.000000 41.000000 0.000003
690.000000 42.000000 0.000003
1009.000000 42.000000 0.000003
708.000000 43.000000 0.000002
727.000000 43.000000 0.000002
766.000000 43.000000 0.000002
987.000000 43.000000 0.000002
851.000000 44.000000 0.000003
942.000000 44.000000 0.000002
802.000000 45.000000 0.000005
919.000000 45.000000 0.000002
666.000000 46.000000 0.000002
871.000000 46.000000 0.000002
890.000000 47.000000 0.000002
904.000000 47.000000 0.000001
636.000000 48.000000 0.000002
649.000000 48.000000 0.000002
102.000000 73.000000 0.000004
165.000000 73.000000 0.000003
136.000000 74.000000 0.000002
151.000000 74.000000 0.000002
120.000000 75.000000 0.000002
1083.000000 84.000000 0.000005
1096.000000 86.000000 0.000004
711.000000 105.000000 0.000002
444.000000 117.000000 0.000003
470.000000 117.000000 0.000003
498.000000 117.000000 0.000003
175.000000 118.000000 0.000003
244.000000 118.000000 0.000003
550.000000 118.000000 0.000003
197.000000 119.000000 0.000002
267.000000 119.000000 0.000003
291.000000 119.000000 0.000003
322.000000 119.000000 0.000003
397.000000 119.000000 0.000002
417.000000 119.000000 0.000003
520.000000 119.000000 0.000002
680.000000 119.000000 0.000003
1064.000000 119.000000 0.000005
1083.000000 119.000000 0.000003
219.000000 120.000000 0.000002
348.000000 120.000000 0.000002
375.000000 120.000000 0.000003
582.000000 120.000000 0.000003
657.000000 120.000000 0.000002
700.000000 120.000000 0.000002
720.000000 120.000000 0.000002
859.000000 120.000000 0.000003
612.000000 121.000000 0.000003
881.000000 121.000000 0.000002
897.000000 121.000000 0.000004
912.000000 121.000000 0.000004
934.000000 121.000000 0.000002
1043.000000 121.000000 0.000002
635.000000 122.000000 0.000003
742.000000 122.000000 0.000002
1002.000000 122.000000 0.000002
1017.000000 122.000000 0.000003
763.000000 123.000000 0.000002
787.000000 123.000000 0.000003
814.000000 123.000000 0.000002
836.000000 123.000000 0.000002
955.000000 123.000000 0.000003
970.000000 123.000000 0.000002
983.000000 123.000000 0.000003
1163.000000 147.000000 0.000004
1145.000000 149.000000 0.000005
306.000000 150.000000 0.000003
452.000000 150.000000 0.000003
494.000000 150.000000 0.000002
1008.000000 150.000000 0.000002
252.000000 151.000000 0.000003
273.000000 151.000000 0.000002
287.000000 151.000000 0.000002
335.000000 151.000000 0.000003
363.000000 151.000000 0.000003
477.000000 151.000000 0.000002
515.000000 151.000000 0.000002
632.000000 151.000000 0.000002
686.000000 151.000000 0.000003
881.000000 151.000000 0.000003
1028.000000 151.000000 0.000002
1091.000000 151.000000 0.000003
177.000000 152.000000 0.000003
430.000000 152.000000 0.000002
531.000000 152.000000 0.000003
584.000000 152.000000 0.000003
663.000000 152.000000 0.000002
708.000000 152.000000 0.000003
804.000000 152.000000 0.000002
840.000000 152.000000 0.000002
860.000000 152.000000 0.000002
202.000000 153.000000 0.000002
412.000000 153.000000 0.000002
557.000000 153.000000 0.000002
759.000000 153.000000 0.000003
824.000000 153.000000 0.000002
904.000000 153.000000 0.000002
1050.000000 153.000000 0.000002
1069.000000 153.000000 0.000002
226.000000 154.000000 0.000003
609.000000 154.000000 0.000002
737.000000 154.000000 0.000002
785.000000 154.000000 0.000002
924.000000 154.000000 0.000002
944.000000 154.000000 0.000002
962.000000 154.000000 0.000002
986.000000 154.000000 0.000002
390.000000 155.000000 0.000003
1181.000000 178.000000 0.000002
1196.000000 179.000000 0.000002
299.000000 180.000000 0.000003
320.000000 180.000000 0.000002
339.000000 180.000000 0.000002
360.000000 180.000000 0.000002
432.000000 180.000000 0.000002
452.000000 180.000000 0.000002
592.000000 180.000000 0.000003
1161.000000 180.000000 0.000002
1214.000000 180.000000 0.000002
174.000000 181.000000 0.000003
244.000000 181.000000 0.000002
270.000000 181.000000 0.000003
382.000000 181.000000 0.000002
403.000000 181.000000 0.000003
474.000000 181.000000 0.000002
636.000000 181.000000 0.000002
655.000000 181.000000 0.000002
1137.000000 181.000000 0.000002
203.000000 182.000000 0.000002
222.000000 182.000000 0.000002
617.000000 182.000000 0.000002
673.000000 182.000000 0.000002
866.000000 182.000000 0.000002
913.000000 182.000000 0.000003
1041.000000 182.000000 0.000003
493.000000 183.000000 0.000002
505.000000 183.000000 0.000003
564.000000 183.000000 0.000002
694.000000 183.000000 0.000002
718.000000 183.000000 0.000003
776.000000 183.000000 0.000002
796.000000 183.000000 0.000002
842.000000 183.000000 0.000002
887.000000 183.000000 0.000002
942.000000 183.000000 0.000003
1118.000000 183.000000 0.000002
528.000000 184.000000 0.000003
815.000000 184.000000 0.000003
965.000000 184.000000 0.000002
1015.000000 184.000000 0.000002
546.000000 185.000000 0.000002
753.000000 185.000000 0.000003
989.000000 185.000000 0.000003
1066.000000 185.000000 0.000002
1087.000000 185.000000 0.000003
1185.000000 196.000000 0.000002
1163.000000 198.000000 0.000002
1146.000000 199.000000 0.000002
1119.000000 200.000000 0.000002
1133.000000 200.000000 0.000002
401.000000 210.000000 0.000002
316.000000 211.000000 0.000002
421.000000 211.000000 0.000003
283.000000 212.000000 0.000001
338.000000 212.000000 0.000003
366.000000 212.000000 0.000002
383.000000 212.000000 0.000003
483.000000 212.000000 0.000003
587.000000 212.000000 0.000003
615.000000 212.000000 0.000003
639.000000 212.000000 0.000002
261.000000 213.000000 0.000003
299.000000 213.000000 0.000002
519.000000 213.000000 0.000003
562.000000 213.000000 0.000002
662.000000 213.000000 0.000003
688.000000 213.000000 0.000002
709.000000 213.000000 0.000003
928.000000 213.000000 0.000003
188.000000 214.000000 0.000002
238.000000 214.000000 0.000003
447.000000 214.000000 0.000003
541.000000 214.000000 0.000002
859.000000 214.000000 0.000002
906.000000 214.000000 0.000002
954.000000 214.000000 0.000003
171.000000 215.000000 0.000003
207.000000 215.000000 0.000002
462.000000 215.000000 0.000003
734.000000 215.000000 0.000002
755.000000 215.000000 0.000003
839.000000 215.000000 0.000002
883.000000 215.000000 0.000002
984.000000 215.000000 0.000003
1013.000000 215.000000 0.000003
1036.000000 215.000000 0.000003
786.000000 216.000000 0.000003
824.000000 216.000000 0.000002
809.000000 217.000000 0.000002
1062.000000 218.000000 0.000003
1085.000000 218.000000 0.000003
521.000000 244.000000 0.000003
555.000000 244.000000 0.000003
305.000000 245.000000 0.000003
534.000000 245.000000 0.000004
601.000000 245.000000 0.000003
647.000000 245.000000 0.000003
768.000000 245.000000 0.000003
173.000000 246.000000 0.000003
260.000000 246.000000 0.000002
281.000000 246.000000 0.000002
429.000000 246.000000 0.000002
578.000000 246.000000 0.000003
678.000000 246.000000 0.000003
705.000000 246.000000 0.000003
794.000000 246.000000 0.000003
822.000000 246.000000 0.000002
845.000000 246.000000 0.000003
201.000000 247.000000 0.000002
329.000000 247.000000 0.000003
352.000000 247.000000 0.000003
381.000000 247.000000 0.000003
407.000000 247.000000 0.000003
453.000000 247.000000 0.000003
473.000000 247.000000 0.000003
500.000000 247.000000 0.000003
629.000000 247.000000 0.000003
730.000000 247.000000 0.000002
746.000000 247.000000 0.000002
220.000000 248.000000 0.000002
242.000000 248.000000 0.000002
869.000000 248.000000 0.000002
903.000000 248.000000 0.000002
923.000000 248.000000 0.000002
965.000000 248.000000 0.000003
988.000000 248.000000 0.000002
945.000000 249.000000 0.000002
1044.000000 249.000000 0.000003
1089.000000 249.000000 0.000003
884.000000 250.000000 0.000002
1013.000000 250.000000 0.000003
1067.000000 250.000000 0.000002
318.000000 278.000000 0.000003
168.000000 279.000000 0.000003
210.000000 279.000000 0.000002
297.000000 279.000000 0.000002
399.000000 279.000000 0.000003
668.000000 279.000000 0.000003
1153.000000 279.000000 0.000003
191.000000 280.000000 0.000002
226.000000 280.000000 0.000002
249.000000 280.000000 0.000002
272.000000 280.000000 0.000003
474.000000 280.000000 0.000003
1045.000000 280.000000 0.000003
1066.000000 280.000000 0.000004
1177.000000 280.000000 0.000002
341.000000 281.000000 0.000002
366.000000 281.000000 0.000003
421.000000 281.000000 0.000002
590.000000 281.000000 0.000003
641.000000 281.000000 0.000003
696.000000 281.000000 0.000003
1082.000000 281.000000 0.000003
448.000000 282.000000 0.000003
615.000000 282.000000 0.000003
828.000000 282.000000 0.000003
851.000000 282.000000 0.000003
1001.000000 282.000000 0.000003
1130.000000 282.000000 0.000003
1194.000000 282.000000 0.000002
520.000000 283.000000 0.000003
557.000000 283.000000 0.000003
722.000000 283.000000 0.000003
744.000000 283.000000 0.000003
777.000000 283.000000 0.000003
876.000000 283.000000 0.000003
906.000000 283.000000 0.000003
1028.000000 283.000000 0.000003
497.000000 284.000000 0.000002
924.000000 284.000000 0.000003
947.000000 284.000000 0.000003
977.000000 284.000000 0.000003
802.000000 285.000000 0.000003
93.000000 302.000000 0.000002
110.000000 302.000000 0.000002
66.000000 303.000000 0.000002
130.000000 303.000000 0.000002
51.000000 304.000000 0.000002
34.000000 305.000000 0.000002
166.000000 309.000000 0.000003
222.000000 309.000000 0.000003
277.000000 309.000000 0.000003
1135.000000 309.000000 0.000003
1165.000000 309.000000 0.000003
192.000000 310.000000 0.000003
253.000000 310.000000 0.000003
394.000000 310.000000 0.000003
1191.000000 311.000000 0.000003
370.000000 312.000000 0.000002
300.000000 313.000000 0.000001
319.000000 313.000000 0.000003
350.000000 314.000000 0.000003
417.000000 314.000000 0.000003
568.000000 314.000000 0.000003
441.000000 315.000000 0.000002
548.000000 315.000000 0.000002
519.000000 316.000000 0.000003
588.000000 316.000000 0.000002
625.000000 316.000000 0.000003
645.000000 316.000000 0.000002
686.000000 316.000000 0.000003
714.000000 316.000000 0.000003
766.000000 316.000000 0.000002
790.000000 316.000000 0.000003
459.000000 317.000000 0.000003
603.000000 317.000000 0.000002
660.000000 317.000000 0.000002
740.000000 317.000000 0.000003
486.000000 318.000000 0.000003
1009.000000 318.000000 0.000003
816.000000 319.000000 0.000002
833.000000 319.000000 0.000002
955.000000 319.000000 0.000002
980.000000 319.000000 0.000003
1030.000000 319.000000 0.000003
1044.000000 319.000000 0.000002
1059.000000 319.000000 0.000003
853.000000 320.000000 0.000002
876.000000 320.000000 0.000002
906.000000 320.000000 0.000003
933.000000 320.000000 0.000003
1079.000000 320.000000 0.000003
74.000000 338.000000 0.000002
54.000000 339.000000 0.000002
92.000000 339.000000 0.000002
108.000000 339.000000 0.000002
124.000000 339.000000 0.000002
143.000000 339.000000 0.000002
36.000000 340.000000 0.000002
188.000000 340.000000 0.000002
384.000000 340.000000 0.000003
165.000000 341.000000 0.000002
239.000000 341.000000 0.000003
210.000000 342.000000 0.000003
264.000000 342.000000 0.000002
335.000000 342.000000 0.000003
415.000000 342.000000 0.000002
309.000000 343.000000 0.000002
323.000000 343.000000 0.000001
363.000000 343.000000 0.000002
436.000000 343.000000 0.000002
456.000000 343.000000 0.000003
481.000000 343.000000 0.000003
288.000000 344.000000 0.000003
506.000000 345.000000 0.000002
576.000000 345.000000 0.000002
593.000000 345.000000 0.000002
743.000000 345.000000 0.000002
530.000000 346.000000 0.000002
554.000000 346.000000 0.000002
645.000000 346.000000 0.000002
664.000000 346.000000 0.000003
831.000000 346.000000 0.000003
619.000000 347.000000 0.000003
695.000000 347.000000 0.000002
717.000000 347.000000 0.000003
766.000000 347.000000 0.000003
793.000000 347.000000 0.000003
859.000000 348.000000 0.000002
887.000000 348.000000 0.000003
990.000000 349.000000 0.000002
1011.000000 350.000000 0.000002
1032.000000 350.000000 0.000002
913.000000 351.000000 0.000002
936.000000 351.000000 0.000002
957.000000 351.000000 0.000003
1051.000000 351.000000 0.000002
1083.000000 352.000000 0.000003
754.232500 60.200000 0.000003
