185 194
159 160
251 252
192 193
200 206
431 438
362 366
73 74
292 298
324 330
376 377
22 28
468 469
106 107
317 318
226 227
428 432
107 108
318 319
139 149
77 85
442 452
232 233
443 444
313 316
73 78
154 161
173 174
181 187
416 417
14 19
246 253
103 115
74 79
346 349
155 162
449 450
7 16
298 299
147 148
239 240
328 336
331 332
331 341
261 264
412 424
184 188
102 109
361 369
324 329
332 342
173 178
302 310
217 221
14 32
235 238
457 458
55 60
327 339
312 314
153 159
10 12
431 432
383 392
146 147
194 205
87 88
95 101
286 306
179 180
276 280
378 398
88 89
287 307
228 230
419 426
201 213
29 30
61 62
272 273
121 122
169 171
2 3
213 214
404 410
261 263
54 59
94 95
361 368
154 155
413 415
375 388
36 37
68 69
287 293
319 325
160 161
371 372
220 221
372 373
10 11
404 405
242 254
293 299
326 333
183 186
175 182
405 406
445 451
135 136
9 15
276 279
308 311
227 237
197 205
400 403
168 169
379 380
120 129
150 157
352 353
360 366
412 413
75 81
13 17
463 464
385 386
304 309
294 295
375 387
386 387
248 255
359 379
297 306
208 219
337 351
201 207
241 243
249 256
268 269
119 128
50 56
119 137
356 467
53 57
323 326
108 109
266 466
359 365
459 461
138 146
389 393
42 47
141 156
83 84
13 16
374 385
24 25
267 268
164 166
208 209
26 43
167 168
57 58
49 54
337 350
118 135
30 31
63 65
111 114
322 325
82 87
281 296
333 334
219 223
20 23
422 430
31 32
123 124
196 203
204 216
426 427
64 65
344 348
5 6
70 72
97 98
418 419
340 341
348 354
189 190
210 222
377 399
410 414
451 452
140 163
433 434
314 315
1 4
233 238
122 123
411 424
174 179
407 408
18 29
277 280
26 42
70 76
358 363
329 336
118 134
170 172
458 459
262 264
440 441
92 100
399 400
151 158
381 382
125 142
45 51
93 100
258 262
406 407
130 131
199 212
351 355
243 245
255 256
66 69
376 402
55 59
347 353
188 189
358 362
8 11
320 335
92 99
203 204
44 49
144 145
384 392
103 104
365 369
214 218
177 178
198 210
96 101
417 425
250 257
269 270
228 229
439 440
77 78
0 2
291 294
110 111
443 446
284 291
51 52
43 48
143 144
225 470
338 347
357 360
76 81
96 105
199 206
390 402
439 453
312 321
420 421
25 35
364 367
283 290
445 450
84 90
35 39
435 436
394 395
17 18
36 40
409 411
446 460
209 215
120 137
398 401
21 24
390 397
113 116
401 403
442 453
121 129
132 138
420 434
423 430
313 317
345 349
162 166
124 130
302 307
265 267
176 177
346 350
378 391
250 251
128 136
257 259
191 192
150 151
224 225
23 46
102 110
175 180
202 215
367 368
266 465
235 239
460 461
98 99
249 259
71 91
190 191
320 328
39 40
242 247
131 132
282 292
342 343
334 339
374 384
315 316
164 165
275 289
127 143
197 198
327 335
408 409
82 86
422 429
352 355
112 114
382 383
231 232
415 416
9 12
126 142
27 38
301 305
211 222
182 186
271 273
274 278
1 3
141 163
183 187
34 46
64 68
105 106
275 279
444 447
216 220
89 97
300 308
149 157
230 231
456 457
79 80
278 289
281 285
322 323
171 172
20 21
52 53
303 309
234 237
282 286
152 158
447 448
45 50
252 263
296 297
193 195
229 234
277 283
300 303
27 28
19 33
71 80
330 340
211 212
454 455
112 117
152 153
356 468
104 113
395 396
236 241
455 456
37 41
93 94
85 90
244 254
304 305
15 22
396 397
185 195
388 393
245 246
126 127
86 91
248 260
389 394
310 311
421 435
370 371
343 354
200 207
140 165
370 380
462 463
44 48
414 423
181 184
115 117
344 345
373 381
288 301
247 260
436 437
428 433
285 295
418 425
218 223
33 34
41 47
470 471
284 290
133 139
133 148
66 67
236 240
244 253
7 8
