67 68
425 441
18 26
277 286
159 160
406 409
8 9
421 425
383 389
192 202
73 83
3 6
376 377
14 15
395 399
365 367
15 16
258 259
199 200
239 245
442 443
218 222
80 81
129 132
291 292
450 456
262 265
221 224
383 384
343 348
431 433
443 444
233 234
114 115
155 162
357 358
55 56
449 450
88 90
266 267
298 299
147 148
188 195
390 391
239 240
439 451
331 332
372 379
423 424
391 401
232 246
332 333
324 338
273 274
365 366
276 285
179 194
457 458
306 307
279 290
99 103
113 114
339 340
205 206
54 55
35 41
386 393
136 138
120 121
371 377
419 426
379 390
29 30
180 190
61 62
21 26
309 313
272 273
153 154
380 382
372 378
213 214
131 135
62 63
94 95
423 432
305 306
231 240
413 415
397 398
385 396
405 411
51 53
35 36
95 96
187 188
36 37
430 431
287 293
160 161
220 221
69 70
101 102
312 313
190 198
10 11
404 405
2 7
422 441
102 103
175 182
146 155
453 455
124 127
323 336
135 136
346 347
176 183
227 228
76 77
287 288
238 243
448 452
201 212
58 65
260 261
241 257
330 344
142 153
412 413
131 134
353 354
463 464
223 226
345 350
434 437
72 75
315 318
145 154
294 295
193 203
407 410
9 10
57 68
337 351
437 438
327 328
209 211
257 260
42 43
268 269
98 105
349 352
281 297
360 361
352 357
182 193
123 125
274 285
293 307
326 341
156 158
49 50
130 133
308 310
337 346
157 159
19 27
400 411
98 100
381 388
20 28
222 224
433 435
234 235
115 116
196 208
24 25
85 93
16 21
137 140
444 449
167 168
89 90
170 173
19 22
400 406
200 201
289 300
333 334
20 23
4 6
414 417
31 32
426 427
64 65
56 61
315 321
156 157
418 419
340 341
11 13
421 424
148 149
163 165
211 214
181 191
395 398
196 207
447 454
85 92
325 339
99 112
167 176
277 298
458 459
230 232
63 64
111 113
4 5
60 67
263 265
104 110
233 242
252 255
122 127
288 294
465 466
269 271
318 322
78 84
191 199
40 48
270 272
163 164
454 456
392 401
74 82
37 42
325 338
206 210
96 97
250 253
229 230
418 422
280 281
251 254
299 303
320 335
73 76
295 296
254 255
14 17
74 77
236 237
122 126
106 109
435 446
354 360
166 169
247 252
177 178
258 261
107 110
118 119
366 370
369 375
129 143
402 408
243 244
33 44
202 203
84 86
235 236
247 256
368 384
319 342
327 355
268 278
328 329
320 334
172 179
380 394
361 362
353 358
32 34
321 335
345 363
317 319
195 204
316 323
128 132
427 428
139 150
439 448
142 152
242 248
420 434
438 442
117 118
88 91
408 410
368 374
58 59
301 302
150 151
169 173
39 45
2 5
412 416
91 92
172 178
282 297
342 348
24 29
165 166
105 112
124 125
246 249
143 147
216 217
208 213
276 286
316 322
364 460
249 250
282 283
123 128
283 284
445 453
87 89
38 44
386 394
57 66
197 198
168 171
371 378
290 291
117 467
223 228
231 241
267 271
275 284
38 39
367 376
440 445
389 409
119 121
171 177
12 13
452 455
1 3
382 387
45 46
175 183
385 392
108 111
46 47
49 52
97 101
138 139
329 344
79 80
414 415
52 53
263 264
204 205
215 461
145 146
226 229
237 238
359 362
86 87
216 462
248 256
300 303
27 28
259 262
189 197
330 331
351 363
41 48
292 304
23 30
144 149
244 245
93 94
304 305
296 301
185 186
428 429
207 210
186 187
130 134
251 253
429 430
278 279
270 275
71 75
399 407
402 403
219 220
192 212
311 312
104 108
133 144
314 317
225 227
403 404
432 440
34 40
373 381
174 181
137 141
336 350
18 22
59 60
388 397
107 109
436 446
347 356
78 82
0 1
369 374
170 174
100 106
280 302
140 151
343 349
184 185
370 375
184 194
81 83
33 43
141 152
355 359
447 451
7 8
