207.000000 68.000000 14.000000
225.000000 68.000000 11.000000
242.000000 68.000000 26.000000
166.000000 70.000000 21.000000
188.000000 70.000000 11.000000
1079.000000 90.000000 22.000000
1093.000000 90.000000 11.000000
499.000000 99.000000 9.000000
510.000000 99.000000 8.000000
523.000000 99.000000 7.000000
179.000000 111.000000 14.000000
274.000000 111.000000 14.000000
294.000000 111.000000 14.000000
364.000000 111.000000 18.000000
388.000000 111.000000 17.000000
406.000000 111.000000 14.000000
156.000000 112.000000 19.000000
200.000000 112.000000 14.000000
247.000000 112.000000 17.000000
342.000000 112.000000 16.000000
421.000000 112.000000 24.000000
224.000000 113.000000 16.000000
313.000000 113.000000 17.000000
435.000000 113.000000 14.000000
454.000000 114.000000 14.000000
482.000000 116.000000 16.000000
493.000000 116.000000 14.000000
506.000000 116.000000 11.000000
525.000000 116.000000 14.000000
551.000000 116.000000 14.000000
610.000000 117.000000 14.000000
568.000000 118.000000 14.000000
588.000000 118.000000 14.000000
685.000000 118.000000 17.000000
634.000000 119.000000 17.000000
722.000000 119.000000 24.000000
660.000000 120.000000 17.000000
704.000000 120.000000 11.000000
748.000000 120.000000 14.000000
767.000000 120.000000 14.000000
780.000000 121.000000 23.000000
792.000000 121.000000 19.000000
811.000000 121.000000 14.000000
828.000000 123.000000 11.000000
846.000000 123.000000 11.000000
1205.000000 123.000000 11.000000
862.000000 124.000000 11.000000
1022.000000 124.000000 23.000000
880.000000 125.000000 16.000000
904.000000 125.000000 14.000000
946.000000 126.000000 14.000000
1063.000000 126.000000 7.000000
1140.000000 126.000000 10.000000
1190.000000 126.000000 11.000000
970.000000 127.000000 15.000000
993.000000 127.000000 21.000000
1045.000000 127.000000 14.000000
1076.000000 127.000000 11.000000
1126.000000 127.000000 11.000000
1153.000000 127.000000 9.000000
1172.000000 127.000000 14.000000
924.000000 128.000000 14.000000
1100.000000 128.000000 17.000000
260.000000 140.000000 16.000000
156.000000 141.000000 14.000000
198.000000 141.000000 12.000000
218.000000 141.000000 12.000000
238.000000 141.000000 12.000000
271.000000 141.000000 7.000000
284.000000 141.000000 11.000000
329.000000 141.000000 17.000000
358.000000 141.000000 14.000000
179.000000 142.000000 14.000000
306.000000 142.000000 14.000000
380.000000 143.000000 17.000000
405.000000 144.000000 14.000000
450.000000 144.000000 17.000000
426.000000 145.000000 16.000000
522.000000 145.000000 16.000000
475.000000 146.000000 14.000000
498.000000 146.000000 14.000000
571.000000 146.000000 14.000000
595.000000 146.000000 17.000000
547.000000 147.000000 14.000000
619.000000 148.000000 11.000000
654.000000 148.000000 16.000000
636.000000 149.000000 11.000000
680.000000 151.000000 12.000000
798.000000 153.000000 14.000000
819.000000 153.000000 14.000000
699.000000 154.000000 14.000000
778.000000 154.000000 17.000000
712.000000 155.000000 11.000000
748.000000 155.000000 11.000000
732.000000 156.000000 14.000000
841.000000 157.000000 16.000000
857.000000 158.000000 14.000000
918.000000 158.000000 16.000000
962.000000 158.000000 14.000000
878.000000 159.000000 14.000000
899.000000 159.000000 14.000000
940.000000 159.000000 14.000000
1050.000000 159.000000 14.000000
1003.000000 160.000000 14.000000
1023.000000 160.000000 18.000000
1069.000000 160.000000 11.000000
985.000000 161.000000 14.000000
1098.000000 165.000000 21.000000
154.000000 170.000000 20.000000
237.000000 171.000000 14.000000
349.000000 171.000000 17.000000
185.000000 172.000000 17.000000
370.000000 172.000000 14.000000
206.000000 173.000000 21.000000
217.000000 173.000000 19.000000
257.000000 173.000000 14.000000
277.000000 174.000000 14.000000
324.000000 174.000000 14.000000
395.000000 174.000000 14.000000
306.000000 175.000000 20.000000
420.000000 175.000000 17.000000
455.000000 175.000000 17.000000
501.000000 175.000000 14.000000
558.000000 175.000000 19.000000
483.000000 176.000000 14.000000
544.000000 176.000000 7.000000
522.000000 177.000000 17.000000
587.000000 181.000000 16.000000
616.000000 181.000000 16.000000
656.000000 181.000000 11.000000
676.000000 181.000000 14.000000
638.000000 182.000000 14.000000
697.000000 182.000000 14.000000
801.000000 184.000000 14.000000
726.000000 185.000000 19.000000
739.000000 185.000000 7.000000
755.000000 185.000000 14.000000
775.000000 186.000000 20.000000
786.000000 186.000000 20.000000
818.000000 186.000000 17.000000
838.000000 187.000000 17.000000
909.000000 188.000000 15.000000
943.000000 188.000000 17.000000
866.000000 189.000000 14.000000
887.000000 189.000000 14.000000
971.000000 189.000000 19.000000
1001.000000 191.000000 12.000000
1017.000000 191.000000 11.000000
1061.000000 191.000000 20.000000
1078.000000 191.000000 14.000000
1034.000000 192.000000 14.000000
1105.000000 192.000000 16.000000
297.000000 202.000000 18.000000
323.000000 202.000000 21.000000
411.000000 202.000000 14.000000
173.000000 204.000000 14.000000
335.000000 204.000000 21.000000
219.000000 205.000000 16.000000
270.000000 205.000000 14.000000
353.000000 205.000000 14.000000
391.000000 205.000000 13.000000
434.000000 205.000000 12.000000
449.000000 205.000000 14.000000
473.000000 205.000000 14.000000
499.000000 205.000000 17.000000
518.000000 205.000000 14.000000
545.000000 205.000000 14.000000
154.000000 206.000000 14.000000
237.000000 206.000000 9.000000
251.000000 206.000000 11.000000
371.000000 206.000000 14.000000
565.000000 206.000000 14.000000
193.000000 207.000000 14.000000
592.000000 208.000000 14.000000
610.000000 209.000000 14.000000
632.000000 209.000000 15.000000
658.000000 209.000000 15.000000
681.000000 210.000000 13.000000
700.000000 210.000000 15.000000
725.000000 211.000000 14.000000
746.000000 214.000000 13.000000
810.000000 214.000000 14.000000
786.000000 215.000000 13.000000
767.000000 216.000000 12.000000
827.000000 217.000000 7.000000
870.000000 217.000000 12.000000
853.000000 218.000000 11.000000
887.000000 218.000000 11.000000
921.000000 218.000000 19.000000
904.000000 219.000000 13.000000
1005.000000 219.000000 11.000000
932.000000 220.000000 17.000000
949.000000 222.000000 14.000000
971.000000 222.000000 13.000000
989.000000 222.000000 12.000000
1025.000000 223.000000 16.000000
1042.000000 223.000000 17.000000
1106.000000 223.000000 17.000000
1066.000000 224.000000 14.000000
1084.000000 224.000000 14.000000
577.000000 236.000000 17.000000
154.000000 238.000000 16.000000
175.000000 238.000000 14.000000
449.000000 238.000000 17.000000
197.000000 239.000000 14.000000
292.000000 239.000000 18.000000
374.000000 239.000000 14.000000
400.000000 239.000000 15.000000
423.000000 239.000000 14.000000
472.000000 239.000000 17.000000
597.000000 239.000000 14.000000
216.000000 240.000000 11.000000
230.000000 240.000000 10.000000
249.000000 240.000000 13.000000
266.000000 240.000000 14.000000
355.000000 240.000000 14.000000
549.000000 240.000000 16.000000
640.000000 240.000000 11.000000
656.000000 240.000000 11.000000
318.000000 241.000000 21.000000
334.000000 241.000000 17.000000
498.000000 241.000000 14.000000
615.000000 241.000000 17.000000
519.000000 242.000000 17.000000
674.000000 242.000000 14.000000
688.000000 243.000000 12.000000
703.000000 243.000000 7.000000
715.000000 243.000000 11.000000
752.000000 243.000000 11.000000
737.000000 244.000000 17.000000
766.000000 244.000000 11.000000
785.000000 244.000000 17.000000
813.000000 245.000000 16.000000
844.000000 245.000000 16.000000
864.000000 246.000000 14.000000
888.000000 246.000000 15.000000
911.000000 248.000000 16.000000
938.000000 248.000000 14.000000
1144.000000 248.000000 14.000000
1162.000000 248.000000 11.000000
959.000000 249.000000 13.000000
980.000000 249.000000 14.000000
1125.000000 250.000000 14.000000
1175.000000 250.000000 9.000000
1188.000000 250.000000 9.000000
1201.000000 250.000000 11.000000
999.000000 251.000000 17.000000
1013.000000 252.000000 17.000000
1030.000000 252.000000 17.000000
1100.000000 252.000000 14.000000
1051.000000 255.000000 16.000000
1069.000000 255.000000 11.000000
123.000000 264.000000 14.000000
53.000000 265.000000 9.000000
39.000000 266.000000 14.000000
67.000000 266.000000 11.000000
88.000000 266.000000 12.000000
106.000000 267.000000 11.000000
209.000000 267.000000 15.000000
156.000000 269.000000 17.000000
184.000000 269.000000 14.000000
256.000000 269.000000 14.000000
283.000000 270.000000 17.000000
233.000000 271.000000 16.000000
459.000000 271.000000 19.000000
362.000000 272.000000 17.000000
392.000000 272.000000 16.000000
416.000000 272.000000 16.000000
438.000000 272.000000 14.000000
473.000000 272.000000 7.000000
307.000000 273.000000 14.000000
340.000000 273.000000 12.000000
484.000000 273.000000 21.000000
322.000000 274.000000 11.000000
498.000000 274.000000 14.000000
546.000000 274.000000 20.000000
575.000000 275.000000 11.000000
594.000000 275.000000 14.000000
518.000000 276.000000 17.000000
560.000000 276.000000 9.000000
769.000000 276.000000 17.000000
741.000000 277.000000 16.000000
793.000000 277.000000 14.000000
617.000000 278.000000 14.000000
640.000000 278.000000 16.000000
664.000000 278.000000 20.000000
719.000000 278.000000 17.000000
815.000000 278.000000 14.000000
835.000000 278.000000 17.000000
695.000000 279.000000 21.000000
862.000000 279.000000 14.000000
946.000000 279.000000 11.000000
883.000000 280.000000 14.000000
905.000000 280.000000 14.000000
923.000000 280.000000 16.000000
961.000000 280.000000 7.000000
992.000000 281.000000 14.000000
1016.000000 281.000000 14.000000
1036.000000 284.000000 11.000000
1068.000000 284.000000 12.000000
1094.000000 284.000000 17.000000
1121.000000 284.000000 11.000000
1137.000000 284.000000 11.000000
1050.000000 285.000000 11.000000
1151.000000 285.000000 9.000000
1187.000000 285.000000 11.000000
1206.000000 285.000000 14.000000
66.000000 286.000000 11.000000
81.000000 286.000000 14.000000
101.000000 286.000000 7.000000
1171.000000 286.000000 11.000000
42.000000 287.000000 13.000000
329.000000 288.000000 8.000000
178.000000 300.000000 14.000000
201.000000 300.000000 14.000000
251.000000 300.000000 17.000000
155.000000 301.000000 16.000000
225.000000 301.000000 15.000000
368.000000 301.000000 14.000000
319.000000 302.000000 12.000000
338.000000 302.000000 11.000000
1125.000000 302.000000 11.000000
1173.000000 302.000000 7.000000
1185.000000 302.000000 7.000000
276.000000 303.000000 15.000000
299.000000 303.000000 12.000000
391.000000 303.000000 16.000000
1142.000000 303.000000 10.000000
1159.000000 303.000000 11.000000
411.000000 304.000000 7.000000
427.000000 304.000000 13.000000
445.000000 305.000000 14.000000
550.000000 306.000000 17.000000
463.000000 307.000000 16.000000
485.000000 307.000000 11.000000
502.000000 308.000000 11.000000
520.000000 308.000000 14.000000
570.000000 308.000000 17.000000
667.000000 309.000000 17.000000
619.000000 310.000000 14.000000
641.000000 310.000000 14.000000
699.000000 311.000000 17.000000
769.000000 311.000000 14.000000
857.000000 311.000000 12.000000
598.000000 312.000000 14.000000
744.000000 312.000000 17.000000
815.000000 312.000000 16.000000
834.000000 312.000000 15.000000
900.000000 312.000000 17.000000
791.000000 313.000000 14.000000
874.000000 313.000000 11.000000
919.000000 313.000000 14.000000
942.000000 313.000000 14.000000
1005.000000 314.000000 16.000000
962.000000 315.000000 14.000000
984.000000 315.000000 14.000000
1054.000000 315.000000 14.000000
1068.000000 315.000000 11.000000
1033.000000 316.000000 14.000000
1088.000000 316.000000 16.000000
120.000000 330.000000 14.000000
153.000000 330.000000 14.000000
222.000000 330.000000 14.000000
197.000000 331.000000 15.000000
59.000000 332.000000 11.000000
92.000000 332.000000 11.000000
104.000000 332.000000 11.000000
174.000000 332.000000 17.000000
136.000000 333.000000 11.000000
44.000000 334.000000 19.000000
245.000000 335.000000 18.000000
267.000000 335.000000 7.000000
319.000000 335.000000 16.000000
369.000000 335.000000 16.000000
291.000000 336.000000 19.000000
344.000000 336.000000 16.000000
390.000000 337.000000 14.000000
411.000000 338.000000 14.000000
433.000000 340.000000 17.000000
501.000000 340.000000 11.000000
521.000000 340.000000 14.000000
544.000000 340.000000 14.000000
460.000000 341.000000 14.000000
565.000000 341.000000 14.000000
647.000000 341.000000 21.000000
481.000000 342.000000 14.000000
588.000000 342.000000 16.000000
634.000000 343.000000 11.000000
708.000000 343.000000 16.000000
737.000000 343.000000 17.000000
781.000000 343.000000 21.000000
614.000000 344.000000 14.000000
673.000000 344.000000 17.000000
761.000000 344.000000 13.000000
1019.000000 344.000000 14.000000
814.000000 345.000000 16.000000
955.000000 345.000000 14.000000
997.000000 345.000000 14.000000
839.000000 346.000000 14.000000
857.000000 346.000000 11.000000
869.000000 346.000000 9.000000
906.000000 346.000000 14.000000
1041.000000 346.000000 14.000000
883.000000 347.000000 21.000000
929.000000 347.000000 16.000000
976.000000 347.000000 14.000000
1057.000000 347.000000 14.000000
1084.000000 350.000000 21.000000
1096.000000 351.000000 24.000000
454.000000 409.000000 14.000000
471.000000 409.000000 9.000000
486.000000 410.000000 11.000000
535.000000 410.000000 14.000000
500.000000 411.000000 10.000000
516.000000 411.000000 14.000000
556.000000 412.000000 13.000000
621.000000 412.000000 10.000000
576.000000 413.000000 11.000000
590.000000 413.000000 10.000000
606.000000 413.000000 9.000000
635.000000 413.000000 9.000000
648.000000 413.000000 11.000000
665.000000 413.000000 11.000000
685.000000 414.000000 12.000000
705.000000 414.000000 14.000000
726.000000 414.000000 21.000000
739.000000 414.000000 11.000000
753.000000 414.000000 19.000000
792.000000 415.000000 11.000000
779.000000 416.000000 11.000000
809.000000 416.000000 11.000000
