0.205600 0.065600 0.018400
0.180800 0.066400 0.011200
0.194400 0.066400 0.008800
0.146400 0.067200 0.024000
0.163200 0.067200 0.008800
0.840000 0.086400 0.016000
0.239200 0.100800 0.011200
0.276000 0.100800 0.013600
0.294400 0.100800 0.019200
0.136000 0.101600 0.013600
0.219200 0.101600 0.013600
0.256800 0.101600 0.011200
0.370400 0.101600 0.016000
0.152000 0.102400 0.011200
0.168000 0.102400 0.009600
0.181600 0.102400 0.011200
0.197600 0.103200 0.013600
0.325600 0.103200 0.015200
0.348000 0.103200 0.013600
0.389600 0.103200 0.011200
0.405600 0.103200 0.016800
0.448000 0.103200 0.011200
0.431200 0.104000 0.011200
0.464800 0.104800 0.008800
0.476800 0.104800 0.005600
0.490400 0.104800 0.009600
0.505600 0.106400 0.008800
0.522400 0.107200 0.012800
0.646400 0.107200 0.011200
0.698400 0.107200 0.011200
0.534400 0.108000 0.008800
0.544000 0.108000 0.008800
0.558400 0.108000 0.008800
0.577600 0.108000 0.013600
0.598400 0.108000 0.013600
0.613600 0.108000 0.011200
0.628800 0.108000 0.011200
0.663200 0.108000 0.011200
0.680800 0.108000 0.011200
0.733600 0.108000 0.011200
0.716000 0.108800 0.011200
0.750400 0.108800 0.011200
0.768000 0.109600 0.013600
0.847200 0.109600 0.013600
0.869600 0.109600 0.013600
0.886400 0.109600 0.013600
0.812800 0.110400 0.012800
0.832000 0.110400 0.011200
0.788800 0.111200 0.014400
0.480000 0.116000 0.007200
0.468000 0.118400 0.006400
0.948800 0.129600 0.007200
0.135200 0.130400 0.013600
0.155200 0.130400 0.013600
0.937600 0.130400 0.008800
0.960800 0.130400 0.007200
0.970400 0.130400 0.005600
0.284000 0.131200 0.013600
0.344800 0.131200 0.011200
0.925600 0.131200 0.008000
0.173600 0.132000 0.011200
0.190400 0.132000 0.011200
0.202400 0.132000 0.005600
0.250400 0.132000 0.019200
0.266400 0.132000 0.011200
0.383200 0.132000 0.011200
0.396800 0.132000 0.008800
0.484000 0.132000 0.013600
0.239200 0.132800 0.016800
0.311200 0.132800 0.013600
0.362400 0.132800 0.013600
0.452800 0.132800 0.012800
0.472000 0.132800 0.011200
0.507200 0.132800 0.014400
0.528000 0.132800 0.013600
0.585600 0.132800 0.011200
0.604000 0.132800 0.013600
0.904800 0.132800 0.015200
0.915200 0.132800 0.008800
0.329600 0.133600 0.011200
0.413600 0.133600 0.013600
0.548000 0.133600 0.013600
0.569600 0.133600 0.013600
0.628000 0.134400 0.011200
0.644800 0.134400 0.011200
0.857600 0.134400 0.011200
0.434400 0.135200 0.013600
0.660800 0.135200 0.010400
0.680000 0.135200 0.013600
0.823200 0.135200 0.012800
0.840800 0.135200 0.010400
0.702400 0.136000 0.011200
0.720000 0.136000 0.011200
0.802400 0.136000 0.012000
0.876800 0.136000 0.013600
0.737600 0.136800 0.013600
0.784000 0.137600 0.012800
0.761600 0.138400 0.013600
0.224000 0.158400 0.013600
0.188000 0.159200 0.011200
0.204000 0.159200 0.011200
0.244800 0.159200 0.013600
0.458400 0.159200 0.011200
0.137600 0.160000 0.013600
0.163200 0.160000 0.016000
0.324000 0.160000 0.011200
0.381600 0.160000 0.016000
0.273600 0.160800 0.016800
0.300800 0.160800 0.016000
0.340800 0.160800 0.011200
0.360000 0.160800 0.013600
0.405600 0.160800 0.011200
0.421600 0.160800 0.011200
0.444000 0.160800 0.015200
0.475200 0.160800 0.011200
0.613600 0.161600 0.013600
0.532000 0.162400 0.016800
0.558400 0.162400 0.011200
0.630400 0.162400 0.019200
0.850400 0.162400 0.013600
0.574400 0.163200 0.011200
0.641600 0.163200 0.019200
0.802400 0.163200 0.013600
0.825600 0.163200 0.015200
0.875200 0.163200 0.015200
0.496000 0.164000 0.015200
0.516000 0.164000 0.012800
0.592800 0.164000 0.013600
0.656800 0.164000 0.008800
0.701600 0.164000 0.011200
0.672000 0.164800 0.011200
0.736000 0.164800 0.011200
0.754400 0.164800 0.013600
0.777600 0.164800 0.013600
0.686400 0.165600 0.010400
0.719200 0.166400 0.011200
0.136800 0.187200 0.011200
0.153600 0.187200 0.011200
0.501600 0.187200 0.011200
0.188800 0.188000 0.011200
0.212000 0.188000 0.011200
0.248800 0.188000 0.016800
0.263200 0.188000 0.011200
0.372800 0.188000 0.013600
0.444800 0.188000 0.012800
0.172800 0.188800 0.011200
0.226400 0.188800 0.008800
0.425600 0.188800 0.013600
0.484000 0.188800 0.011200
0.524000 0.188800 0.015200
0.237600 0.189600 0.008800
0.282400 0.189600 0.013600
0.304800 0.189600 0.013600
0.322400 0.189600 0.011200
0.337600 0.189600 0.008800
0.352800 0.189600 0.011200
0.389600 0.189600 0.011200
0.406400 0.189600 0.011200
0.465600 0.189600 0.012800
0.647200 0.189600 0.013600
0.540800 0.190400 0.011200
0.564000 0.190400 0.014400
0.583200 0.190400 0.013600
0.553600 0.191200 0.005600
0.672000 0.191200 0.013600
0.625600 0.192000 0.012800
0.695200 0.192000 0.012800
0.714400 0.192000 0.011200
0.833600 0.192000 0.008800
0.865600 0.192000 0.013600
0.603200 0.192800 0.013600
0.727200 0.192800 0.016800
0.790400 0.192800 0.013600
0.814400 0.192800 0.014400
0.847200 0.192800 0.011200
0.884000 0.192800 0.015200
0.749600 0.193600 0.011200
0.767200 0.193600 0.011200
0.640800 0.206400 0.008000
0.167200 0.213600 0.011200
0.185600 0.214400 0.016800
0.206400 0.214400 0.013600
0.152000 0.215200 0.010400
0.227200 0.215200 0.013600
0.275200 0.215200 0.012800
0.292800 0.215200 0.011200
0.305600 0.215200 0.011200
0.322400 0.215200 0.011200
0.340000 0.215200 0.013600
0.136000 0.216000 0.013600
0.252800 0.216000 0.014400
0.420000 0.216000 0.011200
0.116000 0.216800 0.010400
0.367200 0.216800 0.016000
0.384000 0.216800 0.011200
0.400800 0.216800 0.011200
0.438400 0.216800 0.011200
0.458400 0.216800 0.012800
0.477600 0.216800 0.013600
0.572000 0.216800 0.012800
0.523200 0.217600 0.013600
0.102400 0.218400 0.022400
0.501600 0.218400 0.015200
0.549600 0.218400 0.015200
0.588000 0.218400 0.011200
0.628800 0.220000 0.014400
0.654400 0.220000 0.012800
0.606400 0.220800 0.013600
0.675200 0.220800 0.012800
0.780000 0.220800 0.013600
0.760000 0.221600 0.011200
0.799200 0.221600 0.013600
0.841600 0.221600 0.012800
0.860000 0.221600 0.011200
0.696000 0.222400 0.012800
0.742400 0.222400 0.016800
0.820800 0.222400 0.012800
0.716800 0.223200 0.013600
0.877600 0.223200 0.012800
0.154400 0.244800 0.013600
0.212000 0.244800 0.011200
0.176000 0.245600 0.011200
0.194400 0.245600 0.011200
0.228800 0.245600 0.011200
0.250400 0.245600 0.013600
0.268000 0.245600 0.012000
0.288800 0.245600 0.012800
0.308000 0.245600 0.016000
0.480800 0.245600 0.013600
0.616800 0.245600 0.013600
0.136000 0.246400 0.013600
0.330400 0.246400 0.018400
0.340800 0.246400 0.022400
0.525600 0.246400 0.013600
0.755200 0.246400 0.016000
0.372800 0.247200 0.011200
0.388800 0.247200 0.008800
0.439200 0.247200 0.012800
0.460800 0.247200 0.012800
0.503200 0.247200 0.013600
0.568800 0.247200 0.016000
0.883200 0.247200 0.019200
0.356800 0.248000 0.011200
0.420000 0.248000 0.011200
0.593600 0.248000 0.013600
0.636000 0.248000 0.013600
0.404000 0.248800 0.011200
0.666400 0.248800 0.016000
0.688800 0.248800 0.012800
0.729600 0.248800 0.011200
0.776800 0.248800 0.012800
0.792800 0.248800 0.013600
0.813600 0.248800 0.016800
0.868000 0.248800 0.011200
0.848800 0.249600 0.013600
0.544000 0.250400 0.013600
0.711200 0.251200 0.012800
0.831200 0.251200 0.011200
0.136800 0.271200 0.013600
0.156800 0.272000 0.012800
0.265600 0.272000 0.013600
0.400800 0.272000 0.013600
0.177600 0.272800 0.012800
0.198400 0.272800 0.012800
0.240800 0.272800 0.014400
0.220000 0.273600 0.012000
0.286400 0.273600 0.011200
0.304000 0.273600 0.011200
0.381600 0.273600 0.011200
0.328800 0.274400 0.011200
0.364000 0.274400 0.011200
0.422400 0.274400 0.015200
0.533600 0.274400 0.016800
0.562400 0.274400 0.011200
0.579200 0.274400 0.011200
0.317600 0.275200 0.005600
0.345600 0.275200 0.011200
0.448000 0.275200 0.012800
0.467200 0.275200 0.012800
0.509600 0.275200 0.011200
0.547200 0.275200 0.008800
0.599200 0.275200 0.013600
0.684000 0.275200 0.013600
0.708800 0.275200 0.015200
0.616800 0.276000 0.013600
0.638400 0.276000 0.013600
0.662400 0.276000 0.013600
0.489600 0.276800 0.013600
0.734400 0.278400 0.015200
0.752800 0.278400 0.011200
0.765600 0.279200 0.005600
0.816000 0.279200 0.013600
0.777600 0.280000 0.008800
0.794400 0.280000 0.012000
0.835200 0.280000 0.011200
0.850400 0.280000 0.016800
0.860000 0.280000 0.021600
0.873600 0.280800 0.011200
0.888000 0.281600 0.022400
0.835200 0.332800 0.008800
0.845600 0.332800 0.008800
0.952000 0.332800 0.007200
0.963200 0.332800 0.008800
0.857600 0.333600 0.008800
0.868800 0.333600 0.016800
0.902400 0.333600 0.005600
0.938400 0.333600 0.008800
0.762400 0.334400 0.008800
0.772000 0.334400 0.008800
0.787200 0.334400 0.011200
0.803200 0.334400 0.013600
0.892000 0.334400 0.015200
0.924000 0.334400 0.008800
0.822400 0.335200 0.008800
0.943200 0.347200 0.007200
0.927200 0.348000 0.009600
