231.000000 32.000000 11.000000
179.000000 33.000000 19.000000
192.000000 33.000000 21.000000
247.000000 33.000000 11.000000
278.000000 33.000000 14.000000
325.000000 33.000000 14.000000
216.000000 34.000000 11.000000
262.000000 34.000000 11.000000
302.000000 34.000000 14.000000
341.000000 34.000000 17.000000
745.000000 36.000000 14.000000
723.000000 37.000000 11.000000
366.000000 38.000000 14.000000
565.000000 38.000000 7.000000
647.000000 38.000000 21.000000
659.000000 38.000000 11.000000
681.000000 38.000000 14.000000
388.000000 39.000000 14.000000
413.000000 39.000000 14.000000
496.000000 39.000000 11.000000
509.000000 39.000000 11.000000
699.000000 39.000000 11.000000
770.000000 39.000000 13.000000
836.000000 39.000000 14.000000
432.000000 40.000000 12.000000
450.000000 40.000000 11.000000
465.000000 40.000000 11.000000
478.000000 40.000000 14.000000
523.000000 41.000000 11.000000
537.000000 41.000000 11.000000
548.000000 41.000000 7.000000
788.000000 41.000000 11.000000
817.000000 41.000000 11.000000
855.000000 41.000000 11.000000
867.000000 41.000000 20.000000
803.000000 43.000000 11.000000
854.000000 63.000000 11.000000
835.000000 65.000000 14.000000
193.000000 67.000000 26.000000
211.000000 68.000000 11.000000
233.000000 68.000000 14.000000
249.000000 69.000000 11.000000
265.000000 69.000000 24.000000
666.000000 80.000000 24.000000
698.000000 80.000000 17.000000
1066.000000 84.000000 24.000000
225.000000 110.000000 14.000000
209.000000 111.000000 14.000000
246.000000 112.000000 14.000000
180.000000 113.000000 18.000000
264.000000 113.000000 14.000000
328.000000 113.000000 20.000000
285.000000 114.000000 14.000000
308.000000 114.000000 13.000000
383.000000 115.000000 14.000000
338.000000 116.000000 20.000000
360.000000 116.000000 14.000000
403.000000 116.000000 11.000000
443.000000 117.000000 11.000000
456.000000 117.000000 11.000000
476.000000 117.000000 14.000000
521.000000 117.000000 14.000000
425.000000 118.000000 14.000000
502.000000 118.000000 14.000000
540.000000 119.000000 16.000000
560.000000 120.000000 14.000000
575.000000 120.000000 12.000000
594.000000 120.000000 14.000000
612.000000 121.000000 11.000000
631.000000 121.000000 14.000000
659.000000 121.000000 19.000000
682.000000 123.000000 14.000000
713.000000 124.000000 16.000000
806.000000 124.000000 11.000000
738.000000 125.000000 12.000000
757.000000 125.000000 14.000000
792.000000 125.000000 11.000000
777.000000 126.000000 13.000000
821.000000 127.000000 21.000000
843.000000 128.000000 14.000000
864.000000 128.000000 14.000000
998.000000 128.000000 19.000000
975.000000 129.000000 14.000000
881.000000 130.000000 11.000000
909.000000 130.000000 11.000000
925.000000 130.000000 11.000000
936.000000 130.000000 14.000000
1054.000000 130.000000 17.000000
1098.000000 130.000000 18.000000
1167.000000 130.000000 14.000000
1210.000000 130.000000 14.000000
1028.000000 131.000000 17.000000
1136.000000 131.000000 19.000000
1149.000000 131.000000 9.000000
896.000000 132.000000 11.000000
954.000000 132.000000 13.000000
1075.000000 132.000000 14.000000
1188.000000 132.000000 14.000000
192.000000 143.000000 21.000000
212.000000 143.000000 14.000000
229.000000 144.000000 11.000000
251.000000 144.000000 15.000000
276.000000 144.000000 17.000000
179.000000 145.000000 20.000000
326.000000 145.000000 17.000000
344.000000 146.000000 11.000000
359.000000 146.000000 9.000000
419.000000 146.000000 14.000000
301.000000 147.000000 14.000000
371.000000 147.000000 11.000000
390.000000 147.000000 11.000000
404.000000 147.000000 11.000000
463.000000 148.000000 14.000000
487.000000 148.000000 14.000000
519.000000 148.000000 7.000000
540.000000 148.000000 16.000000
572.000000 148.000000 14.000000
444.000000 149.000000 16.000000
507.000000 149.000000 11.000000
592.000000 150.000000 14.000000
614.000000 150.000000 14.000000
636.000000 150.000000 14.000000
661.000000 151.000000 14.000000
682.000000 151.000000 16.000000
706.000000 153.000000 14.000000
730.000000 153.000000 14.000000
747.000000 153.000000 11.000000
761.000000 155.000000 17.000000
843.000000 155.000000 17.000000
854.000000 155.000000 17.000000
781.000000 156.000000 12.000000
797.000000 156.000000 14.000000
821.000000 156.000000 14.000000
875.000000 158.000000 12.000000
913.000000 158.000000 15.000000
940.000000 158.000000 17.000000
972.000000 158.000000 17.000000
891.000000 159.000000 11.000000
997.000000 160.000000 14.000000
1049.000000 161.000000 14.000000
1072.000000 161.000000 14.000000
1030.000000 162.000000 11.000000
1013.000000 163.000000 11.000000
1097.000000 163.000000 17.000000
210.000000 170.000000 13.000000
184.000000 171.000000 15.000000
232.000000 172.000000 13.000000
249.000000 173.000000 11.000000
503.000000 174.000000 14.000000
270.000000 175.000000 13.000000
374.000000 175.000000 14.000000
525.000000 175.000000 14.000000
351.000000 176.000000 14.000000
391.000000 176.000000 11.000000
444.000000 176.000000 13.000000
462.000000 176.000000 11.000000
480.000000 176.000000 14.000000
550.000000 176.000000 15.000000
288.000000 177.000000 11.000000
331.000000 177.000000 11.000000
305.000000 178.000000 11.000000
404.000000 178.000000 14.000000
424.000000 178.000000 14.000000
574.000000 178.000000 16.000000
600.000000 179.000000 15.000000
624.000000 180.000000 14.000000
701.000000 180.000000 14.000000
638.000000 181.000000 7.000000
655.000000 181.000000 13.000000
676.000000 181.000000 16.000000
727.000000 182.000000 14.000000
754.000000 184.000000 14.000000
792.000000 184.000000 14.000000
861.000000 184.000000 14.000000
771.000000 185.000000 11.000000
838.000000 185.000000 14.000000
880.000000 185.000000 17.000000
816.000000 187.000000 14.000000
908.000000 187.000000 16.000000
932.000000 187.000000 16.000000
962.000000 187.000000 14.000000
981.000000 187.000000 11.000000
996.000000 187.000000 11.000000
1033.000000 187.000000 11.000000
1015.000000 188.000000 12.000000
1092.000000 188.000000 17.000000
1051.000000 190.000000 11.000000
1069.000000 190.000000 11.000000
248.000000 198.000000 16.000000
181.000000 199.000000 21.000000
198.000000 199.000000 14.000000
111.000000 200.000000 43.000000
220.000000 200.000000 16.000000
316.000000 201.000000 14.000000
271.000000 202.000000 13.000000
291.000000 202.000000 13.000000
341.000000 203.000000 13.000000
362.000000 203.000000 13.000000
387.000000 204.000000 15.000000
409.000000 204.000000 13.000000
430.000000 204.000000 12.000000
453.000000 204.000000 15.000000
598.000000 204.000000 14.000000
475.000000 205.000000 12.000000
496.000000 206.000000 14.000000
544.000000 206.000000 14.000000
563.000000 206.000000 11.000000
580.000000 206.000000 12.000000
518.000000 207.000000 16.000000
742.000000 207.000000 13.000000
630.000000 208.000000 14.000000
683.000000 208.000000 15.000000
704.000000 209.000000 14.000000
723.000000 209.000000 14.000000
760.000000 209.000000 14.000000
658.000000 210.000000 14.000000
782.000000 210.000000 13.000000
799.000000 212.000000 14.000000
820.000000 212.000000 14.000000
1179.000000 213.000000 21.000000
842.000000 214.000000 14.000000
1057.000000 214.000000 13.000000
859.000000 215.000000 12.000000
903.000000 215.000000 14.000000
926.000000 215.000000 18.000000
1034.000000 215.000000 14.000000
1019.000000 216.000000 7.000000
880.000000 217.000000 14.000000
955.000000 217.000000 14.000000
979.000000 217.000000 14.000000
1006.000000 217.000000 17.000000
1074.000000 217.000000 11.000000
1092.000000 217.000000 11.000000
1104.000000 218.000000 17.000000
1155.000000 219.000000 39.000000
261.000000 230.000000 16.000000
296.000000 231.000000 17.000000
280.000000 232.000000 11.000000
217.000000 233.000000 13.000000
237.000000 233.000000 14.000000
457.000000 233.000000 14.000000
519.000000 233.000000 14.000000
321.000000 234.000000 16.000000
379.000000 234.000000 14.000000
403.000000 234.000000 16.000000
426.000000 234.000000 17.000000
484.000000 234.000000 19.000000
179.000000 235.000000 17.000000
199.000000 235.000000 11.000000
349.000000 235.000000 18.000000
564.000000 235.000000 14.000000
540.000000 236.000000 14.000000
582.000000 236.000000 21.000000
672.000000 237.000000 17.000000
595.000000 238.000000 21.000000
615.000000 239.000000 16.000000
653.000000 239.000000 11.000000
711.000000 239.000000 17.000000
636.000000 240.000000 11.000000
737.000000 241.000000 14.000000
760.000000 241.000000 13.000000
781.000000 241.000000 14.000000
801.000000 242.000000 13.000000
822.000000 242.000000 11.000000
840.000000 243.000000 12.000000
1004.000000 243.000000 17.000000
1041.000000 243.000000 17.000000
862.000000 244.000000 14.000000
959.000000 244.000000 14.000000
1091.000000 244.000000 20.000000
886.000000 246.000000 14.000000
937.000000 246.000000 16.000000
1065.000000 246.000000 14.000000
1105.000000 246.000000 17.000000
910.000000 247.000000 16.000000
982.000000 247.000000 14.000000
279.000000 264.000000 17.000000
179.000000 266.000000 16.000000
372.000000 266.000000 17.000000
418.000000 266.000000 14.000000
204.000000 267.000000 14.000000
227.000000 267.000000 14.000000
252.000000 267.000000 17.000000
296.000000 267.000000 14.000000
320.000000 267.000000 17.000000
345.000000 267.000000 14.000000
396.000000 267.000000 14.000000
439.000000 268.000000 17.000000
469.000000 270.000000 14.000000
489.000000 270.000000 17.000000
515.000000 270.000000 14.000000
763.000000 270.000000 15.000000
534.000000 271.000000 16.000000
589.000000 271.000000 17.000000
721.000000 271.000000 17.000000
744.000000 271.000000 14.000000
841.000000 271.000000 16.000000
562.000000 272.000000 17.000000
661.000000 272.000000 11.000000
673.000000 272.000000 20.000000
645.000000 273.000000 14.000000
786.000000 273.000000 14.000000
816.000000 273.000000 18.000000
621.000000 274.000000 14.000000
697.000000 274.000000 17.000000
861.000000 274.000000 19.000000
1014.000000 275.000000 14.000000
892.000000 276.000000 16.000000
917.000000 276.000000 18.000000
948.000000 276.000000 16.000000
1034.000000 277.000000 11.000000
976.000000 278.000000 16.000000
997.000000 278.000000 11.000000
1064.000000 279.000000 14.000000
1088.000000 279.000000 14.000000
1109.000000 279.000000 14.000000
83.000000 293.000000 12.000000
66.000000 295.000000 7.000000
97.000000 295.000000 26.000000
43.000000 296.000000 18.000000
55.000000 296.000000 7.000000
340.000000 297.000000 16.000000
369.000000 297.000000 17.000000
506.000000 297.000000 14.000000
285.000000 298.000000 16.000000
312.000000 298.000000 16.000000
393.000000 298.000000 14.000000
415.000000 298.000000 17.000000
482.000000 298.000000 14.000000
576.000000 298.000000 13.000000
211.000000 299.000000 11.000000
227.000000 299.000000 11.000000
457.000000 299.000000 17.000000
595.000000 299.000000 11.000000
609.000000 299.000000 11.000000
182.000000 300.000000 14.000000
199.000000 300.000000 11.000000
241.000000 300.000000 11.000000
260.000000 300.000000 14.000000
527.000000 300.000000 14.000000
547.000000 300.000000 17.000000
631.000000 301.000000 13.000000
647.000000 301.000000 13.000000
666.000000 302.000000 14.000000
799.000000 302.000000 16.000000
765.000000 303.000000 17.000000
825.000000 303.000000 14.000000
849.000000 303.000000 14.000000
686.000000 304.000000 16.000000
712.000000 304.000000 15.000000
739.000000 304.000000 16.000000
1034.000000 305.000000 17.000000
882.000000 306.000000 14.000000
998.000000 306.000000 17.000000
1107.000000 306.000000 17.000000
974.000000 307.000000 14.000000
1061.000000 307.000000 17.000000
901.000000 308.000000 14.000000
923.000000 308.000000 17.000000
955.000000 308.000000 14.000000
1085.000000 308.000000 14.000000
179.000000 326.000000 17.000000
205.000000 328.000000 15.000000
227.000000 328.000000 14.000000
247.000000 330.000000 13.000000
267.000000 330.000000 14.000000
332.000000 330.000000 17.000000
490.000000 330.000000 7.000000
296.000000 331.000000 20.000000
359.000000 331.000000 16.000000
408.000000 331.000000 17.000000
431.000000 331.000000 14.000000
446.000000 331.000000 7.000000
380.000000 332.000000 17.000000
459.000000 332.000000 21.000000
476.000000 332.000000 11.000000
512.000000 332.000000 19.000000
536.000000 333.000000 14.000000
554.000000 333.000000 14.000000
585.000000 333.000000 26.000000
569.000000 334.000000 11.000000
766.000000 334.000000 16.000000
601.000000 335.000000 24.000000
681.000000 335.000000 17.000000
729.000000 335.000000 17.000000
792.000000 335.000000 17.000000
655.000000 336.000000 19.000000
705.000000 336.000000 14.000000
871.000000 336.000000 16.000000
626.000000 337.000000 17.000000
748.000000 337.000000 28.000000
816.000000 337.000000 14.000000
1033.000000 337.000000 17.000000
894.000000 338.000000 14.000000
962.000000 338.000000 16.000000
998.000000 338.000000 7.000000
840.000000 339.000000 19.000000
915.000000 339.000000 14.000000
982.000000 339.000000 14.000000
1015.000000 339.000000 13.000000
1104.000000 339.000000 21.000000
937.000000 340.000000 14.000000
1072.000000 340.000000 21.000000
