125.000000 39.000000 47.000000
157.000000 42.000000 21.000000
189.000000 44.000000 23.000000
220.000000 48.000000 17.000000
247.000000 48.000000 24.000000
1024.000000 68.000000 45.000000
330.000000 133.000000 38.000000
525.000000 134.000000 39.000000
516.000000 135.000000 31.000000
321.000000 136.000000 21.000000
351.000000 136.000000 38.000000
505.000000 136.000000 38.000000
296.000000 137.000000 21.000000
553.000000 137.000000 14.000000
264.000000 138.000000 21.000000
384.000000 138.000000 38.000000
586.000000 138.000000 24.000000
642.000000 138.000000 34.000000
392.000000 139.000000 30.000000
403.000000 139.000000 28.000000
439.000000 139.000000 21.000000
470.000000 139.000000 21.000000
680.000000 139.000000 14.000000
619.000000 140.000000 21.000000
663.000000 140.000000 14.000000
701.000000 140.000000 17.000000
738.000000 142.000000 31.000000
182.000000 143.000000 21.000000
238.000000 143.000000 21.000000
762.000000 143.000000 31.000000
783.000000 143.000000 31.000000
1042.000000 143.000000 31.000000
988.000000 144.000000 28.000000
151.000000 145.000000 20.000000
1001.000000 145.000000 24.000000
128.000000 146.000000 30.000000
144.000000 147.000000 7.000000
796.000000 147.000000 28.000000
833.000000 147.000000 31.000000
937.000000 147.000000 21.000000
1068.000000 147.000000 38.000000
907.000000 148.000000 21.000000
963.000000 148.000000 17.000000
814.000000 149.000000 31.000000
857.000000 149.000000 17.000000
884.000000 150.000000 17.000000
450.000000 187.000000 28.000000
472.000000 188.000000 14.000000
90.000000 189.000000 33.000000
495.000000 189.000000 28.000000
405.000000 191.000000 29.000000
528.000000 191.000000 24.000000
585.000000 191.000000 31.000000
1018.000000 191.000000 24.000000
113.000000 192.000000 14.000000
301.000000 192.000000 28.000000
362.000000 192.000000 31.000000
383.000000 192.000000 11.000000
756.000000 192.000000 21.000000
788.000000 192.000000 21.000000
917.000000 192.000000 14.000000
977.000000 192.000000 28.000000
199.000000 193.000000 21.000000
264.000000 193.000000 17.000000
623.000000 193.000000 27.000000
725.000000 193.000000 31.000000
829.000000 193.000000 27.000000
939.000000 193.000000 28.000000
1005.000000 193.000000 31.000000
1049.000000 193.000000 34.000000
136.000000 194.000000 21.000000
221.000000 194.000000 17.000000
239.000000 194.000000 17.000000
332.000000 194.000000 14.000000
560.000000 194.000000 38.000000
707.000000 194.000000 16.000000
872.000000 194.000000 28.000000
1066.000000 194.000000 31.000000
968.000000 195.000000 28.000000
658.000000 196.000000 21.000000
684.000000 196.000000 14.000000
899.000000 197.000000 31.000000
170.000000 198.000000 21.000000
593.000000 243.000000 21.000000
110.000000 245.000000 11.000000
632.000000 245.000000 28.000000
663.000000 245.000000 24.000000
139.000000 246.000000 9.000000
154.000000 246.000000 11.000000
698.000000 246.000000 38.000000
95.000000 247.000000 11.000000
127.000000 247.000000 25.000000
551.000000 247.000000 28.000000
618.000000 247.000000 34.000000
1008.000000 247.000000 34.000000
197.000000 248.000000 33.000000
720.000000 248.000000 38.000000
964.000000 248.000000 17.000000
1034.000000 248.000000 34.000000
174.000000 249.000000 14.000000
309.000000 249.000000 24.000000
343.000000 249.000000 21.000000
473.000000 249.000000 34.000000
752.000000 249.000000 38.000000
840.000000 249.000000 28.000000
861.000000 249.000000 24.000000
937.000000 249.000000 24.000000
80.000000 250.000000 37.000000
239.000000 250.000000 31.000000
272.000000 250.000000 24.000000
521.000000 250.000000 17.000000
774.000000 250.000000 21.000000
809.000000 250.000000 24.000000
986.000000 250.000000 33.000000
218.000000 251.000000 14.000000
498.000000 251.000000 14.000000
369.000000 252.000000 17.000000
895.000000 252.000000 23.000000
1054.000000 252.000000 33.000000
440.000000 254.000000 34.000000
402.000000 255.000000 31.000000
843.000000 296.000000 21.000000
871.000000 296.000000 17.000000
896.000000 298.000000 24.000000
989.000000 298.000000 31.000000
600.000000 299.000000 28.000000
645.000000 299.000000 31.000000
964.000000 299.000000 21.000000
157.000000 300.000000 17.000000
200.000000 300.000000 31.000000
207.000000 300.000000 31.000000
784.000000 300.000000 34.000000
933.000000 300.000000 24.000000
1033.000000 300.000000 21.000000
87.000000 301.000000 23.000000
100.000000 301.000000 11.000000
118.000000 301.000000 11.000000
135.000000 301.000000 11.000000
390.000000 301.000000 21.000000
564.000000 301.000000 21.000000
1057.000000 301.000000 34.000000
240.000000 302.000000 24.000000
357.000000 302.000000 21.000000
434.000000 302.000000 18.000000
537.000000 302.000000 38.000000
760.000000 302.000000 24.000000
809.000000 302.000000 28.000000
1007.000000 302.000000 31.000000
1025.000000 302.000000 28.000000
1071.000000 302.000000 26.000000
186.000000 303.000000 34.000000
410.000000 303.000000 17.000000
690.000000 303.000000 21.000000
284.000000 304.000000 26.000000
482.000000 304.000000 28.000000
514.000000 304.000000 24.000000
724.000000 304.000000 21.000000
318.000000 307.000000 24.000000
112.000000 350.000000 17.000000
966.000000 350.000000 24.000000
1021.000000 350.000000 24.000000
1051.000000 351.000000 28.000000
88.000000 352.000000 37.000000
149.000000 352.000000 30.000000
287.000000 352.000000 25.000000
354.000000 352.000000 24.000000
392.000000 352.000000 31.000000
927.000000 352.000000 26.000000
995.000000 352.000000 21.000000
171.000000 353.000000 14.000000
249.000000 353.000000 27.000000
321.000000 353.000000 19.000000
1072.000000 353.000000 31.000000
216.000000 354.000000 28.000000
411.000000 354.000000 14.000000
532.000000 354.000000 28.000000
735.000000 354.000000 23.000000
873.000000 354.000000 24.000000
191.000000 355.000000 17.000000
493.000000 355.000000 34.000000
559.000000 355.000000 24.000000
587.000000 355.000000 38.000000
807.000000 355.000000 21.000000
895.000000 355.000000 31.000000
900.000000 355.000000 24.000000
438.000000 356.000000 24.000000
473.000000 356.000000 31.000000
572.000000 356.000000 27.000000
650.000000 356.000000 28.000000
697.000000 357.000000 24.000000
838.000000 357.000000 21.000000
609.000000 358.000000 30.000000
766.000000 358.000000 28.000000
751.000000 402.000000 21.000000
781.000000 403.000000 24.000000
830.000000 403.000000 34.000000
138.000000 404.000000 38.000000
510.000000 404.000000 34.000000
570.000000 404.000000 28.000000
1010.000000 404.000000 21.000000
120.000000 405.000000 31.000000
535.000000 405.000000 24.000000
814.000000 405.000000 28.000000
858.000000 405.000000 24.000000
981.000000 405.000000 24.000000
1060.000000 405.000000 38.000000
490.000000 406.000000 31.000000
1037.000000 406.000000 21.000000
465.000000 407.000000 27.000000
503.000000 407.000000 24.000000
600.000000 407.000000 26.000000
729.000000 407.000000 17.000000
1086.000000 407.000000 34.000000
611.000000 408.000000 24.000000
884.000000 408.000000 21.000000
940.000000 408.000000 28.000000
160.000000 409.000000 21.000000
220.000000 409.000000 28.000000
316.000000 409.000000 38.000000
373.000000 409.000000 34.000000
425.000000 409.000000 24.000000
668.000000 409.000000 38.000000
679.000000 409.000000 34.000000
697.000000 410.000000 28.000000
187.000000 411.000000 21.000000
256.000000 411.000000 34.000000
343.000000 412.000000 17.000000
912.000000 412.000000 17.000000
281.000000 413.000000 14.000000
644.000000 413.000000 28.000000
1024.000000 453.000000 24.000000
1058.000000 453.000000 31.000000
1039.000000 454.000000 31.000000
996.000000 456.000000 24.000000
970.000000 457.000000 24.000000
101.000000 458.000000 30.000000
320.000000 459.000000 17.000000
349.000000 460.000000 21.000000
396.000000 460.000000 28.000000
936.000000 460.000000 24.000000
123.000000 461.000000 14.000000
283.000000 461.000000 24.000000
297.000000 461.000000 31.000000
530.000000 461.000000 24.000000
596.000000 461.000000 17.000000
615.000000 461.000000 31.000000
907.000000 461.000000 21.000000
142.000000 462.000000 28.000000
380.000000 462.000000 28.000000
431.000000 462.000000 24.000000
562.000000 462.000000 24.000000
802.000000 462.000000 24.000000
858.000000 462.000000 24.000000
882.000000 462.000000 17.000000
167.000000 463.000000 17.000000
490.000000 463.000000 31.000000
652.000000 463.000000 27.000000
676.000000 463.000000 30.000000
769.000000 463.000000 21.000000
832.000000 463.000000 21.000000
226.000000 464.000000 21.000000
470.000000 464.000000 31.000000
693.000000 464.000000 31.000000
717.000000 464.000000 17.000000
193.000000 465.000000 21.000000
253.000000 465.000000 21.000000
741.000000 465.000000 17.000000
104.000000 504.000000 34.000000
1024.000000 507.000000 38.000000
952.000000 509.000000 13.000000
997.000000 509.000000 21.000000
129.000000 510.000000 17.000000
153.000000 511.000000 21.000000
588.000000 511.000000 17.000000
1058.000000 511.000000 31.000000
565.000000 512.000000 21.000000
733.000000 512.000000 34.000000
800.000000 512.000000 17.000000
835.000000 512.000000 26.000000
865.000000 512.000000 27.000000
970.000000 512.000000 34.000000
761.000000 513.000000 28.000000
777.000000 513.000000 31.000000
823.000000 513.000000 34.000000
893.000000 513.000000 34.000000
191.000000 515.000000 24.000000
537.000000 515.000000 28.000000
615.000000 515.000000 24.000000
710.000000 515.000000 31.000000
915.000000 515.000000 14.000000
229.000000 516.000000 21.000000
479.000000 516.000000 21.000000
650.000000 516.000000 24.000000
682.000000 516.000000 21.000000
502.000000 517.000000 28.000000
936.000000 517.000000 34.000000
261.000000 518.000000 24.000000
352.000000 518.000000 23.000000
340.000000 519.000000 24.000000
443.000000 519.000000 28.000000
312.000000 520.000000 34.000000
426.000000 520.000000 14.000000
379.000000 523.000000 21.000000
405.000000 523.000000 17.000000
99.000000 562.000000 37.000000
1031.000000 562.000000 9.000000
123.000000 563.000000 17.000000
1045.000000 563.000000 24.000000
1068.000000 563.000000 31.000000
142.000000 564.000000 11.000000
497.000000 564.000000 14.000000
551.000000 564.000000 24.000000
975.000000 564.000000 33.000000
995.000000 564.000000 17.000000
1017.000000 564.000000 34.000000
1055.000000 564.000000 11.000000
478.000000 565.000000 17.000000
517.000000 565.000000 14.000000
793.000000 565.000000 38.000000
159.000000 566.000000 11.000000
271.000000 566.000000 24.000000
284.000000 566.000000 31.000000
406.000000 566.000000 21.000000
435.000000 566.000000 28.000000
457.000000 566.000000 14.000000
634.000000 566.000000 30.000000
832.000000 566.000000 33.000000
857.000000 566.000000 14.000000
873.000000 566.000000 38.000000
242.000000 567.000000 21.000000
312.000000 567.000000 23.000000
320.000000 567.000000 24.000000
348.000000 567.000000 24.000000
384.000000 567.000000 28.000000
653.000000 567.000000 34.000000
698.000000 567.000000 14.000000
754.000000 567.000000 34.000000
929.000000 567.000000 21.000000
956.000000 567.000000 31.000000
174.000000 568.000000 28.000000
233.000000 568.000000 21.000000
594.000000 568.000000 31.000000
619.000000 568.000000 34.000000
721.000000 568.000000 34.000000
785.000000 568.000000 34.000000
899.000000 568.000000 21.000000
677.000000 569.000000 34.000000
208.000000 570.000000 31.000000
