235.000000 35.000000 17.000000
1102.000000 35.000000 7.000000
169.000000 36.000000 14.000000
208.000000 36.000000 14.000000
84.000000 37.000000 11.000000
152.000000 37.000000 9.000000
190.000000 37.000000 14.000000
300.000000 37.000000 14.000000
1079.000000 37.000000 6.000000
32.000000 38.000000 9.000000
260.000000 38.000000 16.000000
702.000000 38.000000 14.000000
48.000000 39.000000 10.000000
102.000000 39.000000 11.000000
279.000000 39.000000 14.000000
316.000000 39.000000 11.000000
338.000000 39.000000 14.000000
748.000000 39.000000 14.000000
923.000000 39.000000 19.000000
65.000000 40.000000 10.000000
126.000000 40.000000 14.000000
369.000000 40.000000 17.000000
723.000000 40.000000 14.000000
822.000000 40.000000 14.000000
946.000000 40.000000 14.000000
1055.000000 40.000000 12.000000
389.000000 41.000000 17.000000
540.000000 41.000000 21.000000
684.000000 41.000000 11.000000
779.000000 41.000000 17.000000
798.000000 41.000000 14.000000
841.000000 41.000000 11.000000
881.000000 41.000000 11.000000
897.000000 41.000000 10.000000
910.000000 41.000000 7.000000
969.000000 41.000000 13.000000
989.000000 41.000000 13.000000
1039.000000 41.000000 11.000000
444.000000 42.000000 7.000000
455.000000 42.000000 7.000000
472.000000 42.000000 12.000000
529.000000 42.000000 7.000000
659.000000 42.000000 17.000000
855.000000 42.000000 9.000000
866.000000 42.000000 21.000000
1008.000000 42.000000 11.000000
416.000000 43.000000 11.000000
503.000000 43.000000 7.000000
514.000000 43.000000 20.000000
612.000000 43.000000 16.000000
639.000000 43.000000 15.000000
1027.000000 43.000000 17.000000
488.000000 44.000000 11.000000
559.000000 44.000000 11.000000
574.000000 45.000000 9.000000
587.000000 45.000000 11.000000
30.000000 54.000000 11.000000
47.000000 56.000000 9.000000
63.000000 56.000000 10.000000
78.000000 57.000000 11.000000
104.000000 57.000000 11.000000
148.000000 57.000000 14.000000
132.000000 58.000000 11.000000
1108.000000 60.000000 10.000000
1123.000000 60.000000 9.000000
1148.000000 60.000000 7.000000
1162.000000 60.000000 10.000000
1174.000000 60.000000 21.000000
1094.000000 61.000000 9.000000
1137.000000 61.000000 9.000000
1072.000000 63.000000 17.000000
1058.000000 64.000000 9.000000
967.000000 65.000000 11.000000
979.000000 65.000000 8.000000
992.000000 65.000000 9.000000
1003.000000 65.000000 7.000000
1029.000000 65.000000 9.000000
1041.000000 65.000000 11.000000
1016.000000 66.000000 9.000000
188.000000 74.000000 27.000000
226.000000 75.000000 14.000000
206.000000 76.000000 11.000000
248.000000 76.000000 11.000000
263.000000 77.000000 24.000000
1108.000000 87.000000 18.000000
39.000000 112.000000 14.000000
101.000000 112.000000 19.000000
58.000000 113.000000 11.000000
75.000000 113.000000 10.000000
235.000000 115.000000 17.000000
258.000000 115.000000 17.000000
295.000000 115.000000 24.000000
373.000000 115.000000 17.000000
166.000000 116.000000 17.000000
187.000000 116.000000 14.000000
210.000000 116.000000 16.000000
318.000000 116.000000 14.000000
346.000000 116.000000 21.000000
438.000000 116.000000 25.000000
452.000000 116.000000 24.000000
743.000000 116.000000 14.000000
765.000000 116.000000 17.000000
1046.000000 116.000000 14.000000
393.000000 117.000000 14.000000
505.000000 117.000000 17.000000
724.000000 117.000000 11.000000
874.000000 117.000000 14.000000
1073.000000 117.000000 19.000000
1097.000000 117.000000 17.000000
419.000000 118.000000 14.000000
475.000000 118.000000 21.000000
530.000000 118.000000 16.000000
554.000000 118.000000 16.000000
582.000000 118.000000 17.000000
604.000000 118.000000 14.000000
694.000000 118.000000 11.000000
789.000000 118.000000 14.000000
856.000000 118.000000 20.000000
925.000000 118.000000 14.000000
1027.000000 118.000000 14.000000
621.000000 119.000000 11.000000
635.000000 119.000000 18.000000
707.000000 119.000000 11.000000
811.000000 119.000000 14.000000
831.000000 119.000000 17.000000
892.000000 119.000000 11.000000
941.000000 119.000000 11.000000
959.000000 119.000000 13.000000
661.000000 120.000000 21.000000
676.000000 120.000000 14.000000
982.000000 120.000000 14.000000
1004.000000 120.000000 16.000000
1186.000000 145.000000 14.000000
1125.000000 147.000000 24.000000
1140.000000 147.000000 11.000000
1205.000000 147.000000 17.000000
1159.000000 148.000000 12.000000
186.000000 149.000000 14.000000
166.000000 150.000000 21.000000
232.000000 150.000000 16.000000
828.000000 150.000000 14.000000
1074.000000 150.000000 14.000000
1094.000000 150.000000 16.000000
210.000000 151.000000 14.000000
277.000000 151.000000 14.000000
300.000000 151.000000 14.000000
809.000000 151.000000 16.000000
848.000000 151.000000 13.000000
867.000000 151.000000 14.000000
1021.000000 151.000000 14.000000
1039.000000 151.000000 17.000000
1057.000000 151.000000 14.000000
252.000000 152.000000 7.000000
340.000000 152.000000 14.000000
670.000000 152.000000 14.000000
764.000000 152.000000 14.000000
784.000000 152.000000 14.000000
964.000000 152.000000 17.000000
320.000000 153.000000 14.000000
363.000000 153.000000 17.000000
413.000000 153.000000 17.000000
742.000000 153.000000 17.000000
889.000000 153.000000 19.000000
918.000000 153.000000 14.000000
941.000000 153.000000 16.000000
436.000000 154.000000 14.000000
460.000000 154.000000 14.000000
606.000000 154.000000 17.000000
632.000000 154.000000 14.000000
655.000000 154.000000 14.000000
690.000000 154.000000 13.000000
388.000000 155.000000 14.000000
480.000000 155.000000 14.000000
501.000000 155.000000 14.000000
520.000000 155.000000 14.000000
982.000000 155.000000 9.000000
998.000000 155.000000 21.000000
539.000000 156.000000 14.000000
580.000000 156.000000 14.000000
713.000000 156.000000 14.000000
563.000000 157.000000 17.000000
975.000000 170.000000 8.000000
1073.000000 179.000000 19.000000
1042.000000 180.000000 11.000000
1084.000000 180.000000 11.000000
1060.000000 181.000000 11.000000
1022.000000 182.000000 13.000000
1101.000000 182.000000 14.000000
1002.000000 183.000000 12.000000
963.000000 184.000000 12.000000
981.000000 184.000000 11.000000
856.000000 185.000000 14.000000
878.000000 185.000000 14.000000
925.000000 185.000000 11.000000
939.000000 185.000000 14.000000
250.000000 186.000000 21.000000
273.000000 186.000000 14.000000
900.000000 186.000000 16.000000
689.000000 187.000000 19.000000
803.000000 187.000000 16.000000
830.000000 187.000000 16.000000
212.000000 188.000000 14.000000
236.000000 188.000000 24.000000
295.000000 188.000000 12.000000
331.000000 188.000000 11.000000
542.000000 188.000000 14.000000
661.000000 188.000000 17.000000
719.000000 188.000000 17.000000
772.000000 188.000000 15.000000
167.000000 189.000000 17.000000
314.000000 189.000000 14.000000
344.000000 189.000000 21.000000
391.000000 189.000000 19.000000
501.000000 189.000000 14.000000
519.000000 189.000000 17.000000
563.000000 189.000000 14.000000
745.000000 189.000000 16.000000
191.000000 190.000000 14.000000
362.000000 190.000000 14.000000
445.000000 190.000000 15.000000
475.000000 190.000000 17.000000
584.000000 190.000000 14.000000
633.000000 190.000000 19.000000
419.000000 191.000000 16.000000
607.000000 191.000000 14.000000
1077.000000 211.000000 21.000000
1001.000000 212.000000 14.000000
1038.000000 212.000000 14.000000
1052.000000 212.000000 21.000000
1019.000000 213.000000 14.000000
979.000000 214.000000 15.000000
806.000000 215.000000 17.000000
927.000000 215.000000 21.000000
1098.000000 215.000000 21.000000
777.000000 216.000000 16.000000
909.000000 216.000000 14.000000
940.000000 216.000000 17.000000
958.000000 216.000000 14.000000
885.000000 217.000000 14.000000
165.000000 219.000000 17.000000
730.000000 219.000000 14.000000
750.000000 219.000000 14.000000
829.000000 219.000000 11.000000
847.000000 219.000000 14.000000
864.000000 219.000000 14.000000
185.000000 220.000000 17.000000
245.000000 220.000000 14.000000
267.000000 220.000000 14.000000
438.000000 220.000000 17.000000
462.000000 220.000000 16.000000
221.000000 221.000000 17.000000
486.000000 221.000000 19.000000
656.000000 221.000000 15.000000
679.000000 221.000000 16.000000
705.000000 221.000000 15.000000
292.000000 222.000000 14.000000
316.000000 222.000000 14.000000
341.000000 222.000000 14.000000
367.000000 222.000000 16.000000
421.000000 222.000000 11.000000
589.000000 222.000000 14.000000
387.000000 223.000000 12.000000
404.000000 223.000000 11.000000
566.000000 223.000000 14.000000
632.000000 223.000000 14.000000
516.000000 224.000000 14.000000
609.000000 224.000000 14.000000
540.000000 225.000000 17.000000
1013.000000 245.000000 13.000000
1032.000000 245.000000 14.000000
1088.000000 245.000000 7.000000
938.000000 246.000000 14.000000
1051.000000 246.000000 14.000000
1071.000000 246.000000 13.000000
993.000000 247.000000 21.000000
759.000000 248.000000 18.000000
865.000000 248.000000 18.000000
895.000000 248.000000 17.000000
915.000000 248.000000 14.000000
960.000000 249.000000 16.000000
592.000000 250.000000 13.000000
789.000000 250.000000 15.000000
813.000000 250.000000 14.000000
835.000000 250.000000 16.000000
572.000000 251.000000 14.000000
672.000000 251.000000 7.000000
706.000000 251.000000 18.000000
730.000000 251.000000 17.000000
614.000000 252.000000 14.000000
639.000000 252.000000 17.000000
658.000000 252.000000 12.000000
684.000000 252.000000 7.000000
209.000000 253.000000 17.000000
298.000000 253.000000 14.000000
342.000000 253.000000 14.000000
362.000000 253.000000 16.000000
182.000000 254.000000 21.000000
318.000000 254.000000 14.000000
387.000000 254.000000 17.000000
413.000000 254.000000 14.000000
529.000000 254.000000 11.000000
551.000000 254.000000 14.000000
165.000000 255.000000 24.000000
234.000000 255.000000 16.000000
434.000000 255.000000 14.000000
458.000000 255.000000 16.000000
483.000000 255.000000 17.000000
511.000000 255.000000 14.000000
252.000000 256.000000 17.000000
278.000000 256.000000 14.000000
1017.000000 278.000000 21.000000
986.000000 279.000000 14.000000
827.000000 280.000000 17.000000
913.000000 280.000000 16.000000
1043.000000 280.000000 18.000000
814.000000 281.000000 7.000000
938.000000 281.000000 15.000000
964.000000 281.000000 14.000000
846.000000 282.000000 11.000000
658.000000 283.000000 16.000000
788.000000 283.000000 14.000000
865.000000 283.000000 14.000000
887.000000 283.000000 16.000000
1070.000000 283.000000 21.000000
1103.000000 283.000000 26.000000
1083.000000 284.000000 24.000000
588.000000 285.000000 14.000000
626.000000 285.000000 17.000000
682.000000 285.000000 14.000000
701.000000 285.000000 11.000000
758.000000 285.000000 20.000000
605.000000 286.000000 14.000000
717.000000 286.000000 11.000000
173.000000 287.000000 7.000000
222.000000 287.000000 14.000000
536.000000 287.000000 11.000000
553.000000 287.000000 11.000000
570.000000 287.000000 13.000000
160.000000 288.000000 17.000000
189.000000 288.000000 13.000000
314.000000 288.000000 17.000000
500.000000 288.000000 11.000000
742.000000 288.000000 17.000000
203.000000 289.000000 11.000000
376.000000 289.000000 11.000000
395.000000 289.000000 21.000000
426.000000 289.000000 14.000000
446.000000 289.000000 11.000000
483.000000 289.000000 11.000000
242.000000 290.000000 14.000000
288.000000 290.000000 14.000000
338.000000 290.000000 14.000000
360.000000 290.000000 14.000000
517.000000 290.000000 11.000000
265.000000 291.000000 16.000000
465.000000 291.000000 14.000000
950.000000 314.000000 17.000000
1066.000000 314.000000 9.000000
531.000000 315.000000 20.000000
925.000000 315.000000 17.000000
1079.000000 315.000000 24.000000
789.000000 316.000000 17.000000
812.000000 316.000000 17.000000
838.000000 316.000000 24.000000
1027.000000 316.000000 16.000000
1051.000000 316.000000 14.000000
1098.000000 316.000000 13.000000
875.000000 317.000000 16.000000
901.000000 317.000000 14.000000
973.000000 317.000000 11.000000
985.000000 317.000000 28.000000
766.000000 318.000000 14.000000
1003.000000 318.000000 17.000000
550.000000 319.000000 16.000000
673.000000 319.000000 14.000000
713.000000 319.000000 14.000000
733.000000 319.000000 11.000000
748.000000 319.000000 11.000000
1164.000000 319.000000 14.000000
1187.000000 319.000000 17.000000
572.000000 320.000000 14.000000
636.000000 320.000000 14.000000
696.000000 320.000000 14.000000
1141.000000 320.000000 14.000000
506.000000 321.000000 21.000000
519.000000 321.000000 11.000000
616.000000 321.000000 14.000000
658.000000 321.000000 14.000000
594.000000 322.000000 17.000000
189.000000 323.000000 17.000000
495.000000 323.000000 21.000000
164.000000 324.000000 17.000000
432.000000 324.000000 17.000000
211.000000 325.000000 14.000000
457.000000 325.000000 14.000000
478.000000 325.000000 14.000000
232.000000 326.000000 14.000000
250.000000 326.000000 14.000000
296.000000 326.000000 13.000000
407.000000 326.000000 17.000000
276.000000 327.000000 16.000000
318.000000 329.000000 14.000000
355.000000 329.000000 14.000000
378.000000 329.000000 21.000000
337.000000 330.000000 11.000000
