314.000000 26.000000 14.000000
331.000000 26.000000 7.000000
343.000000 26.000000 9.000000
302.000000 27.000000 17.000000
357.000000 28.000000 11.000000
377.000000 29.000000 11.000000
400.000000 30.000000 9.000000
419.000000 30.000000 10.000000
433.000000 30.000000 7.000000
488.000000 30.000000 11.000000
470.000000 31.000000 11.000000
500.000000 32.000000 7.000000
521.000000 32.000000 10.000000
558.000000 32.000000 9.000000
590.000000 32.000000 9.000000
457.000000 33.000000 11.000000
537.000000 33.000000 14.000000
571.000000 33.000000 11.000000
603.000000 34.000000 11.000000
123.000000 58.000000 26.000000
158.000000 60.000000 12.000000
176.000000 60.000000 11.000000
141.000000 61.000000 9.000000
190.000000 61.000000 23.000000
1073.000000 88.000000 27.000000
1085.000000 89.000000 25.000000
1034.000000 108.000000 15.000000
172.000000 117.000000 17.000000
195.000000 117.000000 17.000000
222.000000 118.000000 17.000000
245.000000 118.000000 14.000000
267.000000 118.000000 15.000000
293.000000 119.000000 17.000000
319.000000 119.000000 16.000000
396.000000 119.000000 14.000000
344.000000 120.000000 14.000000
375.000000 120.000000 14.000000
447.000000 121.000000 17.000000
424.000000 122.000000 17.000000
537.000000 122.000000 11.000000
551.000000 122.000000 11.000000
471.000000 123.000000 16.000000
524.000000 123.000000 11.000000
569.000000 123.000000 14.000000
593.000000 123.000000 14.000000
705.000000 123.000000 14.000000
93.000000 124.000000 17.000000
496.000000 124.000000 17.000000
614.000000 124.000000 14.000000
639.000000 124.000000 17.000000
737.000000 124.000000 21.000000
658.000000 125.000000 17.000000
668.000000 125.000000 21.000000
43.000000 126.000000 21.000000
56.000000 126.000000 11.000000
685.000000 126.000000 13.000000
72.000000 127.000000 14.000000
801.000000 128.000000 15.000000
826.000000 128.000000 14.000000
890.000000 128.000000 14.000000
1051.000000 128.000000 16.000000
771.000000 129.000000 19.000000
852.000000 129.000000 16.000000
911.000000 129.000000 14.000000
946.000000 129.000000 7.000000
874.000000 130.000000 11.000000
931.000000 130.000000 14.000000
956.000000 130.000000 16.000000
1028.000000 130.000000 14.000000
1074.000000 130.000000 17.000000
1098.000000 130.000000 20.000000
974.000000 131.000000 14.000000
996.000000 131.000000 21.000000
165.000000 143.000000 21.000000
182.000000 147.000000 13.000000
200.000000 148.000000 17.000000
230.000000 149.000000 14.000000
253.000000 149.000000 14.000000
278.000000 149.000000 16.000000
351.000000 149.000000 14.000000
330.000000 150.000000 14.000000
433.000000 150.000000 14.000000
462.000000 150.000000 14.000000
488.000000 150.000000 14.000000
305.000000 151.000000 16.000000
394.000000 151.000000 14.000000
560.000000 151.000000 14.000000
372.000000 152.000000 14.000000
412.000000 152.000000 11.000000
540.000000 152.000000 16.000000
581.000000 152.000000 14.000000
513.000000 153.000000 17.000000
604.000000 153.000000 14.000000
683.000000 154.000000 17.000000
708.000000 154.000000 16.000000
732.000000 154.000000 12.000000
640.000000 155.000000 11.000000
662.000000 155.000000 14.000000
948.000000 155.000000 14.000000
623.000000 156.000000 14.000000
753.000000 156.000000 14.000000
800.000000 156.000000 14.000000
819.000000 156.000000 12.000000
838.000000 156.000000 13.000000
882.000000 156.000000 16.000000
902.000000 156.000000 12.000000
923.000000 157.000000 13.000000
782.000000 158.000000 14.000000
857.000000 158.000000 12.000000
1057.000000 158.000000 14.000000
967.000000 159.000000 13.000000
1037.000000 159.000000 14.000000
988.000000 160.000000 14.000000
1016.000000 160.000000 14.000000
1089.000000 161.000000 16.000000
444.000000 164.000000 8.000000
99.000000 175.000000 21.000000
113.000000 175.000000 9.000000
55.000000 176.000000 11.000000
72.000000 176.000000 13.000000
125.000000 176.000000 19.000000
37.000000 177.000000 13.000000
190.000000 180.000000 17.000000
247.000000 180.000000 17.000000
168.000000 181.000000 17.000000
217.000000 181.000000 17.000000
271.000000 181.000000 16.000000
298.000000 182.000000 14.000000
340.000000 182.000000 11.000000
644.000000 182.000000 14.000000
319.000000 183.000000 15.000000
466.000000 183.000000 14.000000
487.000000 183.000000 14.000000
502.000000 183.000000 21.000000
559.000000 183.000000 14.000000
618.000000 183.000000 14.000000
667.000000 183.000000 16.000000
1212.000000 183.000000 11.000000
353.000000 184.000000 20.000000
376.000000 184.000000 15.000000
400.000000 184.000000 19.000000
446.000000 184.000000 13.000000
538.000000 184.000000 14.000000
580.000000 184.000000 14.000000
814.000000 184.000000 21.000000
904.000000 184.000000 14.000000
1157.000000 184.000000 10.000000
1183.000000 184.000000 7.000000
1198.000000 184.000000 9.000000
518.000000 185.000000 14.000000
598.000000 185.000000 14.000000
689.000000 185.000000 11.000000
712.000000 185.000000 16.000000
761.000000 185.000000 14.000000
1126.000000 185.000000 10.000000
1141.000000 185.000000 10.000000
1172.000000 185.000000 9.000000
427.000000 186.000000 14.000000
737.000000 186.000000 15.000000
782.000000 186.000000 13.000000
854.000000 186.000000 14.000000
876.000000 186.000000 14.000000
917.000000 186.000000 11.000000
958.000000 186.000000 14.000000
937.000000 187.000000 14.000000
976.000000 187.000000 13.000000
1051.000000 187.000000 17.000000
1072.000000 187.000000 14.000000
1090.000000 187.000000 13.000000
995.000000 188.000000 13.000000
1023.000000 188.000000 17.000000
1037.000000 188.000000 21.000000
1106.000000 188.000000 11.000000
915.000000 202.000000 8.000000
1129.000000 202.000000 10.000000
1169.000000 202.000000 10.000000
1186.000000 202.000000 11.000000
877.000000 203.000000 7.000000
891.000000 203.000000 7.000000
903.000000 203.000000 7.000000
1148.000000 203.000000 10.000000
1000.000000 204.000000 8.000000
1206.000000 204.000000 14.000000
105.000000 205.000000 11.000000
123.000000 205.000000 14.000000
987.000000 205.000000 7.000000
35.000000 207.000000 21.000000
64.000000 207.000000 21.000000
74.000000 207.000000 21.000000
88.000000 207.000000 11.000000
188.000000 208.000000 14.000000
50.000000 209.000000 11.000000
169.000000 209.000000 14.000000
237.000000 209.000000 17.000000
210.000000 210.000000 14.000000
266.000000 211.000000 17.000000
294.000000 211.000000 16.000000
467.000000 212.000000 17.000000
317.000000 213.000000 14.000000
529.000000 213.000000 16.000000
339.000000 214.000000 14.000000
363.000000 214.000000 14.000000
416.000000 214.000000 13.000000
500.000000 214.000000 17.000000
390.000000 215.000000 15.000000
554.000000 215.000000 16.000000
628.000000 215.000000 17.000000
695.000000 215.000000 17.000000
437.000000 216.000000 14.000000
578.000000 216.000000 17.000000
762.000000 216.000000 15.000000
644.000000 217.000000 21.000000
718.000000 217.000000 14.000000
739.000000 217.000000 14.000000
787.000000 217.000000 14.000000
807.000000 217.000000 17.000000
841.000000 217.000000 17.000000
866.000000 217.000000 13.000000
1070.000000 217.000000 14.000000
1096.000000 217.000000 20.000000
1129.000000 217.000000 10.000000
608.000000 218.000000 15.000000
1146.000000 218.000000 9.000000
670.000000 219.000000 14.000000
889.000000 219.000000 14.000000
913.000000 219.000000 13.000000
940.000000 219.000000 16.000000
967.000000 219.000000 14.000000
1024.000000 219.000000 14.000000
1046.000000 219.000000 14.000000
1160.000000 219.000000 9.000000
986.000000 220.000000 11.000000
1002.000000 220.000000 12.000000
365.000000 231.000000 7.000000
377.000000 231.000000 7.000000
354.000000 232.000000 7.000000
142.000000 235.000000 13.000000
88.000000 236.000000 13.000000
107.000000 236.000000 11.000000
124.000000 236.000000 11.000000
36.000000 239.000000 11.000000
68.000000 239.000000 11.000000
169.000000 239.000000 19.000000
52.000000 240.000000 8.000000
190.000000 240.000000 16.000000
211.000000 241.000000 17.000000
241.000000 241.000000 17.000000
298.000000 243.000000 16.000000
546.000000 243.000000 16.000000
615.000000 243.000000 16.000000
268.000000 244.000000 18.000000
410.000000 244.000000 21.000000
497.000000 244.000000 14.000000
520.000000 244.000000 14.000000
317.000000 245.000000 14.000000
423.000000 245.000000 14.000000
445.000000 245.000000 16.000000
469.000000 245.000000 17.000000
568.000000 245.000000 14.000000
375.000000 246.000000 14.000000
665.000000 246.000000 15.000000
691.000000 246.000000 17.000000
355.000000 247.000000 11.000000
592.000000 247.000000 14.000000
337.000000 248.000000 14.000000
642.000000 248.000000 14.000000
725.000000 248.000000 19.000000
746.000000 248.000000 17.000000
774.000000 249.000000 12.000000
837.000000 249.000000 14.000000
853.000000 249.000000 11.000000
788.000000 250.000000 19.000000
816.000000 250.000000 11.000000
870.000000 250.000000 14.000000
948.000000 250.000000 17.000000
893.000000 251.000000 14.000000
917.000000 251.000000 16.000000
970.000000 252.000000 14.000000
988.000000 252.000000 14.000000
1009.000000 253.000000 17.000000
1035.000000 254.000000 11.000000
51.000000 255.000000 9.000000
1051.000000 255.000000 11.000000
1070.000000 255.000000 14.000000
35.000000 256.000000 10.000000
1099.000000 257.000000 20.000000
150.000000 271.000000 16.000000
175.000000 273.000000 16.000000
70.000000 276.000000 14.000000
87.000000 276.000000 11.000000
108.000000 276.000000 14.000000
129.000000 276.000000 11.000000
200.000000 276.000000 17.000000
47.000000 277.000000 14.000000
413.000000 277.000000 14.000000
229.000000 278.000000 17.000000
293.000000 278.000000 16.000000
312.000000 278.000000 14.000000
390.000000 278.000000 15.000000
268.000000 279.000000 17.000000
335.000000 279.000000 16.000000
246.000000 280.000000 14.000000
433.000000 280.000000 14.000000
363.000000 281.000000 17.000000
449.000000 281.000000 11.000000
463.000000 281.000000 20.000000
512.000000 282.000000 14.000000
533.000000 282.000000 14.000000
549.000000 282.000000 14.000000
822.000000 282.000000 20.000000
491.000000 283.000000 17.000000
570.000000 283.000000 16.000000
620.000000 283.000000 16.000000
772.000000 283.000000 14.000000
795.000000 283.000000 16.000000
875.000000 283.000000 17.000000
595.000000 284.000000 16.000000
647.000000 284.000000 16.000000
674.000000 284.000000 16.000000
853.000000 284.000000 14.000000
902.000000 284.000000 17.000000
704.000000 285.000000 19.000000
753.000000 285.000000 11.000000
928.000000 285.000000 14.000000
724.000000 286.000000 14.000000
740.000000 286.000000 9.000000
951.000000 286.000000 14.000000
1053.000000 286.000000 19.000000
974.000000 287.000000 14.000000
991.000000 287.000000 14.000000
1014.000000 287.000000 17.000000
1080.000000 287.000000 14.000000
1101.000000 288.000000 17.000000
168.000000 293.000000 8.000000
127.000000 299.000000 11.000000
81.000000 300.000000 13.000000
140.000000 300.000000 9.000000
153.000000 300.000000 11.000000
41.000000 302.000000 14.000000
61.000000 302.000000 11.000000
107.000000 302.000000 14.000000
213.000000 309.000000 17.000000
182.000000 310.000000 19.000000
274.000000 311.000000 14.000000
296.000000 311.000000 14.000000
237.000000 312.000000 14.000000
351.000000 312.000000 14.000000
257.000000 313.000000 11.000000
318.000000 313.000000 21.000000
372.000000 313.000000 14.000000
392.000000 313.000000 14.000000
414.000000 313.000000 17.000000
440.000000 313.000000 17.000000
550.000000 314.000000 16.000000
576.000000 314.000000 17.000000
862.000000 314.000000 18.000000
465.000000 315.000000 16.000000
492.000000 315.000000 16.000000
520.000000 315.000000 17.000000
603.000000 316.000000 14.000000
625.000000 316.000000 14.000000
732.000000 316.000000 14.000000
807.000000 316.000000 16.000000
753.000000 317.000000 17.000000
647.000000 318.000000 14.000000
706.000000 318.000000 17.000000
783.000000 318.000000 14.000000
888.000000 318.000000 14.000000
932.000000 318.000000 14.000000
673.000000 319.000000 19.000000
834.000000 319.000000 17.000000
911.000000 319.000000 16.000000
995.000000 319.000000 14.000000
1019.000000 319.000000 14.000000
954.000000 320.000000 14.000000
974.000000 321.000000 14.000000
1040.000000 321.000000 14.000000
1066.000000 321.000000 17.000000
1098.000000 323.000000 16.000000
173.000000 339.000000 17.000000
196.000000 341.000000 14.000000
224.000000 343.000000 16.000000
247.000000 344.000000 14.000000
354.000000 344.000000 16.000000
377.000000 344.000000 15.000000
404.000000 346.000000 14.000000
461.000000 346.000000 16.000000
489.000000 346.000000 17.000000
517.000000 346.000000 17.000000
551.000000 346.000000 17.000000
269.000000 347.000000 14.000000
291.000000 347.000000 14.000000
323.000000 347.000000 21.000000
578.000000 347.000000 16.000000
806.000000 347.000000 17.000000
424.000000 348.000000 14.000000
622.000000 349.000000 17.000000
741.000000 349.000000 19.000000
773.000000 349.000000 19.000000
833.000000 349.000000 15.000000
605.000000 350.000000 21.000000
713.000000 350.000000 15.000000
857.000000 350.000000 17.000000
648.000000 351.000000 14.000000
669.000000 351.000000 14.000000
690.000000 352.000000 14.000000
876.000000 352.000000 14.000000
924.000000 352.000000 14.000000
943.000000 352.000000 14.000000
975.000000 352.000000 20.000000
1036.000000 352.000000 14.000000
1059.000000 352.000000 14.000000
900.000000 353.000000 17.000000
1012.000000 353.000000 21.000000
1077.000000 353.000000 11.000000
1100.000000 355.000000 15.000000
1136.000000 355.000000 17.000000
1160.000000 356.000000 14.000000
1181.000000 357.000000 17.000000
232.000000 396.000000 11.000000
274.000000 396.000000 14.000000
251.000000 397.000000 12.000000
297.000000 397.000000 17.000000
211.000000 398.000000 13.000000
177.000000 399.000000 14.000000
192.000000 399.000000 11.000000
316.000000 399.000000 13.000000
457.000000 400.000000 11.000000
471.000000 400.000000 11.000000
335.000000 401.000000 14.000000
357.000000 401.000000 14.000000
375.000000 401.000000 11.000000
392.000000 401.000000 10.000000
406.000000 401.000000 11.000000
421.000000 401.000000 11.000000
440.000000 401.000000 11.000000
488.000000 402.000000 10.000000
509.000000 404.000000 7.000000
