1033.000000 27.000000 11.000000
1069.000000 27.000000 14.000000
943.000000 28.000000 11.000000
1089.000000 28.000000 9.000000
1103.000000 28.000000 11.000000
1158.000000 28.000000 7.000000
930.000000 29.000000 10.000000
1050.000000 29.000000 9.000000
1121.000000 29.000000 11.000000
878.000000 30.000000 7.000000
973.000000 30.000000 11.000000
987.000000 30.000000 11.000000
1002.000000 30.000000 11.000000
1015.000000 30.000000 10.000000
1170.000000 30.000000 19.000000
913.000000 31.000000 11.000000
959.000000 31.000000 11.000000
1137.000000 31.000000 9.000000
787.000000 32.000000 10.000000
802.000000 33.000000 10.000000
818.000000 33.000000 11.000000
832.000000 33.000000 10.000000
897.000000 33.000000 14.000000
739.000000 34.000000 10.000000
763.000000 34.000000 7.000000
847.000000 34.000000 9.000000
692.000000 35.000000 11.000000
711.000000 35.000000 9.000000
725.000000 35.000000 10.000000
774.000000 35.000000 9.000000
678.000000 36.000000 9.000000
664.000000 37.000000 11.000000
1094.000000 67.000000 26.000000
1106.000000 67.000000 25.000000
182.000000 71.000000 28.000000
219.000000 73.000000 11.000000
236.000000 73.000000 11.000000
251.000000 73.000000 23.000000
202.000000 74.000000 11.000000
1076.000000 108.000000 16.000000
1112.000000 108.000000 24.000000
1098.000000 109.000000 14.000000
1006.000000 110.000000 17.000000
1028.000000 110.000000 16.000000
1053.000000 110.000000 16.000000
912.000000 111.000000 16.000000
982.000000 111.000000 21.000000
936.000000 112.000000 14.000000
965.000000 112.000000 17.000000
706.000000 113.000000 7.000000
722.000000 113.000000 14.000000
745.000000 113.000000 17.000000
798.000000 113.000000 14.000000
891.000000 113.000000 11.000000
954.000000 113.000000 7.000000
849.000000 114.000000 14.000000
658.000000 115.000000 24.000000
693.000000 115.000000 17.000000
774.000000 115.000000 14.000000
824.000000 115.000000 16.000000
204.000000 116.000000 14.000000
873.000000 116.000000 14.000000
183.000000 117.000000 20.000000
223.000000 117.000000 14.000000
297.000000 117.000000 17.000000
447.000000 117.000000 14.000000
469.000000 117.000000 14.000000
490.000000 117.000000 14.000000
539.000000 117.000000 14.000000
564.000000 117.000000 21.000000
624.000000 117.000000 21.000000
241.000000 118.000000 11.000000
385.000000 118.000000 17.000000
406.000000 118.000000 14.000000
426.000000 118.000000 14.000000
521.000000 118.000000 11.000000
596.000000 118.000000 14.000000
268.000000 119.000000 17.000000
320.000000 119.000000 17.000000
508.000000 119.000000 11.000000
362.000000 120.000000 14.000000
343.000000 121.000000 11.000000
50.000000 123.000000 18.000000
106.000000 123.000000 7.000000
118.000000 123.000000 19.000000
93.000000 124.000000 11.000000
74.000000 125.000000 14.000000
1102.000000 139.000000 16.000000
1083.000000 140.000000 14.000000
909.000000 141.000000 16.000000
1018.000000 141.000000 18.000000
1045.000000 141.000000 14.000000
1063.000000 141.000000 14.000000
734.000000 143.000000 17.000000
713.000000 144.000000 14.000000
932.000000 144.000000 14.000000
947.000000 144.000000 17.000000
969.000000 144.000000 12.000000
990.000000 144.000000 17.000000
693.000000 146.000000 14.000000
774.000000 146.000000 17.000000
804.000000 146.000000 14.000000
884.000000 146.000000 16.000000
187.000000 147.000000 19.000000
752.000000 147.000000 16.000000
836.000000 147.000000 19.000000
863.000000 147.000000 16.000000
679.000000 148.000000 9.000000
221.000000 149.000000 19.000000
280.000000 149.000000 19.000000
443.000000 149.000000 16.000000
468.000000 149.000000 16.000000
649.000000 149.000000 23.000000
664.000000 149.000000 21.000000
249.000000 150.000000 14.000000
635.000000 150.000000 14.000000
308.000000 151.000000 14.000000
418.000000 151.000000 14.000000
512.000000 151.000000 14.000000
549.000000 151.000000 11.000000
569.000000 151.000000 15.000000
595.000000 151.000000 14.000000
492.000000 152.000000 14.000000
531.000000 152.000000 14.000000
616.000000 152.000000 14.000000
332.000000 153.000000 14.000000
350.000000 153.000000 11.000000
368.000000 153.000000 17.000000
395.000000 154.000000 14.000000
109.000000 169.000000 11.000000
153.000000 169.000000 12.000000
124.000000 170.000000 8.000000
137.000000 170.000000 9.000000
1088.000000 170.000000 17.000000
1110.000000 170.000000 21.000000
93.000000 171.000000 10.000000
72.000000 172.000000 11.000000
38.000000 173.000000 10.000000
55.000000 173.000000 10.000000
1061.000000 173.000000 15.000000
784.000000 174.000000 14.000000
966.000000 174.000000 14.000000
1011.000000 174.000000 14.000000
1033.000000 174.000000 16.000000
940.000000 175.000000 16.000000
737.000000 176.000000 14.000000
807.000000 176.000000 14.000000
844.000000 176.000000 17.000000
892.000000 176.000000 11.000000
989.000000 176.000000 14.000000
715.000000 177.000000 14.000000
760.000000 177.000000 14.000000
875.000000 177.000000 14.000000
913.000000 177.000000 16.000000
605.000000 181.000000 17.000000
632.000000 181.000000 16.000000
684.000000 181.000000 19.000000
385.000000 182.000000 14.000000
561.000000 182.000000 14.000000
658.000000 182.000000 14.000000
185.000000 183.000000 18.000000
226.000000 183.000000 17.000000
364.000000 183.000000 14.000000
468.000000 183.000000 17.000000
542.000000 183.000000 17.000000
580.000000 183.000000 14.000000
209.000000 184.000000 11.000000
406.000000 184.000000 14.000000
421.000000 184.000000 14.000000
443.000000 184.000000 14.000000
514.000000 184.000000 14.000000
254.000000 185.000000 14.000000
277.000000 185.000000 14.000000
298.000000 185.000000 14.000000
491.000000 185.000000 14.000000
323.000000 186.000000 14.000000
344.000000 186.000000 14.000000
121.000000 187.000000 11.000000
106.000000 188.000000 9.000000
87.000000 189.000000 11.000000
35.000000 190.000000 10.000000
50.000000 190.000000 10.000000
71.000000 190.000000 10.000000
876.000000 204.000000 14.000000
1072.000000 204.000000 14.000000
1015.000000 205.000000 14.000000
1038.000000 205.000000 17.000000
1053.000000 205.000000 17.000000
842.000000 206.000000 16.000000
993.000000 206.000000 14.000000
898.000000 207.000000 13.000000
971.000000 207.000000 14.000000
1105.000000 207.000000 21.000000
798.000000 208.000000 14.000000
921.000000 208.000000 14.000000
949.000000 208.000000 16.000000
755.000000 209.000000 14.000000
777.000000 209.000000 14.000000
818.000000 209.000000 14.000000
735.000000 210.000000 14.000000
694.000000 212.000000 14.000000
713.000000 212.000000 14.000000
671.000000 213.000000 14.000000
620.000000 214.000000 17.000000
515.000000 215.000000 14.000000
537.000000 215.000000 17.000000
569.000000 215.000000 16.000000
594.000000 215.000000 14.000000
649.000000 215.000000 15.000000
186.000000 216.000000 17.000000
491.000000 216.000000 17.000000
274.000000 217.000000 16.000000
250.000000 218.000000 14.000000
389.000000 218.000000 11.000000
459.000000 218.000000 16.000000
208.000000 219.000000 14.000000
230.000000 219.000000 14.000000
356.000000 219.000000 14.000000
404.000000 219.000000 21.000000
295.000000 220.000000 14.000000
315.000000 220.000000 14.000000
336.000000 220.000000 11.000000
372.000000 220.000000 11.000000
433.000000 220.000000 15.000000
1101.000000 235.000000 19.000000
1051.000000 236.000000 14.000000
1069.000000 236.000000 14.000000
845.000000 237.000000 17.000000
919.000000 237.000000 16.000000
952.000000 237.000000 17.000000
978.000000 237.000000 16.000000
808.000000 238.000000 21.000000
896.000000 238.000000 17.000000
1001.000000 238.000000 14.000000
1021.000000 238.000000 17.000000
873.000000 239.000000 17.000000
786.000000 242.000000 14.000000
765.000000 243.000000 14.000000
742.000000 244.000000 14.000000
604.000000 245.000000 14.000000
679.000000 245.000000 14.000000
720.000000 245.000000 14.000000
628.000000 246.000000 15.000000
657.000000 246.000000 17.000000
700.000000 246.000000 17.000000
552.000000 247.000000 14.000000
572.000000 247.000000 21.000000
584.000000 247.000000 21.000000
428.000000 248.000000 14.000000
474.000000 248.000000 21.000000
505.000000 248.000000 17.000000
451.000000 249.000000 16.000000
522.000000 249.000000 24.000000
406.000000 250.000000 14.000000
358.000000 252.000000 16.000000
387.000000 252.000000 17.000000
190.000000 253.000000 20.000000
241.000000 253.000000 16.000000
266.000000 253.000000 14.000000
288.000000 253.000000 13.000000
333.000000 253.000000 16.000000
215.000000 254.000000 17.000000
305.000000 254.000000 14.000000
1200.000000 264.000000 11.000000
1216.000000 264.000000 14.000000
1137.000000 266.000000 11.000000
1153.000000 266.000000 11.000000
1184.000000 266.000000 9.000000
1038.000000 269.000000 17.000000
1057.000000 270.000000 7.000000
1069.000000 270.000000 11.000000
1088.000000 270.000000 14.000000
1107.000000 270.000000 17.000000
979.000000 273.000000 23.000000
1013.000000 273.000000 17.000000
994.000000 274.000000 24.000000
947.000000 275.000000 19.000000
750.000000 277.000000 17.000000
917.000000 277.000000 19.000000
608.000000 278.000000 17.000000
773.000000 278.000000 17.000000
802.000000 278.000000 17.000000
891.000000 278.000000 17.000000
588.000000 279.000000 14.000000
650.000000 279.000000 14.000000
722.000000 279.000000 16.000000
835.000000 279.000000 19.000000
633.000000 280.000000 11.000000
673.000000 280.000000 16.000000
697.000000 280.000000 17.000000
865.000000 280.000000 19.000000
316.000000 282.000000 18.000000
568.000000 282.000000 26.000000
1142.000000 282.000000 12.000000
1163.000000 282.000000 10.000000
261.000000 283.000000 17.000000
288.000000 283.000000 17.000000
349.000000 283.000000 15.000000
435.000000 283.000000 17.000000
552.000000 283.000000 21.000000
373.000000 284.000000 14.000000
457.000000 284.000000 17.000000
1185.000000 284.000000 10.000000
236.000000 285.000000 14.000000
407.000000 285.000000 20.000000
506.000000 285.000000 17.000000
208.000000 286.000000 19.000000
483.000000 286.000000 17.000000
530.000000 286.000000 16.000000
189.000000 287.000000 17.000000
335.000000 300.000000 9.000000
389.000000 300.000000 9.000000
364.000000 301.000000 7.000000
352.000000 302.000000 9.000000
1100.000000 303.000000 11.000000
1089.000000 304.000000 19.000000
1113.000000 304.000000 19.000000
1035.000000 306.000000 14.000000
1050.000000 306.000000 11.000000
1069.000000 307.000000 14.000000
981.000000 308.000000 14.000000
1003.000000 308.000000 20.000000
879.000000 310.000000 16.000000
957.000000 310.000000 17.000000
830.000000 311.000000 14.000000
907.000000 311.000000 16.000000
932.000000 311.000000 16.000000
794.000000 312.000000 14.000000
810.000000 312.000000 11.000000
712.000000 313.000000 17.000000
732.000000 313.000000 7.000000
855.000000 313.000000 14.000000
750.000000 314.000000 15.000000
774.000000 314.000000 14.000000
606.000000 315.000000 17.000000
81.000000 316.000000 11.000000
97.000000 316.000000 10.000000
111.000000 316.000000 11.000000
131.000000 316.000000 11.000000
146.000000 316.000000 11.000000
690.000000 316.000000 13.000000
43.000000 317.000000 9.000000
61.000000 317.000000 11.000000
631.000000 317.000000 14.000000
564.000000 318.000000 24.000000
579.000000 318.000000 14.000000
647.000000 318.000000 14.000000
671.000000 318.000000 16.000000
30.000000 319.000000 9.000000
454.000000 319.000000 17.000000
475.000000 319.000000 14.000000
526.000000 319.000000 11.000000
541.000000 319.000000 14.000000
402.000000 320.000000 17.000000
431.000000 320.000000 14.000000
501.000000 320.000000 18.000000
191.000000 321.000000 17.000000
214.000000 322.000000 14.000000
242.000000 322.000000 16.000000
269.000000 322.000000 17.000000
318.000000 322.000000 17.000000
348.000000 322.000000 14.000000
372.000000 322.000000 17.000000
293.000000 324.000000 14.000000
129.000000 333.000000 9.000000
62.000000 334.000000 10.000000
77.000000 334.000000 9.000000
95.000000 334.000000 11.000000
161.000000 334.000000 14.000000
33.000000 335.000000 10.000000
47.000000 335.000000 9.000000
113.000000 335.000000 9.000000
1034.000000 340.000000 26.000000
1096.000000 341.000000 21.000000
1071.000000 342.000000 16.000000
1012.000000 343.000000 28.000000
1048.000000 343.000000 24.000000
839.000000 344.000000 17.000000
895.000000 344.000000 17.000000
940.000000 344.000000 17.000000
995.000000 344.000000 24.000000
768.000000 345.000000 16.000000
864.000000 345.000000 17.000000
969.000000 345.000000 17.000000
1147.000000 345.000000 17.000000
747.000000 346.000000 7.000000
811.000000 346.000000 17.000000
916.000000 346.000000 14.000000
1172.000000 346.000000 14.000000
789.000000 347.000000 14.000000
705.000000 348.000000 17.000000
724.000000 348.000000 20.000000
1191.000000 348.000000 17.000000
131.000000 349.000000 10.000000
678.000000 349.000000 17.000000
116.000000 350.000000 9.000000
650.000000 350.000000 16.000000
64.000000 352.000000 10.000000
81.000000 352.000000 10.000000
97.000000 352.000000 11.000000
29.000000 353.000000 10.000000
149.000000 353.000000 10.000000
322.000000 353.000000 17.000000
540.000000 353.000000 24.000000
625.000000 353.000000 17.000000
45.000000 354.000000 11.000000
527.000000 354.000000 23.000000
579.000000 354.000000 14.000000
606.000000 354.000000 24.000000
191.000000 355.000000 17.000000
213.000000 355.000000 17.000000
432.000000 355.000000 19.000000
459.000000 355.000000 17.000000
481.000000 355.000000 14.000000
559.000000 355.000000 14.000000
275.000000 356.000000 17.000000
298.000000 356.000000 14.000000
347.000000 356.000000 17.000000
387.000000 356.000000 14.000000
406.000000 356.000000 14.000000
244.000000 357.000000 19.000000
362.000000 357.000000 18.000000
504.000000 357.000000 17.000000
738.000000 374.000000 9.000000
720.000000 377.000000 14.000000
365.000000 387.000000 11.000000
346.000000 389.000000 17.000000
